ExportDate	StudioVersionRec	StudioProjectName	StudioTestName	[Age]Value	[Gender]Value	[Language]Value	RecordingName	RecordingDate	RecordingDuration	RecordingResolution	PresentationSequence	FixationFilter	MediaName	MediaPosX (ADCSpx)	MediaPosY (ADCSpx)	MediaWidth	MediaHeight	SegmentName	SegmentStart	SegmentEnd	SegmentDuration	SceneName	SceneSegmentStart	SceneSegmentEnd	SceneSegmentDuration	RecordingTimestamp	LocalTimeStamp	EyeTrackerTimestamp	MouseEventIndex	MouseEvent	MouseEventX (ADCSpx)	MouseEventY (ADCSpx)	MouseEventX (MCSpx)	MouseEventY (MCSpx)	KeyPressEventIndex	KeyPressEvent	StudioEventIndex	StudioEvent	StudioEventData	ExternalEventIndex	ExternalEvent	ExternalEventValue	EventMarkerValue	FixationIndex	SaccadeIndex	GazeEventType	GazeEventDuration	FixationPointX (MCSpx)	FixationPointY (MCSpx)	SaccadicAmplitude	AbsoluteSaccadicDirection	RelativeSaccadicDirection	AOI[Face]Hit	AOI[Incongruent]Hit	AOI[Congruent]Hit	AOI[Rectangle]Hit	AOI[Incongruent]Hit	AOI[Face]Hit	AOI[Congruent]Hit	AOI[Incongruent]Hit	AOI[Face]Hit	AOI[Congruent]Hit	AOI[Incongruent]Hit	AOI[Face]Hit	AOI[Congruent]Hit	AOI[Incongruent]Hit	AOI[Face]Hit	AOI[Congruent]Hit	AOI[Incongruent]Hit	AOI[Face]Hit	AOI[Congruent]Hit	GazePointIndex	GazePointLeftX (ADCSpx)	GazePointLeftY (ADCSpx)	GazePointRightX (ADCSpx)	GazePointRightY (ADCSpx)	GazePointX (ADCSpx)	GazePointY (ADCSpx)	GazePointX (MCSpx)	GazePointY (MCSpx)	GazePointLeftX (ADCSmm)	GazePointLeftY (ADCSmm)	GazePointRightX (ADCSmm)	GazePointRightY (ADCSmm)	StrictAverageGazePointX (ADCSmm)	StrictAverageGazePointY (ADCSmm)	EyePosLeftX (ADCSmm)	EyePosLeftY (ADCSmm)	EyePosLeftZ (ADCSmm)	EyePosRightX (ADCSmm)	EyePosRightY (ADCSmm)	EyePosRightZ (ADCSmm)	CamLeftX	CamLeftY	CamRightX	CamRightY	DistanceLeft	DistanceRight	PupilLeft	PupilRight	ValidityLeft	ValidityRight	IRMarkerCount	IRMarkerID	PupilGlassesRight	
07/12/2018	3.3.2	Gaze Project	O4	3	M	Bilingual	G130	06/09/2018	89100	1280 x 720		Raw Data														31	10:15:49.052	1536226322825689															0	1		Fixation	4																									1			605	532	605	532					242.84	75.74						325.24	210.08	710.13						0.00		4.52	4	0				
07/12/2018	3.3.2	Gaze Project	O4	3	M	Bilingual	G130	06/09/2018	89100	1280 x 720		Raw Data														39	10:15:49.060	1536226322834058															0	2		Fixation	8			4.76	250.70																					2	610	649	553	680	581	664			244.98	28.41	221.80	15.99	233.39	22.20	279.64	201.80	700.78	326.33	210.20	709.81					727.84	727.84	4.45	4.65	0	0				
07/12/2018	3.3.2	Gaze Project	O4	3	M	Bilingual	G130	06/09/2018	89100	1280 x 720		Raw Data														47	10:15:49.068	1536226322842321															0	3		Fixation	8			0.95	30.73	140.03																				3	583	680	580	664	581	672			234.05	15.97	232.87	22.63	233.46	19.30	279.54	201.61	700.85	324.48	205.81	697.84					727.85	727.85	4.31	4.60	0	0				
07/12/2018	3.3.2	Gaze Project	O4	3	M	Bilingual	G130	06/09/2018	89100	1280 x 720		Raw Data														56	10:15:49.076	1536226322850653															0	4		Fixation	8			2.91	83.95	53.22																				4			590	570	590	570					236.69	60.30						324.86	209.37	708.51						0.00		4.59	4	0				
07/12/2018	3.3.2	Gaze Project	O4	3	M	Bilingual	G130	06/09/2018	89100	1280 x 720		Raw Data														64	10:15:49.085	1536226322859014															0	5		Fixation	8			0.16	78.73	354.78																				5	595	687	591	565	593	626			239.00	13.26	237.37	62.51	238.19	37.89	279.15	204.39	709.35	324.25	205.62	697.92					736.77	736.77	4.46	4.38	0	0				
07/12/2018	3.3.2	Gaze Project	O4	3	M	Bilingual	G130	06/09/2018	89100	1280 x 720		Raw Data														72	10:15:49.093	1536226322867372															0	6		Fixation	8			3.58	243.51	164.78																				6	558	676	538	671	548	673			223.84	17.55	216.12	19.57	219.98	18.56	279.05	203.89	708.08	327.67	214.19	721.63					735.41	735.41	4.54	4.75	0	0				
07/12/2018	3.3.2	Gaze Project	O4	3	M	Bilingual	G130	06/09/2018	89100	1280 x 720		Raw Data														81	10:15:49.101	1536226322875640															0	7		Fixation	8			1.02	349.66	106.15																				7	553	702	571	677	562	689			222.08	7.39	229.25	17.23	225.66	12.31	278.89	204.47	709.92	326.54	211.69	714.61					737.33	737.33	4.47	4.71	0	0				
07/12/2018	3.3.2	Gaze Project	O4	3	M	Bilingual	G130	06/09/2018	89100	1280 x 720		Raw Data														89	10:15:49.110	1536226322883987															0			Unclassified	8																									8																			-34.01										4	4				
07/12/2018	3.3.2	Gaze Project	O4	3	M	Bilingual	G130	06/09/2018	89100	1280 x 720		Raw Data														97	10:15:49.118	1536226322892328															0	8		Fixation	8			0.37	175.22	185.56																				9			559	676	559	676					224.39	17.82						325.40	209.41	708.22						0.00		4.62	4	0				
07/12/2018	3.3.2	Gaze Project	O4	3	M	Bilingual	G130	06/09/2018	89100	1280 x 720		Raw Data														106	10:15:49.127	1536226322900671															0	9		Fixation	8			1.87	65.17	249.94																				10	590	689	585	620	587	654			236.74	12.68	234.81	40.28	235.77	26.48	278.54	204.11	709.27	323.63	205.25	696.79					736.59	736.59	4.47	4.48	0	0				
07/12/2018	3.3.2	Gaze Project	O4	3	M	Bilingual	G130	06/09/2018	89100	1280 x 720		Raw Data														114	10:15:49.135	1536226322909039															0	10		Fixation	8			0.96	247.59	182.42																				11	626	672	573	649	599	660			251.16	19.34	230.07	28.41	240.62	23.87	278.41	204.33	710.01	323.52	205.19	696.63					737.36	737.36	4.46	4.49	0	0				
07/12/2018	3.3.2	Gaze Project	O4	3	M	Bilingual	G130	06/09/2018	89100	1280 x 720		Raw Data														122	10:15:49.143	1536226322917310															0	11		Fixation	8			2.48	85.72	198.14																				12	609	644	579	569	594	606			244.36	30.49	232.55	60.68	238.45	45.58	278.50	200.94	699.79	323.93	209.18	708.36					726.60	726.60	4.20	4.48	0	0				
07/12/2018	3.3.2	Gaze Project	O4	3	M	Bilingual	G130	06/09/2018	89100	1280 x 720		Raw Data														131	10:15:49.151	1536226322925641															0	12		Fixation	8			3.54	275.49	189.77																				13	595	656	590	683	592	669			238.93	25.90	236.95	14.71	237.94	20.31	278.40	200.80	699.85	323.29	205.07	696.24					726.60	726.60	4.29	4.52	0	0				
07/12/2018	3.3.2	Gaze Project	O4	3	M	Bilingual	G130	06/09/2018	89100	1280 x 720		Raw Data														139	10:15:49.160	1536226322933996															0	13		Fixation	8			3.45	90.00	174.51																				14	567	711	590	572	578	641			227.43	3.80	236.91	59.46	232.17	31.63	278.31	200.79	699.86	323.20	205.07	696.16					726.60	726.60	4.35	4.34	0	0				
07/12/2018	3.3.2	Gaze Project	O4	3	M	Bilingual	G130	06/09/2018	89100	1280 x 720		Raw Data														147	10:15:49.168	1536226322942355															0	14		Fixation	8			2.74	275.89	185.89																				15	591	686	599	659	595	672			237.36	13.61	240.46	24.70	238.91	19.15	278.21	200.76	699.41	323.10	205.01	695.92					726.17	726.17	4.42	4.53	0	0				
07/12/2018	3.3.2	Gaze Project	O4	3	M	Bilingual	G130	06/09/2018	89100	1280 x 720		Raw Data														156	10:15:49.176	1536226322950635															0	15		Fixation	8			0.57	29.44	113.55																				16	598	685	615	650	606	667			239.94	14.08	247.05	28.16	243.49	21.12	277.98	203.13	706.74	323.01	204.92	695.96					733.87	733.87	4.44	4.44	0	0				
07/12/2018	3.3.2	Gaze Project	O4	3	M	Bilingual	G130	06/09/2018	89100	1280 x 720		Raw Data														164	10:15:49.185	1536226322958973															0	16		Fixation	8			1.09	220.52	191.08																				17	593	664	588	673	590	668			238.03	22.49	236.17	18.74	237.10	20.61	278.05	200.68	699.20	322.93	204.97	695.62					725.94	725.94	4.23	4.51	0	0				
07/12/2018	3.3.2	Gaze Project	O4	3	M	Bilingual	G130	06/09/2018	89100	1280 x 720		Raw Data														172	10:15:49.193	1536226322967310															0	17		Fixation	8			0.22	188.16	327.64																				18	586	674	581	674	583	674			235.16	18.44	233.02	18.40	234.09	18.42	277.98	200.65	699.08	322.85	204.94	695.42					725.81	725.81	4.25	4.49	0	0				
07/12/2018	3.3.2	Gaze Project	O4	3	M	Bilingual	G130	06/09/2018	89100	1280 x 720		Raw Data														181	10:15:49.201	1536226322975666															0	18		Fixation	8			0.30	233.22	45.06																				19	567	694	575	682	571	688			227.73	10.45	230.68	15.29	229.20	12.87	277.74	203.36	707.35	322.79	204.86	695.45					734.51	734.51	4.51	4.50	0	0				
07/12/2018	3.3.2	Gaze Project	O4	3	M	Bilingual	G130	06/09/2018	89100	1280 x 720		Raw Data														189	10:15:49.210	1536226322984022															0			Unclassified	8																									20	594	466			594	466			238.45	102.14					277.89	200.79	699.02		-34.01						725.80		3.59		0	4				
07/12/2018	3.3.2	Gaze Project	O4	3	M	Bilingual	G130	06/09/2018	89100	1280 x 720		Raw Data														197	10:15:49.218	1536226322992285															0	19		Fixation	8			1.64	77.05	203.83																				21	594	672	587	630	590	651			238.59	19.39	235.73	36.04	237.16	27.72	277.81	200.55	698.68	322.69	204.93	695.42					725.40	725.40	4.30	4.35	0	0				
07/12/2018	3.3.2	Gaze Project	O4	3	M	Bilingual	G130	06/09/2018	89100	1280 x 720		Raw Data														206	10:15:49.226	1536226323000644															0	20		Fixation	8			1.51	248.69	171.65																				22			569	676	569	676					228.40	17.72						322.66	204.96	695.41						0.00		4.55	4	0				
07/12/2018	3.3.2	Gaze Project	O4	3	M	Bilingual	G130	06/09/2018	89100	1280 x 720		Raw Data														214	10:15:49.235	1536226323008979															0	21		Fixation	8			0.78	54.55	165.86																				23	574	665	584	655	579	660			230.38	21.97	234.38	26.05	232.38	24.01	277.74	200.45	698.72	324.36	209.26	706.75					725.40	725.40	4.34	4.56	0	0				
07/12/2018	3.3.2	Gaze Project	O4	3	M	Bilingual	G130	06/09/2018	89100	1280 x 720		Raw Data														222	10:15:49.243	1536226323017321															0	22		Fixation	8			0.65	221.28	166.73																				24			568	669	568	669					228.02	20.42						322.58	204.82	694.43						0.00		4.48	4	0				
07/12/2018	3.3.2	Gaze Project	O4	3	M	Bilingual	G130	06/09/2018	89100	1280 x 720		Raw Data														231	10:15:49.252	1536226323025695															0	23		Fixation	8			0.44	314.91	93.63																				25			578	679	578	679					232.18	16.58						323.05	208.53	705.30						0.00		4.52	4	0				
07/12/2018	3.3.2	Gaze Project	O4	3	M	Bilingual	G130	06/09/2018	89100	1280 x 720		Raw Data														239	10:15:49.260	1536226323033962															0	24		Fixation	8			0.22	98.10	143.20																				26	569	722	577	672	573	697			228.38	-0.72	231.44	19.15	229.91	9.21	277.52	203.19	706.62	322.57	204.74	694.12					733.75	733.75	4.42	4.57	0	0				
07/12/2018	3.3.2	Gaze Project	O4	3	M	Bilingual	G130	06/09/2018	89100	1280 x 720		Raw Data														247	10:15:49.268	1536226323042284															0	25		Fixation	8			0.52	107.30	9.20																				27			572	656	572	656					229.68	25.62						322.58	204.69	693.96						0.00		4.44	4	0				
07/12/2018	3.3.2	Gaze Project	O4	3	M	Bilingual	G130	06/09/2018	89100	1280 x 720		Raw Data														256	10:15:49.276	1536226323050645															0	26		Fixation	8			0.83	63.51	316.21																				28	577	690	584	632	580	661			231.75	12.26	234.30	35.57	233.03	23.92	277.73	200.23	697.61	322.60	204.62	693.76					724.28	724.28	4.33	4.40	0	0				
07/12/2018	3.3.2	Gaze Project	O4	3	M	Bilingual	G130	06/09/2018	89100	1280 x 720		Raw Data														264	10:15:49.285	1536226323059008															0	27		Fixation	8			0.79	288.38	224.87																				29	595	662	592	656	593	659			238.74	23.41	237.76	25.61	238.25	24.51	277.76	200.16	697.45	322.65	204.59	693.70					724.10	724.10	4.26	4.43	0	0				
07/12/2018	3.3.2	Gaze Project	O4	3	M	Bilingual	G130	06/09/2018	89100	1280 x 720		Raw Data														272	10:15:49.293	1536226323067283															0	28		Fixation	8			0.51	256.01	327.63																				30	591	694	588	672	589	683			237.19	10.35	235.92	19.20	236.55	14.77	277.80	200.12	697.36	322.70	204.54	693.59					724.01	724.01	4.32	4.44	0	0				
07/12/2018	3.3.2	Gaze Project	O4	3	M	Bilingual	G130	06/09/2018	89100	1280 x 720		Raw Data														281	10:15:49.301	1536226323075632															0	29		Fixation	8			0.65	316.88	60.88																				31	614	702	603	686	608	694			246.37	7.42	241.98	13.83	244.17	10.62	277.84	200.06	697.26	323.24	208.29	704.70					723.89	723.89	4.26	4.54	0	0				
07/12/2018	3.3.2	Gaze Project	O4	3	M	Bilingual	G130	06/09/2018	89100	1280 x 720		Raw Data														289	10:15:49.310	1536226323083953															0	30		Fixation	8			1.03	114.95	158.06																				32	567	715	589	656	578	685			227.57	2.06	236.62	25.84	232.10	13.95	277.91	200.16	697.22	322.82	204.42	693.36					723.89	723.89	4.31	4.42	0	0				
07/12/2018	3.3.2	Gaze Project	O4	3	M	Bilingual	G130	06/09/2018	89100	1280 x 720		Raw Data														297	10:15:49.318	1536226323092316															0	31		Fixation	8			0.62	264.31	149.36																				33	614	655	587	676	600	665			246.49	26.12	235.47	17.55	240.98	21.83	277.96	199.93	697.01	322.90	204.37	693.24					723.63	723.63	4.30	4.40	0	0				
07/12/2018	3.3.2	Gaze Project	O4	3	M	Bilingual	G130	06/09/2018	89100	1280 x 720		Raw Data														306	10:15:49.326	1536226323100673															0	32		Fixation	8			0.65	337.10	72.79																				34	596	716	606	684	601	700			239.20	1.59	243.14	14.39	241.17	7.99	278.03	199.90	696.92	323.52	208.51	705.42					723.53	723.53	4.32	4.52	0	0				
07/12/2018	3.3.2	Gaze Project	O4	3	M	Bilingual	G130	06/09/2018	89100	1280 x 720		Raw Data														314	10:15:49.335	1536226323108942															0	33		Fixation	8			1.00	185.37	208.27																				35	583	692	574	687	578	689			233.85	11.18	230.35	13.18	232.10	12.18	279.00	203.83	707.90	323.08	204.32	693.11					735.21	735.21	4.63	4.46	0	0				
07/12/2018	3.3.2	Gaze Project	O4	3	M	Bilingual	G130	06/09/2018	89100	1280 x 720		Raw Data														322	10:15:49.343	1536226323117361															0	34		Fixation	8			0.37	235.09	49.72																				36	591	725	567	697	579	711			237.22	-2.08	227.46	9.28	232.34	3.60	278.05	201.98	703.31	323.18	204.32	693.11					730.25	730.25	4.47	4.57	0	0				
07/12/2018	3.3.2	Gaze Project	O4	3	M	Bilingual	G130	06/09/2018	89100	1280 x 720		Raw Data														331	10:15:49.351	1536226323125631															0			Unclassified	8																									37	602	744			602	744			241.60	-9.79					278.25	199.84	696.60		-34.01						723.22		4.52		0	4				
07/12/2018	3.3.2	Gaze Project	O4	3	M	Bilingual	G130	06/09/2018	89100	1280 x 720		Raw Data														339	10:15:49.360	1536226323133990															0			Unclassified	8																									38	596	752			596	752			239.09	-12.99					278.34	199.76	696.64		-34.01						723.23		4.35		0	4				
07/12/2018	3.3.2	Gaze Project	O4	3	M	Bilingual	G130	06/09/2018	89100	1280 x 720		Raw Data														347	10:15:49.368	1536226323142347															0			Unclassified	8																									39																			-34.01										4	4				
07/12/2018	3.3.2	Gaze Project	O4	3	M	Bilingual	G130	06/09/2018	89100	1280 x 720		Raw Data														356	10:15:49.376	1536226323150608															0			Unclassified	8																									40																			-34.01										4	4				
07/12/2018	3.3.2	Gaze Project	O4	3	M	Bilingual	G130	06/09/2018	89100	1280 x 720		Raw Data														364	10:15:49.385	1536226323158944															0			Unclassified	8																									41																			-34.01										4	4				
07/12/2018	3.3.2	Gaze Project	O4	3	M	Bilingual	G130	06/09/2018	89100	1280 x 720		Raw Data														372	10:15:49.393	1536226323167298															0			Unclassified	8																									42																			-34.01										4	4				
07/12/2018	3.3.2	Gaze Project	O4	3	M	Bilingual	G130	06/09/2018	89100	1280 x 720		Raw Data														381	10:15:49.401	1536226323175661															0			Unclassified	8																									43	718	1272			718	1272			288.13	-222.10					279.92	204.37	708.07		-34.01						735.58		4.02		0	4				
07/12/2018	3.3.2	Gaze Project	O4	3	M	Bilingual	G130	06/09/2018	89100	1280 x 720		Raw Data														389	10:15:49.410	1536226323183934															0			Unclassified	8																									44																			-34.01										4	4				
07/12/2018	3.3.2	Gaze Project	O4	3	M	Bilingual	G130	06/09/2018	89100	1280 x 720		Raw Data														397	10:15:49.418	1536226323192276															0			Unclassified	8																									45																			-34.01										4	4				
07/12/2018	3.3.2	Gaze Project	O4	3	M	Bilingual	G130	06/09/2018	89100	1280 x 720		Raw Data														406	10:15:49.426	1536226323200600															0			Unclassified	8																									46																			-34.01										4	4				
07/12/2018	3.3.2	Gaze Project	O4	3	M	Bilingual	G130	06/09/2018	89100	1280 x 720		Raw Data														414	10:15:49.435	1536226323208972															0			Unclassified	8																									47																			-34.01										4	4				
07/12/2018	3.3.2	Gaze Project	O4	3	M	Bilingual	G130	06/09/2018	89100	1280 x 720		Raw Data														422	10:15:49.443	1536226323217328															0			Unclassified	8																									48																			-34.01										4	4				
07/12/2018	3.3.2	Gaze Project	O4	3	M	Bilingual	G130	06/09/2018	89100	1280 x 720		Raw Data														431	10:15:49.451	1536226323225598															0			Unclassified	8																									49																			-34.01										4	4				
07/12/2018	3.3.2	Gaze Project	O4	3	M	Bilingual	G130	06/09/2018	89100	1280 x 720		Raw Data														439	10:15:49.460	1536226323233959															0			Unclassified	8																									50																			-34.01										4	4				
07/12/2018	3.3.2	Gaze Project	O4	3	M	Bilingual	G130	06/09/2018	89100	1280 x 720		Raw Data														447	10:15:49.468	1536226323242278															0			Unclassified	8																									51																			-34.01										4	4				
07/12/2018	3.3.2	Gaze Project	O4	3	M	Bilingual	G130	06/09/2018	89100	1280 x 720		Raw Data														456	10:15:49.476	1536226323250640															0			Unclassified	8																									52																			-34.01										4	4				
07/12/2018	3.3.2	Gaze Project	O4	3	M	Bilingual	G130	06/09/2018	89100	1280 x 720		Raw Data														464	10:15:49.485	1536226323258995															0	35		Fixation	8			11.16	342.58	107.49																				53			906	803	906	803					363.49	-33.46						326.88	205.22	698.08						0.00		4.52	4	0				
07/12/2018	3.3.2	Gaze Project	O4	3	M	Bilingual	G130	06/09/2018	89100	1280 x 720		Raw Data														472	10:15:49.493	1536226323267262															0	36		Fixation	8			1.77	108.69	126.10																				54			887	747	887	747					356.06	-10.68						327.08	205.08	697.72						0.00		4.62	4	0				
07/12/2018	3.3.2	Gaze Project	O4	3	M	Bilingual	G130	06/09/2018	89100	1280 x 720		Raw Data														481	10:15:49.501	1536226323275586															0	37		Fixation	8			0.82	155.31	46.62																				55			863	736	863	736					346.33	-6.37						327.32	205.23	698.18						0.00		4.75	4	0				
07/12/2018	3.3.2	Gaze Project	O4	3	M	Bilingual	G130	06/09/2018	89100	1280 x 720		Raw Data														489	10:15:49.510	1536226323283951															0	38		Fixation	8			1.42	274.85	119.54																				56			867	783	867	783					348.08	-25.43						327.27	203.52	693.00						0.00		4.67	4	0				
07/12/2018	3.3.2	Gaze Project	O4	3	M	Bilingual	G130	06/09/2018	89100	1280 x 720		Raw Data														497	10:15:49.518	1536226323292307															0	39		Fixation	8			0.66	267.41	352.56																				57			866	805	866	805					347.44	-34.06						327.48	203.50	692.97						0.00		4.69	4	0				
07/12/2018	3.3.2	Gaze Project	O4	3	M	Bilingual	G130	06/09/2018	89100	1280 x 720		Raw Data														506	10:15:49.526	1536226323300549															0	40		Fixation	8			0.63	234.87	327.46																				58	851	810	854	822	852	816			341.60	-36.17	342.98	-40.94	342.29	-38.55	282.68	200.40	697.35	327.68	203.50	692.99					724.25	724.25	4.45	4.62	0	0				
07/12/2018	3.3.2	Gaze Project	O4	3	M	Bilingual	G130	06/09/2018	89100	1280 x 720		Raw Data														514	10:15:49.535	1536226323308922															0	41		Fixation	8			1.00	36.25	161.38																				59			880	803	880	803					353.12	-33.30						327.88	203.51	693.01						0.00		4.59	4	0				
07/12/2018	3.3.2	Gaze Project	O4	3	M	Bilingual	G130	06/09/2018	89100	1280 x 720		Raw Data														522	10:15:49.543	1536226323317262															0	42		Fixation	8			0.78	278.72	242.47																				60	862	773	884	829	873	801			345.84	-21.31	354.88	-43.99	350.36	-32.65	283.66	202.75	703.96	328.05	203.40	693.04					731.30	731.30	4.66	4.87	0	0				
07/12/2018	3.3.2	Gaze Project	O4	3	M	Bilingual	G130	06/09/2018	89100	1280 x 720		Raw Data														531	10:15:49.551	1536226323325620															0			Unclassified	8																									61	862	773			862	773			345.84	-21.31					283.74	202.37	702.77		-34.01						730.05		4.66		0	4				
07/12/2018	3.3.2	Gaze Project	O4	3	M	Bilingual	G130	06/09/2018	89100	1280 x 720		Raw Data														539	10:15:49.560	1536226323333976															0	43		Fixation	8			1.24	102.34	183.62																				62	875	804	875	788	875	796			351.12	-33.99	351.29	-27.27	351.21	-30.63	283.93	202.44	702.86	329.10	207.99	706.15					730.17	730.17	4.62	4.77	0	0				
07/12/2018	3.3.2	Gaze Project	O4	3	M	Bilingual	G130	06/09/2018	89100	1280 x 720		Raw Data														547	10:15:49.568	1536226323342248															0	44		Fixation	8			0.68	241.27	138.92																				63	905	824	864	808	884	816			363.36	-41.92	346.62	-35.27	354.99	-38.60	283.29	202.57	703.91	329.29	208.14	706.55					731.18	731.18	4.50	4.76	0	0				
07/12/2018	3.3.2	Gaze Project	O4	3	M	Bilingual	G130	06/09/2018	89100	1280 x 720		Raw Data														556	10:15:49.576	1536226323350573															0	45		Fixation	8			0.53	109.38	228.12																				64	881	791	858	791	869	791			353.66	-28.72	344.51	-28.73	349.09	-28.73	283.44	202.73	704.27	329.46	208.20	706.71					731.57	731.57	4.45	4.75	0	0				
07/12/2018	3.3.2	Gaze Project	O4	3	M	Bilingual	G130	06/09/2018	89100	1280 x 720		Raw Data														564	10:15:49.585	1536226323358938															0	46		Fixation	8			0.60	191.93	82.54																				65	892	787	839	795	865	791			357.93	-27.03	336.68	-30.14	347.31	-28.59	283.59	202.79	704.35	328.89	203.67	692.95					731.67	731.67	4.40	5.01	0	0				
07/12/2018	3.3.2	Gaze Project	O4	3	M	Bilingual	G130	06/09/2018	89100	1280 x 720		Raw Data														572	10:15:49.593	1536226323367292															0	47		Fixation	8			1.71	51.59	219.66																				66	904	794	874	751	889	772			362.68	-29.97	350.67	-12.45	356.67	-21.21	283.71	203.43	706.11	329.75	208.21	706.62					733.55	733.55	4.57	4.85	0	0				
07/12/2018	3.3.2	Gaze Project	O4	3	M	Bilingual	G130	06/09/2018	89100	1280 x 720		Raw Data														575	10:15:49.595										1	InstructionStart	Instruction Element					47		Fixation	8			1.71	51.59	219.66																																																						
07/12/2018	3.3.2	Gaze Project	O4	3	M	Bilingual	G130	06/09/2018	89100	1280 x 720		Raw Data														581	10:15:49.601	1536226323375648															0	48		Fixation	8			1.07	215.63	164.04																				67	889	783	846	771	867	777			356.67	-25.26	339.45	-20.59	348.06	-22.92	283.98	199.72	694.88	329.15	203.51	692.81					721.74	721.74	4.52	4.82	0	0				
07/12/2018	3.3.2	Gaze Project	O4	3	M	Bilingual	G130	06/09/2018	89100	1280 x 720		Raw Data														589	10:15:49.610	1536226323383911															0	49		Fixation	8			1.58	0.00	144.37																				68	885	803	896	771	890	787			355.34	-33.28	359.63	-20.60	357.48	-26.94	284.11	199.73	694.86	329.28	203.40	692.84					721.73	721.73	4.49	4.60	0	0				
07/12/2018	3.3.2	Gaze Project	O4	3	M	Bilingual	G130	06/09/2018	89100	1280 x 720		Raw Data														597	10:15:49.618	1536226323392242															0	50		Fixation	8			1.56	181.15	181.15																				69			846	772	846	772					339.58	-20.91						330.07	207.71	705.12						0.00		4.76	4	0				
07/12/2018	3.3.2	Gaze Project	O4	3	M	Bilingual	G130	06/09/2018	89100	1280 x 720		Raw Data														606	10:15:49.626	1536226323400605															0	51		Fixation	8			1.31	11.08	189.93																				70	892	782	887	764	889	773			357.86	-24.91	356.17	-17.67	357.02	-21.29	284.37	199.72	694.82	329.53	203.40	692.85					721.70	721.70	4.47	4.50	0	0				
07/12/2018	3.3.2	Gaze Project	O4	3	M	Bilingual	G130	06/09/2018	89100	1280 x 720		Raw Data														614	10:15:49.635	1536226323408962															0	52		Fixation	8			2.28	202.75	191.67																				71	889	778	820	792	854	785			356.72	-23.32	329.11	-28.84	342.91	-26.08	284.50	199.72	694.82	329.66	203.40	692.85					721.70	721.70	4.56	4.71	0	0				
07/12/2018	3.3.2	Gaze Project	O4	3	M	Bilingual	G130	06/09/2018	89100	1280 x 720		Raw Data														622	10:15:49.643	1536226323417229															0	53		Fixation	8			1.00	54.95	212.21																				72	865	785	839	765	852	775			347.07	-26.29	336.70	-18.27	341.88	-22.28	284.62	199.71	694.84	330.42	207.53	704.70					721.72	721.72	4.53	4.69	0	0				
07/12/2018	3.3.2	Gaze Project	O4	3	M	Bilingual	G130	06/09/2018	89100	1280 x 720		Raw Data														631	10:15:49.651	1536226323425580															0	54		Fixation	8			2.66	29.33	334.38																				73	874	794	914	723	894	758			350.67	-29.92	366.83	-1.26	358.75	-15.59	284.65	202.50	703.39	330.63	208.05	706.22					730.71	730.71	4.57	4.52	0	0				
07/12/2018	3.3.2	Gaze Project	O4	3	M	Bilingual	G130	06/09/2018	89100	1280 x 720		Raw Data														639	10:15:49.660	1536226323433923															0	55		Fixation	8			2.57	234.31	204.98																				74	868	732	865	791	866	761			348.43	-4.83	347.04	-28.63	347.74	-16.73	284.87	199.67	694.84	330.02	203.34	692.87					721.72	721.72	4.44	4.76	0	0				
07/12/2018	3.3.2	Gaze Project	O4	3	M	Bilingual	G130	06/09/2018	89100	1280 x 720		Raw Data														647	10:15:49.668	1536226323442263															0	56		Fixation	8			0.63	185.73	311.42																				75			845	793	845	793					339.22	-29.55						330.77	207.34	704.39						0.00		4.80	4	0				
07/12/2018	3.3.2	Gaze Project	O4	3	M	Bilingual	G130	06/09/2018	89100	1280 x 720		Raw Data														656	10:15:49.676	1536226323450631															0	57		Fixation	8			0.46	340.29	154.56																				76	879	784	859	798	869	791			352.94	-25.97	344.89	-31.28	348.91	-28.63	285.11	199.58	694.76	330.98	207.84	705.94					721.63	721.63	4.54	4.81	0	0				
07/12/2018	3.3.2	Gaze Project	O4	3	M	Bilingual	G130	06/09/2018	89100	1280 x 720		Raw Data														664	10:15:49.685	1536226323458891															0			Unclassified	8																									77	880	779			880	779			353.28	-23.79					285.23	199.54	694.77		-34.01						721.63		4.54		0	4				
07/12/2018	3.3.2	Gaze Project	O4	3	M	Bilingual	G130	06/09/2018	89100	1280 x 720		Raw Data														672	10:15:49.693	1536226323467224															0			Unclassified	8																									78	865	776			865	776			347.33	-22.38					285.36	199.48	694.72		-34.01						721.57		4.52		0	4				
07/12/2018	3.3.2	Gaze Project	O4	3	M	Bilingual	G130	06/09/2018	89100	1280 x 720		Raw Data														681	10:15:49.701	1536226323475586															0	58		Fixation	8			0.85	33.20	52.91																				79	896	789	882	783	889	786			359.77	-27.62	353.89	-25.48	356.83	-26.55	285.47	199.57	694.69	330.63	203.19	692.76					721.57	721.57	4.64	4.86	0	0				
07/12/2018	3.3.2	Gaze Project	O4	3	M	Bilingual	G130	06/09/2018	89100	1280 x 720		Raw Data														689	10:15:49.710	1536226323483928															0	59		Fixation	8			1.50	195.83	162.63																				80			836	796	836	796					335.48	-30.62						330.74	203.12	692.71						0.00		4.87	4	0				
07/12/2018	3.3.2	Gaze Project	O4	3	M	Bilingual	G130	06/09/2018	89100	1280 x 720		Raw Data														697	10:15:49.718	1536226323492227															0			Unclassified	8																									81	883	785			883	785			354.47	-26.27					285.71	199.31	694.60		-34.01						721.41		4.54		0	4				
07/12/2018	3.3.2	Gaze Project	O4	3	M	Bilingual	G130	06/09/2018	89100	1280 x 720		Raw Data														706	10:15:49.726	1536226323500564															0			Unclassified	8																									82	904	834			904	834			363.03	-46.01					285.82	199.24	694.52		-34.01						721.32		4.35		0	4				
07/12/2018	3.3.2	Gaze Project	O4	3	M	Bilingual	G130	06/09/2018	89100	1280 x 720		Raw Data														714	10:15:49.735	1536226323508894															0	60		Fixation	8			0.26	144.37	308.55																				83	882	785	829	791	855	788			354.22	-26.03	332.75	-28.76	343.49	-27.40	285.87	202.18	703.60	331.64	206.23	702.41					730.86	730.86	4.40	4.69	0	0				
07/12/2018	3.3.2	Gaze Project	O4	3	M	Bilingual	G130	06/09/2018	89100	1280 x 720		Raw Data														722	10:15:49.743	1536226323517247															0	61		Fixation	8			0.55	333.36	188.99																				84	863	764	845	799	854	781			346.33	-17.59	339.07	-31.73	342.70	-24.66	286.06	199.12	694.42	331.81	206.48	703.28					721.20	721.20	4.40	4.71	0	0				
07/12/2018	3.3.2	Gaze Project	O4	3	M	Bilingual	G130	06/09/2018	89100	1280 x 720		Raw Data														731	10:15:49.751	1536226323525612															0	62		Fixation	8			0.64	211.51	238.15																				85	873	785	827	810	850	797			350.51	-26.17	331.83	-36.14	341.17	-31.15	286.18	199.06	694.36	331.91	206.34	703.04					721.13	721.13	4.46	4.72	0	0				
07/12/2018	3.3.2	Gaze Project	O4	3	M	Bilingual	G130	06/09/2018	89100	1280 x 720		Raw Data														739	10:15:49.760	1536226323533886															0	63		Fixation	8			0.97	38.75	187.24																				86	871	764	852	790	861	777			349.64	-17.90	341.90	-28.39	345.77	-23.14	286.29	199.14	694.33	332.01	206.18	702.74					721.13	721.13	4.49	4.66	0	0				
07/12/2018	3.3.2	Gaze Project	O4	3	M	Bilingual	G130	06/09/2018	89100	1280 x 720		Raw Data														747	10:15:49.768	1536226323542235															0	64		Fixation	8			0.13	45.09	6.34																				87	872	779	855	787	863	783			350.14	-23.64	343.39	-27.18	346.77	-25.41	286.39	198.94	694.26	332.12	206.14	702.78					721.00	721.00	4.46	4.74	0	0				
07/12/2018	3.3.2	Gaze Project	O4	3	M	Bilingual	G130	06/09/2018	89100	1280 x 720		Raw Data														756	10:15:49.776	1536226323550569															0	65		Fixation	8			1.03	227.48	182.39																				88	870	800	832	812	851	806			349.15	-32.02	334.05	-37.09	341.60	-34.56	286.50	198.88	694.21	332.23	206.13	702.90					720.94	720.94	4.38	4.70	0	0				
07/12/2018	3.3.2	Gaze Project	O4	3	M	Bilingual	G130	06/09/2018	89100	1280 x 720		Raw Data														764	10:15:49.785	1536226323558925															0	66		Fixation	8			0.85	25.71	158.24																				89			857	800	857	800					344.20	-32.31						332.33	206.15	703.07						0.00		4.67	4	0				
07/12/2018	3.3.2	Gaze Project	O4	3	M	Bilingual	G130	06/09/2018	89100	1280 x 720		Raw Data														772	10:15:49.793	1536226323567285															0	67		Fixation	8			0.76	338.57	312.85																				90	864	790	880	809	872	799			346.75	-28.18	353.19	-35.93	349.97	-32.06	286.62	201.69	702.94	332.41	206.02	702.80					730.10	730.10	4.43	4.63	0	0				
07/12/2018	3.3.2	Gaze Project	O4	3	M	Bilingual	G130	06/09/2018	89100	1280 x 720		Raw Data														781	10:15:49.801	1536226323575543															0	68		Fixation	8			1.05	195.30	216.74																				91	886	791	847	818	866	804			355.81	-28.77	340.11	-39.59	347.96	-34.18	286.76	198.75	694.06	332.53	206.22	703.46					720.76	720.76	4.39	4.73	0	0				
07/12/2018	3.3.2	Gaze Project	O4	3	M	Bilingual	G130	06/09/2018	89100	1280 x 720		Raw Data														789	10:15:49.810	1536226323583876															0	69		Fixation	8			1.08	45.09	209.79																				92	876	783	872	793	874	788			351.59	-25.25	350.02	-29.56	350.81	-27.41	286.85	198.86	694.01	331.98	202.51	692.53					720.76	720.76	4.42	4.77	0	0				
07/12/2018	3.3.2	Gaze Project	O4	3	M	Bilingual	G130	06/09/2018	89100	1280 x 720		Raw Data														797	10:15:49.818	1536226323592232															0	70		Fixation	8			0.91	181.98	136.89																				93	884	778	843	794	863	786			354.71	-23.28	338.27	-29.71	346.49	-26.49	286.91	198.71	694.00	332.66	206.01	702.97					720.70	720.70	4.40	4.62	0	0				
07/12/2018	3.3.2	Gaze Project	O4	3	M	Bilingual	G130	06/09/2018	89100	1280 x 720		Raw Data														806	10:15:49.826	1536226323600595															0	71		Fixation	8			1.07	262.12	80.14																				94	876	785	838	830	857	807			351.45	-26.22	336.57	-44.49	344.01	-35.36	286.98	198.68	693.96	332.74	206.07	703.18					720.65	720.65	4.39	4.76	0	0				
07/12/2018	3.3.2	Gaze Project	O4	3	M	Bilingual	G130	06/09/2018	89100	1280 x 720		Raw Data														814	10:15:49.835	1536226323608949															0	72		Fixation	8			1.09	96.15	194.03																				95	902	785	834	793	868	789			362.10	-26.07	334.87	-29.33	348.48	-27.70	286.98	201.58	702.86	332.78	205.91	702.75					730.00	730.00	4.39	4.65	0	0				
07/12/2018	3.3.2	Gaze Project	O4	3	M	Bilingual	G130	06/09/2018	89100	1280 x 720		Raw Data														822	10:15:49.843	1536226323617205															0	73		Fixation	8			1.05	252.13	155.98																				96	885	784	823	827	854	805			355.24	-25.76	330.49	-43.18	342.87	-34.47	287.04	201.51	702.66	332.81	205.73	702.27					729.80	729.80	4.41	4.71	0	0				
07/12/2018	3.3.2	Gaze Project	O4	3	M	Bilingual	G130	06/09/2018	89100	1280 x 720		Raw Data														831	10:15:49.851	1536226323625545															0	74		Fixation	8			0.43	129.20	237.07																				97	902	792	814	816	858	804			362.02	-29.08	326.93	-38.82	344.48	-33.95	287.09	201.57	702.85	332.86	205.71	702.27					730.00	730.00	4.32	4.70	0	0				
07/12/2018	3.3.2	Gaze Project	O4	3	M	Bilingual	G130	06/09/2018	89100	1280 x 720		Raw Data														839	10:15:49.860	1536226323633917															0	75		Fixation	8			1.24	47.07	277.87																				98	893	780	842	786	867	783			358.44	-24.09	337.83	-26.70	348.13	-25.39	287.20	198.58	693.77	332.98	206.14	703.53					720.45	720.45	4.41	4.71	0	0				
07/12/2018	3.3.2	Gaze Project	O4	3	M	Bilingual	G130	06/09/2018	89100	1280 x 720		Raw Data														847	10:15:49.868	1536226323642268															0	76		Fixation	8			0.47	243.51	196.44																				99	898	797	835	800	866	798			360.32	-30.93	335.00	-32.32	347.66	-31.63	287.25	198.45	693.83	332.97	205.77	702.49					720.46	720.46	4.28	4.71	0	0				
07/12/2018	3.3.2	Gaze Project	O4	3	M	Bilingual	G130	06/09/2018	89100	1280 x 720		Raw Data														856	10:15:49.876	1536226323650532															0	77		Fixation	8			0.46	208.38	324.87																				100	883	783	822	807	852	795			354.45	-25.20	329.79	-34.91	342.12	-30.06	287.29	198.53	693.70	332.42	202.35	692.34					720.37	720.37	4.39	4.85	0	0				
07/12/2018	3.3.2	Gaze Project	O4	3	M	Bilingual	G130	06/09/2018	89100	1280 x 720		Raw Data														864	10:15:49.885	1536226323658877															0	78		Fixation	8			0.07	333.36	124.98																				101	884	785	824	808	854	796			354.72	-26.33	330.80	-35.47	342.76	-30.90	287.32	198.52	693.67	333.06	205.82	702.68					720.34	720.34	4.40	4.73	0	0				
07/12/2018	3.3.2	Gaze Project	O4	3	M	Bilingual	G130	06/09/2018	89100	1280 x 720		Raw Data														872	10:15:49.893	1536226323667222															0	79		Fixation	8			1.17	40.85	67.49																				102	881	791	853	783	867	787			353.48	-28.52	342.21	-25.52	347.84	-27.02	287.36	198.50	693.66	332.49	202.31	692.26					720.33	720.33	4.47	4.73	0	0				
07/12/2018	3.3.2	Gaze Project	O4	3	M	Bilingual	G130	06/09/2018	89100	1280 x 720		Raw Data														881	10:15:49.901	1536226323675580															0	80		Fixation	8			1.09	220.52	179.66																				103	886	798	826	806	856	802			355.49	-31.41	331.44	-34.44	343.46	-32.92	287.39	198.46	693.59	333.14	205.84	702.80					720.25	720.25	4.42	4.79	0	0				
07/12/2018	3.3.2	Gaze Project	O4	3	M	Bilingual	G130	06/09/2018	89100	1280 x 720		Raw Data														889	10:15:49.910	1536226323683922															0			Unclassified	8																									104	886	780			886	780			355.62	-24.22					287.43	198.45	693.58		-34.01						720.24		4.58		0	4				
07/12/2018	3.3.2	Gaze Project	O4	3	M	Bilingual	G130	06/09/2018	89100	1280 x 720		Raw Data														897	10:15:49.918	1536226323692196															0			Unclassified	8																									105	902	772			902	772			361.92	-21.10					287.46	198.43	693.57		-34.01						720.22		4.55		0	4				
07/12/2018	3.3.2	Gaze Project	O4	3	M	Bilingual	G130	06/09/2018	89100	1280 x 720		Raw Data														906	10:15:49.926	1536226323700533															0			Unclassified	8																									106	891	796			891	796			357.57	-30.79					287.49	198.41	693.55		-34.01						720.20		4.57		0	4				
07/12/2018	3.3.2	Gaze Project	O4	3	M	Bilingual	G130	06/09/2018	89100	1280 x 720		Raw Data														914	10:15:49.935	1536226323708892															0	81		Fixation	8			0.85	12.57	152.05																				107	872	779	853	800	862	789			350.14	-23.67	342.51	-32.08	346.32	-27.88	287.51	198.39	693.53	333.38	206.62	705.09					720.18	720.18	4.57	4.90	0	0				
07/12/2018	3.3.2	Gaze Project	O4	3	M	Bilingual	G130	06/09/2018	89100	1280 x 720		Raw Data														922	10:15:49.943	1536226323717233															0	82		Fixation	8			0.76	49.99	37.42																				108	917	750	869	781	893	765			368.14	-12.03	348.73	-24.59	358.43	-18.31	288.50	201.99	703.62	332.64	202.16	692.31					730.92	730.92	4.86	4.81	0	0				
07/12/2018	3.3.2	Gaze Project	O4	3	M	Bilingual	G130	06/09/2018	89100	1280 x 720		Raw Data														931	10:15:49.951	1536226323725489															0	83		Fixation	8			0.84	219.08	169.09																				109	879	769	848	798	863	783			352.80	-19.64	340.29	-31.48	346.55	-25.56	287.56	198.37	693.52	332.68	202.24	692.17					720.16	720.16	4.55	4.99	0	0				
07/12/2018	3.3.2	Gaze Project	O4	3	M	Bilingual	G130	06/09/2018	89100	1280 x 720		Raw Data														939	10:15:49.960	1536226323733863															0			Unclassified	8																									110	884	792			884	792			354.71	-28.94					287.58	198.34	693.45		-34.01						720.09		4.64		0	4				
07/12/2018	3.3.2	Gaze Project	O4	3	M	Bilingual	G130	06/09/2018	89100	1280 x 720		Raw Data														947	10:15:49.968	1536226323742195															0	84		Fixation	8			1.27	273.98	54.90																				111			851	841	851	841					341.47	-48.62						333.41	206.31	704.14						0.00		4.95	4	0				
07/12/2018	3.3.2	Gaze Project	O4	3	M	Bilingual	G130	06/09/2018	89100	1280 x 720		Raw Data														956	10:15:49.976	1536226323750564															0	85		Fixation	8			1.30	49.78	135.80																				112	879	779	879	808	879	793			352.77	-23.78	352.78	-35.54	352.77	-29.66	287.55	201.84	704.02	333.46	206.51	704.66					731.21	731.21	4.60	4.94	0	0				
07/12/2018	3.3.2	Gaze Project	O4	3	M	Bilingual	G130	06/09/2018	89100	1280 x 720		Raw Data														964	10:15:49.985	1536226323758917															0	86		Fixation	8			0.65	174.54	124.77																				113	895	774	858	806	876	790			359.15	-21.82	344.37	-34.71	351.76	-28.27	287.64	198.38	693.52	333.45	206.40	704.30					720.16	720.16	4.65	4.86	0	0				
07/12/2018	3.3.2	Gaze Project	O4	3	M	Bilingual	G130	06/09/2018	89100	1280 x 720		Raw Data														972	10:15:49.993	1536226323767178															0	87		Fixation	8			0.87	326.22	151.68																				114	904	780	882	822	893	801			362.71	-24.08	354.00	-41.10	358.35	-32.59	287.66	198.38	693.49	333.55	206.94	705.81					720.14	720.14	4.64	4.99	0	0				
07/12/2018	3.3.2	Gaze Project	O4	3	M	Bilingual	G130	06/09/2018	89100	1280 x 720		Raw Data														981	10:15:50.001	1536226323775524															0	88		Fixation	8			0.93	156.73	190.51																				115	903	791	854	810	878	800			362.34	-28.74	343.00	-36.06	352.67	-32.40	287.61	201.39	702.65	333.36	205.72	702.25					729.77	729.77	4.42	4.73	0	0				
07/12/2018	3.3.2	Gaze Project	O4	3	M	Bilingual	G130	06/09/2018	89100	1280 x 720		Raw Data														989	10:15:50.010	1536226323783872															0	89		Fixation	8			0.93	112.41	315.68																				116	876	790	842	781	859	785			351.51	-28.14	338.04	-24.73	344.77	-26.43	287.63	200.52	699.98	333.33	205.68	702.00					726.97	726.97	4.44	4.80	0	0				
07/12/2018	3.3.2	Gaze Project	O4	3	M	Bilingual	G130	06/09/2018	89100	1280 x 720		Raw Data														997	10:15:50.018	1536226323792230															0	90		Fixation	8			2.95	123.11	10.70																				117	824	702	789	700	806	701			330.76	7.36	316.51	8.19	323.63	7.78	288.50	201.86	702.75	333.29	206.18	703.06					730.06	730.06	4.63	4.67	0	0				
07/12/2018	3.3.2	Gaze Project	O4	3	M	Bilingual	G130	06/09/2018	89100	1280 x 720		Raw Data														1006	10:15:50.026	1536226323800586															0	91		Fixation	8			3.17	124.07	0.96																				118	728	589	732	616	730	602			292.10	52.72	293.70	41.96	292.90	47.34	287.56	198.74	693.70	333.03	205.84	701.76					720.45	720.45	4.51	4.71	0	0				
07/12/2018	3.3.2	Gaze Project	O4	3	M	Bilingual	G130	06/09/2018	89100	1280 x 720		Raw Data														1014	10:15:50.035	1536226323808849															0	92		Fixation	8			2.21	119.06	354.98																				119	710	368	698	555	704	461			284.94	141.90	280.34	66.32	282.64	104.11	287.48	198.85	693.72	332.93	206.37	702.96					720.51	720.51	3.86	4.75	0	0				
07/12/2018	3.3.2	Gaze Project	O4	3	M	Bilingual	G130	06/09/2018	89100	1280 x 720		Raw Data														1022	10:15:50.043	1536226323817181															0	93		Fixation	8			0.58	199.50	80.44																				120	659	498	681	561	670	529			264.55	89.56	273.39	64.02	268.97	76.79	287.40	198.91	693.88	332.24	202.95	692.64					720.68	720.68	4.46	4.82	0	0				
07/12/2018	3.3.2	Gaze Project	O4	3	M	Bilingual	G130	06/09/2018	89100	1280 x 720		Raw Data														1031	10:15:50.051	1536226323825544															0	94		Fixation	8			2.31	130.94	291.45																				121	639	257	634	507	636	382			256.48	186.31	254.61	85.79	255.54	136.05	287.33	199.02	693.84	332.57	205.40	700.02					720.67	720.67	3.81	4.75	0	0				
07/12/2018	3.3.2	Gaze Project	O4	3	M	Bilingual	G130	06/09/2018	89100	1280 x 720		Raw Data														1039	10:15:50.060	1536226323833903															0	95		Fixation	8			0.97	354.27	223.33																				122	619	404	664	510	641	457			248.34	127.17	266.45	84.71	257.39	105.94	287.24	198.81	693.85	332.59	205.76	701.07					720.60	720.60	4.25	4.72	0	0				
07/12/2018	3.3.2	Gaze Project	O4	3	M	Bilingual	G130	06/09/2018	89100	1280 x 720		Raw Data														1047	10:15:50.068	1536226323842143															0	96		Fixation	8			1.13	180.00	185.73																				123	636	467	629	510	632	488			255.18	102.03	252.58	84.43	253.88	93.23	287.17	198.79	693.96	332.05	202.83	692.69					720.70	720.70	4.39	4.73	0	0				
07/12/2018	3.3.2	Gaze Project	O4	3	M	Bilingual	G130	06/09/2018	89100	1280 x 720		Raw Data														1056	10:15:50.076	1536226323850514															0	97		Fixation	8			1.13	129.08	309.08																				124	618	259	607	483	612	371			248.15	185.52	243.78	95.48	245.96	140.50	287.08	198.88	693.92	332.39	205.52	700.40					720.69	720.69	3.85	4.63	0	0				
07/12/2018	3.3.2	Gaze Project	O4	3	M	Bilingual	G130	06/09/2018	89100	1280 x 720		Raw Data														1064	10:15:50.085	1536226323858852															0	98		Fixation	8			1.55	21.87	252.78																				125	641	503	652	465	646	484			257.43	87.19	261.53	102.85	259.48	95.02	286.92	200.44	699.42	331.82	202.85	692.43					726.38	726.38	4.37	4.71	0	0				
07/12/2018	3.3.2	Gaze Project	O4	3	M	Bilingual	G130	06/09/2018	89100	1280 x 720		Raw Data														1072	10:15:50.093	1536226323867202															0			Unclassified	8																									126	628	478			628	478			252.00	97.28					286.83	198.75	694.23		-34.01						720.93		4.84		0	4				
07/12/2018	3.3.2	Gaze Project	O4	3	M	Bilingual	G130	06/09/2018	89100	1280 x 720		Raw Data														1081	10:15:50.101	1536226323875568															0	99		Fixation	8			1.77	94.22	72.36																				127	647	514	648	411	647	462			259.86	82.88	260.05	124.61	259.95	103.75	286.69	198.76	694.41	331.53	202.93	692.39					721.10	721.10	4.74	4.52	0	0				
07/12/2018	3.3.2	Gaze Project	O4	3	M	Bilingual	G130	06/09/2018	89100	1280 x 720		Raw Data														1089	10:15:50.110	1536226323883839															0			Unclassified	8																									128	651	490			651	490			261.17	92.75					286.54	198.72	694.47		-34.01						721.14		4.72		0	4				
07/12/2018	3.3.2	Gaze Project	O4	3	M	Bilingual	G130	06/09/2018	89100	1280 x 720		Raw Data														1097	10:15:50.118	1536226323892171															0	100		Fixation	8			5.99	55.61	321.39																				129	642	464	751	261	696	362			257.74	103.13	301.44	184.96	279.59	144.05	286.38	198.72	694.64	331.24	202.65	692.50					721.29	721.29	4.72	3.83	0	0				
07/12/2018	3.3.2	Gaze Project	O4	3	M	Bilingual	G130	06/09/2018	89100	1280 x 720		Raw Data														1106	10:15:50.126	1536226323900525															0			Unclassified	8																									130	682	513			682	513			273.93	83.41					286.22	198.54	694.72		-34.01						721.29		4.75		0	4				
07/12/2018	3.3.2	Gaze Project	O4	3	M	Bilingual	G130	06/09/2018	89100	1280 x 720		Raw Data														1114	10:15:50.135	1536226323908881															0	101		Fixation	8			3.12	221.22	165.61																				131	670	428	680	323	675	375			268.89	117.59	272.83	159.92	270.86	138.75	286.08	198.69	694.93	330.93	202.59	692.52					721.54	721.54	4.57	4.58	0	0				
07/12/2018	3.3.2	Gaze Project	O4	3	M	Bilingual	G130	06/09/2018	89100	1280 x 720		Raw Data														1122	10:15:50.143								1	Space								102		Fixation	8			1.54	22.78	161.56																																																						
07/12/2018	3.3.2	Gaze Project	O4	3	M	Bilingual	G130	06/09/2018	89100	1280 x 720		Raw Data														1122	10:15:50.143	1536226323917239															0	102		Fixation	8			1.54	22.78	161.56																				132	631	433	723	305	677	369			253.09	115.67	290.05	167.29	271.57	141.48	285.93	198.70	695.13	330.76	202.79	692.45					721.73	721.73	4.54	4.07	0	0				
07/12/2018	3.3.2	Gaze Project	O4	3	M	Bilingual	G130	06/09/2018	89100	1280 x 720		Raw Data														1125	10:15:50.146										2	InstructionEnd	Instruction Element					102		Fixation	8			1.54	22.78	161.56																																																						
07/12/2018	3.3.2	Gaze Project	O4	3	M	Bilingual	G130	06/09/2018	89100	1280 x 720		Raw Data														1131	10:15:50.151	1536226323925491															0			Unclassified	8																									133	662	483			662	483			265.66	95.24					285.70	201.70	704.46		-34.01						731.50		4.81		0	4				
07/12/2018	3.3.2	Gaze Project	O4	3	M	Bilingual	G130	06/09/2018	89100	1280 x 720		Raw Data														1139	10:15:50.160	1536226323933831															0	103		Fixation	8			4.60	243.33	220.55																				134	673	484	660	430	666	457			270.04	94.89	265.06	116.96	267.55	105.92	285.65	198.69	695.41	330.51	202.68	692.71					721.98	721.98	4.81	4.73	0	0				
07/12/2018	3.3.2	Gaze Project	O4	3	M	Bilingual	G130	06/09/2018	89100	1280 x 720		Raw Data														1147	10:15:50.168	1536226323942194															0	104		Fixation	8			1.14	241.34	358.01																				135	619	462	643	461	631	461			248.61	103.91	258.06	104.28	253.33	104.09	285.54	198.71	695.59	330.92	205.92	702.44					722.15	722.15	4.69	4.79	0	0				
07/12/2018	3.3.2	Gaze Project	O4	3	M	Bilingual	G130	06/09/2018	89100	1280 x 720		Raw Data														1156	10:15:50.176	1536226323950552															0	105		Fixation	8			3.98	27.68	146.34																				136	642	516	752	404	697	460			257.54	82.02	301.91	127.37	279.72	104.69	285.44	198.70	695.70	330.26	202.75	692.68					722.25	722.25	4.81	4.40	0	0				
07/12/2018	3.3.2	Gaze Project	O4	3	M	Bilingual	G130	06/09/2018	89100	1280 x 720		Raw Data														1164	10:15:50.185	1536226323958819															0	106		Fixation	8			5.02	222.49	194.81																				137	643	424	637	509	640	466			257.90	119.19	255.52	85.16	256.71	102.17	285.36	198.73	695.86	330.77	206.17	703.29					722.40	722.40	4.59	5.16	0	0				
07/12/2018	3.3.2	Gaze Project	O4	3	M	Bilingual	G130	06/09/2018	89100	1280 x 720		Raw Data														1172	10:15:50.193	1536226323967172															0	107		Fixation	8			5.86	75.78	213.29																				138	654	481	682	332	668	406			262.65	96.17	273.92	156.40	268.28	126.28	286.31	202.69	707.12	330.65	205.83	702.37					734.37	734.37	4.85	4.45	0	0				
07/12/2018	3.3.2	Gaze Project	O4	3	M	Bilingual	G130	06/09/2018	89100	1280 x 720		Raw Data														1181	10:15:50.201	1536226323975493															0	108		Fixation	8			2.19	82.26	6.48																				139	637	468	691	266	664	367			255.75	101.67	277.50	182.78	266.63	142.22	285.24	198.76	696.08	330.07	202.47	692.79					722.61	722.61	4.67	4.12	0	0				
07/12/2018	3.3.2	Gaze Project	O4	3	M	Bilingual	G130	06/09/2018	89100	1280 x 720		Raw Data														1189	10:15:50.210	1536226323983852															0			Unclassified	8																									140	649	534			649	534			260.51	74.86					285.10	202.23	706.62		-34.01						733.70		4.75		0	4				
07/12/2018	3.3.2	Gaze Project	O4	3	M	Bilingual	G130	06/09/2018	89100	1280 x 720		Raw Data														1197	10:15:50.218	1536226323992218															0			Unclassified	8																									141	654	475			654	475			262.60	98.58					285.19	198.83	696.31		-34.01						722.85		4.78		0	4				
07/12/2018	3.3.2	Gaze Project	O4	3	M	Bilingual	G130	06/09/2018	89100	1280 x 720		Raw Data														1206	10:15:50.226	1536226324000475															0	109		Fixation	8			4.46	242.38	160.12																				142	652	465	628	386	640	425			261.71	102.49	252.22	134.42	256.97	118.46	285.18	198.88	696.46	330.03	202.82	693.44					723.00	723.00	4.65	4.61	0	0				
07/12/2018	3.3.2	Gaze Project	O4	3	M	Bilingual	G130	06/09/2018	89100	1280 x 720		Raw Data														1214	10:15:50.235	1536226324008813															0			Unclassified	8																									143	651	482			651	482			261.41	96.02					285.18	198.92	696.55		-34.01						723.11		4.71		0	4				
07/12/2018	3.3.2	Gaze Project	O4	3	M	Bilingual	G130	06/09/2018	89100	1280 x 720		Raw Data														1222	10:15:50.243	1536226324017179															0	110		Fixation	8			1.21	310.51	68.13																				144	644	432	652	414	648	423			258.50	116.14	261.53	123.39	260.02	119.77	285.19	198.96	696.66	330.05	202.93	693.72					723.23	723.23	4.57	4.70	0	0				
07/12/2018	3.3.2	Gaze Project	O4	3	M	Bilingual	G130	06/09/2018	89100	1280 x 720		Raw Data														1231	10:15:50.251	1536226324025534															0			Unclassified	8																									145	641	518			641	518			257.33	81.47					285.19	198.86	696.70		-34.01						723.23		4.77		0	4				
07/12/2018	3.3.2	Gaze Project	O4	3	M	Bilingual	G130	06/09/2018	89100	1280 x 720		Raw Data														1239	10:15:50.260	1536226324033805															0	111		Fixation	8			3.16	254.02	303.51																				146	638	477	625	508	631	492			255.95	97.98	250.95	85.42	253.45	91.70	285.23	199.04	696.85	330.03	203.05	693.67					723.43	723.43	4.75	5.09	0	0				
07/12/2018	3.3.2	Gaze Project	O4	3	M	Bilingual	G130	06/09/2018	89100	1280 x 720		Raw Data														1247	10:15:50.268	1536226324042150															0	112		Fixation	8			3.97	76.35	182.32																				147	630	368	654	389	642	378			252.99	141.87	262.61	133.32	257.80	137.59	285.25	199.07	696.89	330.09	202.83	693.75					723.48	723.48	4.50	4.67	0	0				
07/12/2018	3.3.2	Gaze Project	O4	3	M	Bilingual	G130	06/09/2018	89100	1280 x 720		Raw Data														1256	10:15:50.276	1536226324050480															0			Unclassified	8																									148	625	481			625	481			250.81	96.21					285.20	201.73	705.01		-34.01						732.02		4.73		0	4				
07/12/2018	3.3.2	Gaze Project	O4	3	M	Bilingual	G130	06/09/2018	89100	1280 x 720		Raw Data														1264	10:15:50.285	1536226324058847															0	113		Fixation	8			5.24	83.52	7.17																				149	671	344	672	231	671	287			269.48	151.46	269.60	196.86	269.54	174.16	285.29	199.17	697.13	330.12	202.83	693.75					723.74	723.74	4.10	3.97	0	0				
07/12/2018	3.3.2	Gaze Project	O4	3	M	Bilingual	G130	06/09/2018	89100	1280 x 720		Raw Data														1272	10:15:50.293	1536226324067205															0	114		Fixation	8			8.20	260.68	177.16																				150	634	293	631	480	632	386			254.35	172.04	253.47	96.71	253.91	134.37	285.22	202.19	706.32	330.76	206.95	705.52					733.41	733.41	4.26	5.12	0	0				
07/12/2018	3.3.2	Gaze Project	O4	3	M	Bilingual	G130	06/09/2018	89100	1280 x 720		Raw Data														1281	10:15:50.301	1536226324075471															0			Unclassified	8																									151	656	429			656	429			263.34	117.04					285.32	199.25	697.35		-34.01						723.98		4.70		0	4				
07/12/2018	3.3.2	Gaze Project	O4	3	M	Bilingual	G130	06/09/2018	89100	1280 x 720		Raw Data														1289	10:15:50.310	1536226324083831															0			Unclassified	8																									152	639	337			639	337			256.58	154.11					285.31	199.28	697.47		-34.01						724.10		4.48		0	4				
07/12/2018	3.3.2	Gaze Project	O4	3	M	Bilingual	G130	06/09/2018	89100	1280 x 720		Raw Data														1297	10:15:50.318	1536226324092152															0	115		Fixation	8			2.09	64.68	164.00																				153	631	474	659	421	645	447			253.32	99.06	264.40	120.34	258.86	109.70	285.30	199.30	697.53	330.17	203.49	695.25					724.16	724.16	4.74	4.70	0	0				
07/12/2018	3.3.2	Gaze Project	O4	3	M	Bilingual	G130	06/09/2018	89100	1280 x 720		Raw Data														1306	10:15:50.326	1536226324100518															0	116		Fixation	8			1.84	249.74	185.05																				154	635	221	639	475	637	348			254.81	200.94	256.38	98.71	255.60	149.82	285.26	199.18	697.58	330.72	207.11	705.99					724.17	724.17	3.95	5.17	0	0				
07/12/2018	3.3.2	Gaze Project	O4	3	M	Bilingual	G130	06/09/2018	89100	1280 x 720		Raw Data														1314	10:15:50.335	1536226324108875															0	117		Fixation	8			3.57	80.23	190.49																				155	650	489	658	365	654	427			260.99	92.86	264.31	142.85	262.65	117.86	285.23	199.40	697.86	330.72	207.42	706.89					724.50	724.50	4.74	4.78	0	0				
07/12/2018	3.3.2	Gaze Project	O4	3	M	Bilingual	G130	06/09/2018	89100	1280 x 720		Raw Data														1322	10:15:50.343	1536226324117137															0			Unclassified	8																									156	655	466			655	466			262.76	102.25					285.18	199.44	698.02		-34.01						724.67		4.75		0	4				
07/12/2018	3.3.2	Gaze Project	O4	3	M	Bilingual	G130	06/09/2018	89100	1280 x 720		Raw Data														1331	10:15:50.351	1536226324125465															0	118		Fixation	8			3.84	46.12	325.89																				157	653	473	740	280	696	376			262.05	99.40	296.85	177.10	279.45	138.25	285.11	199.48	698.18	329.98	203.73	695.92					724.83	724.83	4.73	4.21	0	0				
07/12/2018	3.3.2	Gaze Project	O4	3	M	Bilingual	G130	06/09/2018	89100	1280 x 720		Raw Data														1339	10:15:50.360	1536226324133818															0			Unclassified	8																									158	650	424			650	424			261.08	119.13					285.01	199.60	698.13		-34.01						724.82		4.92		0	4				
07/12/2018	3.3.2	Gaze Project	O4	3	M	Bilingual	G130	06/09/2018	89100	1280 x 720		Raw Data														1347	10:15:50.368	1536226324142183															0			Unclassified	8																									159	649	505			649	505			260.46	86.72					284.94	199.58	698.50		-34.01						725.16		4.75		0	4				
07/12/2018	3.3.2	Gaze Project	O4	3	M	Bilingual	G130	06/09/2018	89100	1280 x 720		Raw Data														1356	10:15:50.376	1536226324150445															0	119		Fixation	8			3.25	166.62	120.50																				160	621	429	643	257	632	343			249.40	117.21	258.10	186.52	253.75	151.86	284.83	199.60	698.59	330.18	207.02	705.64					725.24	725.24	4.60	4.22	0	0				
07/12/2018	3.3.2	Gaze Project	O4	3	M	Bilingual	G130	06/09/2018	89100	1280 x 720		Raw Data														1364	10:15:50.385	1536226324158802															0	120		Fixation	8			2.86	63.80	257.18																				161	634	418	682	178	658	298			254.55	121.81	273.84	218.29	264.19	170.05	284.71	199.66	698.78	331.33	208.06	707.83					725.44	725.44	4.60	3.85	0	0				
07/12/2018	3.3.2	Gaze Project	O4	3	M	Bilingual	G130	06/09/2018	89100	1280 x 720		Raw Data														1372	10:15:50.393	1536226324167129															0	121		Fixation	8			1.34	276.93	213.13																				162	657	361	687	219	672	290			263.67	144.43	275.69	201.57	269.68	173.00	284.59	199.72	698.98	329.92	207.04	705.60					725.65	725.65	4.44	3.95	0	0				
07/12/2018	3.3.2	Gaze Project	O4	3	M	Bilingual	G130	06/09/2018	89100	1280 x 720		Raw Data														1381	10:15:50.401	1536226324175489															0			Unclassified	8																									163	630	485			630	485			252.86	94.83					284.45	199.76	699.13		-34.01						725.79		4.77		0	4				
07/12/2018	3.3.2	Gaze Project	O4	3	M	Bilingual	G130	06/09/2018	89100	1280 x 720		Raw Data														1389	10:15:50.410	1536226324183858															0	122		Fixation	8			2.25	104.19	187.26																				164	666	528	670	152	668	340			267.35	77.46	268.94	228.57	268.15	153.02	285.49	204.45	712.46	329.66	207.35	706.42					739.95	739.95	5.05	3.63	0	0				
07/12/2018	3.3.2	Gaze Project	O4	3	M	Bilingual	G130	06/09/2018	89100	1280 x 720		Raw Data														1397	10:15:50.418	1536226324192110															0			Unclassified	8																									165	637	408			637	408			255.52	125.49					284.17	199.89	699.57		-34.01						726.24		4.62		0	4				
07/12/2018	3.3.2	Gaze Project	O4	3	M	Bilingual	G130	06/09/2018	89100	1280 x 720		Raw Data														1406	10:15:50.426	1536226324200453															0	123		Fixation	8			3.51	313.44	209.25																				166	643	456	746	232	694	344			257.92	106.44	299.58	196.38	278.75	151.41	284.02	199.92	699.71	334.92	218.17	736.56					726.38	726.38	4.61	4.46	0	0				
07/12/2018	3.3.2	Gaze Project	O4	3	M	Bilingual	G130	06/09/2018	89100	1280 x 720		Raw Data														1414	10:15:50.435	1536226324208814															0	124		Fixation	8			3.20	209.41	255.97																				167	630	396	657	282	643	339			252.99	130.40	263.77	176.44	258.38	153.42	283.86	199.79	699.77	332.19	212.43	720.13					726.38	726.38	4.53	4.63	0	0				
07/12/2018	3.3.2	Gaze Project	O4	3	M	Bilingual	G130	06/09/2018	89100	1280 x 720		Raw Data														1422	10:15:50.443	1536226324217167															0	125		Fixation	8			6.36	268.00	58.60																				168	632	468	650	482	641	475			253.60	101.55	260.94	95.96	257.27	98.75	283.72	200.00	700.08	329.09	207.84	707.75					726.74	726.74	4.78	5.21	0	0				
07/12/2018	3.3.2	Gaze Project	O4	3	M	Bilingual	G130	06/09/2018	89100	1280 x 720		Raw Data														1431	10:15:50.451	1536226324225524															0			Unclassified	8																									169	606	335			606	335			243.17	155.21					284.61	204.21	712.05		-34.01						739.45		4.70		0	4				
07/12/2018	3.3.2	Gaze Project	O4	3	M	Bilingual	G130	06/09/2018	89100	1280 x 720		Raw Data														1439	10:15:50.460	1536226324233788															0	126		Fixation	8			6.91	80.27	172.26																				170	666	480	687	267	676	373			267.54	96.57	275.96	182.38	271.75	139.48	284.43	204.14	711.94	332.37	214.03	724.73					739.32	739.32	4.95	4.52	0	0				
07/12/2018	3.3.2	Gaze Project	O4	3	M	Bilingual	G130	06/09/2018	89100	1280 x 720		Raw Data														1447	10:15:50.468	1536226324242121															0			Unclassified	8																									171	651	458			651	458			261.51	105.43					284.17	203.76	710.90		-34.01						738.20		4.89		0	4				
07/12/2018	3.3.2	Gaze Project	O4	3	M	Bilingual	G130	06/09/2018	89100	1280 x 720		Raw Data														1456	10:15:50.476	1536226324250467															0	127		Fixation	8			7.06	257.87	177.61																				172	643	505	640	485	641	495			258.13	86.44	256.75	94.48	257.44	90.46	283.12	200.15	700.85	328.41	207.61	707.16					727.50	727.50	4.75	5.26	0	0				
07/12/2018	3.3.2	Gaze Project	O4	3	M	Bilingual	G130	06/09/2018	89100	1280 x 720		Raw Data														1464	10:15:50.485	1536226324258838															0	128		Fixation	8			2.52	76.35	178.48																				173	668	495	659	407	663	451			268.02	90.52	264.60	125.94	266.31	108.23	282.96	200.02	700.91	331.71	213.74	723.91					727.50	727.50	4.66	4.92	0	0				
07/12/2018	3.3.2	Gaze Project	O4	3	M	Bilingual	G130	06/09/2018	89100	1280 x 720		Raw Data														1472	10:15:50.493	1536226324267105															0	129		Fixation	8			3.41	80.83	4.48																				174	612	441	676	302	644	371			245.84	112.24	271.48	168.22	258.66	140.23	282.84	200.23	701.22	327.65	204.62	698.21					727.86	727.86	4.69	4.22	0	0				
07/12/2018	3.3.2	Gaze Project	O4	3	M	Bilingual	G130	06/09/2018	89100	1280 x 720		Raw Data														1481	10:15:50.501	1536226324275449															0			Unclassified	8																									175	641	493			641	493			257.46	91.40					282.70	200.27	701.37		-34.01						728.01		4.84		0	4				
07/12/2018	3.3.2	Gaze Project	O4	3	M	Bilingual	G130	06/09/2018	89100	1280 x 720		Raw Data														1489	10:15:50.510	1536226324283793															0	130		Fixation	8			6.47	257.39	176.55																				176	625	471	632	498	628	484			250.95	100.23	253.73	89.26	252.34	94.74	282.56	200.32	701.55	327.76	207.25	706.05					728.19	728.19	4.73	5.10	0	0				
07/12/2018	3.3.2	Gaze Project	O4	3	M	Bilingual	G130	06/09/2018	89100	1280 x 720		Raw Data														1497	10:15:50.518	1536226324292135															0			Unclassified	8																									177	643	445			643	445			258.14	110.94					282.43	200.40	701.76		-34.01						728.41		4.72		0	4				
07/12/2018	3.3.2	Gaze Project	O4	3	M	Bilingual	G130	06/09/2018	89100	1280 x 720		Raw Data														1506	10:15:50.526	1536226324300508															0	131		Fixation	8			0.68	297.68	40.30																				178	636	524	642	517	639	520			255.34	79.10	257.80	81.63	256.57	80.37	282.29	200.49	701.92	327.64	208.27	708.69					728.59	728.59	4.80	5.09	0	0				
07/12/2018	3.3.2	Gaze Project	O4	3	M	Bilingual	G130	06/09/2018	89100	1280 x 720		Raw Data														1514	10:15:50.535	1536226324308774															0	132		Fixation	8			1.07	40.33	102.64																				179	673	526	668	495	670	510			269.97	78.29	268.29	90.51	269.13	84.40	282.14	200.43	701.95	327.52	208.40	708.80					728.59	728.59	4.78	5.15	0	0				
07/12/2018	3.3.2	Gaze Project	O4	3	M	Bilingual	G130	06/09/2018	89100	1280 x 720		Raw Data														1522	10:15:50.543	1536226324317109															0			Unclassified	8																									180	654	504			654	504			262.41	86.81					283.56	206.89	719.98		-34.01						747.78		5.12		0	4				
07/12/2018	3.3.2	Gaze Project	O4	3	M	Bilingual	G130	06/09/2018	89100	1280 x 720		Raw Data														1531	10:15:50.551	1536226324325461															0	133		Fixation	8			0.52	322.34	282.01																				181	657	499	681	505	669	502			263.80	89.02	273.28	86.56	268.54	87.79	281.93	200.77	702.52	327.38	209.22	710.98					729.23	729.23	4.87	5.15	0	0				
07/12/2018	3.3.2	Gaze Project	O4	3	M	Bilingual	G130	06/09/2018	89100	1280 x 720		Raw Data														1539	10:15:50.560	1536226324333820															0			Unclassified	8																									182	639	450			639	450			256.58	108.64					281.83	200.80	702.62		-34.01						729.34		4.75		0	4				
07/12/2018	3.3.2	Gaze Project	O4	3	M	Bilingual	G130	06/09/2018	89100	1280 x 720		Raw Data														1547	10:15:50.568	1536226324342176															0			Unclassified	8																									183																			-34.01										4	4				
07/12/2018	3.3.2	Gaze Project	O4	3	M	Bilingual	G130	06/09/2018	89100	1280 x 720		Raw Data														1556	10:15:50.576	1536226324350440															0			Unclassified	8																									184	656	472			656	472			263.33	99.86					281.64	200.89	702.87		-34.01						729.59		4.81		0	4				
07/12/2018	3.3.2	Gaze Project	O4	3	M	Bilingual	G130	06/09/2018	89100	1280 x 720		Raw Data														1564	10:15:50.585	1536226324358781															0			Unclassified	8																									185	646	483			646	483			259.33	95.56					281.55	200.92	703.03		-34.01						729.75		4.81		0	4				
07/12/2018	3.3.2	Gaze Project	O4	3	M	Bilingual	G130	06/09/2018	89100	1280 x 720		Raw Data														1572	10:15:50.593	1536226324367130															0			Unclassified	8																									186	637	481			637	481			255.89	96.37					281.46	200.94	703.14		-34.01						729.86		4.82		0	4				
07/12/2018	3.3.2	Gaze Project	O4	3	M	Bilingual	G130	06/09/2018	89100	1280 x 720		Raw Data	attention.avi	190	0	900	720									1579	10:15:50.600										3	MovieStart	attention.avi							Unclassified	8																																																											
07/12/2018	3.3.2	Gaze Project	O4	3	M	Bilingual	G130	06/09/2018	89100	1280 x 720		Raw Data	attention.avi	190	0	900	720									1581	10:15:50.601	1536226324375489															0			Unclassified	8																									187	645	406			645	406	455	406	258.88	126.54					281.36	200.94	703.21		-34.01						729.92		4.61		0	4				
07/12/2018	3.3.2	Gaze Project	O4	3	M	Bilingual	G130	06/09/2018	89100	1280 x 720		Raw Data	attention.avi	190	0	900	720									1589	10:15:50.610	1536226324383765															0			Unclassified	8																									188	676	460			676	460	486	460	271.42	104.90					281.26	200.95	703.30		-34.01						730.01		4.78		0	4				
07/12/2018	3.3.2	Gaze Project	O4	3	M	Bilingual	G130	06/09/2018	89100	1280 x 720		Raw Data	attention.avi	190	0	900	720									1597	10:15:50.618	1536226324392086															0			Unclassified	8																									189	647	484			647	484	457	484	259.52	94.97					281.14	200.97	703.41		-34.01						730.12		4.78		0	4				
07/12/2018	3.3.2	Gaze Project	O4	3	M	Bilingual	G130	06/09/2018	89100	1280 x 720		Raw Data	attention.avi	190	0	900	720									1606	10:15:50.626	1536226324400444															0			Unclassified	8																									190	617	450			617	450	427	450	247.77	108.74					282.10	205.57	716.51		-34.01						744.02		4.97		0	4				
07/12/2018	3.3.2	Gaze Project	O4	3	M	Bilingual	G130	06/09/2018	89100	1280 x 720		Raw Data	attention.avi	190	0	900	720									1614	10:15:50.635	1536226324408789															0			Unclassified	8																									191	653	395			653	395	463	395	261.98	130.91					280.87	201.02	703.69		-34.01						730.39		4.53		0	4				
07/12/2018	3.3.2	Gaze Project	O4	3	M	Bilingual	G130	06/09/2018	89100	1280 x 720		Raw Data	attention.avi	190	0	900	720									1622	10:15:50.643	1536226324417157															0			Unclassified	8																									192	637	485			637	485	447	485	255.53	94.81					280.72	201.04	703.80		-34.01						730.50		4.86		0	4				
07/12/2018	3.3.2	Gaze Project	O4	3	M	Bilingual	G130	06/09/2018	89100	1280 x 720		Raw Data	attention.avi	190	0	900	720									1631	10:15:50.651	1536226324425429															0			Unclassified	8																									193	666	448			666	448	476	448	267.40	109.56					280.56	201.06	703.92		-34.01						730.60		4.83		0	4				
07/12/2018	3.3.2	Gaze Project	O4	3	M	Bilingual	G130	06/09/2018	89100	1280 x 720		Raw Data	attention.avi	190	0	900	720									1639	10:15:50.660	1536226324433763															0			Unclassified	8																									194	648	452			648	452	458	452	260.13	107.79					280.39	201.10	704.08		-34.01						730.77		4.74		0	4				
07/12/2018	3.3.2	Gaze Project	O4	3	M	Bilingual	G130	06/09/2018	89100	1280 x 720		Raw Data	attention.avi	190	0	900	720									1647	10:15:50.668	1536226324442113															0	134		Fixation	8	436	354	5.11	109.95	147.61																				195	745	374	626	354	685	364	495	364	298.89	139.50	251.09	147.30	274.99	143.40	303.34	207.11	712.99	327.08	210.93	714.93					742.22	742.22	4.53	4.58	3	1				
07/12/2018	3.3.2	Gaze Project	O4	3	M	Bilingual	G130	06/09/2018	89100	1280 x 720		Raw Data	attention.avi	190	0	900	720									1656	10:15:50.676	1536226324450473															0			Unclassified	8																									196	649	471			649	471	459	471	260.33	100.26					280.03	201.17	704.37		-34.01						731.05		4.74		0	4				
07/12/2018	3.3.2	Gaze Project	O4	3	M	Bilingual	G130	06/09/2018	89100	1280 x 720		Raw Data	attention.avi	190	0	900	720									1664	10:15:50.685	1536226324458731															0			Unclassified	8																									197	639	396			639	396	449	396	256.56	130.47					279.84	201.22	704.54		-34.01						731.22		4.73		0	4				
07/12/2018	3.3.2	Gaze Project	O4	3	M	Bilingual	G130	06/09/2018	89100	1280 x 720		Raw Data	attention.avi	190	0	900	720									1672	10:15:50.693	1536226324467088															0			Unclassified	8																									198	657	414			657	414	467	414	263.53	123.38					279.65	201.27	704.66		-34.01						731.34		4.65		0	4				
07/12/2018	3.3.2	Gaze Project	O4	3	M	Bilingual	G130	06/09/2018	89100	1280 x 720		Raw Data	attention.avi	190	0	900	720									1681	10:15:50.701	1536226324475427															0	135		Fixation	8	420	501	4.67	263.81	153.85																				199	612	462	610	501	611	481	421	481	245.74	103.88	245.05	88.34	245.39	96.11	279.47	201.15	704.70	324.65	209.45	711.04					731.34	731.34	4.92	5.17	0	0				
07/12/2018	3.3.2	Gaze Project	O4	3	M	Bilingual	G130	06/09/2018	89100	1280 x 720		Raw Data	attention.avi	190	0	900	720									1689	10:15:50.710	1536226324483783															0			Unclassified	8																									200	634	464			634	464	444	464	254.59	103.24					279.29	201.38	704.96		-34.01						731.65		4.72		0	4				
07/12/2018	3.3.2	Gaze Project	O4	3	M	Bilingual	G130	06/09/2018	89100	1280 x 720		Raw Data	attention.avi	190	0	900	720									1697	10:15:50.718	1536226324492140															0	136		Fixation	8	457	471	1.49	39.13	135.32																				201	653	369	647	471	650	420	460	420	262.16	141.19	259.57	100.47	260.87	120.83	279.13	201.46	705.15	324.27	209.58	711.16					731.86	731.86	4.31	5.10	0	0				
07/12/2018	3.3.2	Gaze Project	O4	3	M	Bilingual	G130	06/09/2018	89100	1280 x 720		Raw Data	attention.avi	190	0	900	720									1706	10:15:50.726	1536226324500380															0	137		Fixation	8	470	328	4.52	84.82	45.70																				202	762	420	660	328	711	374	521	374	305.77	120.90	264.77	157.79	285.27	139.34	301.45	204.18	704.05	327.63	215.96	728.45					732.71	732.71	4.53	4.68	3	1				
07/12/2018	3.3.2	Gaze Project	O4	3	M	Bilingual	G130	06/09/2018	89100	1280 x 720		Raw Data	attention.avi	190	0	900	720									1714	10:15:50.735	1536226324508752															0			Unclassified	8																									203	613	477			613	477	423	477	245.89	97.90					278.83	201.35	705.20		-34.01						731.85		4.79		0	4				
07/12/2018	3.3.2	Gaze Project	O4	3	M	Bilingual	G130	06/09/2018	89100	1280 x 720		Raw Data	attention.avi	190	0	900	720									1722	10:15:50.743	1536226324517098															0			Unclassified	8																									204	637	385			637	385	447	385	255.57	134.81					278.68	201.63	705.56		-34.01						732.28		4.54		0	4				
07/12/2018	3.3.2	Gaze Project	O4	3	M	Bilingual	G130	06/09/2018	89100	1280 x 720		Raw Data	attention.avi	190	0	900	720									1731	10:15:50.751	1536226324525440															0	138		Fixation	8	474	233	3.03	87.60	2.77																				205	664	413	664	233	664	323	474	323	266.69	123.54	266.66	196.31	266.67	159.93	278.55	201.67	705.66	323.65	209.74	711.07					732.39	732.39	4.64	3.97	0	0				
07/12/2018	3.3.2	Gaze Project	O4	3	M	Bilingual	G130	06/09/2018	89100	1280 x 720		Raw Data	attention.avi	190	0	900	720									1739	10:15:50.760	1536226324533811															0			Unclassified	8																									206	645	421			645	421	455	421	258.85	120.35					278.44	201.71	705.78		-34.01						732.50		4.67		0	4				
07/12/2018	3.3.2	Gaze Project	O4	3	M	Bilingual	G130	06/09/2018	89100	1280 x 720		Raw Data	attention.avi	190	0	900	720									1747	10:15:50.768	1536226324542073															0	139		Fixation	8	481	320	2.81	274.59	186.99																				207	635	440	671	320	653	380	463	380	254.96	112.81	269.43	161.19	262.19	137.00	278.33	201.72	705.86	323.51	210.74	713.72					732.58	732.58	4.58	4.52	0	0				
07/12/2018	3.3.2	Gaze Project	O4	3	M	Bilingual	G130	06/09/2018	89100	1280 x 720		Raw Data	attention.avi	190	0	900	720									1756	10:15:50.776	1536226324550416															0	140		Fixation	8	479	147	5.57	90.66	176.07																				208	637	431	669	147	653	289	463	289	255.89	116.22	268.38	230.62	262.13	173.42	279.31	206.54	719.55	323.36	210.45	712.82					747.12	747.12	4.90	3.61	0	0				
07/12/2018	3.3.2	Gaze Project	O4	3	M	Bilingual	G130	06/09/2018	89100	1280 x 720		Raw Data	attention.avi	190	0	900	720									1764	10:15:50.785	1536226324558764															0	141		Fixation	8	437	152	1.36	186.81	96.15																				209	634	429	627	152	630	290	440	290	254.61	117.28	251.76	228.86	253.18	173.07	278.14	201.78	706.13	323.18	209.90	711.20					732.85	732.85	4.65	3.64	0	0				
07/12/2018	3.3.2	Gaze Project	O4	3	M	Bilingual	G130	06/09/2018	89100	1280 x 720		Raw Data	attention.avi	190	0	900	720									1772	10:15:50.793	1536226324567127															0			Unclassified	8																									210	627	392			627	392	437	392	251.73	132.19					278.05	201.76	706.16		-34.01						732.88		4.52		0	4				
07/12/2018	3.3.2	Gaze Project	O4	3	M	Bilingual	G130	06/09/2018	89100	1280 x 720		Raw Data	attention.avi	190	0	900	720									1781	10:15:50.801	1536226324575401															0			Unclassified	8																									211	668	418			668	418	478	418	268.06	121.58					277.97	201.77	706.27		-34.01						732.98		4.94		0	4				
07/12/2018	3.3.2	Gaze Project	O4	3	M	Bilingual	G130	06/09/2018	89100	1280 x 720		Raw Data	attention.avi	190	0	900	720									1789	10:15:50.810	1536226324583744															0	142		Fixation	8	426	344	6.19	266.73	79.92																				212	659	379	616	344	637	361	447	361	264.57	137.26	247.15	151.45	255.86	144.35	277.88	201.75	706.32	322.95	210.27	712.12					733.01	733.01	4.56	4.68	0	0				
07/12/2018	3.3.2	Gaze Project	O4	3	M	Bilingual	G130	06/09/2018	89100	1280 x 720		Raw Data	attention.avi	190	0	900	720									1797	10:15:50.818	1536226324592073															0	143		Fixation	8	490	265	3.28	51.08	144.35																				213	634	433	680	265	657	349	467	349	254.63	115.71	272.77	183.23	263.70	149.47	277.81	201.71	706.33	322.41	206.75	701.64					733.01	733.01	4.62	4.07	0	0				
07/12/2018	3.3.2	Gaze Project	O4	3	M	Bilingual	G130	06/09/2018	89100	1280 x 720		Raw Data	attention.avi	190	0	900	720									1806	10:15:50.826	1536226324600441															0	144		Fixation	8	459	462	6.39	261.09	210.01																				214	634	439	649	462	641	450	451	450	254.48	113.06	260.57	103.91	257.52	108.48	277.54	204.76	715.81	324.63	212.56	717.75					742.96	742.96	4.63	5.22	0	0				
07/12/2018	3.3.2	Gaze Project	O4	3	M	Bilingual	G130	06/09/2018	89100	1280 x 720		Raw Data	attention.avi	190	0	900	720									1814	10:15:50.835	1536226324608792															0			Unclassified	8																									215	659	469			659	469	469	469	264.73	101.18					277.67	201.68	706.49		-34.01						733.15		4.60		0	4				
07/12/2018	3.3.2	Gaze Project	O4	3	M	Bilingual	G130	06/09/2018	89100	1280 x 720		Raw Data	attention.avi	190	0	900	720									1822	10:15:50.843	1536226324617062															0			Unclassified	8																									216	655	479			655	479	465	479	262.99	97.21					277.39	204.98	716.70		-34.01						743.87		4.54		0	4				
07/12/2018	3.3.2	Gaze Project	O4	3	M	Bilingual	G130	06/09/2018	89100	1280 x 720		Raw Data	attention.avi	190	0	900	720									1831	10:15:50.851	1536226324625421															0	145		Fixation	8	413	174	9.29	99.05	197.96																				217	637	475	603	174	620	324	430	324	255.64	98.82	241.89	219.69	248.77	159.25	278.61	206.46	720.34	324.05	211.78	715.45					747.83	747.83	4.73	3.80	0	0				
07/12/2018	3.3.2	Gaze Project	O4	3	M	Bilingual	G130	06/09/2018	89100	1280 x 720		Raw Data	attention.avi	190	0	900	720									1839	10:15:50.860	1536226324633750															0	146		Fixation	8	435	220	1.64	295.49	196.44																				218	669	438	625	220	647	329	457	329	268.58	113.56	251.03	201.23	259.81	157.40	277.45	201.57	706.60	322.43	210.17	711.61					733.21	733.21	4.62	4.13	0	0				
07/12/2018	3.3.2	Gaze Project	O4	3	M	Bilingual	G130	06/09/2018	89100	1280 x 720		Raw Data	attention.avi	190	0	900	720									1847	10:15:50.868	1536226324642105															0			Unclassified	8																									219	612	425			612	425	422	425	245.46	118.79					277.12	205.69	719.24		-34.01						746.49		4.62		0	4				
07/12/2018	3.3.2	Gaze Project	O4	3	M	Bilingual	G130	06/09/2018	89100	1280 x 720		Raw Data	attention.avi	190	0	900	720									1856	10:15:50.876	1536226324650467															0	147		Fixation	8	430	411	6.13	268.51	333.02																				220	624	463	620	411	622	437	432	437	250.37	103.42	248.74	124.32	249.56	113.87	277.31	201.51	706.71	322.26	210.08	711.31					733.30	733.30	4.63	4.69	0	0				
07/12/2018	3.3.2	Gaze Project	O4	3	M	Bilingual	G130	06/09/2018	89100	1280 x 720		Raw Data	attention.avi	190	0	900	720									1864	10:15:50.885	1536226324658725															0			Unclassified	8																									221	643	425			643	425	453	425	258.28	118.62					277.25	201.34	706.78		-34.01						733.31		4.56		0	4				
07/12/2018	3.3.2	Gaze Project	O4	3	M	Bilingual	G130	06/09/2018	89100	1280 x 720		Raw Data	attention.avi	190	0	900	720									1872	10:15:50.893	1536226324667129															0	148		Fixation	8	466	194	7.04	80.61	172.10																				222	634	363	656	194	645	278	455	278	254.31	143.81	263.39	211.95	258.85	177.88	277.18	201.45	706.86	323.58	211.62	714.95					733.41	733.41	4.54	3.91	0	0				
07/12/2018	3.3.2	Gaze Project	O4	3	M	Bilingual	G130	06/09/2018	89100	1280 x 720		Raw Data	attention.avi	190	0	900	720									1881	10:15:50.901	1536226324675415															0	149		Fixation	8	506	430	7.69	279.59	198.98																				223	632	464	696	430	664	447	474	447	253.51	103.11	279.47	116.70	266.49	109.91	277.12	201.40	706.84	322.01	209.82	710.64					733.38	733.38	4.61	5.01	0	0				
07/12/2018	3.3.2	Gaze Project	O4	3	M	Bilingual	G130	06/09/2018	89100	1280 x 720		Raw Data	attention.avi	190	0	900	720									1889	10:15:50.910	1536226324683775															0	150		Fixation	8	484	386	1.59	116.49	196.90																				224	624	484	674	386	649	435	459	435	250.44	94.92	270.46	134.65	260.45	114.78	277.06	201.33	706.80	321.59	206.84	701.78					733.31	733.31	4.59	4.55	0	0				
07/12/2018	3.3.2	Gaze Project	O4	3	M	Bilingual	G130	06/09/2018	89100	1280 x 720		Raw Data	attention.avi	190	0	900	720									1897	10:15:50.918	1536226324692055															0			Unclassified	8																									225	634	394			634	394	444	394	254.52	131.33					276.77	204.99	718.05		-34.01						745.13		4.46		0	4				
07/12/2018	3.3.2	Gaze Project	O4	3	M	Bilingual	G130	06/09/2018	89100	1280 x 720		Raw Data	attention.avi	190	0	900	720									1906	10:15:50.926	1536226324700396															0			Unclassified	8																									226	649	456			649	456	459	456	260.51	106.14					276.78	204.17	715.71		-34.01						742.66		4.54		0	4				
07/12/2018	3.3.2	Gaze Project	O4	3	M	Bilingual	G130	06/09/2018	89100	1280 x 720		Raw Data	attention.avi	190	0	900	720									1914	10:15:50.935	1536226324708730															0	151		Fixation	8	468	175	6.84	94.32	337.83																				227	629	303	658	175	643	239	453	239	252.30	168.05	263.97	219.64	258.14	193.85	276.76	203.97	715.18	323.74	212.64	717.95					742.08	742.08	4.37	3.96	0	0				
07/12/2018	3.3.2	Gaze Project	O4	3	M	Bilingual	G130	06/09/2018	89100	1280 x 720		Raw Data	attention.avi	190	0	900	720									1922	10:15:50.943	1536226324717087															0	152		Fixation	8	515	249	2.84	302.34	208.02																				228	676	405	705	249	690	327	500	327	271.52	126.87	283.10	189.62	277.31	158.24	277.97	206.05	720.43	321.43	206.71	701.83					747.76	747.76	4.82	3.96	0	0				
07/12/2018	3.3.2	Gaze Project	O4	3	M	Bilingual	G130	06/09/2018	89100	1280 x 720		Raw Data	attention.avi	190	0	900	720									1931	10:15:50.951	1536226324725443															0			Unclassified	8																									229																			-34.01										4	4				
07/12/2018	3.3.2	Gaze Project	O4	3	M	Bilingual	G130	06/09/2018	89100	1280 x 720		Raw Data	attention.avi	190	0	900	720									1939	10:15:50.960	1536226324733714															0			Unclassified	8																									230	658	399			658	399	468	399	263.93	129.31					276.88	201.27	706.71		-34.01						733.21		4.48		0	4				
07/12/2018	3.3.2	Gaze Project	O4	3	M	Bilingual	G130	06/09/2018	89100	1280 x 720		Raw Data	attention.avi	190	0	900	720									1947	10:15:50.968	1536226324742060															0	153		Fixation	8	476	322	2.68	241.96	299.63																				231	634	420	666	322	650	371	460	371	254.40	120.68	267.51	160.28	260.95	140.48	276.87	201.29	706.68	321.87	210.84	713.31					733.18	733.18	4.61	4.39	0	0				
07/12/2018	3.3.2	Gaze Project	O4	3	M	Bilingual	G130	06/09/2018	89100	1280 x 720		Raw Data	attention.avi	190	0	900	720									1956	10:15:50.976	1536226324750400															0			Unclassified	8																									232	622	466			622	466	432	466	249.85	102.28					276.86	201.29	706.58		-34.01						733.09		4.59		0	4				
07/12/2018	3.3.2	Gaze Project	O4	3	M	Bilingual	G130	06/09/2018	89100	1280 x 720		Raw Data	attention.avi	190	0	900	720									1964	10:15:50.985	1536226324758756															0	154		Fixation	8	468	210	3.62	94.07	212.11																				233	653	450	658	210	655	330	465	330	262.25	108.63	264.32	205.25	263.28	156.94	276.85	201.31	706.51	321.80	210.36	711.71					733.02	733.02	4.74	3.79	0	0				
07/12/2018	3.3.2	Gaze Project	O4	3	M	Bilingual	G130	06/09/2018	89100	1280 x 720		Raw Data	attention.avi	190	0	900	720									1972	10:15:50.993	1536226324767117															0	155		Fixation	8	463	231	0.70	256.65	162.58																				234	626	403	653	231	639	317	449	317	251.39	127.84	262.27	196.79	256.83	162.31	276.85	201.31	706.41	321.83	210.70	712.55					732.93	732.93	4.55	4.23	0	0				
07/12/2018	3.3.2	Gaze Project	O4	3	M	Bilingual	G130	06/09/2018	89100	1280 x 720		Raw Data	attention.avi	190	0	900	720									1980	10:15:51.001	1536226324775375															0			Unclassified	8																									235	637	400			637	400	447	400	255.55	128.96					276.84	201.34	706.37		-34.01						732.90		4.58		0	4				
07/12/2018	3.3.2	Gaze Project	O4	3	M	Bilingual	G130	06/09/2018	89100	1280 x 720		Raw Data	attention.avi	190	0	900	720									1989	10:15:51.010	1536226324783716															0			Unclassified	8																									236	650	411			650	411	460	411	261.01	124.57					276.83	201.40	706.43		-34.01						732.98		4.68		0	4				
07/12/2018	3.3.2	Gaze Project	O4	3	M	Bilingual	G130	06/09/2018	89100	1280 x 720		Raw Data	attention.avi	190	0	900	720									1997	10:15:51.018	1536226324792056															0			Unclassified	8																									237	667	453			667	453	477	453	267.67	107.61					276.84	201.57	706.36		-34.01						732.97		4.78		0	4				
07/12/2018	3.3.2	Gaze Project	O4	3	M	Bilingual	G130	06/09/2018	89100	1280 x 720		Raw Data	attention.avi	190	0	900	720									2006	10:15:51.026	1536226324800427															0			Unclassified	8																									238	660	471			660	471	470	471	264.91	100.17					276.83	201.43	706.31		-34.01						732.87		4.72		0	4				
07/12/2018	3.3.2	Gaze Project	O4	3	M	Bilingual	G130	06/09/2018	89100	1280 x 720		Raw Data	attention.avi	190	0	900	720									2014	10:15:51.035	1536226324808692															0	156		Fixation	8	469	463	7.43	271.48	14.83																				239	630	267	659	463	644	365	454	365	252.87	182.28	264.44	103.36	258.65	142.82	276.59	205.19	717.67	321.79	210.46	711.42					744.83	744.83	4.24	5.17	0	0				
07/12/2018	3.3.2	Gaze Project	O4	3	M	Bilingual	G130	06/09/2018	89100	1280 x 720		Raw Data	attention.avi	190	0	900	720									2022	10:15:51.043	1536226324817047															0			Unclassified	8																									240	632	393			632	393	442	393	253.73	131.68					276.85	201.43	706.13		-34.01						732.70		4.61		0	4				
07/12/2018	3.3.2	Gaze Project	O4	3	M	Bilingual	G130	06/09/2018	89100	1280 x 720		Raw Data	attention.avi	190	0	900	720									2031	10:15:51.051	1536226324825396															0			Unclassified	8																									241	643	354			643	354	453	354	258.09	147.54					276.62	205.07	717.16		-34.01						744.31		4.33		0	4				
07/12/2018	3.3.2	Gaze Project	O4	3	M	Bilingual	G130	06/09/2018	89100	1280 x 720		Raw Data	attention.avi	190	0	900	720									2039	10:15:51.060	1536226324833738															0			Unclassified	8																									242																			-34.01										4	4				
07/12/2018	3.3.2	Gaze Project	O4	3	M	Bilingual	G130	06/09/2018	89100	1280 x 720		Raw Data	attention.avi	190	0	900	720									2047	10:15:51.068	1536226324842096															0	157		Fixation	8	488	336	4.08	81.52	170.04																				243	649	468	678	336	663	402	473	402	260.48	101.64	272.04	154.60	266.26	128.12	276.88	201.43	705.91	323.28	211.73	714.05					732.50	732.50	4.70	4.39	0	0				
07/12/2018	3.3.2	Gaze Project	O4	3	M	Bilingual	G130	06/09/2018	89100	1280 x 720		Raw Data	attention.avi	190	0	900	720									2055	10:15:51.076	1536226324850363															0			Unclassified	8																									244	629	399			629	399	439	399	252.53	129.45					276.90	201.32	705.96		-34.01						732.51		4.37		0	4				
07/12/2018	3.3.2	Gaze Project	O4	3	M	Bilingual	G130	06/09/2018	89100	1280 x 720		Raw Data	attention.avi	190	0	900	720									2064	10:15:51.085	1536226324858698															0			Unclassified	8																									245	641	440			641	440	451	440	257.42	112.88					276.90	201.41	705.79		-34.01						732.38		4.62		0	4				
07/12/2018	3.3.2	Gaze Project	O4	3	M	Bilingual	G130	06/09/2018	89100	1280 x 720		Raw Data	attention.avi	190	0	900	720									2072	10:15:51.093	1536226324867050															0			Unclassified	8																									246	614	360			614	360	424	360	246.55	144.88					276.90	201.40	705.72		-34.01						732.31		4.32		0	4				
07/12/2018	3.3.2	Gaze Project	O4	3	M	Bilingual	G130	06/09/2018	89100	1280 x 720		Raw Data	attention.avi	190	0	900	720									2081	10:15:51.101	1536226324875410															0	158		Fixation	8	465	210	4.12	100.31	18.79																				247	644	447	655	210	649	328	459	328	258.41	110.13	263.10	205.23	260.75	157.68	276.89	201.36	705.61	321.91	210.86	712.18					732.19	732.19	4.62	3.87	0	0				
07/12/2018	3.3.2	Gaze Project	O4	3	M	Bilingual	G130	06/09/2018	89100	1280 x 720		Raw Data	attention.avi	190	0	900	720									2089	10:15:51.110	1536226324883763															0	159		Fixation	8	495	167	1.69	55.18	314.87																				248	637	483	685	167	661	325	471	325	255.58	95.51	275.04	222.54	265.31	159.02	276.89	201.35	705.56	321.79	209.98	709.64					732.14	732.14	4.58	3.80	0	0				
07/12/2018	3.3.2	Gaze Project	O4	3	M	Bilingual	G130	06/09/2018	89100	1280 x 720		Raw Data	attention.avi	190	0	900	720									2097	10:15:51.118	1536226324892029															0	160		Fixation	8	458	350	6.08	258.61	203.42																				249	638	477	648	350	643	413	453	413	256.26	98.00	260.04	149.15	258.15	123.58	276.88	201.33	705.53	321.40	206.84	700.33					732.11	732.11	4.63	4.36	0	0				
07/12/2018	3.3.2	Gaze Project	O4	3	M	Bilingual	G130	06/09/2018	89100	1280 x 720		Raw Data	attention.avi	190	0	900	720									2105	10:15:51.126	1536226324900361															0	161		Fixation	8	487	181	5.58	80.29	181.69																				250	632	323	677	181	654	252	464	252	253.73	159.75	271.70	217.23	262.72	188.49	276.87	201.30	705.49	321.82	210.34	710.72					732.06	732.06	4.31	3.73	0	0				
07/12/2018	3.3.2	Gaze Project	O4	3	M	Bilingual	G130	06/09/2018	89100	1280 x 720		Raw Data	attention.avi	190	0	900	720									2114	10:15:51.135	1536226324908722															0			Unclassified	8																									251	625	420			625	420	435	420	251.07	120.75					276.87	201.25	705.41		-34.01						731.97		4.44		0	4				
07/12/2018	3.3.2	Gaze Project	O4	3	M	Bilingual	G130	06/09/2018	89100	1280 x 720		Raw Data	attention.avi	190	0	900	720									2122	10:15:51.143	1536226324917076															0	162		Fixation	8	487	190	0.29	270.00	189.71																				252	643	490	677	190	660	340	470	340	258.23	92.69	271.58	213.62	264.90	153.15	276.87	201.21	705.37	321.79	210.04	710.01					731.92	731.92	4.59	3.88	0	0				
07/12/2018	3.3.2	Gaze Project	O4	3	M	Bilingual	G130	06/09/2018	89100	1280 x 720		Raw Data	attention.avi	190	0	900	720									2130	10:15:51.151	1536226324925347															0	163		Fixation	8	450	485	9.61	262.87	352.87																				253	639	419	640	485	639	452	449	452	256.36	121.39	256.89	94.77	256.62	108.08	276.87	201.13	705.28	321.38	206.63	700.04					731.80	731.80	4.52	4.89	0	0				
07/12/2018	3.3.2	Gaze Project	O4	3	M	Bilingual	G130	06/09/2018	89100	1280 x 720		Raw Data	attention.avi	190	0	900	720									2139	10:15:51.160	1536226324933702															0	164		Fixation	8	481	372	3.78	74.71	171.83																				254	678	473	671	372	674	422	484	422	271.98	99.55	269.51	140.25	270.75	119.90	276.88	201.09	705.25	321.39	206.71	700.00					731.76	731.76	4.63	4.49	0	0				
07/12/2018	3.3.2	Gaze Project	O4	3	M	Bilingual	G130	06/09/2018	89100	1280 x 720		Raw Data	attention.avi	190	0	900	720									2147	10:15:51.168	1536226324942037															0	165		Fixation	8	449	321	1.95	122.02	47.32																				255	647	418	639	321	643	369	453	369	259.53	121.72	256.61	160.86	258.07	141.29	276.90	201.02	705.15	323.22	211.08	712.57					731.65	731.65	4.54	4.48	0	0				
07/12/2018	3.3.2	Gaze Project	O4	3	M	Bilingual	G130	06/09/2018	89100	1280 x 720		Raw Data	attention.avi	190	0	900	720									2156	10:15:51.176	1536226324950392															0	166		Fixation	8	418	353	1.43	226.00	103.98																				256	631	436	608	353	619	394	429	394	253.29	114.22	244.04	147.93	248.67	131.08	276.92	200.97	705.09	321.48	206.63	700.04					731.58	731.58	4.48	4.33	0	0				
07/12/2018	3.3.2	Gaze Project	O4	3	M	Bilingual	G130	06/09/2018	89100	1280 x 720		Raw Data	attention.avi	190	0	900	720									2164	10:15:51.185	1536226324958748															0	167		Fixation	8	464	198	5.25	73.52	207.52																				257	632	451	654	198	643	324	453	324	253.55	108.48	262.71	210.18	258.13	159.33	278.22	206.59	721.22	321.89	209.81	709.97					748.68	748.68	4.79	3.79	0	0				
07/12/2018	3.3.2	Gaze Project	O4	3	M	Bilingual	G130	06/09/2018	89100	1280 x 720		Raw Data	attention.avi	190	0	900	720									2172	10:15:51.193	1536226324967014															0	168		Fixation	8	478	203	0.48	340.29	266.77																				258	607	475	668	203	637	339	447	339	243.59	98.47	268.32	208.37	255.95	153.42	276.97	200.84	704.85	321.86	209.25	708.49					731.31	731.31	4.49	3.71	0	0				
07/12/2018	3.3.2	Gaze Project	O4	3	M	Bilingual	G130	06/09/2018	89100	1280 x 720		Raw Data	attention.avi	190	0	900	720									2180	10:15:51.201	1536226324975351															0	169		Fixation	8	475	197	0.22	116.49	136.20																				259	629	452	665	197	647	324	457	324	252.43	108.04	266.74	210.63	259.58	159.33	277.00	200.78	704.70	321.94	209.56	709.47					731.15	731.15	4.52	3.74	0	0				
07/12/2018	3.3.2	Gaze Project	O4	3	M	Bilingual	G130	06/09/2018	89100	1280 x 720		Raw Data	attention.avi	190	0	900	720									2189	10:15:51.210	1536226324983703															0	170		Fixation	8	488	346	4.88	274.97	158.48																				260	634	413	678	346	656	379	466	379	254.51	123.60	272.01	150.74	263.26	137.17	277.03	200.74	704.60	321.56	206.13	699.41					731.04	731.04	4.43	4.26	0	0				
07/12/2018	3.3.2	Gaze Project	O4	3	M	Bilingual	G130	06/09/2018	89100	1280 x 720		Raw Data	attention.avi	190	0	900	720									2197	10:15:51.218	1536226324992062															0	171		Fixation	8	459	329	1.09	149.54	234.57																				261	652	482	649	329	650	405	460	405	261.78	95.72	260.45	157.29	261.12	126.51	277.98	204.86	716.27	322.06	209.90	710.60					743.44	743.44	4.81	4.22	0	0				
07/12/2018	3.3.2	Gaze Project	O4	3	M	Bilingual	G130	06/09/2018	89100	1280 x 720		Raw Data	attention.avi	190	0	900	720									2205	10:15:51.226	1536226325000339															0	172		Fixation	8	469	248	2.65	82.98	293.44																				262	636	435	659	248	647	341	457	341	255.28	114.57	264.34	189.95	259.81	152.26	277.09	200.68	704.43	321.63	206.08	699.39					730.86	730.86	4.42	3.78	0	0				
07/12/2018	3.3.2	Gaze Project	O4	3	M	Bilingual	G130	06/09/2018	89100	1280 x 720		Raw Data	attention.avi	190	0	900	720									2214	10:15:51.235	1536226325008680															0	173		Fixation	8	425	490	7.99	259.73	176.74																				263	630	478	615	490	622	484	432	484	253.07	97.44	246.79	92.60	249.93	95.02	278.29	205.88	719.22	321.70	206.18	699.35					746.56	746.56	4.69	4.69	0	0				
07/12/2018	3.3.2	Gaze Project	O4	3	M	Bilingual	G130	06/09/2018	89100	1280 x 720		Raw Data	attention.avi	190	0	900	720									2222	10:15:51.243	1536226325017011															0	174		Fixation	8	420	351	4.46	92.05	192.33																				264	649	434	610	351	629	392	439	392	260.35	115.19	244.86	148.58	252.60	131.88	277.14	200.63	704.23	322.11	209.38	709.27					730.66	730.66	4.45	4.35	0	0				
07/12/2018	3.3.2	Gaze Project	O4	3	M	Bilingual	G130	06/09/2018	89100	1280 x 720		Raw Data	attention.avi	190	0	900	720									2230	10:15:51.251	1536226325025373															0	175		Fixation	8	475	334	1.85	17.23	285.17																				265	641	470	665	334	653	402	463	402	257.26	100.51	267.13	155.30	262.20	127.90	277.17	200.59	704.11	321.72	205.87	698.96					730.53	730.53	4.62	4.17	0	0				
07/12/2018	3.3.2	Gaze Project	O4	3	M	Bilingual	G130	06/09/2018	89100	1280 x 720		Raw Data	attention.avi	190	0	900	720									2239	10:15:51.260	1536226325033735															0	176		Fixation	8	446	425	3.07	252.38	235.15																				266	609	427	636	425	622	426	432	426	244.52	118.11	255.43	118.73	249.97	118.42	277.19	200.56	704.01	323.79	210.98	713.18					730.43	730.43	4.41	4.51	0	0				
07/12/2018	3.3.2	Gaze Project	O4	3	M	Bilingual	G130	06/09/2018	89100	1280 x 720		Raw Data	attention.avi	190	0	900	720									2247	10:15:51.268	1536226325041998															0	177		Fixation	8	419	358	2.31	111.88	219.51																				267			609	358	609	358	419	358			244.37	145.88						322.19	209.12	708.71						0.00		4.39	4	0				
07/12/2018	3.3.2	Gaze Project	O4	3	M	Bilingual	G130	06/09/2018	89100	1280 x 720		Raw Data	attention.avi	190	0	900	720									2255	10:15:51.276	1536226325050353															0	178		Fixation	8	493	270	3.72	50.03	298.15																				268	644	471	683	270	663	370	473	370	258.33	100.41	274.09	181.19	266.21	140.80	277.25	200.49	703.82	321.80	205.71	698.67					730.22	730.22	4.48	3.97	0	0				
07/12/2018	3.3.2	Gaze Project	O4	3	M	Bilingual	G130	06/09/2018	89100	1280 x 720		Raw Data	attention.avi	190	0	900	720									2264	10:15:51.285	1536226325058687															0	179		Fixation	8	462	439	5.57	259.64	209.61																				269	653	367	652	439	652	403	462	403	262.22	142.31	261.66	112.97	261.94	127.64	277.27	200.48	703.78	322.24	209.00	708.47					730.18	730.18	3.88	4.52	0	0				
07/12/2018	3.3.2	Gaze Project	O4	3	M	Bilingual	G130	06/09/2018	89100	1280 x 720		Raw Data	attention.avi	190	0	900	720									2272	10:15:51.293	1536226325067042															0	180		Fixation	8	425	338	3.46	110.06	210.42																				270	621	388	615	338	618	363	428	363	249.25	133.63	246.95	154.02	248.10	143.83	277.29	200.43	703.66	322.28	209.10	708.79					730.05	730.05	4.11	4.42	0	0				
07/12/2018	3.3.2	Gaze Project	O4	3	M	Bilingual	G130	06/09/2018	89100	1280 x 720		Raw Data	attention.avi	190	0	900	720									2281	10:15:51.301	1536226325075402															0	181		Fixation	8	440	218	3.93	82.90	332.84																				271	635	348	630	218	632	283	442	283	255.00	149.87	252.81	202.07	253.90	175.97	277.30	200.40	703.56	321.86	205.57	698.34					729.96	729.96	4.00	3.52	0	0				
07/12/2018	3.3.2	Gaze Project	O4	3	M	Bilingual	G130	06/09/2018	89100	1280 x 720		Raw Data	attention.avi	190	0	900	720									2289	10:15:51.310	1536226325083662															0	182		Fixation	8	447	398	5.86	272.22	189.32																				272	636	416	637	398	636	407	446	407	255.19	122.46	255.66	129.81	255.43	126.13	277.32	200.36	703.42	322.26	208.58	707.33					729.81	729.81	4.07	4.58	0	0				
07/12/2018	3.3.2	Gaze Project	O4	3	M	Bilingual	G130	06/09/2018	89100	1280 x 720		Raw Data	attention.avi	190	0	900	720									2297	10:15:51.318	1536226325092001															0			Unclassified	8																									273	616	432			616	432	426	432	247.15	116.11					277.32	200.34	703.34		-34.01						729.73		4.15		0	4				
07/12/2018	3.3.2	Gaze Project	O4	3	M	Bilingual	G130	06/09/2018	89100	1280 x 720		Raw Data	attention.avi	190	0	900	720									2305	10:15:51.326	1536226325100350															0	183		Fixation	8	508	296	3.85	59.20	146.98																				274	590	413	698	296	644	354	454	354	236.73	123.50	280.08	170.67	258.40	147.08	277.33	200.33	703.28	321.92	205.69	698.30					729.66	729.66	4.05	3.97	0	0				
07/12/2018	3.3.2	Gaze Project	O4	3	M	Bilingual	G130	06/09/2018	89100	1280 x 720		Raw Data	attention.avi	190	0	900	720									2314	10:15:51.335	1536226325108716															0	184		Fixation	8	501	248	1.60	98.27	39.07																				275	618	337	691	248	654	292	464	292	248.16	154.15	277.42	189.90	262.79	172.02	277.33	200.30	703.18	321.92	205.46	698.39					729.56	729.56	3.86	3.79	0	0				
07/12/2018	3.3.2	Gaze Project	O4	3	M	Bilingual	G130	06/09/2018	89100	1280 x 720		Raw Data	attention.avi	190	0	900	720									2322	10:15:51.343	1536226325116995															0	185		Fixation	8	476	245	0.83	173.14	74.86																				276	664	366	666	245	665	305	475	305	266.44	142.60	267.48	191.46	266.96	167.03	277.34	200.29	703.11	321.90	205.42	697.86					729.49	729.49	3.92	3.74	0	0				
07/12/2018	3.3.2	Gaze Project	O4	3	M	Bilingual	G130	06/09/2018	89100	1280 x 720		Raw Data	attention.avi	190	0	900	720									2330	10:15:51.351	1536226325125340															0	186		Fixation	8	430	410	5.55	254.47	81.33																				277	632	500	620	410	626	455	436	455	253.51	88.54	248.84	124.76	251.17	106.65	277.34	200.26	703.02	322.36	209.12	708.81					729.39	729.39	4.47	4.56	0	0				
07/12/2018	3.3.2	Gaze Project	O4	3	M	Bilingual	G130	06/09/2018	89100	1280 x 720		Raw Data	attention.avi	190	0	900	720									2339	10:15:51.360	1536226325133660															0	187		Fixation	8	450	448	1.37	297.68	43.21																				278	647	437	640	448	643	442	453	442	259.67	114.16	256.83	109.55	258.25	111.86	277.33	200.24	702.94	323.66	209.80	709.95					729.32	729.32	4.41	4.42	0	0				
07/12/2018	3.3.2	Gaze Project	O4	3	M	Bilingual	G130	06/09/2018	89100	1280 x 720		Raw Data	attention.avi	190	0	900	720									2347	10:15:51.368	1536226325142022															0	188		Fixation	8	447	406	1.34	94.07	156.39																				279	656	495	637	406	646	450	456	450	263.46	90.73	255.77	126.56	259.61	108.65	277.34	200.21	702.86	322.36	209.02	708.48					729.23	729.23	4.56	4.62	0	0				
07/12/2018	3.3.2	Gaze Project	O4	3	M	Bilingual	G130	06/09/2018	89100	1280 x 720		Raw Data	attention.avi	190	0	900	720									2356	10:15:51.376	1536226325150384															0	189		Fixation	8	453	376	0.99	78.73	344.65																				280	633	505	643	376	638	440	448	440	254.03	86.43	258.13	138.47	256.08	112.45	277.35	200.18	702.77	321.91	205.32	697.55					729.14	729.14	4.54	4.29	0	0				
07/12/2018	3.3.2	Gaze Project	O4	3	M	Bilingual	G130	06/09/2018	89100	1280 x 720		Raw Data	attention.avi	190	0	900	720									2364	10:15:51.385	1536226325158645															0	190		Fixation	8	432	347	1.17	125.82	47.10																				281	639	451	622	347	630	399	440	399	256.36	108.18	249.61	150.39	252.99	129.28	277.35	200.14	702.65	321.91	205.27	697.41					729.01	729.01	4.43	4.07	0	0				
07/12/2018	3.3.2	Gaze Project	O4	3	M	Bilingual	G130	06/09/2018	89100	1280 x 720		Raw Data	attention.avi	190	0	900	720									2372	10:15:51.393	1536226325166993															0	191		Fixation	8	477	242	3.74	66.87	301.05																				282			667	242	667	242	477	242			267.71	192.62						321.92	205.24	697.33						0.00		3.68	4	0				
07/12/2018	3.3.2	Gaze Project	O4	3	M	Bilingual	G130	06/09/2018	89100	1280 x 720		Raw Data	attention.avi	190	0	900	720									2380	10:15:51.401	1536226325175332															0	192		Fixation	8	457	355	3.77	259.99	193.13																				283	625	376	647	355	636	365	446	365	251.00	138.72	259.87	147.17	255.44	142.95	277.38	200.10	702.56	321.93	205.35	697.29					728.91	728.91	3.97	4.06	0	0				
07/12/2018	3.3.2	Gaze Project	O4	3	M	Bilingual	G130	06/09/2018	89100	1280 x 720		Raw Data	attention.avi	190	0	900	720									2389	10:15:51.410	1536226325183690															0			Unclassified	8																									284	600	441			600	441	410	441	240.71	112.46					277.39	200.06	702.47		-34.01						728.81		4.18		0	4				
07/12/2018	3.3.2	Gaze Project	O4	3	M	Bilingual	G130	06/09/2018	89100	1280 x 720		Raw Data	attention.avi	190	0	900	720									2397	10:15:51.418	1536226325192054															0	193		Fixation	8	499	361	1.39	351.84	91.85																				285	628	388	689	361	658	374	468	374	251.94	133.51	276.52	144.65	264.23	139.08	277.40	200.03	702.41	321.96	205.14	697.11					728.75	728.75	4.00	4.00	0	0				
07/12/2018	3.3.2	Gaze Project	O4	3	M	Bilingual	G130	06/09/2018	89100	1280 x 720		Raw Data	attention.avi	190	0	900	720									2405	10:15:51.426	1536226325200299															0			Unclassified	8																									286	639	553			639	553	449	553	256.64	67.37					277.42	200.01	702.38		-34.01						728.72		4.43		0	4				
07/12/2018	3.3.2	Gaze Project	O4	3	M	Bilingual	G130	06/09/2018	89100	1280 x 720		Raw Data	attention.avi	190	0	900	720									2414	10:15:51.435	1536226325208636															0	194		Fixation	8	438	338	2.13	159.28	167.44																				287	613	302	628	338	620	320	430	320	245.96	168.13	252.08	153.73	249.02	160.93	278.52	204.76	715.93	322.00	205.06	696.96					743.10	743.10	3.89	4.09	0	0				
07/12/2018	3.3.2	Gaze Project	O4	3	M	Bilingual	G130	06/09/2018	89100	1280 x 720		Raw Data	attention.avi	190	0	900	720									2422	10:15:51.443	1536226325217007															0	195		Fixation	8	467	323	1.06	27.43	228.14																				288	634	384	657	323	645	353	455	353	254.62	135.44	263.82	159.70	259.22	147.57	277.47	199.94	702.28	322.02	205.01	696.87					728.60	728.60	4.02	4.01	0	0				
07/12/2018	3.3.2	Gaze Project	O4	3	M	Bilingual	G130	06/09/2018	89100	1280 x 720		Raw Data	attention.avi	190	0	900	720									2430	10:15:51.451	1536226325225367															0	196		Fixation	8	442	383	2.12	247.45	220.02																				289	599	318	632	383	615	350	425	350	240.40	161.87	253.57	135.55	246.98	148.71	277.51	200.06	702.23	322.06	205.02	696.93					728.59	728.59	3.72	4.34	0	0				
07/12/2018	3.3.2	Gaze Project	O4	3	M	Bilingual	G130	06/09/2018	89100	1280 x 720		Raw Data	attention.avi	190	0	900	720									2439	10:15:51.460	1536226325233722															0	197		Fixation	8	444	415	1.04	273.56	26.12																				290	657	387	634	415	645	401	455	401	263.63	133.96	254.56	122.73	259.10	128.35	277.53	199.88	702.15	322.59	209.03	708.80					728.45	728.45	3.93	4.51	0	0				
07/12/2018	3.3.2	Gaze Project	O4	3	M	Bilingual	G130	06/09/2018	89100	1280 x 720		Raw Data	attention.avi	190	0	900	720									2447	10:15:51.468	1536226325241991															0	198		Fixation	8	471	442	1.24	314.91	41.34																				291	622	453	661	442	641	447	451	447	249.62	107.48	265.24	112.14	257.43	109.81	277.56	199.84	702.08	322.11	204.88	696.65					728.38	728.38	4.44	4.64	0	0				
07/12/2018	3.3.2	Gaze Project	O4	3	M	Bilingual	G130	06/09/2018	89100	1280 x 720		Raw Data	attention.avi	190	0	900	720									2455	10:15:51.476	1536226325250319															0	199		Fixation	8	429	513	2.62	239.47	284.57																				292	641	540	619	513	630	526	440	526	257.27	72.29	248.59	83.51	252.93	77.90	277.60	199.82	702.04	322.60	208.48	707.33					728.34	728.34	4.54	4.81	0	0				
07/12/2018	3.3.2	Gaze Project	O4	3	M	Bilingual	G130	06/09/2018	89100	1280 x 720		Raw Data	attention.avi	190	0	900	720									2464	10:15:51.485	1536226325258679															0			Unclassified	8																									293	657	517			657	517	467	517	263.86	81.78					277.63	199.78	701.95		-34.01						728.24		4.50		0	4				
07/12/2018	3.3.2	Gaze Project	O4	3	M	Bilingual	G130	06/09/2018	89100	1280 x 720		Raw Data	attention.avi	190	0	900	720									2472	10:15:51.493	1536226325267034															0	200		Fixation	8	491	290	7.46	74.51	195.04																				294	628	365	681	290	654	327	464	327	252.10	143.13	273.22	173.13	262.66	158.13	277.67	199.90	701.90	322.23	204.83	696.66					728.23	728.23	4.16	4.00	0	0				
07/12/2018	3.3.2	Gaze Project	O4	3	M	Bilingual	G130	06/09/2018	89100	1280 x 720		Raw Data	attention.avi	190	0	900	720									2480	10:15:51.501	1536226325275302															0	201		Fixation	8	455	360	2.58	242.86	168.35																				295	640	463	645	360	642	411	452	411	256.72	103.35	259.06	145.01	257.89	124.18	277.72	199.75	701.92	322.27	204.80	696.61					728.21	728.21	4.43	4.00	0	0				
07/12/2018	3.3.2	Gaze Project	O4	3	M	Bilingual	G130	06/09/2018	89100	1280 x 720		Raw Data	attention.avi	190	0	900	720									2489	10:15:51.510	1536226325283642															0	202		Fixation	8	494	295	2.46	59.12	176.26																				296	636	497	684	295	660	396	470	396	255.19	89.86	274.41	171.03	264.80	130.44	277.76	199.74	701.90	324.18	209.46	709.55					728.18	728.18	4.50	4.14	0	0				
07/12/2018	3.3.2	Gaze Project	O4	3	M	Bilingual	G130	06/09/2018	89100	1280 x 720		Raw Data	attention.avi	190	0	900	720									2497	10:15:51.518	1536226325291992															0	203		Fixation	8	454	450	5.18	255.57	196.46																				297	658	515	644	450	651	482	461	482	264.01	82.56	258.57	108.70	261.29	95.63	277.80	199.71	701.83	322.36	204.74	696.53					728.11	728.11	4.51	4.33	0	0				
07/12/2018	3.3.2	Gaze Project	O4	3	M	Bilingual	G130	06/09/2018	89100	1280 x 720		Raw Data	attention.avi	190	0	900	720									2505	10:15:51.526	1536226325300348															0	204		Fixation	8	498	364	3.11	62.98	167.40																				298	658	434	688	364	673	399	483	399	264.06	115.30	276.16	143.27	270.11	129.29	277.85	199.70	701.79	322.94	208.92	708.87					728.07	728.07	4.33	4.28	0	0				
07/12/2018	3.3.2	Gaze Project	O4	3	M	Bilingual	G130	06/09/2018	89100	1280 x 720		Raw Data	attention.avi	190	0	900	720									2514	10:15:51.535	1536226325308705															0	205		Fixation	8	438	497	4.63	245.79	182.81																				299	646	404	628	497	637	450	447	450	259.42	127.40	252.16	89.83	255.79	108.61	277.89	199.72	701.84	323.00	209.04	709.22					728.13	728.13	4.29	4.48	0	0				
07/12/2018	3.3.2	Gaze Project	O4	3	M	Bilingual	G130	06/09/2018	89100	1280 x 720		Raw Data	attention.avi	190	0	900	720									2522	10:15:51.543	1536226325316966															0	206		Fixation	8	469	337	5.24	79.07	193.28																				300	645	535	659	337	652	436	462	436	258.92	74.61	264.60	154.27	261.76	114.44	277.94	199.72	701.81	322.50	204.72	696.53					728.10	728.10	4.49	4.05	0	0				
07/12/2018	3.3.2	Gaze Project	O4	3	M	Bilingual	G130	06/09/2018	89100	1280 x 720		Raw Data	attention.avi	190	0	900	720									2530	10:15:51.551	1536226325325302															0	207		Fixation	8	432	363	1.47	215.18	136.11																				301	673	537	622	363	647	450	457	450	270.06	73.51	249.57	143.66	259.82	108.58	277.98	199.71	701.78	322.54	204.60	696.57					728.07	728.07	4.54	3.99	0	0				
07/12/2018	3.3.2	Gaze Project	O4	3	M	Bilingual	G130	06/09/2018	89100	1280 x 720		Raw Data	attention.avi	190	0	900	720									2539	10:15:51.560	1536226325333658															0	208		Fixation	8	435	531	5.41	271.02	55.84																				302	658	298	625	531	641	414	451	414	264.14	169.83	250.77	75.98	257.46	122.90	278.02	199.60	701.83	322.84	206.68	702.54					728.08	728.08	3.56	4.67	0	0				
07/12/2018	3.3.2	Gaze Project	O4	3	M	Bilingual	G130	06/09/2018	89100	1280 x 720		Raw Data	attention.avi	190	0	900	720									2547	10:15:51.568	1536226325342020															0	209		Fixation	8	421	500	1.09	114.24	203.22																				303	633	403	611	500	622	451	432	451	253.93	127.50	245.46	88.62	249.70	108.06	278.06	199.74	701.78	323.49	206.91	702.43					728.07	728.07	3.92	4.60	0	0				
07/12/2018	3.3.2	Gaze Project	O4	3	M	Bilingual	G130	06/09/2018	89100	1280 x 720		Raw Data	attention.avi	190	0	900	720									2555	10:15:51.576	1536226325350284															0			Unclassified	8																									304	633	407			633	407	443	407	254.21	125.98					278.11	199.75	701.77		-34.01						728.08		3.98		0	4				
07/12/2018	3.3.2	Gaze Project	O4	3	M	Bilingual	G130	06/09/2018	89100	1280 x 720		Raw Data	attention.avi	190	0	900	720									2564	10:15:51.584	1536226325358622															0			Unclassified	8																									305	649	391			649	391	459	391	260.35	132.51					278.14	199.78	701.80		-34.01						728.11		3.91		0	4				
07/12/2018	3.3.2	Gaze Project	O4	3	M	Bilingual	G130	06/09/2018	89100	1280 x 720		Raw Data	attention.avi	190	0	900	720									2572	10:15:51.593	1536226325366975															0	210		Fixation	8	472	439	2.54	50.19	295.96																				306	633	269	662	439	647	354	457	354	253.96	181.48	265.86	113.04	259.91	147.26	278.09	201.24	706.41	322.76	204.70	696.48					732.95	732.95	3.39	4.36	0	0				
07/12/2018	3.3.2	Gaze Project	O4	3	M	Bilingual	G130	06/09/2018	89100	1280 x 720		Raw Data	attention.avi	190	0	900	720									2580	10:15:51.601	1536226325375333															0	211		Fixation	8	466	356	2.72	94.12	43.93																				307	638	454	656	356	647	405	457	405	256.24	107.01	263.17	146.53	259.70	126.77	278.11	201.66	707.56	322.80	204.70	696.47					734.16	734.16	4.53	3.96	0	0				
07/12/2018	3.3.2	Gaze Project	O4	3	M	Bilingual	G130	06/09/2018	89100	1280 x 720		Raw Data	attention.avi	190	0	900	720									2589	10:15:51.610	1536226325383685															0	212		Fixation	8	460	411	1.81	263.79	169.67																				308	644	248	650	411	647	329	457	329	258.54	190.07	260.78	124.45	259.66	157.26	278.26	199.83	701.71	322.85	204.73	696.52					728.05	728.05	3.36	4.16	0	0				
07/12/2018	3.3.2	Gaze Project	O4	3	M	Bilingual	G130	06/09/2018	89100	1280 x 720		Raw Data	attention.avi	190	0	900	720									2597	10:15:51.618	1536226325391932															0	213		Fixation	8	442	499	2.88	258.48	354.68																				309	675	306	632	499	653	402	463	402	270.99	166.90	253.82	88.80	262.41	127.85	278.59	201.25	705.36	323.74	206.96	702.43					731.96	731.96	3.24	4.22	0	0				
07/12/2018	3.3.2	Gaze Project	O4	3	M	Bilingual	G130	06/09/2018	89100	1280 x 720		Raw Data	attention.avi	190	0	900	720									2605	10:15:51.626	1536226325400287															0	214		Fixation	8	421	497	0.68	174.54	276.07																				310	682	290	611	497	646	393	456	393	273.69	173.02	245.21	89.67	259.45	131.35	278.86	202.26	708.20	323.66	206.67	701.55					734.99	734.99	3.30	4.36	0	0				
07/12/2018	3.3.2	Gaze Project	O4	3	M	Bilingual	G130	06/09/2018	89100	1280 x 720		Raw Data	attention.avi	190	0	900	720									2614	10:15:51.635	1536226325408645															0	215		Fixation	8	458	440	2.16	57.10	242.55																				311	625	290	648	440	636	365	446	365	251.07	173.35	260.24	112.66	255.66	143.01	278.37	199.98	701.83	323.21	206.75	702.50					728.22	728.22	3.53	4.46	0	0				
07/12/2018	3.3.2	Gaze Project	O4	3	M	Bilingual	G130	06/09/2018	89100	1280 x 720		Raw Data	attention.avi	190	0	900	720									2622	10:15:51.643	1536226325416996															0	216		Fixation	8	462	375	2.10	86.49	29.39																				312	681	259	652	375	666	317	476	317	273.35	185.45	261.74	138.81	267.54	162.13	278.80	201.81	706.64	323.81	206.92	702.15					733.37	733.37	3.30	3.97	0	0				
07/12/2018	3.3.2	Gaze Project	O4	3	M	Bilingual	G130	06/09/2018	89100	1280 x 720		Raw Data	attention.avi	190	0	900	720									2630	10:15:51.651	1536226325425279															0	217		Fixation	8	485	392	0.93	323.44	236.95																				313	615	512	675	392	645	452	455	452	246.68	83.73	270.98	132.15	258.83	107.94	278.45	200.04	701.77	323.04	204.84	696.53					728.18	728.18	4.29	4.24	0	0				
07/12/2018	3.3.2	Gaze Project	O4	3	M	Bilingual	G130	06/09/2018	89100	1280 x 720		Raw Data	attention.avi	190	0	900	720									2639	10:15:51.659	1536226325433615															0	218		Fixation	8	478	293	3.26	94.03	130.59																				314	639	330	668	293	653	311	463	311	256.49	157.16	268.01	171.81	262.25	164.49	278.49	200.11	701.85	323.07	204.86	696.51					728.28	728.28	3.81	3.91	0	0				
07/12/2018	3.3.2	Gaze Project	O4	3	M	Bilingual	G130	06/09/2018	89100	1280 x 720		Raw Data	attention.avi	190	0	900	720									2647	10:15:51.668	1536226325441954															0	219		Fixation	8	480	257	1.19	86.83	352.80																				315	631	294	670	257	650	275	460	275	253.45	171.66	269.13	186.39	261.29	179.02	278.53	200.17	701.92	323.11	204.92	696.61					728.36	728.36	3.65	3.84	0	0				
07/12/2018	3.3.2	Gaze Project	O4	3	M	Bilingual	G130	06/09/2018	89100	1280 x 720		Raw Data	attention.avi	190	0	900	720									2655	10:15:51.676	1536226325450316															0	220		Fixation	8	447	400	4.76	257.05	170.22																				316	648	404	637	400	642	402	452	402	260.26	127.38	255.88	128.73	258.07	128.06	278.56	200.21	701.91	323.74	209.39	709.67					728.37	728.37	4.01	4.31	0	0				
07/12/2018	3.3.2	Gaze Project	O4	3	M	Bilingual	G130	06/09/2018	89100	1280 x 720		Raw Data	attention.avi	190	0	900	720									2664	10:15:51.685	1536226325458672															0	221		Fixation	8	431	411	0.62	214.59	317.55																				317	635	321	621	411	628	366	438	366	254.83	160.59	249.41	124.42	252.12	142.51	278.60	200.27	701.97	323.69	208.71	707.67					728.44	728.44	3.82	4.43	0	0				
07/12/2018	3.3.2	Gaze Project	O4	3	M	Bilingual	G130	06/09/2018	89100	1280 x 720		Raw Data	attention.avi	190	0	900	720									2672	10:15:51.693	1536226325466933															0	222		Fixation	8	458	280	4.34	78.39	223.80																				318	650	439	648	280	649	359	459	359	260.86	113.29	260.10	177.34	260.48	145.32	278.65	200.32	702.03	323.25	205.04	696.77					728.51	728.51	4.38	3.67	0	0				
07/12/2018	3.3.2	Gaze Project	O4	3	M	Bilingual	G130	06/09/2018	89100	1280 x 720		Raw Data	attention.avi	190	0	900	720									2680	10:15:51.701	1536226325475265															0	223		Fixation	8	454	281	0.13	194.08	115.69																				319	661	469	644	281	652	375	462	375	265.25	101.13	258.46	176.93	261.86	139.03	278.69	200.36	702.05	323.29	205.07	696.82					728.56	728.56	4.46	3.79	0	0				
07/12/2018	3.3.2	Gaze Project	O4	3	M	Bilingual	G130	06/09/2018	89100	1280 x 720		Raw Data	attention.avi	190	0	900	720									2689	10:15:51.709	1536226325483621															0	224		Fixation	8	445	391	3.62	265.34	71.26																				320	636	419	635	391	635	405	445	405	255.15	121.27	254.80	132.31	254.98	126.79	278.74	200.39	702.09	323.35	205.12	696.91					728.60	728.60	4.23	4.10	0	0				
07/12/2018	3.3.2	Gaze Project	O4	3	M	Bilingual	G130	06/09/2018	89100	1280 x 720		Raw Data	attention.avi	190	0	900	720									2697	10:15:51.718	1536226325491968															0	225		Fixation	8	437	454	2.06	262.79	357.45																				321	628	392	627	454	627	423	437	423	252.26	132.02	251.69	107.29	251.97	119.65	278.78	200.29	702.13	323.40	205.14	696.96					728.60	728.60	4.04	4.43	0	0				
07/12/2018	3.3.2	Gaze Project	O4	3	M	Bilingual	G130	06/09/2018	89100	1280 x 720		Raw Data	attention.avi	190	0	900	720									2705	10:15:51.726	1536226325500338															0	226		Fixation	8	484	321	4.59	70.60	167.81																				322	614	225	674	321	644	273	454	273	246.58	199.15	270.43	160.52	258.50	179.84	279.74	204.44	713.38	323.43	205.26	696.91					740.62	740.62	3.47	4.05	0	0				
07/12/2018	3.3.2	Gaze Project	O4	3	M	Bilingual	G130	06/09/2018	89100	1280 x 720		Raw Data	attention.avi	190	0	900	720									2714	10:15:51.734	1536226325508604															0	227		Fixation	8	432	264	2.52	132.28	61.69																				323	643	390	622	264	632	327	442	327	258.24	132.83	249.49	183.79	253.86	158.31	278.88	200.51	702.28	323.93	208.52	706.97					728.82	728.82	4.16	3.81	0	0				
07/12/2018	3.3.2	Gaze Project	O4	3	M	Bilingual	G130	06/09/2018	89100	1280 x 720		Raw Data	attention.avi	190	0	900	720									2722	10:15:51.743	1536226325516934															0	228		Fixation	8	446	434	5.54	274.69	142.41																				324	645	345	636	434	640	389	450	389	258.91	150.90	255.41	115.32	257.16	133.11	278.92	200.56	702.37	323.54	205.22	697.19					728.93	728.93	3.78	4.45	0	0				
07/12/2018	3.3.2	Gaze Project	O4	3	M	Bilingual	G130	06/09/2018	89100	1280 x 720		Raw Data	attention.avi	190	0	900	720									2730	10:15:51.751	1536226325525282															0	229		Fixation	8	460	244	6.23	85.80	171.11																				325	671	277	650	244	660	260	470	260	269.19	178.51	260.76	191.56	264.98	185.04	278.97	200.61	702.47	323.56	205.33	697.14					729.04	729.04	3.50	3.35	0	0				
07/12/2018	3.3.2	Gaze Project	O4	3	M	Bilingual	G130	06/09/2018	89100	1280 x 720		Raw Data	attention.avi	190	0	900	720									2739	10:15:51.760	1536226325533652															0	230		Fixation	8	471	379	4.41	274.64	188.84																				326	655	368	661	379	658	373	468	373	262.95	141.87	265.47	137.51	264.21	139.69	279.01	200.65	702.56	325.58	210.09	710.73					729.14	729.14	3.82	4.23	0	0				
07/12/2018	3.3.2	Gaze Project	O4	3	M	Bilingual	G130	06/09/2018	89100	1280 x 720		Raw Data	attention.avi	190	0	900	720									2747	10:15:51.768	1536226325541932															0	231		Fixation	8	449	299	2.70	105.33	190.69																				327	636	515	639	299	637	407	447	407	255.15	82.65	256.63	169.51	255.89	126.08	279.06	200.68	702.61	323.68	205.31	697.51					729.19	729.19	4.51	3.85	0	0				
07/12/2018	3.3.2	Gaze Project	O4	3	M	Bilingual	G130	06/09/2018	89100	1280 x 720		Raw Data	attention.avi	190	0	900	720									2755	10:15:51.776	1536226325550267															0	232		Fixation	8	450	362	2.06	270.91	165.58																				328	628	524	640	362	634	443	444	443	252.06	79.10	256.97	144.20	254.51	111.65	279.10	200.75	702.74	323.73	205.33	697.58					729.35	729.35	4.48	4.10	0	0				
07/12/2018	3.3.2	Gaze Project	O4	3	M	Bilingual	G130	06/09/2018	89100	1280 x 720		Raw Data	attention.avi	190	0	900	720									2764	10:15:51.784	1536226325558604															0	233		Fixation	8	429	434	2.41	253.79	342.88																				329	620	531	619	434	619	482	429	482	248.68	76.16	248.40	115.08	248.54	95.62	279.15	200.78	702.81	325.49	209.62	709.42					729.42	729.42	4.52	4.43	0	0				
07/12/2018	3.3.2	Gaze Project	O4	3	M	Bilingual	G130	06/09/2018	89100	1280 x 720		Raw Data	attention.avi	190	0	900	720									2772	10:15:51.793	1536226325566967															0	234		Fixation	8	467	345	3.11	66.95	173.16																				330	646	510	657	345	651	427	461	427	259.12	84.38	263.53	151.14	261.33	117.76	279.20	200.85	702.96	323.83	205.43	697.88					729.59	729.59	4.38	3.98	0	0				
07/12/2018	3.3.2	Gaze Project	O4	3	M	Bilingual	G130	06/09/2018	89100	1280 x 720		Raw Data	attention.avi	190	0	900	720									2780	10:15:51.801	1536226325575319															0	235		Fixation	8	460	325	0.70	109.23	42.29																				331	640	514	650	325	645	419	455	419	256.72	82.86	260.75	158.96	258.73	120.91	279.24	200.91	703.08	323.88	205.46	697.97					729.72	729.72	4.50	3.96	0	0				
07/12/2018	3.3.2	Gaze Project	O4	3	M	Bilingual	G130	06/09/2018	89100	1280 x 720		Raw Data	attention.avi	190	0	900	720									2789	10:15:51.809	1536226325583583															0	236		Fixation	8	435	358	1.35	232.94	123.71																				332	628	474	625	358	626	416	436	416	251.89	98.97	251.03	145.83	251.46	122.40	279.29	200.94	703.10	323.93	205.50	698.07					729.75	729.75	4.31	4.18	0	0				
07/12/2018	3.3.2	Gaze Project	O4	3	M	Bilingual	G130	06/09/2018	89100	1280 x 720		Raw Data	attention.avi	190	0	900	720									2797	10:15:51.818	1536226325591950															0	237		Fixation	8	422	515	5.08	265.28	32.34																				333	615	471	612	515	613	493	423	493	246.88	100.32	245.67	82.57	246.28	91.45	279.35	201.04	703.35	323.98	205.38	698.11					730.02	730.02	4.43	4.75	0	0				
07/12/2018	3.3.2	Gaze Project	O4	3	M	Bilingual	G130	06/09/2018	89100	1280 x 720		Raw Data	attention.avi	190	0	900	720									2805	10:15:51.826	1536226325600280															0	238		Fixation	8	441	468	1.60	68.05	162.77																				334	627	467	631	468	629	467	439	467	251.66	102.06	253.16	101.42	252.41	101.74	279.40	201.07	703.41	325.84	210.03	710.59					730.09	730.09	4.30	4.50	0	0				
07/12/2018	3.3.2	Gaze Project	O4	3	M	Bilingual	G130	06/09/2018	89100	1280 x 720		Raw Data	attention.avi	190	0	900	720									2814	10:15:51.835	1536226325608632															0	239		Fixation	8	450	358	3.54	85.34	17.28																				335	640	523	640	358	640	440	450	440	256.97	79.43	256.77	145.80	256.87	112.62	279.46	201.14	703.59	324.10	205.66	698.51					730.28	730.28	4.51	3.88	0	0				
07/12/2018	3.3.2	Gaze Project	O4	3	M	Bilingual	G130	06/09/2018	89100	1280 x 720		Raw Data	attention.avi	190	0	900	720									2822	10:15:51.843	1536226325616989															0	240		Fixation	8	468	262	3.20	79.41	354.08																				336	654	497	658	262	656	379	466	379	262.60	89.85	264.13	184.37	263.37	137.11	279.50	201.18	703.69	324.13	205.78	698.46					730.39	730.39	4.46	3.71	0	0				
07/12/2018	3.3.2	Gaze Project	O4	3	M	Bilingual	G130	06/09/2018	89100	1280 x 720		Raw Data	attention.avi	190	0	900	720									2830	10:15:51.851	1536226325625250															0	241		Fixation	8	454	411	4.89	264.65	185.24																				337	625	463	644	411	634	437	444	437	250.84	103.54	258.54	124.27	254.69	113.91	279.56	201.24	703.84	324.16	205.78	698.46					730.56	730.56	4.29	4.24	0	0				
07/12/2018	3.3.2	Gaze Project	O4	3	M	Bilingual	G130	06/09/2018	89100	1280 x 720		Raw Data	attention.avi	190	0	900	720									2839	10:15:51.859	1536226325633586															0	242		Fixation	8	449	313	3.20	92.91	188.26																				338	619	425	639	313	629	369	439	369	248.55	118.62	256.46	163.95	252.51	141.28	279.61	201.27	703.93	324.19	205.77	698.47					730.66	730.66	4.32	4.05	0	0				
07/12/2018	3.3.2	Gaze Project	O4	3	M	Bilingual	G130	06/09/2018	89100	1280 x 720		Raw Data	attention.avi	190	0	900	720									2847	10:15:51.868	1536226325641946															0	243		Fixation	8	445	480	5.42	268.63	175.72																				339	643	453	635	480	639	466	449	466	257.92	107.40	254.88	96.67	256.40	102.04	279.65	201.33	704.10	324.31	205.88	699.20					730.83	730.83	4.49	4.49	0	0				
07/12/2018	3.3.2	Gaze Project	O4	3	M	Bilingual	G130	06/09/2018	89100	1280 x 720		Raw Data	attention.avi	190	0	900	720									2855	10:15:51.876	1536226325650302															0	244		Fixation	8	487	386	3.32	65.99	157.36																				340	623	436	677	386	650	411	460	411	249.90	114.56	271.73	134.59	260.81	124.58	279.70	201.40	704.34	324.35	205.75	699.25					731.09	731.09	4.28	4.22	0	0				
07/12/2018	3.3.2	Gaze Project	O4	3	M	Bilingual	G130	06/09/2018	89100	1280 x 720		Raw Data	attention.avi	190	0	900	720									2864	10:15:51.884	1536226325658572															0	245		Fixation	8	467	325	2.10	108.10	42.11																				341	651	510	657	325	654	417	464	417	261.26	84.72	263.55	159.26	262.40	121.99	279.73	201.28	704.39	324.39	205.93	699.44					731.10	731.10	4.37	4.00	0	0				
07/12/2018	3.3.2	Gaze Project	O4	3	M	Bilingual	G130	06/09/2018	89100	1280 x 720		Raw Data	attention.avi	190	0	900	720									2872	10:15:51.893	1536226325666919															0	246		Fixation	8	450	432	3.52	261.00	152.90																				342	640	375	640	432	640	403	450	403	257.03	139.06	257.06	116.09	257.05	127.58	279.78	201.47	704.59	324.43	205.80	699.49					731.35	731.35	3.86	4.41	0	0				
07/12/2018	3.3.2	Gaze Project	O4	3	M	Bilingual	G130	06/09/2018	89100	1280 x 720		Raw Data	attention.avi	190	0	900	720									2880	10:15:51.901	1536226325675256															0	247		Fixation	8	452	470	1.23	273.00	12.00																				343	632	373	642	470	637	421	447	421	253.54	139.65	257.73	100.65	255.64	120.15	279.82	201.50	704.74	324.48	206.02	699.78					731.49	731.49	4.06	4.40	0	0				
07/12/2018	3.3.2	Gaze Project	O4	3	M	Bilingual	G130	06/09/2018	89100	1280 x 720		Raw Data	attention.avi	190	0	900	720									2889	10:15:51.909	1536226325683619															0	248		Fixation	8	448	445	0.80	99.06	186.06																				344	643	412	638	445	640	428	450	428	258.14	124.07	256.26	110.73	257.20	117.40	279.85	201.55	704.94	327.94	214.42	723.41					731.70	731.70	3.91	4.52	0	0				
07/12/2018	3.3.2	Gaze Project	O4	3	M	Bilingual	G130	06/09/2018	89100	1280 x 720		Raw Data	attention.avi	190	0	900	720									2897	10:15:51.918	1536226325691976															0	249		Fixation	8	468	345	3.24	78.73	339.66																				345	653	326	658	345	655	335	465	335	262.21	158.49	264.08	151.03	263.15	154.76	279.89	201.62	705.19	324.55	206.12	700.22					731.96	731.96	3.71	3.97	0	0				
07/12/2018	3.3.2	Gaze Project	O4	3	M	Bilingual	G130	06/09/2018	89100	1280 x 720		Raw Data	attention.avi	190	0	900	720									2905	10:15:51.926	1536226325700234															0	250		Fixation	8	457	347	0.36	190.34	111.61																				346	643	483	647	347	645	415	455	415	258.06	95.47	259.87	150.35	258.96	122.91	279.92	201.64	705.31	324.58	206.16	700.37					732.08	732.08	4.45	4.09	0	0				
07/12/2018	3.3.2	Gaze Project	O4	3	M	Bilingual	G130	06/09/2018	89100	1280 x 720		Raw Data	attention.avi	190	0	900	720									2914	10:15:51.934	1536226325708584															0	251		Fixation	8	465	296	1.68	81.11	250.78																				347	643	498	655	296	649	397	459	397	258.15	89.43	263.12	170.73	260.64	130.08	279.95	201.68	705.48	324.61	206.21	700.61					732.26	732.26	4.51	3.95	0	0				
07/12/2018	3.3.2	Gaze Project	O4	3	M	Bilingual	G130	06/09/2018	89100	1280 x 720		Raw Data	attention.avi	190	0	900	720									2922	10:15:51.943	1536226325716925															0	252		Fixation	8	496	260	1.55	49.36	328.25																				348	622	436	686	260	654	348	464	348	249.72	114.45	275.25	185.30	262.48	149.88	279.97	201.72	705.65	324.62	206.08	700.66					732.44	732.44	4.32	3.72	0	0				
07/12/2018	3.3.2	Gaze Project	O4	3	M	Bilingual	G130	06/09/2018	89100	1280 x 720		Raw Data	attention.avi	190	0	900	720									2930	10:15:51.951	1536226325725277															0	253		Fixation	8	461	294	1.58	224.26	174.90																				349	649	491	651	294	650	392	460	392	260.59	92.37	261.39	171.41	260.99	131.89	279.99	201.75	705.79	325.17	210.11	712.21					732.58	732.58	4.47	4.01	0	0				
07/12/2018	3.3.2	Gaze Project	O4	3	M	Bilingual	G130	06/09/2018	89100	1280 x 720		Raw Data	attention.avi	190	0	900	720									2939	10:15:51.960	1536226325733640															0	254		Fixation	8	450	479	5.95	266.61	42.35																				350	641	444	640	479	640	461	450	461	257.38	110.95	256.86	96.86	257.12	103.91	280.01	201.79	705.96	324.68	206.35	701.13					732.76	732.76	4.37	4.49	0	0				
07/12/2018	3.3.2	Gaze Project	O4	3	M	Bilingual	G130	06/09/2018	89100	1280 x 720		Raw Data	attention.avi	190	0	900	720									2947	10:15:51.968	1536226325741915															0			Unclassified	8																									351	638	450			638	450	448	450	256.05	108.75					280.03	201.85	706.16		-34.01						732.97		4.29		0	4				
07/12/2018	3.3.2	Gaze Project	O4	3	M	Bilingual	G130	06/09/2018	89100	1280 x 720		Raw Data	attention.avi	190	0	900	720									2955	10:15:51.976	1536226325750239															0	255		Fixation	8	460	499	0.72	296.49	29.88																				352	643	478	650	499	646	488	456	488	258.21	97.60	261.01	89.10	259.61	93.35	279.83	206.32	719.70	324.70	206.21	701.18					747.21	747.21	4.51	4.50	0	0				
07/12/2018	3.3.2	Gaze Project	O4	3	M	Bilingual	G130	06/09/2018	89100	1280 x 720		Raw Data	attention.avi	190	0	900	720									2964	10:15:51.984	1536226325758597															0	256		Fixation	8	475	313	6.03	85.40	148.91																				353	635	531	665	313	650	422	460	422	255.08	76.00	266.95	163.80	261.01	119.90	280.07	201.94	706.47	324.73	206.50	701.66					733.28	733.28	4.55	3.88	0	0				
07/12/2018	3.3.2	Gaze Project	O4	3	M	Bilingual	G130	06/09/2018	89100	1280 x 720		Raw Data	attention.avi	190	0	900	720									2972	10:15:51.993	1536226325766954															0	257		Fixation	8	450	404	3.03	254.69	169.28																				354	585	397	640	404	612	400	422	400	234.84	130.10	256.71	127.40	245.77	128.75	279.87	206.30	719.69	325.31	210.74	714.17					747.20	747.20	4.37	4.44	0	0				
07/12/2018	3.3.2	Gaze Project	O4	3	M	Bilingual	G130	06/09/2018	89100	1280 x 720		Raw Data	attention.avi	190	0	900	720									2980	10:15:52.001	1536226325775224															0	258		Fixation	8	463	390	0.60	47.21	152.53																				355	643	512	653	390	648	451	458	451	257.98	83.93	262.06	132.90	260.02	108.41	280.10	202.05	706.84	327.64	213.59	721.58					733.67	733.67	4.51	4.37	0	0				
07/12/2018	3.3.2	Gaze Project	O4	3	M	Bilingual	G130	06/09/2018	89100	1280 x 720		Raw Data	attention.avi	190	0	900	720									2989	10:15:52.009	1536226325783572															0	259		Fixation	8	438	428	1.44	236.74	189.53																				356	632	491	628	428	630	459	440	459	253.53	92.04	252.27	117.70	252.90	104.87	280.12	201.92	706.89	324.78	206.60	702.04					733.67	733.67	4.35	4.35	0	0				
07/12/2018	3.3.2	Gaze Project	O4	3	M	Bilingual	G130	06/09/2018	89100	1280 x 720		Raw Data	attention.avi	190	0	900	720									2997	10:15:52.018	1536226325791908															0			Unclassified	8																									357	639	493			639	493	449	493	256.46	91.54					280.14	202.19	707.29		-34.01						734.15		4.59		0	4				
07/12/2018	3.3.2	Gaze Project	O4	3	M	Bilingual	G130	06/09/2018	89100	1280 x 720		Raw Data	attention.avi	190	0	900	720									3005	10:15:52.026	1536226325800254															0	260		Fixation	8	482	378	2.14	48.74	172.00																				358	652	501	672	378	662	439	472	439	261.84	88.03	269.71	137.57	265.77	112.80	280.16	202.23	707.44	324.83	206.73	702.47					734.30	734.30	4.52	4.14	0	0				
07/12/2018	3.3.2	Gaze Project	O4	3	M	Bilingual	G130	06/09/2018	89100	1280 x 720		Raw Data	attention.avi	190	0	900	720									3014	10:15:52.034	1536226325808622															0	261		Fixation	8	444	521	4.64	255.16	206.42																				359	646	489	634	521	640	505	450	505	259.28	92.85	254.32	80.21	256.80	86.53	280.19	202.29	707.62	328.49	215.64	727.53					734.49	734.49	4.50	4.78	0	0				
07/12/2018	3.3.2	Gaze Project	O4	3	M	Bilingual	G130	06/09/2018	89100	1280 x 720		Raw Data	attention.avi	190	0	900	720									3022	10:15:52.043	1536226325816885															0	262		Fixation	8	432	492	0.97	112.41	217.25																				360	649	531	622	492	635	511	445	511	260.34	76.19	249.78	92.00	255.06	84.10	280.23	202.32	707.76	328.46	215.53	727.25					734.63	734.63	4.49	4.72	0	0				
07/12/2018	3.3.2	Gaze Project	O4	3	M	Bilingual	G130	06/09/2018	89100	1280 x 720		Raw Data	attention.avi	190	0	900	720									3030	10:15:52.051	1536226325825222															0	263		Fixation	8	454	340	4.84	81.79	329.38																				361	666	505	644	340	655	422	465	422	267.27	86.66	258.44	153.02	262.85	119.84	280.26	202.38	707.95	324.92	206.85	702.92					734.83	734.83	4.61	4.11	0	0				
07/12/2018	3.3.2	Gaze Project	O4	3	M	Bilingual	G130	06/09/2018	89100	1280 x 720		Raw Data	attention.avi	190	0	900	720									3039	10:15:52.059	1536226325833580															0	264		Fixation	8	513	356	1.99	344.78	262.99																				362	650	479	703	356	676	417	486	417	260.76	97.05	282.33	146.56	271.55	121.81	280.28	202.24	708.00	324.94	206.72	702.97					734.84	734.84	4.47	4.29	0	0				
07/12/2018	3.3.2	Gaze Project	O4	3	M	Bilingual	G130	06/09/2018	89100	1280 x 720		Raw Data	attention.avi	190	0	900	720									3047	10:15:52.068	1536226325841942															0	265		Fixation	8	519	389	1.08	280.27	295.49																				363	653	528	709	389	681	458	491	458	262.21	77.22	284.40	133.18	273.31	105.20	280.32	202.46	708.22	325.52	210.86	714.82					735.12	735.12	4.50	4.27	0	0				
07/12/2018	3.3.2	Gaze Project	O4	3	M	Bilingual	G130	06/09/2018	89100	1280 x 720		Raw Data	attention.avi	190	0	900	720									3055	10:15:52.076	1536226325850294															0	266		Fixation	8	478	326	2.41	122.97	202.70																				364	633	510	668	326	650	418	460	418	254.02	84.54	268.24	158.81	261.13	121.67	280.36	202.51	708.39	325.56	210.95	715.12					735.29	735.29	4.57	4.23	0	0				
07/12/2018	3.3.2	Gaze Project	O4	3	M	Bilingual	G130	06/09/2018	89100	1280 x 720		Raw Data	attention.avi	190	0	900	720									3064	10:15:52.084	1536226325858557															0	267		Fixation	8	463	453	4.09	263.29	140.31																				365	630	437	653	453	641	445	451	445	252.91	113.83	262.08	107.44	257.49	110.64	280.22	205.65	718.02	325.06	207.08	703.71					745.42	745.42	4.50	4.56	0	0				
07/12/2018	3.3.2	Gaze Project	O4	3	M	Bilingual	G130	06/09/2018	89100	1280 x 720		Raw Data	attention.avi	190	0	900	720									3072	10:15:52.093	1536226325866886															0	268		Fixation	8	463	385	2.19	90.00	186.71																				366	654	359	653	385	653	372	463	372	262.45	145.26	262.00	134.76	262.23	140.01	280.41	202.61	708.71	325.09	207.12	703.86					735.63	735.63	3.99	4.33	0	0				
07/12/2018	3.3.2	Gaze Project	O4	3	M	Bilingual	G130	06/09/2018	89100	1280 x 720		Raw Data	attention.avi	190	0	900	720									3080	10:15:52.101	1536226325875253															0	269		Fixation	8	469	420	1.15	279.70	189.70																				367			659	420	659	420	469	420			264.35	120.82						325.11	207.13	703.92						0.00		4.38	4	0				
07/12/2018	3.3.2	Gaze Project	O4	3	M	Bilingual	G130	06/09/2018	89100	1280 x 720		Raw Data	attention.avi	190	0	900	720									3089	10:15:52.109	1536226325883607															0	270		Fixation	8	498	359	2.18	64.64	144.95																				368	646	385	688	359	667	372	477	372	259.27	134.88	276.08	145.28	267.67	140.08	280.46	202.71	709.04	325.13	207.17	704.07					735.98	735.98	3.96	4.22	0	0				
07/12/2018	3.3.2	Gaze Project	O4	3	M	Bilingual	G130	06/09/2018	89100	1280 x 720		Raw Data	attention.avi	190	0	900	720									3097	10:15:52.118	1536226325891877															0	271		Fixation	8	474	322	1.43	122.89	58.24																				369	635	532	664	322	649	427	459	427	254.83	75.83	266.45	160.34	260.64	118.08	280.47	202.58	709.09	325.15	207.21	704.22					735.99	735.99	4.55	4.19	0	0				
07/12/2018	3.3.2	Gaze Project	O4	3	M	Bilingual	G130	06/09/2018	89100	1280 x 720		Raw Data	attention.avi	190	0	900	720									3105	10:15:52.126	1536226325900222															0	272		Fixation	8	454	497	5.66	263.50	140.62																				370	651	394	644	497	647	445	457	445	261.39	131.30	258.56	89.64	259.97	110.47	280.49	202.80	709.31	325.17	207.24	704.35					736.26	736.26	3.98	4.53	0	0				
07/12/2018	3.3.2	Gaze Project	O4	3	M	Bilingual	G130	06/09/2018	89100	1280 x 720		Raw Data	attention.avi	190	0	900	720									3114	10:15:52.134	1536226325908563															0	273		Fixation	8	459	372	4.01	87.72	184.22																				371	659	513	649	372	654	442	464	442	264.60	83.35	260.53	140.33	262.56	111.84	280.51	202.66	709.36	325.19	207.29	704.52					736.27	736.27	4.49	4.31	0	0				
07/12/2018	3.3.2	Gaze Project	O4	3	M	Bilingual	G130	06/09/2018	89100	1280 x 720		Raw Data	attention.avi	190	0	900	720									3122	10:15:52.143	1536226325916920															0	274		Fixation	8	454	357	0.51	108.38	20.66																				372	664	382	644	357	654	369	464	369	266.71	136.23	258.67	146.29	262.69	141.26	280.53	202.89	709.62	325.21	207.16	704.57					736.58	736.58	3.73	4.30	0	0				
07/12/2018	3.3.2	Gaze Project	O4	3	M	Bilingual	G130	06/09/2018	89100	1280 x 720		Raw Data	attention.avi	190	0	900	720									3130	10:15:52.151	1536226325925276															0	275		Fixation	8	398	502	4.95	248.94	140.57																				373	633	386	588	502	610	444	420	444	254.09	134.36	236.22	87.88	245.16	111.12	280.55	202.89	709.62	325.16	207.39	704.48					736.59	736.59	4.19	4.60	0	0				
07/12/2018	3.3.2	Gaze Project	O4	3	M	Bilingual	G130	06/09/2018	89100	1280 x 720		Raw Data	attention.avi	190	0	900	720									3139	10:15:52.159	1536226325933532															0	276		Fixation	8	437	420	2.87	64.64	175.69																				374	663	492	627	420	645	456	455	456	266.27	91.78	251.69	120.80	258.98	106.29	280.58	202.95	709.82	325.28	207.46	705.12					736.80	736.80	4.32	4.46	0	0				
07/12/2018	3.3.2	Gaze Project	O4	3	M	Bilingual	G130	06/09/2018	89100	1280 x 720		Raw Data	attention.avi	190	0	900	720									3147	10:15:52.168	1536226325941870															0	277		Fixation	8	472	444	1.37	325.47	260.84																				375	645	501	662	444	653	472	463	472	259.08	88.04	265.82	111.25	262.45	99.64	280.60	203.00	709.99	325.29	207.40	704.96					736.97	736.97	4.57	4.39	0	0				
07/12/2018	3.3.2	Gaze Project	O4	3	M	Bilingual	G130	06/09/2018	89100	1280 x 720		Raw Data	attention.avi	190	0	900	720									3155	10:15:52.176	1536226325950236															0	278		Fixation	8	443	432	1.01	157.46	191.98																				376	663	541	633	432	648	486	458	486	266.09	72.02	253.99	116.12	260.04	94.07	280.63	203.05	710.14	325.31	207.43	705.08					737.13	737.13	4.61	4.46	0	0				
07/12/2018	3.3.2	Gaze Project	O4	3	M	Bilingual	G130	06/09/2018	89100	1280 x 720		Raw Data	attention.avi	190	0	900	720									3164	10:15:52.184	1536226325958594															0	279		Fixation	8	495	286	4.84	70.45	273.00																				377	642	510	685	286	663	398	473	398	257.75	84.61	275.05	174.64	266.40	129.62	280.66	203.08	710.24	331.85	223.18	749.70					737.24	737.24	4.44	4.28	0	0				
07/12/2018	3.3.2	Gaze Project	O4	3	M	Bilingual	G130	06/09/2018	89100	1280 x 720		Raw Data	attention.avi	190	0	900	720									3172	10:15:52.193	1536226325966870															0	280		Fixation	8	447	384	3.34	243.98	173.52																				378	652	517	637	384	644	450	454	450	261.90	81.62	255.56	135.36	258.73	108.49	280.69	203.12	710.35	329.73	218.15	735.38					737.36	737.36	4.47	4.55	0	0				
07/12/2018	3.3.2	Gaze Project	O4	3	M	Bilingual	G130	06/09/2018	89100	1280 x 720		Raw Data	attention.avi	190	0	900	720									3180	10:15:52.201	1536226325975205															0	281		Fixation	8	505	341	2.25	36.64	152.66																				379	653	488	695	341	674	414	484	414	262.29	93.63	278.97	152.64	270.63	123.13	280.72	203.15	710.42	326.09	212.45	719.91					737.43	737.43	4.56	4.36	0	0				
07/12/2018	3.3.2	Gaze Project	O4	3	M	Bilingual	G130	06/09/2018	89100	1280 x 720		Raw Data	attention.avi	190	0	900	720									3189	10:15:52.209	1536226325983539															0			Unclassified	8																									380	685	522			685	522	495	522	274.87	79.77					280.73	203.28	710.37		-34.01						737.43		4.79		0	4				
07/12/2018	3.3.2	Gaze Project	O4	3	M	Bilingual	G130	06/09/2018	89100	1280 x 720		Raw Data	attention.avi	190	0	900	720									3197	10:15:52.218	1536226325991898															0			Unclassified	8																									381	614	490			614	490	424	490	246.41	92.73					280.80	203.03	710.47		-34.01						737.44		4.45		0	4				
07/12/2018	3.3.2	Gaze Project	O4	3	M	Bilingual	G130	06/09/2018	89100	1280 x 720		Raw Data	attention.avi	190	0	900	720									3205	10:15:52.226	1536226326000259															0	282		Fixation	8	453	307	1.98	146.74	110.10																				382	644	531	643	307	643	419	453	419	258.54	76.31	257.95	166.37	258.24	121.34	280.84	203.24	710.68	327.49	212.44	719.19					737.71	737.71	4.61	4.02	0	0				
07/12/2018	3.3.2	Gaze Project	O4	3	M	Bilingual	G130	06/09/2018	89100	1280 x 720		Raw Data	attention.avi	190	0	900	720									3214	10:15:52.234	1536226326008527															0	283		Fixation	8	504	326	1.73	339.51	192.77																				383	630	399	694	326	662	362	472	362	252.87	129.29	278.67	158.73	265.77	144.01	280.88	203.29	710.83	326.25	212.50	720.15					737.87	737.87	4.06	4.45	0	0				
07/12/2018	3.3.2	Gaze Project	O4	3	M	Bilingual	G130	06/09/2018	89100	1280 x 720		Raw Data	attention.avi	190	0	900	720									3222	10:15:52.243	1536226326016870															0	284		Fixation	8	462	389	2.41	236.39	256.89																				384	625	367	652	389	638	378	448	378	250.76	142.16	261.64	133.29	256.20	137.73	280.91	203.33	710.95	325.63	207.70	706.10					738.00	738.00	3.90	4.33	0	0				
07/12/2018	3.3.2	Gaze Project	O4	3	M	Bilingual	G130	06/09/2018	89100	1280 x 720		Raw Data	attention.avi	190	0	900	720									3230	10:15:52.251	1536226326025200															0	285		Fixation	8	451	276	3.63	95.54	219.15																				385	616	437	641	276	628	356	438	356	247.13	114.07	257.25	178.74	252.19	146.41	280.95	203.36	711.05	327.97	213.35	721.91					738.11	738.11	4.29	3.99	0	0				
07/12/2018	3.3.2	Gaze Project	O4	3	M	Bilingual	G130	06/09/2018	89100	1280 x 720		Raw Data	attention.avi	190	0	900	720									3239	10:15:52.259	1536226326033570															0	286		Fixation	8	496	288	1.49	345.02	249.48																				386	616	357	686	288	651	322	461	322	247.26	146.36	275.28	173.81	261.27	160.09	280.99	203.39	711.13	325.71	207.77	706.38					738.19	738.19	3.94	3.85	0	0				
07/12/2018	3.3.2	Gaze Project	O4	3	M	Bilingual	G130	06/09/2018	89100	1280 x 720		Raw Data	attention.avi	190	0	900	720									3247	10:15:52.268	1536226326041938															0	287		Fixation	8	469	335	1.75	240.20	255.18																				387	615	424	659	335	637	379	447	379	246.80	119.19	264.40	155.14	255.60	137.16	281.02	203.41	711.20	325.74	207.80	706.50					738.26	738.26	4.12	4.14	0	0				
07/12/2018	3.3.2	Gaze Project	O4	3	M	Bilingual	G130	06/09/2018	89100	1280 x 720		Raw Data	attention.avi	190	0	900	720									3255	10:15:52.276	1536226326050186															0	288		Fixation	8	454	454	3.85	262.84	22.64																				388	624	389	644	454	634	421	444	421	250.64	133.33	258.48	106.96	254.56	120.14	281.06	203.36	711.09	325.76	207.72	706.31					738.15	738.15	4.00	4.50	0	0				
07/12/2018	3.3.2	Gaze Project	O4	3	M	Bilingual	G130	06/09/2018	89100	1280 x 720		Raw Data	attention.avi	190	0	900	720									3264	10:15:52.284	1536226326058525															0	289		Fixation	8	460	438	0.54	69.50	166.67																				389	627	372	650	438	638	405	448	405	251.61	140.12	260.83	113.69	256.22	126.91	281.08	203.43	711.28	326.48	212.72	721.01					738.35	738.35	4.10	4.57	0	0				
07/12/2018	3.3.2	Gaze Project	O4	3	M	Bilingual	G130	06/09/2018	89100	1280 x 720		Raw Data	attention.avi	190	0	900	720									3272	10:15:52.293	1536226326066870															0	290		Fixation	8	452	388	1.61	99.06	29.56																				390	620	336	642	388	631	362	441	362	248.99	154.76	257.56	133.81	253.27	144.28	281.12	203.49	711.46	325.84	207.81	706.63					738.54	738.54	4.04	4.33	0	0				
07/12/2018	3.3.2	Gaze Project	O4	3	M	Bilingual	G130	06/09/2018	89100	1280 x 720		Raw Data	attention.avi	190	0	900	720									3280	10:15:52.301	1536226326075245															0			Unclassified	8																									391	650	434			650	434	460	434	261.09	115.18					281.15	203.51	711.52		-34.01						738.60		4.10		0	4				
07/12/2018	3.3.2	Gaze Project	O4	3	M	Bilingual	G130	06/09/2018	89100	1280 x 720		Raw Data	attention.avi	190	0	900	720									3289	10:15:52.309	1536226326083520															0	291		Fixation	8	432	250	4.36	98.22	359.16																				392	650	493	622	250	636	371	446	371	260.95	91.31	249.54	189.32	255.24	140.31	281.17	203.53	711.56	333.00	224.85	754.93					738.65	738.65	4.49	4.44	0	0				
07/12/2018	3.3.2	Gaze Project	O4	3	M	Bilingual	G130	06/09/2018	89100	1280 x 720		Raw Data	attention.avi	190	0	900	720									3297	10:15:52.318	1536226326091857															0	292		Fixation	8	466	328	2.67	293.48	195.26																				393	639	493	656	328	647	410	457	410	256.68	91.25	263.39	157.72	260.04	124.48	281.21	203.57	711.62	325.94	207.85	706.74					738.72	738.72	4.52	4.01	0	0				
07/12/2018	3.3.2	Gaze Project	O4	3	M	Bilingual	G130	06/09/2018	89100	1280 x 720		Raw Data	attention.avi	190	0	900	720									3305	10:15:52.326	1536226326100186															0	293		Fixation	8	546	264	3.31	38.75	105.26																				394	657	372	736	264	696	318	506	318	263.68	140.19	295.28	183.48	279.48	161.83	282.68	209.60	728.80	325.98	207.74	706.79					756.97	756.97	4.61	3.88	0	0				
07/12/2018	3.3.2	Gaze Project	O4	3	M	Bilingual	G130	06/09/2018	89100	1280 x 720		Raw Data	attention.avi	190	0	900	720									3314	10:15:52.334	1536226326108543															0	294		Fixation	8	441	393	5.28	230.95	192.20																				395	644	450	631	393	637	421	447	421	258.44	108.64	253.16	131.51	255.80	120.07	281.30	203.63	711.69	329.24	215.66	728.63					738.81	738.81	4.55	4.47	0	0				
07/12/2018	3.3.2	Gaze Project	O4	3	M	Bilingual	G130	06/09/2018	89100	1280 x 720		Raw Data	attention.avi	190	0	900	720									3322	10:15:52.343	1536226326116908															0	295		Fixation	8	428	459	2.11	258.89	27.95																				396	651	501	618	459	634	480	444	480	261.20	88.27	247.98	105.08	254.59	96.68	281.35	203.71	711.84	326.08	207.93	706.90					738.98	738.98	4.57	4.55	0	0				
07/12/2018	3.3.2	Gaze Project	O4	3	M	Bilingual	G130	06/09/2018	89100	1280 x 720		Raw Data	attention.avi	190	0	900	720									3330	10:15:52.351	1536226326125180															0	296		Fixation	8	489	258	6.75	73.17	174.28																				397	637	484	679	258	658	371	468	371	255.55	94.91	272.36	186.22	263.96	140.57	281.23	207.34	722.83	326.12	207.82	706.95					750.54	750.54	4.57	3.89	0	0				
07/12/2018	3.3.2	Gaze Project	O4	3	M	Bilingual	G130	06/09/2018	89100	1280 x 720		Raw Data	attention.avi	190	0	900	720									3339	10:15:52.359	1536226326133519															0	297		Fixation	8	500	318	1.98	280.36	207.19																				398	649	500	690	318	669	409	479	409	260.35	88.56	276.95	162.06	268.65	125.31	281.45	203.88	711.77	326.18	208.02	707.07					738.97	738.97	4.81	4.04	0	0				
07/12/2018	3.3.2	Gaze Project	O4	3	M	Bilingual	G130	06/09/2018	89100	1280 x 720		Raw Data	attention.avi	190	0	900	720									3347	10:15:52.368	1536226326141864															0	298		Fixation	8	450	463	4.87	251.03	330.67																				399	598	458	640	463	619	460	429	460	239.94	105.33	256.88	103.60	248.41	104.47	281.30	208.41	725.80	327.94	212.22	718.64					753.70	753.70	4.47	4.71	0	0				
07/12/2018	3.3.2	Gaze Project	O4	3	M	Bilingual	G130	06/09/2018	89100	1280 x 720		Raw Data	attention.avi	190	0	900	720									3355	10:15:52.376	1536226326150226															0	299		Fixation	8	463	490	0.94	295.64	44.61																				400	610	369	653	490	631	429	441	429	244.90	141.41	262.10	92.78	253.50	117.10	281.55	203.84	711.92	327.03	213.27	722.42					739.10	739.10	4.31	4.63	0	0				
07/12/2018	3.3.2	Gaze Project	O4	3	M	Bilingual	G130	06/09/2018	89100	1280 x 720		Raw Data	attention.avi	190	0	900	720									3364	10:15:52.384	1536226326158583															0	300		Fixation	8	449	444	1.50	106.88	171.24																				401	676	444	639	444	657	444	467	444	271.21	111.23	256.48	111.30	263.85	111.26	283.20	210.52	730.91	328.90	214.26	724.42					759.28	759.28	4.85	4.62	0	0				
07/12/2018	3.3.2	Gaze Project	O4	3	M	Bilingual	G130	06/09/2018	89100	1280 x 720		Raw Data	attention.avi	190	0	900	720									3372	10:15:52.393	1536226326166838															0	301		Fixation	8	556	224	7.71	64.14	317.26																				402	680	500	746	224	713	362	523	362	273.12	88.63	299.25	199.57	286.19	144.10	281.67	203.94	712.07	327.06	212.74	720.86					739.28	739.28	4.69	3.85	0	0				
07/12/2018	3.3.2	Gaze Project	O4	3	M	Bilingual	G130	06/09/2018	89100	1280 x 720		Raw Data	attention.avi	190	0	900	720									3380	10:15:52.401	1536226326175178															0			Unclassified	8																									403	674	494			674	494	484	494	270.69	91.01					283.62	211.83	734.61		-34.01						763.21		4.94		0	4				
07/12/2018	3.3.2	Gaze Project	O4	3	M	Bilingual	G130	06/09/2018	89100	1280 x 720		Raw Data	attention.avi	190	0	900	720									3389	10:15:52.409	1536226326183538															0			Unclassified	8																									404	657	491			657	491	467	491	263.81	92.03					281.76	203.97	712.05		-34.01						739.27		4.64		0	4				
07/12/2018	3.3.2	Gaze Project	O4	3	M	Bilingual	G130	06/09/2018	89100	1280 x 720		Raw Data	attention.avi	190	0	900	720									3397	10:15:52.418	1536226326191894															0			Unclassified	8																									405	680	478			680	478	490	478	272.78	97.63					283.16	209.65	728.18		-34.01						756.41		4.99		0	4				
07/12/2018	3.3.2	Gaze Project	O4	3	M	Bilingual	G130	06/09/2018	89100	1280 x 720		Raw Data	attention.avi	190	0	900	720									3405	10:15:52.426	1536226326200235															0			Unclassified	8																									406	687	481			687	481	497	481	275.71	96.31					281.85	204.02	712.13		-34.01						739.37		4.69		0	4				
07/12/2018	3.3.2	Gaze Project	O4	3	M	Bilingual	G130	06/09/2018	89100	1280 x 720		Raw Data	attention.avi	190	0	900	720									3414	10:15:52.434	1536226326208500															0	302		Fixation	8	472	431	7.14	247.98	183.84																				407	664	490	662	431	663	460	473	460	266.48	92.75	265.79	116.22	266.14	104.48	281.89	204.02	712.13	326.66	208.30	707.72					739.37	739.37	4.68	4.56	0	0				
07/12/2018	3.3.2	Gaze Project	O4	3	M	Bilingual	G130	06/09/2018	89100	1280 x 720		Raw Data	attention.avi	190	0	900	720									3422	10:15:52.443	1536226326216841															0	303		Fixation	8	489	382	1.64	70.92	182.95																				408	647	492	679	382	663	437	473	437	259.90	91.87	272.37	136.18	266.14	114.02	281.93	204.03	712.15	327.38	213.10	721.84					739.39	739.39	4.74	4.53	0	0				
07/12/2018	3.3.2	Gaze Project	O4	3	M	Bilingual	G130	06/09/2018	89100	1280 x 720		Raw Data	attention.avi	190	0	900	720									3430	10:15:52.451	1536226326225211															0			Unclassified	8																									409	638	495			638	495	448	495	255.91	90.78					283.41	210.03	729.28		-34.01						757.59		4.91		0	4				
07/12/2018	3.3.2	Gaze Project	O4	3	M	Bilingual	G130	06/09/2018	89100	1280 x 720		Raw Data	attention.avi	190	0	900	720									3439	10:15:52.459	1536226326233555															0	304		Fixation	8	490	433	1.62	271.12	200.20																				410	666	494	680	433	673	463	483	463	267.14	91.21	273.10	115.72	270.12	103.46	282.00	204.05	712.22	326.77	208.17	707.77					739.47	739.47	4.65	4.47	0	0				
07/12/2018	3.3.2	Gaze Project	O4	3	M	Bilingual	G130	06/09/2018	89100	1280 x 720		Raw Data	attention.avi	190	0	900	720									3447	10:15:52.468	1536226326241844															0			Unclassified	8																									411	628	472			628	472	438	472	251.91	99.79					282.03	204.18	712.17		-34.01						739.46		4.82		0	4				
07/12/2018	3.3.2	Gaze Project	O4	3	M	Bilingual	G130	06/09/2018	89100	1280 x 720		Raw Data	attention.avi	190	0	900	720									3455	10:15:52.476	1536226326250168															0			Unclassified	8																									412	662	399			662	399	472	399	265.76	129.08					282.06	204.09	712.36		-34.01						739.61		4.57		0	4				
07/12/2018	3.3.2	Gaze Project	O4	3	M	Bilingual	G130	06/09/2018	89100	1280 x 720		Raw Data	attention.avi	190	0	900	720									3464	10:15:52.484	1536226326258515															0	305		Fixation	8	515	319	3.75	77.67	166.55																				413	653	478	705	319	679	398	489	398	262.02	97.53	282.84	161.35	272.43	129.44	282.08	204.07	712.27	326.83	208.20	707.50					739.53	739.53	4.73	4.15	0	0				
07/12/2018	3.3.2	Gaze Project	O4	3	M	Bilingual	G130	06/09/2018	89100	1280 x 720		Raw Data	attention.avi	190	0	900	720									3472	10:15:52.493	1536226326266878															0	306		Fixation	8	502	354	1.19	249.68	172.01																				414	624	479	692	354	658	416	468	416	250.45	96.92	277.90	147.52	264.18	122.22	283.24	208.81	725.72	327.55	213.05	721.75					753.81	753.81	4.97	4.46	0	0				
07/12/2018	3.3.2	Gaze Project	O4	3	M	Bilingual	G130	06/09/2018	89100	1280 x 720		Raw Data	attention.avi	190	0	900	720									3480	10:15:52.501	1536226326275231															0	307		Fixation	8	487	326	1.01	118.10	228.42																				415	648	461	677	326	662	393	472	393	260.18	104.32	271.64	158.77	265.91	131.55	282.12	203.94	712.33	327.64	213.46	722.94					739.54	739.54	4.68	4.37	0	0				
07/12/2018	3.3.2	Gaze Project	O4	3	M	Bilingual	G130	06/09/2018	89100	1280 x 720		Raw Data	attention.avi	190	0	900	720									3489	10:15:52.509	1536226326283500															0			Unclassified	8																									416	635	467			635	467	445	467	254.94	101.85					282.15	204.05	712.22		-34.01						739.48		4.47		0	4				
07/12/2018	3.3.2	Gaze Project	O4	3	M	Bilingual	G130	06/09/2018	89100	1280 x 720		Raw Data	attention.avi	190	0	900	720									3497	10:15:52.518	1536226326291826															0	308		Fixation	8	473	357	1.08	245.76	127.66																				417	624	372	663	357	643	364	453	364	250.67	140.34	265.97	146.21	258.32	143.27	282.17	204.05	712.22	326.93	208.08	707.55					739.47	739.47	4.24	4.16	0	0				
07/12/2018	3.3.2	Gaze Project	O4	3	M	Bilingual	G130	06/09/2018	89100	1280 x 720		Raw Data	attention.avi	190	0	900	720									3505	10:15:52.526	1536226326300174															0	309		Fixation	8	501	344	0.98	24.98	139.21																				418	662	499	691	344	676	421	486	421	265.66	89.14	277.29	151.22	271.48	120.18	283.43	209.26	727.01	329.90	215.29	727.31					755.19	755.19	4.91	4.50	0	0				
07/12/2018	3.3.2	Gaze Project	O4	3	M	Bilingual	G130	06/09/2018	89100	1280 x 720		Raw Data	attention.avi	190	0	900	720									3514	10:15:52.534	1536226326308547															0	310		Fixation	8	464	282	2.29	120.75	95.77																				419	645	484	654	282	649	383	459	383	258.87	94.88	262.36	176.37	260.62	135.62	282.19	204.17	712.54	327.61	212.77	720.89					739.82	739.82	4.65	4.28	0	0				
07/12/2018	3.3.2	Gaze Project	O4	3	M	Bilingual	G130	06/09/2018	89100	1280 x 720		Raw Data	attention.avi	190	0	900	720									3522	10:15:52.543	1536226326316813															0	311		Fixation	8	495	386	3.44	286.55	165.80																				420	692	453	685	386	688	419	498	419	277.92	107.60	275.14	134.39	276.53	120.99	282.07	207.36	722.28	327.64	212.89	721.20					750.06	750.06	4.72	4.61	0	0				
07/12/2018	3.3.2	Gaze Project	O4	3	M	Bilingual	G130	06/09/2018	89100	1280 x 720		Raw Data	attention.avi	190	0	900	720									3530	10:15:52.551	1536226326325164															0	312		Fixation	8	536	316	2.56	59.72	133.17																				421	632	469	726	316	679	392	489	392	253.62	101.21	291.40	162.71	272.51	131.96	282.22	204.11	712.31	327.65	212.89	721.19					739.58	739.58	4.72	4.40	0	0				
07/12/2018	3.3.2	Gaze Project	O4	3	M	Bilingual	G130	06/09/2018	89100	1280 x 720		Raw Data	attention.avi	190	0	900	720									3539	10:15:52.559	1536226326333495															0			Unclassified	8																									422	665	475			665	475	475	475	266.87	98.63					282.24	204.08	712.20		-34.01						739.47		4.87		0	4				
07/12/2018	3.3.2	Gaze Project	O4	3	M	Bilingual	G130	06/09/2018	89100	1280 x 720		Raw Data	attention.avi	190	0	900	720									3547	10:15:52.568	1536226326341845															0			Unclassified	8																									423	608	414			608	414	418	414	243.95	123.25					282.24	203.96	712.25		-34.01						739.47		4.47		0	4				
07/12/2018	3.3.2	Gaze Project	O4	3	M	Bilingual	G130	06/09/2018	89100	1280 x 720		Raw Data	attention.avi	190	0	900	720									3555	10:15:52.576	1536226326350216															0	313		Fixation	8	508	314	0.90	175.90	116.18																				424	649	370	698	314	673	342	483	342	260.46	140.87	280.04	163.57	270.25	152.22	282.26	204.07	712.09	327.04	208.31	707.69					739.36	739.36	3.90	4.19	0	0				
07/12/2018	3.3.2	Gaze Project	O4	3	M	Bilingual	G130	06/09/2018	89100	1280 x 720		Raw Data	attention.avi	190	0	900	720									3564	10:15:52.584	1536226326358472															0	314		Fixation	8	501	214	3.23	93.99	278.09																				425	622	413	691	214	656	313	466	313	249.87	123.46	277.35	203.61	263.61	163.53	282.27	204.06	712.06	327.66	212.59	720.32					739.33	739.33	4.42	3.95	0	0				
07/12/2018	3.3.2	Gaze Project	O4	3	M	Bilingual	G130	06/09/2018	89100	1280 x 720		Raw Data	attention.avi	190	0	900	720									3572	10:15:52.593	1536226326366818															0	315		Fixation	8	463	540	10.30	263.37	169.38																				426	682	498	653	540	667	519	477	519	273.76	89.23	261.97	72.45	267.86	80.84	282.27	203.94	712.11	329.52	214.18	724.03					739.34	739.34	4.61	4.93	0	0				
07/12/2018	3.3.2	Gaze Project	O4	3	M	Bilingual	G130	06/09/2018	89100	1280 x 720		Raw Data	attention.avi	190	0	900	720									3580	10:15:52.601	1536226326375170															0			Unclassified	8																									427	675	312			675	312	485	312	270.84	164.14					282.29	204.10	712.11		-34.01						739.39		4.23		0	4				
07/12/2018	3.3.2	Gaze Project	O4	3	M	Bilingual	G130	06/09/2018	89100	1280 x 720		Raw Data	attention.avi	190	0	900	720									3589	10:15:52.609	1536226326383530															0	316		Fixation	8	450	438	3.22	97.24	193.87																				428	642	425	640	438	641	431	451	431	257.75	118.84	256.82	113.61	257.28	116.23	282.30	204.08	712.04	327.08	208.17	707.31					739.31	739.31	4.60	4.51	0	0				
07/12/2018	3.3.2	Gaze Project	O4	3	M	Bilingual	G130	06/09/2018	89100	1280 x 720		Raw Data	attention.avi	190	0	900	720									3597	10:15:52.618	1536226326391884															0	317		Fixation	8	480	362	2.61	68.52	331.28																				429	613	448	670	362	641	405	451	405	245.93	109.64	268.92	144.23	257.43	126.94	284.17	211.73	733.92	327.10	208.18	707.36					762.55	762.55	4.96	4.39	0	0				
07/12/2018	3.3.2	Gaze Project	O4	3	M	Bilingual	G130	06/09/2018	89100	1280 x 720		Raw Data	attention.avi	190	0	900	720									3605	10:15:52.626	1536226326400136															0	318		Fixation	8	449	411	1.82	237.76	169.24																				430	655	479	639	411	647	445	457	445	263.11	97.10	256.48	124.30	259.80	110.70	282.33	204.10	712.08	331.18	217.90	734.72					739.36	739.36	4.77	4.75	0	0				
07/12/2018	3.3.2	Gaze Project	O4	3	M	Bilingual	G130	06/09/2018	89100	1280 x 720		Raw Data	attention.avi	190	0	900	720									3614	10:15:52.634	1536226326408477															0	319		Fixation	8	489	437	1.49	326.89	89.13																				431	656	481	679	437	667	459	477	459	263.51	96.39	272.73	113.87	268.12	105.13	282.22	206.93	720.75	327.73	212.31	719.56					748.48	748.48	4.61	4.71	0	0				
07/12/2018	3.3.2	Gaze Project	O4	3	M	Bilingual	G130	06/09/2018	89100	1280 x 720		Raw Data	attention.avi	190	0	900	720									3622	10:15:52.643	1536226326416844															0	320		Fixation	8	495	389	1.51	82.90	116.01																				432	638	464	685	389	661	426	471	426	256.08	103.11	275.15	133.16	265.62	118.13	282.35	204.09	712.00	331.03	217.48	733.52					739.29	739.29	4.67	4.83	0	0				
07/12/2018	3.3.2	Gaze Project	O4	3	M	Bilingual	G130	06/09/2018	89100	1280 x 720		Raw Data	attention.avi	190	0	900	720									3630	10:15:52.651	1536226326425197															0	321		Fixation	8	471	380	0.80	159.38	76.49																				433	632	478	661	380	646	429	456	429	253.62	97.63	265.30	137.07	259.46	117.35	282.35	204.12	711.99	331.18	217.86	734.57					739.28	739.28	4.76	4.82	0	0				
07/12/2018	3.3.2	Gaze Project	O4	3	M	Bilingual	G130	06/09/2018	89100	1280 x 720		Raw Data	attention.avi	190	0	900	720									3639	10:15:52.659	1536226326433465															0	322		Fixation	8	431	276	3.53	110.98	311.59																				434	578	372	621	276	599	324	409	324	231.98	140.10	249.07	178.72	240.53	159.41	282.32	204.13	711.88	327.07	208.21	707.29					739.19	739.19	4.53	4.03	0	0				
07/12/2018	3.3.2	Gaze Project	O4	3	M	Bilingual	G130	06/09/2018	89100	1280 x 720		Raw Data	attention.avi	190	0	900	720									3647	10:15:52.668	1536226326441819															0	323		Fixation	8	351	462	6.45	246.79	135.82																				435	575	454	541	462	558	458	368	458	230.83	106.98	217.29	103.99	224.06	105.48	282.30	204.25	712.14	327.05	208.34	707.24					739.47	739.47	4.69	4.77	0	0				
07/12/2018	3.3.2	Gaze Project	O4	3	M	Bilingual	G130	06/09/2018	89100	1280 x 720		Raw Data	attention.avi	190	0	900	720									3655	10:15:52.676	1536226326450152															0	324		Fixation	8	396	335	4.27	70.55	183.75																				436	581	309	586	335	583	322	393	322	233.08	165.39	235.30	154.89	234.19	160.14	282.30	204.15	712.18	327.01	208.13	706.94					739.47	739.47	4.25	4.41	0	0				
07/12/2018	3.3.2	Gaze Project	O4	3	M	Bilingual	G130	06/09/2018	89100	1280 x 720		Raw Data	attention.avi	190	0	900	720									3664	10:15:52.684	1536226326458515															0	325		Fixation	8	394	167	5.36	90.68	20.13																				437	597	279	584	167	590	223	400	223	239.51	177.60	234.31	222.74	236.91	200.17	282.30	204.19	711.87	327.89	214.21	724.66					739.20	739.20	3.99	4.11	0	0				
07/12/2018	3.3.2	Gaze Project	O4	3	M	Bilingual	G130	06/09/2018	89100	1280 x 720		Raw Data	attention.avi	190	0	900	720									3672	10:15:52.693	1536226326466870															0	326		Fixation	8	405	291	3.92	275.05	184.37																				438	557	285	595	291	576	288	386	288	223.75	175.29	238.80	172.61	231.27	173.95	282.31	204.19	711.87	328.02	215.08	727.13					739.19	739.19	4.13	4.50	0	0				
07/12/2018	3.3.2	Gaze Project	O4	3	M	Bilingual	G130	06/09/2018	89100	1280 x 720		Raw Data	attention.avi	190	0	900	720									3680	10:15:52.701	1536226326475131															0	327		Fixation	8	445	124	5.42	76.57	161.52																				439	559	286	635	124	597	205	407	205	224.49	174.70	254.78	239.86	239.64	207.28	282.31	204.17	711.80	329.63	214.36	724.28					739.12	739.12	3.94	3.76	0	0				
07/12/2018	3.3.2	Gaze Project	O4	3	M	Bilingual	G130	06/09/2018	89100	1280 x 720		Raw Data	attention.avi	190	0	900	720									3689	10:15:52.709	1536226326483457															0	328		Fixation	8	426	167	1.49	246.23	169.66																				440	574	317	616	167	595	242	405	242	230.33	162.38	247.40	222.73	238.86	192.55	282.31	204.16	711.73	327.93	214.30	724.84					739.05	739.05	4.18	3.93	0	0				
07/12/2018	3.3.2	Gaze Project	O4	3	M	Bilingual	G130	06/09/2018	89100	1280 x 720		Raw Data	attention.avi	190	0	900	720									3697	10:15:52.718	1536226326491821															0	329		Fixation	8	399	353	6.00	261.77	15.54																				441	572	323	589	353	580	338	390	338	229.56	159.84	236.44	147.72	233.00	153.78	282.32	204.17	711.73	327.06	208.13	706.84					739.06	739.06	4.19	4.41	0	0				
07/12/2018	3.3.2	Gaze Project	O4	3	M	Bilingual	G130	06/09/2018	89100	1280 x 720		Raw Data	attention.avi	190	0	900	720									3705	10:15:52.726	1536226326500179															0	330		Fixation	8	439	215	4.58	73.88	172.12																				442	566	248	629	215	597	231	407	231	227.04	189.88	252.65	203.56	239.85	196.72	282.33	204.16	711.71	329.40	213.73	722.43					739.03	739.03	3.93	4.28	0	0				
07/12/2018	3.3.2	Gaze Project	O4	3	M	Bilingual	G130	06/09/2018	89100	1280 x 720		Raw Data	attention.avi	190	0	900	720									3714	10:15:52.734	1536226326508448															0			Unclassified	8																									443	592	332			592	332	402	332	237.55	156.35					282.34	204.15	711.65		-34.01						738.97		4.31		0	4				
07/12/2018	3.3.2	Gaze Project	O4	3	M	Bilingual	G130	06/09/2018	89100	1280 x 720		Raw Data	attention.avi	190	0	900	720									3722	10:15:52.743	1536226326516800															0	331		Fixation	8	416	333	3.84	259.01	185.12																				444	587	295	606	333	596	314	406	314	235.47	171.08	243.12	155.84	239.30	163.46	282.35	204.16	711.65	327.12	208.15	706.87					738.97	738.97	4.09	4.31	0	0				
07/12/2018	3.3.2	Gaze Project	O4	3	M	Bilingual	G130	06/09/2018	89100	1280 x 720		Raw Data	attention.avi	190	0	900	720									3730	10:15:52.751	1536226326525128															0	332		Fixation	8	433	318	0.73	41.52	142.51																				445	558	338	623	318	590	328	400	328	223.96	153.76	250.20	161.79	237.08	157.77	282.37	204.05	711.69	327.13	208.03	706.91					738.98	738.98	4.23	4.27	0	0				
07/12/2018	3.3.2	Gaze Project	O4	3	M	Bilingual	G130	06/09/2018	89100	1280 x 720		Raw Data	attention.avi	190	0	900	720									3739	10:15:52.759	1536226326533493															0			Unclassified	8																									446	552	296			552	296	362	296	221.40	170.58					282.39	204.11	711.44		-34.01						738.76		3.98		0	4				
07/12/2018	3.3.2	Gaze Project	O4	3	M	Bilingual	G130	06/09/2018	89100	1280 x 720		Raw Data	attention.avi	190	0	900	720									3747	10:15:52.768	1536226326541848															0	333		Fixation	8	453	264	1.86	69.74	28.22																				447	598	261	643	264	620	262	430	262	240.14	185.03	258.20	183.58	249.17	184.31	282.41	204.09	711.36	327.16	208.08	706.67					738.68	738.68	3.99	4.03	0	0				
07/12/2018	3.3.2	Gaze Project	O4	3	M	Bilingual	G130	06/09/2018	89100	1280 x 720		Raw Data	attention.avi	190	0	900	720									3755	10:15:52.776	1536226326550117															0	334		Fixation	8	418	208	2.14	121.92	52.19																				448	613	280	608	208	610	244	420	244	246.08	177.28	244.20	206.07	245.14	191.67	282.43	204.09	711.35	327.19	208.08	706.68					738.67	738.67	3.81	3.89	0	0				
07/12/2018	3.3.2	Gaze Project	O4	3	M	Bilingual	G130	06/09/2018	89100	1280 x 720		Raw Data	attention.avi	190	0	900	720									3764	10:15:52.784	1536226326558456															0	335		Fixation	8	417	270	2.01	269.08	147.16																				449	563	361	607	270	585	315	395	315	225.85	144.43	243.85	181.16	234.85	162.80	282.45	204.06	711.27	327.22	208.06	706.64					738.59	738.59	4.19	4.18	0	0				
07/12/2018	3.3.2	Gaze Project	O4	3	M	Bilingual	G130	06/09/2018	89100	1280 x 720		Raw Data	attention.avi	190	0	900	720									3772	10:15:52.793	1536226326566803															0			Unclassified	8																									450	600	188			600	188	410	188	240.87	214.34					282.50	204.18	711.22		-34.01						738.58		3.47		0	4				
07/12/2018	3.3.2	Gaze Project	O4	3	M	Bilingual	G130	06/09/2018	89100	1280 x 720		Raw Data	attention.avi	190	0	900	720									3780	10:15:52.801	1536226326575160															0			Unclassified	8																									451	586	290			586	290	396	290	235.29	173.24					282.51	204.03	711.31		-34.01						738.62		3.72		0	4				
07/12/2018	3.3.2	Gaze Project	O4	3	M	Bilingual	G130	06/09/2018	89100	1280 x 720		Raw Data	attention.avi	190	0	900	720									3789	10:15:52.809	1536226326583518															0	336		Fixation	8	420	266	0.16	53.22	144.14																				452	559	297	610	266	584	281	394	281	224.45	170.40	244.79	182.78	234.62	176.59	282.54	204.00	711.32	327.31	207.94	706.52					738.62	738.62	3.96	4.10	0	0				
07/12/2018	3.3.2	Gaze Project	O4	3	M	Bilingual	G130	06/09/2018	89100	1280 x 720		Raw Data	attention.avi	190	0	900	720									3797	10:15:52.818	1536226326591776															0	337		Fixation	8	448	207	2.11	64.68	11.46																				453	577	302	638	207	607	254	417	254	231.72	168.32	256.15	206.74	243.93	187.53	282.58	203.97	711.36	327.34	207.78	706.58					738.65	738.65	3.93	3.82	0	0				
07/12/2018	3.3.2	Gaze Project	O4	3	M	Bilingual	G130	06/09/2018	89100	1280 x 720		Raw Data	attention.avi	190	0	900	720									3805	10:15:52.826	1536226326600115															0	338		Fixation	8	476	166	1.59	55.76	351.07																				454	577	307	666	166	621	236	431	236	231.69	166.45	267.29	223.14	249.49	194.80	282.62	203.83	711.13	328.08	212.65	720.68					738.38	738.38	4.06	3.54	0	0				
07/12/2018	3.3.2	Gaze Project	O4	3	M	Bilingual	G130	06/09/2018	89100	1280 x 720		Raw Data	attention.avi	190	0	900	720									3814	10:15:52.834	1536226326608471															0	339		Fixation	8	409	303	4.89	244.01	188.26																				455	553	325	599	303	576	314	386	314	222.15	158.99	240.36	167.73	231.25	163.36	282.66	203.78	711.17	327.44	207.83	706.72					738.41	738.41	3.93	4.21	0	0				
07/12/2018	3.3.2	Gaze Project	O4	3	M	Bilingual	G130	06/09/2018	89100	1280 x 720		Raw Data	attention.avi	190	0	900	720									3822	10:15:52.843	1536226326616828															0			Unclassified	8																									456	570	339			570	339	380	339	228.61	153.24					282.72	203.70	711.14		-34.01						738.36		4.00		0	4				
07/12/2018	3.3.2	Gaze Project	O4	3	M	Bilingual	G130	06/09/2018	89100	1280 x 720		Raw Data	attention.avi	190	0	900	720									3830	10:15:52.851	1536226326625106															0	340		Fixation	8	460	199	3.71	63.95	179.94																				457	588	352	650	199	619	275	429	275	235.94	148.02	261.01	209.80	248.47	178.91	282.77	203.66	711.19	328.24	212.48	720.81					738.39	738.39	4.00	3.83	0	0				
07/12/2018	3.3.2	Gaze Project	O4	3	M	Bilingual	G130	06/09/2018	89100	1280 x 720		Raw Data	attention.avi	190	0	900	720									3839	10:15:52.859	1536226326633454															0	341		Fixation	8	420	334	4.51	253.55	189.60																				458	576	320	610	334	593	327	403	327	231.18	161.23	244.79	155.31	237.98	158.27	282.83	203.56	711.10	327.59	207.51	706.44					738.28	738.28	3.95	4.13	0	0				
07/12/2018	3.3.2	Gaze Project	O4	3	M	Bilingual	G130	06/09/2018	89100	1280 x 720		Raw Data	attention.avi	190	0	900	720									3847	10:15:52.868	1536226326641784															0	342		Fixation	8	410	246	2.87	96.46	202.92																				459	568	321	600	246	584	283	394	283	228.11	160.83	240.97	190.73	234.54	175.78	282.90	203.54	711.23	327.67	207.53	706.73					738.40	738.40	4.04	3.95	0	0				
07/12/2018	3.3.2	Gaze Project	O4	3	M	Bilingual	G130	06/09/2018	89100	1280 x 720		Raw Data	attention.avi	190	0	900	720									3855	10:15:52.876	1536226326650143															0	343		Fixation	8	431	274	1.12	306.78	210.32																				460	556	294	621	274	588	284	398	284	223.04	171.67	249.19	179.57	236.12	175.62	282.97	203.47	711.21	328.48	212.45	721.45					738.36	738.36	3.96	4.14	0	0				
07/12/2018	3.3.2	Gaze Project	O4	3	M	Bilingual	G130	06/09/2018	89100	1280 x 720		Raw Data	attention.avi	190	0	900	720									3864	10:15:52.884	1536226326658503															0	344		Fixation	8	432	282	0.26	277.10	330.32																				461	574	304	622	282	598	293	408	293	230.36	167.47	249.75	176.45	240.06	171.96	283.06	203.43	711.26	328.47	211.68	719.49					738.40	738.40	4.02	4.34	0	0				
07/12/2018	3.3.2	Gaze Project	O4	3	M	Bilingual	G130	06/09/2018	89100	1280 x 720		Raw Data	attention.avi	190	0	900	720									3872	10:15:52.893	1536226326666769															0	345		Fixation	8	462	183	3.29	73.19	156.09																				462	574	282	652	183	613	232	423	232	230.54	176.33	261.56	216.24	246.05	196.29	283.15	203.36	711.25	328.61	211.95	720.50					738.37	738.37	3.80	3.84	0	0				
07/12/2018	3.3.2	Gaze Project	O4	3	M	Bilingual	G130	06/09/2018	89100	1280 x 720		Raw Data	attention.avi	190	0	900	720									3880	10:15:52.901	1536226326675111															0	346		Fixation	8	408	388	6.72	255.29	182.10																				463	553	244	598	388	575	316	385	316	221.85	191.87	240.04	133.80	230.95	162.83	283.27	203.45	711.21	328.66	211.47	719.34					738.37	738.37	3.76	4.59	0	0				
07/12/2018	3.3.2	Gaze Project	O4	3	M	Bilingual	G130	06/09/2018	89100	1280 x 720		Raw Data	attention.avi	190	0	900	720									3889	10:15:52.909	1536226326683460															0	347		Fixation	8	415	243	4.60	87.25	191.96																				464	581	337	605	243	593	290	403	290	233.11	154.12	242.68	192.14	237.89	173.13	283.36	203.27	711.31	329.97	211.56	719.10					738.40	738.40	3.96	4.13	0	0				
07/12/2018	3.3.2	Gaze Project	O4	3	M	Bilingual	G130	06/09/2018	89100	1280 x 720		Raw Data	attention.avi	190	0	900	720									3897	10:15:52.918	1536226326691815															0	348		Fixation	8	435	265	0.95	312.18	224.94																				465	596	159	625	265	610	212	420	212	239.25	225.73	250.68	183.42	244.96	204.58	284.75	208.48	726.25	328.26	207.18	707.13					754.27	754.27	3.73	4.10	0	0				
07/12/2018	3.3.2	Gaze Project	O4	3	M	Bilingual	G130	06/09/2018	89100	1280 x 720		Raw Data	attention.avi	190	0	900	720									3905	10:15:52.926	1536226326700168															0	349		Fixation	8	412	414	4.85	261.25	309.07																				466	604	254	602	414	603	334	413	334	242.62	187.60	241.61	123.25	242.12	155.43	283.59	203.23	711.46	328.36	207.23	707.11					738.55	738.55	3.77	4.48	0	0				
07/12/2018	3.3.2	Gaze Project	O4	3	M	Bilingual	G130	06/09/2018	89100	1280 x 720		Raw Data	attention.avi	190	0	900	720									3914	10:15:52.934	1536226326708431															0	350		Fixation	8	426	244	5.49	85.31	184.05																				467	556	194	616	244	586	219	396	219	223.05	211.75	247.30	191.82	235.17	201.78	283.73	203.33	711.42	328.48	206.94	707.23					738.54	738.54	3.18	4.00	0	0				
07/12/2018	3.3.2	Gaze Project	O4	3	M	Bilingual	G130	06/09/2018	89100	1280 x 720		Raw Data	attention.avi	190	0	900	720									3922	10:15:52.943	1536226326716755															0	351		Fixation	8	396	391	4.83	258.50	173.19																				468	607	296	586	391	596	343	406	343	243.79	170.70	235.22	132.68	239.51	151.69	283.81	203.21	711.64	328.62	207.11	707.55					738.71	738.71	3.94	4.38	0	0				
07/12/2018	3.3.2	Gaze Project	O4	3	M	Bilingual	G130	06/09/2018	89100	1280 x 720		Raw Data	attention.avi	190	0	900	720									3930	10:15:52.951	1536226326725113															0	352		Fixation	8	376	423	1.19	238.08	339.58																				469	563	331	566	423	564	377	374	377	225.85	156.61	227.11	119.47	226.48	138.04	283.93	203.23	711.82	328.74	207.16	707.53					738.89	738.89	3.91	4.43	0	0				
07/12/2018	3.3.2	Gaze Project	O4	3	M	Bilingual	G130	06/09/2018	89100	1280 x 720		Raw Data	attention.avi	190	0	900	720									3939	10:15:52.959	1536226326733482															0	353		Fixation	8	401	349	2.46	71.39	193.31																				470	594	330	591	349	592	339	402	339	238.58	157.08	237.37	149.35	237.97	153.21	284.05	203.22	711.95	329.57	211.72	721.66					739.02	739.02	3.73	4.47	0	0				
07/12/2018	3.3.2	Gaze Project	O4	3	M	Bilingual	G130	06/09/2018	89100	1280 x 720		Raw Data	attention.avi	190	0	900	720									3947	10:15:52.968	1536226326741743															0	354		Fixation	8	375	300	1.77	117.87	46.49																				471	610	271	565	300	587	285	397	285	245.03	180.86	226.65	169.16	235.84	175.01	284.16	203.21	712.08	328.98	207.06	708.11					739.14	739.14	3.69	4.34	0	0				
07/12/2018	3.3.2	Gaze Project	O4	3	M	Bilingual	G130	06/09/2018	89100	1280 x 720		Raw Data	attention.avi	190	0	900	720									3955	10:15:52.976	1536226326750099															0	355		Fixation	8	379	334	1.10	276.69	158.81																				472	607	250	569	334	588	292	398	292	243.83	189.39	228.55	155.62	236.19	172.51	284.27	203.22	712.28	329.08	206.95	708.06					739.33	739.33	3.52	4.32	0	0				
07/12/2018	3.3.2	Gaze Project	O4	3	M	Bilingual	G130	06/09/2018	89100	1280 x 720		Raw Data	attention.avi	190	0	900	720									3964	10:15:52.984	1536226326758437															0	356		Fixation	8	376	420	2.75	268.01	351.32																				473	602	283	566	420	584	351	394	351	241.74	176.13	227.17	120.83	234.46	148.48	284.36	203.22	712.47	329.19	206.98	708.39					739.52	739.52	3.62	4.56	0	0				
07/12/2018	3.3.2	Gaze Project	O4	3	M	Bilingual	G130	06/09/2018	89100	1280 x 720		Raw Data	attention.avi	190	0	900	720									3972	10:15:52.993	1536226326766801															0	357		Fixation	8	398	394	1.07	49.85	141.85																				474	573	403	588	394	580	398	390	398	229.98	127.54	235.87	131.12	232.93	129.33	284.46	203.27	712.84	329.28	206.78	708.47					739.89	739.89	4.19	4.42	0	0				
07/12/2018	3.3.2	Gaze Project	O4	3	M	Bilingual	G130	06/09/2018	89100	1280 x 720		Raw Data	attention.avi	190	0	900	720									3980	10:15:53.001	1536226326775150															0	358		Fixation	8	418	333	2.05	71.90	22.05																				475	567	326	608	333	587	329	397	329	227.53	158.56	244.10	156.03	235.81	157.30	284.55	203.19	712.80	329.38	206.94	708.84					739.83	739.83	4.02	4.29	0	0				
07/12/2018	3.3.2	Gaze Project	O4	3	M	Bilingual	G130	06/09/2018	89100	1280 x 720		Raw Data	attention.avi	190	0	900	720									3989	10:15:53.009	1536226326783423															0	359		Fixation	8	414	357	0.78	260.57	188.67																				476	576	310	604	357	590	333	400	333	231.05	165.04	242.35	146.30	236.70	155.67	284.63	203.17	713.00	329.46	206.87	708.97					740.02	740.02	3.95	4.43	0	0				
07/12/2018	3.3.2	Gaze Project	O4	3	M	Bilingual	G130	06/09/2018	89100	1280 x 720		Raw Data	attention.avi	190	0	900	720									3997	10:15:53.018	1536226326791749															0	360		Fixation	8	394	354	0.64	171.44	270.87																				477	562	305	584	354	573	329	383	329	225.70	167.00	234.42	147.28	230.06	157.14	284.71	203.15	713.18	329.54	206.67	709.05					740.18	740.18	3.94	4.35	0	0				
07/12/2018	3.3.2	Gaze Project	O4	3	M	Bilingual	G130	06/09/2018	89100	1280 x 720		Raw Data	attention.avi	190	0	900	720									4005	10:15:53.026	1536226326800108															0			Unclassified	8																									478	579	341			579	341	389	341	232.56	152.70					284.79	203.16	713.45		-34.01						740.44		3.93		0	4				
07/12/2018	3.3.2	Gaze Project	O4	3	M	Bilingual	G130	06/09/2018	89100	1280 x 720		Raw Data	attention.avi	190	0	900	720									4014	10:15:53.034	1536226326808467															0	361		Fixation	8	385	380	0.88	250.96	79.52																				479	585	409	575	380	580	394	390	394	234.95	125.25	230.69	136.78	232.82	131.01	284.86	203.15	713.67	329.64	206.71	709.03					740.65	740.65	4.22	4.40	0	0				
07/12/2018	3.3.2	Gaze Project	O4	3	M	Bilingual	G130	06/09/2018	89100	1280 x 720		Raw Data	attention.avi	190	0	900	720									4022	10:15:53.043	1536226326816826															0	362		Fixation	8	419	395	1.19	336.13	85.16																				480	568	350	609	395	588	372	398	372	228.02	148.93	244.43	130.93	236.23	139.93	284.92	203.10	713.74	329.72	206.40	709.16					740.70	740.70	4.05	4.45	0	0				
07/12/2018	3.3.2	Gaze Project	O4	3	M	Bilingual	G130	06/09/2018	89100	1280 x 720		Raw Data	attention.avi	190	0	900	720									4030	10:15:53.051	1536226326825082															0	363		Fixation	8	400	345	1.72	110.75	134.62																				481	582	213	590	345	586	279	396	279	233.47	204.04	237.00	150.94	235.23	177.49	285.98	207.13	725.36	329.84	206.83	710.31					753.04	753.04	3.82	4.19	0	0				
07/12/2018	3.3.2	Gaze Project	O4	3	M	Bilingual	G130	06/09/2018	89100	1280 x 720		Raw Data	attention.avi	190	0	900	720									4039	10:15:53.059	1536226326833418															0	364		Fixation	8	427	324	1.09	37.96	287.22																				482	580	377	617	324	598	350	408	350	232.98	138.22	247.83	159.61	240.40	148.92	285.05	203.16	714.39	329.88	206.73	710.29					741.35	741.35	4.17	4.14	0	0				
07/12/2018	3.3.2	Gaze Project	O4	3	M	Bilingual	G130	06/09/2018	89100	1280 x 720		Raw Data	attention.avi	190	0	900	720									4047	10:15:53.068	1536226326841781															0	365		Fixation	8	423	290	1.10	96.69	58.72																				483	604	295	613	290	608	292	418	292	242.28	171.14	246.00	173.23	244.14	172.18	285.10	203.18	714.69	329.95	206.77	710.67					741.64	741.64	3.91	4.20	0	0				
07/12/2018	3.3.2	Gaze Project	O4	3	M	Bilingual	G130	06/09/2018	89100	1280 x 720		Raw Data	attention.avi	190	0	900	720									4055	10:15:53.076	1536226326850136															0	366		Fixation	8	391	381	3.08	250.68	154.00																				484	545	328	581	381	563	354	373	354	218.88	158.03	233.33	136.60	226.10	147.31	285.15	203.12	714.69	330.01	206.78	710.92					741.62	741.62	4.00	4.36	0	0				
07/12/2018	3.3.2	Gaze Project	O4	3	M	Bilingual	G130	06/09/2018	89100	1280 x 720		Raw Data	attention.avi	190	0	900	720									4064	10:15:53.084	1536226326858406															0	367		Fixation	8	410	333	1.64	68.47	177.78																				485	578	394	600	333	589	363	399	363	232.08	131.24	240.98	155.66	236.53	143.45	285.20	203.18	715.07	330.04	206.72	710.98					742.00	742.00	4.16	4.25	0	0				
07/12/2018	3.3.2	Gaze Project	O4	3	M	Bilingual	G130	06/09/2018	89100	1280 x 720		Raw Data	attention.avi	190	0	900	720									4072	10:15:53.093	1536226326866747															0	368		Fixation	8	408	351	0.58	263.68	195.21																				486	546	299	598	351	572	325	382	325	219.15	169.38	239.98	148.45	229.56	158.92	285.24	203.21	715.33	330.09	206.79	711.39					742.26	742.26	3.84	4.21	0	0				
07/12/2018	3.3.2	Gaze Project	O4	3	M	Bilingual	G130	06/09/2018	89100	1280 x 720		Raw Data	attention.avi	190	0	900	720									4080	10:15:53.101	1536226326875091															0	369		Fixation	8	378	341	0.99	161.51	257.83																				487	572	258	568	341	570	299	380	299	229.68	186.10	227.84	152.43	228.76	169.26	285.28	203.23	715.55	330.92	211.84	726.56					742.48	742.48	3.79	4.54	0	0				
07/12/2018	3.3.2	Gaze Project	O4	3	M	Bilingual	G130	06/09/2018	89100	1280 x 720		Raw Data	attention.avi	190	0	900	720									4089	10:15:53.109	1536226326883433															0	370		Fixation	8	425	307	1.82	35.97	234.46																				488	585	387	615	307	600	347	410	347	234.83	133.90	246.72	166.37	240.77	150.14	285.31	203.36	716.06	330.15	206.76	711.66					743.00	743.00	4.15	4.07	0	0				
07/12/2018	3.3.2	Gaze Project	O4	3	M	Bilingual	G130	06/09/2018	89100	1280 x 720		Raw Data	attention.avi	190	0	900	720									4097	10:15:53.118	1536226326891808															0	371		Fixation	8	399	389	2.74	252.46	216.49																				489	577	344	589	389	583	366	393	366	231.64	151.40	236.33	133.23	233.98	142.32	285.33	203.28	716.00	330.18	206.83	712.04					742.92	742.92	3.96	4.39	0	0				
07/12/2018	3.3.2	Gaze Project	O4	3	M	Bilingual	G130	06/09/2018	89100	1280 x 720		Raw Data	attention.avi	190	0	900	720									4105	10:15:53.126	1536226326900066															0	372		Fixation	8	425	280	3.54	76.63	184.16																				490	572	373	615	280	593	326	403	326	229.71	139.70	246.71	177.34	238.21	158.52	285.37	203.39	716.43	330.87	211.03	724.71					743.36	743.36	4.05	4.22	0	0				
07/12/2018	3.3.2	Gaze Project	O4	3	M	Bilingual	G130	06/09/2018	89100	1280 x 720		Raw Data	attention.avi	190	0	900	720									4114	10:15:53.134	1536226326908396															0	373		Fixation	8	402	272	0.75	160.76	84.14																				491	592	422	592	272	592	347	402	347	237.73	120.12	237.69	180.59	237.71	150.36	285.39	203.42	716.64	334.59	216.95	741.19					743.57	743.57	4.22	4.33	0	0				
07/12/2018	3.3.2	Gaze Project	O4	3	M	Bilingual	G130	06/09/2018	89100	1280 x 720		Raw Data	attention.avi	190	0	900	720									4122	10:15:53.143	1536226326916762															0	374		Fixation	8	404	296	0.76	274.75	113.98																				492	594	346	594	296	594	321	404	321	238.60	150.52	238.60	170.76	238.60	160.64	285.41	203.55	717.13	330.25	206.87	712.55					744.08	744.08	4.01	4.16	0	0				
07/12/2018	3.3.2	Gaze Project	O4	3	M	Bilingual	G130	06/09/2018	89100	1280 x 720		Raw Data	attention.avi	190	0	900	720									4130	10:15:53.151	1536226326925118															0	375		Fixation	8	383	388	3.00	257.18	342.43																				493	614	346	573	388	593	367	403	367	246.56	150.77	230.17	133.63	238.36	142.20	285.44	203.60	717.38	330.28	206.97	712.93					744.33	744.33	3.99	4.36	0	0				
07/12/2018	3.3.2	Gaze Project	O4	3	M	Bilingual	G130	06/09/2018	89100	1280 x 720		Raw Data	attention.avi	190	0	900	720									4139	10:15:53.159	1536226326933396															0	376		Fixation	8	418	351	1.61	46.68	149.50																				494	594	306	608	351	601	328	411	328	238.28	166.58	243.93	148.79	241.11	157.68	289.41	218.83	761.93	330.28	206.83	712.98					791.54	791.54	4.28	4.45	0	0				
07/12/2018	3.3.2	Gaze Project	O4	3	M	Bilingual	G130	06/09/2018	89100	1280 x 720		Raw Data	attention.avi	190	0	900	720									4147	10:15:53.168	1536226326941737															0	377		Fixation	8	409	322	0.97	107.19	60.51																				495	576	366	599	322	587	344	397	344	231.16	142.72	240.38	160.10	235.77	151.41	285.49	203.61	717.58	330.27	207.03	712.90					744.53	744.53	3.99	4.23	0	0				
07/12/2018	3.3.2	Gaze Project	O4	3	M	Bilingual	G130	06/09/2018	89100	1280 x 720		Raw Data	attention.avi	190	0	900	720									4155	10:15:53.176	1536226326950073															0	378		Fixation	8	406	312	0.33	106.65	359.46																				496	580	412	596	312	588	362	398	362	233.01	124.05	239.26	164.50	236.14	144.28	285.50	203.64	717.74	330.34	207.07	713.47					744.69	744.69	4.48	4.06	0	0				
07/12/2018	3.3.2	Gaze Project	O4	3	M	Bilingual	G130	06/09/2018	89100	1280 x 720		Raw Data	attention.avi	190	0	900	720									4164	10:15:53.184	1536226326958428															0	379		Fixation	8	417	325	0.54	310.15	203.50																				497	572	361	607	325	589	343	399	343	229.48	144.60	243.57	159.09	236.52	151.85	285.53	203.70	717.99	330.33	207.17	713.43					744.94	744.94	4.00	4.24	0	0				
07/12/2018	3.3.2	Gaze Project	O4	3	M	Bilingual	G130	06/09/2018	89100	1280 x 720		Raw Data	attention.avi	190	0	900	720									4172	10:15:53.193	1536226326966791															0	380		Fixation	8	418	229	3.04	89.41	139.26																				498	589	382	608	229	598	305	408	305	236.31	136.28	243.94	197.79	240.12	167.03	285.55	203.74	718.18	331.17	212.22	728.88					745.14	745.14	4.54	4.11	0	0				
07/12/2018	3.3.2	Gaze Project	O4	3	M	Bilingual	G130	06/09/2018	89100	1280 x 720		Raw Data	attention.avi	190	0	900	720									4180	10:15:53.201	1536226326975056															0	381		Fixation	8	397	420	6.06	263.75	174.34																				499	583	396	587	420	585	408	395	408	233.87	130.33	235.82	120.90	234.84	125.62	285.56	203.80	718.41	330.32	207.14	713.44					745.38	745.38	4.46	4.39	0	0				
07/12/2018	3.3.2	Gaze Project	O4	3	M	Bilingual	G130	06/09/2018	89100	1280 x 720		Raw Data	attention.avi	190	0	900	720									4189	10:15:53.209	1536226326983408															0			Unclassified	8																									500	598	411			598	411	408	411	239.97	124.49					288.29	214.52	749.59		-34.01						778.43		4.79		0	4				
07/12/2018	3.3.2	Gaze Project	O4	3	M	Bilingual	G130	06/09/2018	89100	1280 x 720		Raw Data	attention.avi	190	0	900	720									4197	10:15:53.218	1536226326991743															0	382		Fixation	8	437	253	5.46	76.57	172.83																				501	548	411	627	253	587	332	397	332	219.83	124.52	251.53	187.87	235.68	156.20	285.51	206.65	727.30	330.42	207.35	714.49					754.70	754.70	4.34	3.94	0	0				
07/12/2018	3.3.2	Gaze Project	O4	3	M	Bilingual	G130	06/09/2018	89100	1280 x 720		Raw Data	attention.avi	190	0	900	720									4205	10:15:53.226	1536226327000101															0	383		Fixation	8	434	356	3.30	268.34	191.77																				502	607	367	624	356	615	361	425	361	243.82	142.15	250.34	146.70	247.08	144.43	285.59	204.05	719.27	330.37	207.46	714.44					746.27	746.27	4.04	4.37	0	0				
07/12/2018	3.3.2	Gaze Project	O4	3	M	Bilingual	G130	06/09/2018	89100	1280 x 720		Raw Data	attention.avi	190	0	900	720									4214	10:15:53.234	1536226327008457															0	384		Fixation	8	402	319	1.56	130.76	222.43																				503	575	433	592	319	583	376	393	376	231.00	115.71	237.70	161.48	234.35	138.59	285.65	204.18	719.21	330.42	207.43	714.76					746.26	746.26	4.58	4.21	0	0				
07/12/2018	3.3.2	Gaze Project	O4	3	M	Bilingual	G130	06/09/2018	89100	1280 x 720		Raw Data	attention.avi	190	0	900	720									4222	10:15:53.243	1536226327016721															0	385		Fixation	8	393	326	0.36	217.96	87.20																				504	569	436	583	326	576	381	386	381	228.30	114.48	234.09	158.65	231.19	136.56	285.59	204.09	719.44	330.41	207.46	714.85					746.45	746.45	4.40	4.17	0	0				
07/12/2018	3.3.2	Gaze Project	O4	3	M	Bilingual	G130	06/09/2018	89100	1280 x 720		Raw Data	attention.avi	190	0	900	720									4230	10:15:53.251	1536226327025054															0	386		Fixation	8	404	259	2.13	80.71	222.74																				505			594	259	594	259	404	259			238.53	185.58						333.29	214.22	734.02						0.00		4.36	4	0				
07/12/2018	3.3.2	Gaze Project	O4	3	M	Bilingual	G130	06/09/2018	89100	1280 x 720		Raw Data	attention.avi	190	0	900	720									4239	10:15:53.259	1536226327033415															0	387		Fixation	8	394	348	2.81	263.61	182.90																				506	555	313	584	348	569	330	379	330	222.63	163.80	234.25	149.71	228.44	156.75	287.25	210.65	738.37	330.40	207.60	715.24					766.53	766.53	4.21	4.30	0	0				
07/12/2018	3.3.2	Gaze Project	O4	3	M	Bilingual	G130	06/09/2018	89100	1280 x 720		Raw Data	attention.avi	190	0	900	720									4247	10:15:53.268	1536226327041769															0	388		Fixation	8	372	301	1.64	115.01	211.40																				507	564	390	562	301	563	345	373	345	226.31	133.07	225.76	168.90	226.03	150.99	285.57	204.12	719.62	331.15	212.52	729.88					746.62	746.62	4.21	4.35	0	0				
07/12/2018	3.3.2	Gaze Project	O4	3	M	Bilingual	G130	06/09/2018	89100	1280 x 720		Raw Data	attention.avi	190	0	900	720									4255	10:15:53.276	1536226327050025															0	389		Fixation	8	401	367	2.27	293.65	178.64																				508	574	343	591	367	582	355	392	355	230.39	151.98	237.25	142.06	233.82	147.02	285.55	204.18	719.81	330.34	207.49	715.29					746.83	746.83	4.08	4.32	0	0				
07/12/2018	3.3.2	Gaze Project	O4	3	M	Bilingual	G130	06/09/2018	89100	1280 x 720		Raw Data	attention.avi	190	0	900	720									4264	10:15:53.284	1536226327058394															0	390		Fixation	8	399	316	1.60	92.24	158.59																				509	591	375	589	316	590	345	400	345	237.28	138.81	236.26	162.53	236.77	150.67	285.52	204.19	719.87	333.27	214.57	735.01					746.88	746.88	4.12	4.57	0	0				
07/12/2018	3.3.2	Gaze Project	O4	3	M	Bilingual	G130	06/09/2018	89100	1280 x 720		Raw Data	attention.avi	190	0	900	720									4272	10:15:53.293	1536226327066721															0	391		Fixation	8	380	399	2.65	257.15	164.91																				510	586	369	570	399	578	384	388	384	235.04	141.30	228.82	129.10	231.93	135.20	285.49	204.26	720.09	330.31	207.78	715.71					747.11	747.11	4.13	4.45	0	0				
07/12/2018	3.3.2	Gaze Project	O4	3	M	Bilingual	G130	06/09/2018	89100	1280 x 720		Raw Data	attention.avi	190	0	900	720									4280	10:15:53.301	1536226327075080															0	392		Fixation	8	407	369	1.26	48.10	150.96																				511	558	321	597	369	577	345	387	345	224.07	160.67	239.61	141.41	231.84	151.04	285.47	204.30	720.22	330.30	207.96	716.24					747.25	747.25	4.10	4.44	0	0				
07/12/2018	3.3.2	Gaze Project	O4	3	M	Bilingual	G130	06/09/2018	89100	1280 x 720		Raw Data	attention.avi	190	0	900	720									4289	10:15:53.309	1536226327083440															0	393		Fixation	8	403	370	0.13	194.08	145.98																				512	604	439	593	370	598	404	408	404	242.26	113.13	237.88	140.76	240.07	126.95	285.44	204.37	720.45	330.27	207.93	716.15					747.49	747.49	4.34	4.46	0	0				
07/12/2018	3.3.2	Gaze Project	O4	3	M	Bilingual	G130	06/09/2018	89100	1280 x 720		Raw Data	attention.avi	190	0	900	720									4297	10:15:53.318	1536226327091707															0			Unclassified	8																									513	590	260			590	260	400	260	236.68	185.20					286.87	210.14	737.03		-34.01						765.08		4.10		0	4				
07/12/2018	3.3.2	Gaze Project	O4	3	M	Bilingual	G130	06/09/2018	89100	1280 x 720		Raw Data	attention.avi	190	0	900	720									4305	10:15:53.326	1536226327100065															0	394		Fixation	8	386	414	1.48	248.94	54.86																				514	604	282	576	414	590	348	400	348	242.50	176.44	231.28	123.16	236.89	149.80	285.39	204.41	720.62	330.20	207.93	716.16					747.66	747.66	3.08	4.65	0	0				
07/12/2018	3.3.2	Gaze Project	O4	3	M	Bilingual	G130	06/09/2018	89100	1280 x 720		Raw Data	attention.avi	190	0	900	720									4314	10:15:53.334	1536226327108387															0	395		Fixation	8	408	304	3.55	78.73	189.79																				515	616	423	598	304	607	363	417	363	247.32	119.54	240.07	167.53	243.69	143.53	285.28	207.58	730.41	330.18	207.95	716.23					757.94	757.94	4.54	4.31	0	0				
07/12/2018	3.3.2	Gaze Project	O4	3	M	Bilingual	G130	06/09/2018	89100	1280 x 720		Raw Data	attention.avi	190	0	900	720									4322	10:15:53.343	1536226327116758															0	396		Fixation	8	365	345	1.87	223.73	145.00																				516	564	343	555	345	559	344	369	344	226.42	151.81	222.77	151.04	224.60	151.43	285.35	204.46	720.86	330.19	208.20	716.98					747.90	747.90	4.11	4.51	0	0				
07/12/2018	3.3.2	Gaze Project	O4	3	M	Bilingual	G130	06/09/2018	89100	1280 x 720		Raw Data	attention.avi	190	0	900	720									4330	10:15:53.351	1536226327125110															0	397		Fixation	8	454	269	3.60	40.59	176.86																				517	582	311	644	269	613	290	423	290	233.81	164.67	258.51	181.43	246.16	173.05	285.34	204.45	720.89	335.34	220.17	751.29					747.92	747.92	4.20	4.57	0	0				
07/12/2018	3.3.2	Gaze Project	O4	3	M	Bilingual	G130	06/09/2018	89100	1280 x 720		Raw Data	attention.avi	190	0	900	720									4339	10:15:53.359	1536226327133371															0	398		Fixation	8	398	347	2.97	234.41	193.82																				518	585	345	588	347	586	346	396	346	234.79	151.16	235.98	150.35	235.38	150.76	285.33	204.44	720.90	330.16	208.19	717.04					747.92	747.92	4.15	4.44	0	0				
07/12/2018	3.3.2	Gaze Project	O4	3	M	Bilingual	G130	06/09/2018	89100	1280 x 720		Raw Data	attention.avi	190	0	900	720									4347	10:15:53.368	1536226327141703															0	399		Fixation	8	411	259	2.79	81.62	207.21																				519	568	368	601	259	584	313	394	313	227.99	141.68	241.39	185.46	234.69	163.57	285.31	204.43	720.92	330.98	213.54	732.96					747.95	747.95	4.11	4.45	0	0				
07/12/2018	3.3.2	Gaze Project	O4	3	M	Bilingual	G130	06/09/2018	89100	1280 x 720		Raw Data	attention.avi	190	0	900	720									4355	10:15:53.376	1536226327150061															0	400		Fixation	8	376	362	3.33	251.29	169.66																				520	578	337	566	362	572	349	382	349	232.16	154.19	227.16	143.98	229.66	149.08	285.31	204.46	721.10	334.81	219.04	748.13					748.13	748.13	3.99	4.69	0	0				
07/12/2018	3.3.2	Gaze Project	O4	3	M	Bilingual	G130	06/09/2018	89100	1280 x 720		Raw Data	attention.avi	190	0	900	720									4364	10:15:53.384	1536226327158420															0	401		Fixation	8	384	301	1.86	82.55	191.26																				521	573	378	574	301	573	339	383	339	229.85	137.56	230.21	168.86	230.03	153.21	285.30	204.48	721.20	334.70	218.81	747.51					748.22	748.22	4.16	4.61	0	0				
07/12/2018	3.3.2	Gaze Project	O4	3	M	Bilingual	G130	06/09/2018	89100	1280 x 720		Raw Data	attention.avi	190	0	900	720									4372	10:15:53.393	1536226327166699															0	402		Fixation	8	400	342	1.37	291.26	208.70																				522	620	449	590	342	605	395	415	395	249.04	109.07	236.65	152.09	242.85	130.58	285.29	204.49	721.27	330.12	208.20	717.23					748.30	748.30	4.60	4.29	0	0				
07/12/2018	3.3.2	Gaze Project	O4	3	M	Bilingual	G130	06/09/2018	89100	1280 x 720		Raw Data	attention.avi	190	0	900	720									4380	10:15:53.401	1536226327175037															0	403		Fixation	8	421	317	1.02	50.06	118.80																				523	601	477	611	317	606	397	416	397	241.35	97.68	245.07	162.31	243.21	130.00	285.15	209.02	735.08	330.92	213.43	732.82					762.81	762.81	4.63	4.51	0	0				
07/12/2018	3.3.2	Gaze Project	O4	3	M	Bilingual	G130	06/09/2018	89100	1280 x 720		Raw Data	attention.avi	190	0	900	720									4389	10:15:53.409	1536226327183377															0	404		Fixation	8	430	302	0.55	59.12	9.06																				524	595	352	620	302	607	327	417	327	238.84	148.12	248.79	168.14	243.81	158.13	285.28	204.50	721.41	330.12	208.34	717.72					748.43	748.43	4.13	4.31	0	0				
07/12/2018	3.3.2	Gaze Project	O4	3	M	Bilingual	G130	06/09/2018	89100	1280 x 720		Raw Data	attention.avi	190	0	900	720									4397	10:15:53.418	1536226327191718															0	405		Fixation	8	390	337	1.67	221.28	162.16																				525	577	275	580	337	578	306	388	306	231.43	179.32	232.74	154.10	232.08	166.71	285.27	204.63	721.35	330.10	208.21	717.78					748.42	748.42	3.86	4.37	0	0				
07/12/2018	3.3.2	Gaze Project	O4	3	M	Bilingual	G130	06/09/2018	89100	1280 x 720		Raw Data	attention.avi	190	0	900	720									4405	10:15:53.426	1536226327200089															0	406		Fixation	8	410	390	1.80	290.61	69.34																				526	581	228	600	390	590	309	400	309	233.11	197.96	240.66	132.97	236.89	165.47	285.26	204.62	721.35	330.08	208.43	717.68					748.42	748.42	3.61	4.48	0	0				
07/12/2018	3.3.2	Gaze Project	O4	3	M	Bilingual	G130	06/09/2018	89100	1280 x 720		Raw Data	attention.avi	190	0	900	720									4414	10:15:53.434	1536226327208360															0	407		Fixation	8	381	384	0.93	168.27	237.66																				527	585	417	571	384	578	400	388	400	234.65	122.15	229.16	135.23	231.91	128.69	285.23	204.57	721.74	330.08	208.43	717.69					748.76	748.76	4.37	4.67	0	0				
07/12/2018	3.3.2	Gaze Project	O4	3	M	Bilingual	G130	06/09/2018	89100	1280 x 720		Raw Data	attention.avi	190	0	900	720									4422	10:15:53.443	1536226327216696															0			Unclassified	8																									528	597	356			597	356	407	356	239.57	146.49					285.20	204.56	721.72		-34.01						748.74		4.14		0	4				
07/12/2018	3.3.2	Gaze Project	O4	3	M	Bilingual	G130	06/09/2018	89100	1280 x 720		Raw Data	attention.avi	190	0	900	720									4430	10:15:53.451	1536226327225048															0	408		Fixation	8	383	447	1.98	271.81	103.54																				529	578	286	573	447	575	366	385	366	232.16	174.83	229.89	110.11	231.03	142.47	285.21	204.71	721.66	329.99	208.43	717.69					748.73	748.73	3.83	4.55	0	0				
07/12/2018	3.3.2	Gaze Project	O4	3	M	Bilingual	G130	06/09/2018	89100	1280 x 720		Raw Data	attention.avi	190	0	900	720									4439	10:15:53.459	1536226327233403															0	409		Fixation	8	403	298	4.54	82.38	170.57																				530	619	282	593	298	606	290	416	290	248.48	176.30	237.86	170.01	243.17	173.15	285.14	204.60	721.83	338.67	228.58	776.03					748.86	748.86	3.67	4.85	0	0				
07/12/2018	3.3.2	Gaze Project	O4	3	M	Bilingual	G130	06/09/2018	89100	1280 x 720		Raw Data	attention.avi	190	0	900	720									4447	10:15:53.468	1536226327241761															0	410		Fixation	8	426	261	1.31	58.22	335.84																				531	568	202	616	261	592	231	402	231	228.07	208.43	247.17	184.96	237.62	196.70	285.10	204.70	722.08	330.74	213.53	733.25					749.12	749.12	3.95	4.38	0	0				
07/12/2018	3.3.2	Gaze Project	O4	3	M	Bilingual	G130	06/09/2018	89100	1280 x 720		Raw Data	attention.avi	190	0	900	720									4455	10:15:53.476	1536226327250022															0	411		Fixation	8	374	310	2.14	223.39	165.17																				532	575	333	564	310	569	321	379	321	230.66	156.01	226.46	164.92	228.56	160.47	285.08	204.83	722.42	338.07	227.31	772.32					749.48	749.48	3.66	4.80	0	0				
07/12/2018	3.3.2	Gaze Project	O4	3	M	Bilingual	G130	06/09/2018	89100	1280 x 720		Raw Data	attention.avi	190	0	900	720									4464	10:15:53.484	1536226327258360															0	412		Fixation	8	432	298	1.79	11.73	148.34																				533	609	229	622	298	615	263	425	263	244.63	197.68	249.61	170.11	247.12	183.89	285.05	204.69	721.99	329.89	208.48	718.16					749.03	749.03	3.53	4.39	0	0				
07/12/2018	3.3.2	Gaze Project	O4	3	M	Bilingual	G130	06/09/2018	89100	1280 x 720		Raw Data	attention.avi	190	0	900	720									4472	10:15:53.493	1536226327266715															0	413		Fixation	8	442	161	4.33	85.84	74.11																				534	590	264	632	161	611	212	421	212	236.79	183.77	253.76	225.24	245.28	204.50	285.03	204.78	722.19	330.80	214.60	736.23					749.25	749.25	4.00	4.02	0	0				
07/12/2018	3.3.2	Gaze Project	O4	3	M	Bilingual	G130	06/09/2018	89100	1280 x 720		Raw Data	attention.avi	190	0	900	720									4480	10:15:53.501	1536226327275073															0	414		Fixation	8	427	254	2.85	260.87	175.03																				535	580	355	617	254	598	304	408	304	232.90	146.83	247.66	187.73	240.28	167.28	285.00	204.84	722.33	339.09	230.07	780.19					749.40	749.40	4.24	4.81	0	0				
07/12/2018	3.3.2	Gaze Project	O4	3	M	Bilingual	G130	06/09/2018	89100	1280 x 720		Raw Data	attention.avi	190	0	900	720									4488	10:15:53.509	1536226327283350															0	415		Fixation	8	428	265	0.32	275.18	14.31																				536	577	365	618	265	597	315	407	315	231.44	143.07	248.16	183.05	239.80	163.06	284.99	204.86	722.36	338.34	228.41	775.34					749.43	749.43	4.23	4.75	0	0				
07/12/2018	3.3.2	Gaze Project	O4	3	M	Bilingual	G130	06/09/2018	89100	1280 x 720		Raw Data	attention.avi	190	0	900	720									4497	10:15:53.518	1536226327291689															0	416		Fixation	8	375	304	1.99	216.44	301.26																				537	581	398	565	304	573	351	383	351	233.40	129.61	226.72	167.50	230.06	148.56	284.98	204.91	722.45	329.77	208.65	718.09					749.54	749.54	4.32	4.50	0	0				
07/12/2018	3.3.2	Gaze Project	O4	3	M	Bilingual	G130	06/09/2018	89100	1280 x 720		Raw Data	attention.avi	190	0	900	720									4505	10:15:53.526	1536226327300023															0			Unclassified	8																									538	601	289			601	289	411	289	241.34	173.37					284.96	205.04	722.80		-34.01						749.91		4.14		0	4				
07/12/2018	3.3.2	Gaze Project	O4	3	M	Bilingual	G130	06/09/2018	89100	1280 x 720		Raw Data	attention.avi	190	0	900	720									4514	10:15:53.534	1536226327308372															0	417		Fixation	8	394	362	1.89	288.08	71.65																				539	607	461	584	362	595	411	405	411	243.71	104.11	234.51	144.08	239.11	124.10	284.95	205.13	723.02	334.75	220.30	751.72					750.15	750.15	4.52	4.75	0	0				
07/12/2018	3.3.2	Gaze Project	O4	3	M	Bilingual	G130	06/09/2018	89100	1280 x 720		Raw Data	attention.avi	190	0	900	720									4522	10:15:53.543	1536226327316742															0	418		Fixation	8	423	305	1.97	63.11	135.03																				540	573	359	613	305	593	332	403	332	230.12	145.19	246.18	167.25	238.15	156.22	284.95	205.17	723.09	329.80	208.76	718.65					750.23	750.23	4.26	4.59	0	0				
07/12/2018	3.3.2	Gaze Project	O4	3	M	Bilingual	G130	06/09/2018	89100	1280 x 720		Raw Data	attention.avi	190	0	900	720									4530	10:15:53.551	1536226327324998															0			Unclassified	8																									541	588	375			588	375	398	375	235.92	138.83					284.95	205.19	723.12		-34.01						750.25		4.33		0	4				
07/12/2018	3.3.2	Gaze Project	O4	3	M	Bilingual	G130	06/09/2018	89100	1280 x 720		Raw Data	attention.avi	190	0	900	720									4538	10:15:53.559	1536226327333337															0	419		Fixation	8	411	347	1.38	254.10	190.99																				542	595	386	601	347	598	366	408	366	238.96	134.38	241.24	150.18	240.10	142.28	284.95	205.21	723.14	329.80	208.91	718.97					750.29	750.29	4.41	4.56	0	0				
07/12/2018	3.3.2	Gaze Project	O4	3	M	Bilingual	G130	06/09/2018	89100	1280 x 720		Raw Data	attention.avi	190	0	900	720									4547	10:15:53.568	1536226327341698															0	420		Fixation	8	399	380	1.09	250.08	355.97																				543	569	416	589	380	579	398	389	398	228.47	122.51	236.32	136.89	232.39	129.70	284.94	205.24	723.22	330.56	213.84	733.59					750.36	750.36	4.40	4.76	0	0				
07/12/2018	3.3.2	Gaze Project	O4	3	M	Bilingual	G130	06/09/2018	89100	1280 x 720		Raw Data	attention.avi	190	0	900	720									4555	10:15:53.576	1536226327350056															0			Unclassified	8																									544	593	367			593	367	403	367	238.14	142.30					284.95	205.21	723.10		-34.01						750.25		4.36		0	4				
07/12/2018	3.3.2	Gaze Project	O4	3	M	Bilingual	G130	06/09/2018	89100	1280 x 720		Raw Data	attention.avi	190	0	900	720									4563	10:15:53.584	1536226327358341															0	421		Fixation	8	417	356	0.93	53.22	163.14																				545	598	339	607	356	602	347	412	347	240.05	153.47	243.54	146.59	241.79	150.03	284.94	205.25	723.21	329.80	209.14	719.46					750.36	750.36	4.17	4.55	0	0				
07/12/2018	3.3.2	Gaze Project	O4	3	M	Bilingual	G130	06/09/2018	89100	1280 x 720		Raw Data	attention.avi	190	0	900	720									4572	10:15:53.593	1536226327366673															0	422		Fixation	8	417	310	1.46	90.00	36.78																				546	574	246	607	310	590	278	400	278	230.57	190.97	243.67	165.27	237.12	178.12	284.97	205.40	723.15	329.79	209.14	719.42					750.35	750.35	3.71	4.43	0	0				
07/12/2018	3.3.2	Gaze Project	O4	3	M	Bilingual	G130	06/09/2018	89100	1280 x 720		Raw Data	attention.avi	190	0	900	720									4580	10:15:53.601	1536226327375004															0	423		Fixation	8	412	370	1.90	265.25	175.25																				547	564	302	602	370	583	336	393	336	226.31	168.45	241.83	140.92	234.07	154.68	284.92	205.33	723.44	329.78	209.28	719.37					750.60	750.60	4.23	4.57	0	0				
07/12/2018	3.3.2	Gaze Project	O4	3	M	Bilingual	G130	06/09/2018	89100	1280 x 720		Raw Data	attention.avi	190	0	900	720									4589	10:15:53.609	1536226327383366															0	424		Fixation	8	377	403	1.50	223.41	318.16																				548	562	371	567	403	564	387	374	387	225.47	140.36	227.49	127.58	226.48	133.97	284.90	205.36	723.50	329.75	209.29	719.36					750.67	750.67	4.20	4.61	0	0				
07/12/2018	3.3.2	Gaze Project	O4	3	M	Bilingual	G130	06/09/2018	89100	1280 x 720		Raw Data	attention.avi	190	0	900	720									4597	10:15:53.618	1536226327391727															0	425		Fixation	8	371	367	1.15	99.43	236.03																				549	574	407	561	367	567	387	377	387	230.35	126.08	225.08	142.25	227.72	134.16	284.88	205.36	723.47	329.73	209.07	719.45					750.64	750.64	4.40	4.66	0	0				
07/12/2018	3.3.2	Gaze Project	O4	3	M	Bilingual	G130	06/09/2018	89100	1280 x 720		Raw Data	attention.avi	190	0	900	720									4605	10:15:53.626	1536226327399994															0	426		Fixation	8	368	469	3.19	268.32	168.89																				550	589	371	558	469	573	420	383	420	236.59	140.72	223.97	101.04	230.28	120.88	284.85	205.45	723.73	329.68	209.32	719.35					750.91	750.91	4.32	4.71	0	0				
07/12/2018	3.3.2	Gaze Project	O4	3	M	Bilingual	G130	06/09/2018	89100	1280 x 720		Raw Data	attention.avi	190	0	900	720									4613	10:15:53.634	1536226327408348															0	427		Fixation	8	415	226	7.45	79.09	170.77																				551	561	291	605	226	583	258	393	258	225.35	172.67	242.66	198.84	234.01	185.76	284.83	205.38	723.47	338.91	230.92	781.75					750.65	750.65	4.08	4.86	0	0				
07/12/2018	3.3.2	Gaze Project	O4	3	M	Bilingual	G130	06/09/2018	89100	1280 x 720		Raw Data	attention.avi	190	0	900	720									4622	10:15:53.643	1536226327416682															0	428		Fixation	8	390	355	3.88	259.07	179.98																				552	587	337	580	355	583	346	393	346	235.45	154.24	232.99	146.97	234.22	150.61	284.79	205.58	724.04	335.26	222.58	757.60					751.24	751.24	4.09	4.83	0	0				
07/12/2018	3.3.2	Gaze Project	O4	3	M	Bilingual	G130	06/09/2018	89100	1280 x 720		Raw Data	attention.avi	190	0	900	720									4630	10:15:53.651	1536226327425042															0			Unclassified	8																									553	586	394			586	394	396	394	235.10	131.16					284.76	205.58	724.01		-34.01						751.22		4.43		0	4				
07/12/2018	3.3.2	Gaze Project	O4	3	M	Bilingual	G130	06/09/2018	89100	1280 x 720		Raw Data	attention.avi	190	0	900	720									4639	10:15:53.659	1536226327433386															0	429		Fixation	8	380	395	1.26	256.01	356.94																				554	572	361	570	395	571	378	381	378	229.61	144.39	228.83	130.87	229.22	137.63	284.72	205.56	723.93	329.55	209.37	719.33					751.13	751.13	4.22	4.62	0	0				
07/12/2018	3.3.2	Gaze Project	O4	3	M	Bilingual	G130	06/09/2018	89100	1280 x 720		Raw Data	attention.avi	190	0	900	720									4647	10:15:53.668	1536226327441656															0	430		Fixation	8	427	456	2.43	307.52	51.52																				555	592	440	617	456	604	448	414	448	237.60	112.89	247.63	106.41	242.61	109.65	284.69	205.66	724.15	329.39	209.38	719.32					751.38	751.38	4.46	5.38	0	0				
07/12/2018	3.3.2	Gaze Project	O4	3	M	Bilingual	G130	06/09/2018	89100	1280 x 720		Raw Data	attention.avi	190	0	900	720									4655	10:15:53.676	1536226327449991															0	431		Fixation	8	397	387	2.35	113.43	165.91																				556	596	458	587	387	591	422	401	422	239.34	105.51	235.50	133.91	237.42	119.71	284.66	205.80	724.53	330.25	214.37	734.53					751.77	751.77	4.68	4.78	0	0				
07/12/2018	3.3.2	Gaze Project	O4	3	M	Bilingual	G130	06/09/2018	89100	1280 x 720		Raw Data	attention.avi	190	0	900	720									4663	10:15:53.684	1536226327458349															0	432		Fixation	8	393	253	4.20	91.70	338.27																				557	589	422	583	253	586	337	396	337	236.40	120.11	233.82	188.02	235.11	154.06	284.50	209.81	736.75	329.48	209.56	720.16					764.63	764.63	4.76	4.23	0	0				
07/12/2018	3.3.2	Gaze Project	O4	3	M	Bilingual	G130	06/09/2018	89100	1280 x 720		Raw Data	attention.avi	190	0	900	720									4672	10:15:53.693	1536226327466703															0	433		Fixation	8	423	325	2.48	292.55	200.85																				558	561	410	613	325	587	367	397	367	224.99	124.70	246.20	158.96	235.60	141.83	284.61	205.84	724.63	329.42	209.69	720.11					751.89	751.89	4.43	4.41	0	0				
07/12/2018	3.3.2	Gaze Project	O4	3	M	Bilingual	G130	06/09/2018	89100	1280 x 720		Raw Data	attention.avi	190	0	900	720									4680	10:15:53.701	1536226327474985															0	434		Fixation	8	408	192	4.20	96.41	163.86																				559	543	362	598	192	570	277	380	277	217.91	144.22	239.89	212.54	228.90	178.38	284.60	205.84	724.61	330.27	215.17	736.73					751.87	751.87	4.41	4.23	0	0				
07/12/2018	3.3.2	Gaze Project	O4	3	M	Bilingual	G130	06/09/2018	89100	1280 x 720		Raw Data	attention.avi	190	0	900	720									4689	10:15:53.709	1536226327483363															0	435		Fixation	8	421	318	3.93	275.87	179.46																				560	580	410	611	318	595	364	405	364	232.93	124.93	245.33	161.84	239.13	143.39	284.60	205.73	724.66	330.35	215.83	738.63					751.87	751.87	4.69	4.73	0	0				
07/12/2018	3.3.2	Gaze Project	O4	3	M	Bilingual	G130	06/09/2018	89100	1280 x 720		Raw Data	attention.avi	190	0	900	720									4697	10:15:53.718	1536226327491704															0	436		Fixation	8	383	211	3.42	109.49	193.62																				561	607	399	573	211	590	305	400	305	243.59	129.08	229.99	205.16	236.79	167.12	284.60	205.72	724.66	337.95	229.82	778.22					751.87	751.87	4.61	4.95	0	0				
07/12/2018	3.3.2	Gaze Project	O4	3	M	Bilingual	G130	06/09/2018	89100	1280 x 720		Raw Data	attention.avi	190	0	900	720									4705	10:15:53.726	1536226327499987															0	437		Fixation	8	423	302	3.03	293.66	184.17																				562	588	315	613	302	600	308	410	308	236.06	162.95	245.86	168.49	240.96	165.72	284.57	205.97	725.06	329.41	209.83	720.87					752.33	752.33	4.25	4.40	0	0				
07/12/2018	3.3.2	Gaze Project	O4	3	M	Bilingual	G130	06/09/2018	89100	1280 x 720		Raw Data	attention.avi	190	0	900	720									4713	10:15:53.734	1536226327508322															0			Unclassified	8																									563	557	455			557	455	367	455	223.51	106.84					284.58	205.85	725.11		-34.01						752.34		4.63		0	4				
07/12/2018	3.3.2	Gaze Project	O4	3	M	Bilingual	G130	06/09/2018	89100	1280 x 720		Raw Data	attention.avi	190	0	900	720									4722	10:15:53.743	1536226327516674															0	438		Fixation	8	437	311	0.53	327.18	33.52																				564	588	337	627	311	607	324	417	324	235.86	154.10	251.79	164.83	243.82	159.47	284.55	206.06	725.41	329.40	209.93	721.18					752.69	752.69	4.35	4.49	0	0				
07/12/2018	3.3.2	Gaze Project	O4	3	M	Bilingual	G130	06/09/2018	89100	1280 x 720		Raw Data	attention.avi	190	0	900	720									4730	10:15:53.751	1536226327525031															0	439		Fixation	8	403	333	1.27	212.99	245.81																				565	587	366	593	333	590	349	400	349	235.71	142.38	238.03	155.73	236.87	149.05	284.55	206.12	725.62	329.38	209.93	721.20					752.91	752.91	4.46	4.49	0	0				
07/12/2018	3.3.2	Gaze Project	O4	3	M	Bilingual	G130	06/09/2018	89100	1280 x 720		Raw Data	attention.avi	190	0	900	720									4738	10:15:53.759	1536226327533309															0			Unclassified	8																									566	579	470			579	470	389	470	232.43	100.87					284.54	206.11	725.66		-34.01						752.94		4.50		0	4				
07/12/2018	3.3.2	Gaze Project	O4	3	M	Bilingual	G130	06/09/2018	89100	1280 x 720		Raw Data	attention.avi	190	0	900	720									4747	10:15:53.768	1536226327541652															0	440		Fixation	8	432	133	6.33	81.78	228.79																				567	575	395	622	133	598	264	408	264	230.96	130.71	249.67	236.58	240.32	183.65	287.18	216.65	756.32	330.24	215.72	738.41					785.43	785.43	5.06	3.91	0	0				
07/12/2018	3.3.2	Gaze Project	O4	3	M	Bilingual	G130	06/09/2018	89100	1280 x 720		Raw Data	attention.avi	190	0	900	720									4755	10:15:53.776	1536226327549985															0	441		Fixation	8	379	333	6.18	255.20	173.43																				568	570	325	569	333	569	329	379	329	228.80	159.15	228.33	155.70	228.56	157.42	284.43	209.51	736.17	339.37	233.52	789.11					763.98	763.98	4.47	5.23	0	0				
07/12/2018	3.3.2	Gaze Project	O4	3	M	Bilingual	G130	06/09/2018	89100	1280 x 720		Raw Data	attention.avi	190	0	900	720									4763	10:15:53.784	1536226327558345															0	442		Fixation	8	413	226	3.24	72.43	177.22																				569	567	393	603	226	585	309	395	309	227.76	131.75	241.95	198.85	234.86	165.30	286.97	215.87	754.07	338.42	231.29	782.72					783.05	783.05	4.97	5.06	0	0				
07/12/2018	3.3.2	Gaze Project	O4	3	M	Bilingual	G130	06/09/2018	89100	1280 x 720		Raw Data	attention.avi	190	0	900	720									4772	10:15:53.793	1536226327566703															0	443		Fixation	8	413	258	0.97	270.00	197.57																				570	577	364	603	258	590	311	400	311	231.51	143.27	242.09	185.85	236.80	164.56	284.55	206.18	726.06	329.39	210.13	721.98					753.35	753.35	4.42	4.37	0	0				
07/12/2018	3.3.2	Gaze Project	O4	3	M	Bilingual	G130	06/09/2018	89100	1280 x 720		Raw Data	attention.avi	190	0	900	720									4780	10:15:53.801	1536226327574971															0	444		Fixation	8	396	288	1.09	240.54	330.54																				571	558	388	586	288	572	338	382	338	223.84	133.82	235.27	173.98	229.56	153.90	284.56	205.96	725.48	329.40	210.12	722.05					752.73	752.73	4.44	4.41	0	0				
07/12/2018	3.3.2	Gaze Project	O4	3	M	Bilingual	G130	06/09/2018	89100	1280 x 720		Raw Data	attention.avi	190	0	900	720									4788	10:15:53.809	1536226327583324															0	445		Fixation	8	380	250	1.25	112.77	232.23																				572	568	340	570	250	569	295	379	295	228.10	153.02	228.64	189.13	228.37	171.08	284.56	206.17	726.19	338.36	231.11	782.44					753.46	753.46	4.30	4.93	0	0				
07/12/2018	3.3.2	Gaze Project	O4	3	M	Bilingual	G130	06/09/2018	89100	1280 x 720		Raw Data	attention.avi	190	0	900	720									4797	10:15:53.818	1536226327591654															0			Unclassified	8																									573	578	371			578	371	388	371	232.14	140.71					284.58	206.20	726.40		-34.01						753.67		4.49		0	4				
07/12/2018	3.3.2	Gaze Project	O4	3	M	Bilingual	G130	06/09/2018	89100	1280 x 720		Raw Data	attention.avi	190	0	900	720									4805	10:15:53.826	1536226327600017															0	446		Fixation	8	393	304	1.62	283.49	170.73																				574	594	358	583	304	588	331	398	331	238.36	145.93	234.09	167.34	236.23	156.64	284.60	206.17	726.45	338.49	231.33	783.33					753.71	753.71	4.50	5.28	0	0				
07/12/2018	3.3.2	Gaze Project	O4	3	M	Bilingual	G130	06/09/2018	89100	1280 x 720		Raw Data	attention.avi	190	0	900	720									4814	10:15:53.834	1536226327608365															0	447		Fixation	8	416	342	1.34	301.10	17.61																				575	577	404	606	342	591	373	401	373	231.43	127.08	243.21	152.12	237.32	139.60	284.65	206.02	726.51	329.48	210.14	722.58					753.72	753.72	4.63	4.55	0	0				
07/12/2018	3.3.2	Gaze Project	O4	3	M	Bilingual	G130	06/09/2018	89100	1280 x 720		Raw Data	attention.avi	190	0	900	720									4822	10:15:53.843	1536226327616638															0			Unclassified	8																									576	579	373			579	373	389	373	232.47	139.56					284.66	206.18	726.77		-34.01						754.02		4.67		0	4				
07/12/2018	3.3.2	Gaze Project	O4	3	M	Bilingual	G130	06/09/2018	89100	1280 x 720		Raw Data	attention.avi	190	0	900	720									4830	10:15:53.851	1536226327624968															0	448		Fixation	8	400	299	1.42	110.35	169.25																				577			590	299	590	299	400	299			236.99	169.67						334.51	221.68	755.89						0.00		4.70	4	0				
07/12/2018	3.3.2	Gaze Project	O4	3	M	Bilingual	G130	06/09/2018	89100	1280 x 720		Raw Data	attention.avi	190	0	900	720									4838	10:15:53.859	1536226327633324															0	449		Fixation	8	369	317	1.06	210.22	99.87																				578	593	396	559	317	576	356	386	356	237.83	130.52	224.39	162.43	231.11	146.48	284.75	206.02	726.58	334.87	222.43	758.19					753.79	753.79	4.72	4.67	0	0				
07/12/2018	3.3.2	Gaze Project	O4	3	M	Bilingual	G130	06/09/2018	89100	1280 x 720		Raw Data	attention.avi	190	0	900	720									4847	10:15:53.868	1536226327641686															0			Unclassified	8																									579	570	452			570	452	380	452	228.96	107.86					284.70	209.17	736.40		-34.01						764.09		4.72		0	4				
07/12/2018	3.3.2	Gaze Project	O4	3	M	Bilingual	G130	06/09/2018	89100	1280 x 720		Raw Data	attention.avi	190	0	900	720									4855	10:15:53.876	1536226327649957															0	450		Fixation	8	405	376	2.04	301.31	91.09																				580	576	249	595	376	585	312	395	312	231.14	189.58	239.02	138.67	235.08	164.12	284.71	210.11	739.31	338.93	231.59	785.03					767.15	767.15	4.51	5.28	0	0				
07/12/2018	3.3.2	Gaze Project	O4	3	M	Bilingual	G130	06/09/2018	89100	1280 x 720		Raw Data	attention.avi	190	0	900	720									4863	10:15:53.884	1536226327658302															0	451		Fixation	8	380	287	2.75	105.64	164.33																				581	547	360	570	287	558	323	368	323	219.58	144.92	228.90	174.25	224.24	159.59	284.89	205.94	726.70	330.69	216.34	741.76					753.89	753.89	4.47	4.65	0	0				
07/12/2018	3.3.2	Gaze Project	O4	3	M	Bilingual	G130	06/09/2018	89100	1280 x 720		Raw Data	attention.avi	190	0	900	720									4872	10:15:53.893	1536226327666631															0	452		Fixation	8	387	296	0.35	307.79	202.14																				582	593	393	577	296	585	344	395	344	238.22	131.58	231.47	170.82	234.85	151.20	284.81	209.66	738.18	334.89	221.95	757.34					765.94	765.94	4.95	4.89	0	0				
07/12/2018	3.3.2	Gaze Project	O4	3	M	Bilingual	G130	06/09/2018	89100	1280 x 720		Raw Data	attention.avi	190	0	900	720									4880	10:15:53.901	1536226327674999															0			Unclassified	8																									583	553	321			553	321	363	321	221.87	160.57					284.99	205.78	726.77		-34.01						753.90		4.59		0	4				
07/12/2018	3.3.2	Gaze Project	O4	3	M	Bilingual	G130	06/09/2018	89100	1280 x 720		Raw Data	attention.avi	190	0	900	720									4889	10:15:53.909	1536226327683355															0	453		Fixation	8	414	354	1.92	294.89	347.11																				584	591	317	604	354	597	335	407	335	237.38	162.38	242.46	147.43	239.92	154.90	285.00	205.94	726.99	335.11	222.29	758.53					754.16	754.16	4.11	4.96	0	0				
07/12/2018	3.3.2	Gaze Project	O4	3	M	Bilingual	G130	06/09/2018	89100	1280 x 720		Raw Data	attention.avi	190	0	900	720									4897	10:15:53.918	1536226327691620															0	454		Fixation	8	379	416	2.16	240.63	305.74																				585	585	425	569	416	577	420	387	420	234.69	118.71	228.53	122.28	231.61	120.50	284.89	210.32	740.39	329.88	209.91	723.10					768.24	768.24	4.76	4.76	0	0				
07/12/2018	3.3.2	Gaze Project	O4	3	M	Bilingual	G130	06/09/2018	89100	1280 x 720		Raw Data	attention.avi	190	0	900	720									4905	10:15:53.926	1536226327699983															0			Unclassified	8																									586	599	270			599	270	409	270	240.47	181.30					285.04	205.91	727.00		-34.01						754.16		4.16		0	4				
07/12/2018	3.3.2	Gaze Project	O4	3	M	Bilingual	G130	06/09/2018	89100	1280 x 720		Raw Data	attention.avi	190	0	900	720									4913	10:15:53.934	1536226327708299															0			Unclassified	8																									587	621	270			621	270	431	270	249.10	181.23					285.05	205.91	727.04		-34.01						754.20		3.82		0	4				
07/12/2018	3.3.2	Gaze Project	O4	3	M	Bilingual	G130	06/09/2018	89100	1280 x 720		Raw Data	attention.avi	190	0	900	720									4922	10:15:53.943	1536226327716669															0	455		Fixation	8	412	318	3.23	71.45	190.81																				588	665	160	602	318	633	239	443	239	266.87	225.56	241.45	161.80	254.16	193.68	285.06	205.96	727.28	329.91	209.73	723.17					754.45	754.45	3.62	4.60	0	0				
07/12/2018	3.3.2	Gaze Project	O4	3	M	Bilingual	G130	06/09/2018	89100	1280 x 720		Raw Data	attention.avi	190	0	900	720									4930	10:15:53.951	1536226327725026															0	456		Fixation	8	393	190	4.09	98.42	26.97																				589	598	401	583	190	590	295	400	295	239.88	128.31	233.84	213.23	236.86	170.77	285.06	205.94	727.28	329.91	209.70	723.18					754.44	754.44	4.57	4.20	0	0				
07/12/2018	3.3.2	Gaze Project	O4	3	M	Bilingual	G130	06/09/2018	89100	1280 x 720		Raw Data	attention.avi	190	0	900	720									4938	10:15:53.959	1536226327733271															0			Unclassified	8																									590	569	286			569	286	379	286	228.42	174.96					285.05	205.91	727.24		-34.01						754.39		4.17		0	4				
07/12/2018	3.3.2	Gaze Project	O4	3	M	Bilingual	G130	06/09/2018	89100	1280 x 720		Raw Data	attention.avi	190	0	900	720									4947	10:15:53.968	1536226327741612															0	457		Fixation	8	417	353	5.07	278.35	179.93																				591	594	430	607	353	600	391	410	391	238.38	116.75	243.66	147.64	241.02	132.19	285.04	205.88	727.20	335.55	223.12	761.46					754.35	754.35	4.65	5.13	0	0				
07/12/2018	3.3.2	Gaze Project	O4	3	M	Bilingual	G130	06/09/2018	89100	1280 x 720		Raw Data	attention.avi	190	0	900	720									4955	10:15:53.976	1536226327749967															0	458		Fixation	8	418	362	0.28	276.32	357.97																				592			608	362	608	362	418	362			243.97	144.37						329.91	209.94	723.72						0.00		4.69	4	0				
07/12/2018	3.3.2	Gaze Project	O4	3	M	Bilingual	G130	06/09/2018	89100	1280 x 720		Raw Data	attention.avi	190	0	900	720									4963	10:15:53.984	1536226327758335															0	459		Fixation	8	355	336	2.03	157.51	241.19																				593	600	407	545	336	572	371	382	371	240.95	126.04	218.60	154.51	229.78	140.27	285.01	205.82	727.18	339.92	233.15	790.72					754.30	754.30	4.79	5.17	0	0				
07/12/2018	3.3.2	Gaze Project	O4	3	M	Bilingual	G130	06/09/2018	89100	1280 x 720		Raw Data	attention.avi	190	0	900	720									4972	10:15:53.993	1536226327766615															0			Unclassified	8																									594	586	449			586	449	396	449	235.24	109.08					285.00	205.82	727.23		-34.01						754.35		4.79		0	4				
07/12/2018	3.3.2	Gaze Project	O4	3	M	Bilingual	G130	06/09/2018	89100	1280 x 720		Raw Data	attention.avi	190	0	900	720									4980	10:15:54.001	1536226327774944															0			Unclassified	8																									595	557	451			557	451	367	451	223.75	108.41					284.88	209.43	738.37		-34.01						766.04		4.86		0	4				
07/12/2018	3.3.2	Gaze Project	O4	3	M	Bilingual	G130	06/09/2018	89100	1280 x 720		Raw Data	attention.avi	190	0	900	720									4988	10:15:54.009	1536226327783288															0			Unclassified	8																									596	576	246			576	246	386	246	231.24	191.02					284.97	205.74	727.13		-34.01						754.23		4.08		0	4				
07/12/2018	3.3.2	Gaze Project	O4	3	M	Bilingual	G130	06/09/2018	89100	1280 x 720		Raw Data	attention.avi	190	0	900	720									4997	10:15:54.018	1536226327791647															0			Unclassified	8																									597	583	432			583	432	393	432	233.97	116.13					284.96	205.70	727.04		-34.01						754.13		4.66		0	4				
07/12/2018	3.3.2	Gaze Project	O4	3	M	Bilingual	G130	06/09/2018	89100	1280 x 720		Raw Data	attention.avi	190	0	900	720									5005	10:15:54.026	1536226327800006															0	460		Fixation	8	475	198	5.40	49.08	251.57																				598	584	327	665	198	624	262	434	262	234.60	158.30	267.04	210.12	250.82	184.21	284.94	205.88	727.60	330.94	217.12	745.35					754.72	754.72	4.33	4.15	0	0				
07/12/2018	3.3.2	Gaze Project	O4	3	M	Bilingual	G130	06/09/2018	89100	1280 x 720		Raw Data	attention.avi	190	0	900	720									5013	10:15:54.034	1536226327808273															0	461		Fixation	8	425	321	4.08	247.94	198.86																				599	568	446	615	321	591	383	401	383	228.08	110.53	246.91	160.62	237.50	135.58	284.84	208.90	736.94	330.81	216.29	742.97					764.52	764.52	4.78	4.91	0	0				
07/12/2018	3.3.2	Gaze Project	O4	3	M	Bilingual	G130	06/09/2018	89100	1280 x 720		Raw Data	attention.avi	190	0	900	720									5022	10:15:54.043	1536226327816611															0			Unclassified	8																									600	574	328			574	328	384	328	230.59	157.85					284.92	205.86	727.58		-34.01						754.69		4.37		0	4				
07/12/2018	3.3.2	Gaze Project	O4	3	M	Bilingual	G130	06/09/2018	89100	1280 x 720		Raw Data	attention.avi	190	0	900	720									5030	10:15:54.051	1536226327824963															0	462		Fixation	8	415	387	1.97	261.41	13.47																				601	565	350	605	387	585	368	395	368	226.81	149.06	242.77	134.22	234.79	141.64	284.91	205.83	727.50	339.42	232.23	788.48					754.61	754.61	4.48	5.34	0	0				
07/12/2018	3.3.2	Gaze Project	O4	3	M	Bilingual	G130	06/09/2018	89100	1280 x 720		Raw Data	attention.avi	190	0	900	720									5038	10:15:54.059	1536226327833316															0	463		Fixation	8	404	379	0.41	143.88	242.47																				602	598	433	594	379	596	406	406	406	240.03	115.46	238.54	137.39	239.29	126.43	284.90	205.79	727.41	329.80	209.80	723.79					754.51	754.51	4.62	4.80	0	0				
07/12/2018	3.3.2	Gaze Project	O4	3	M	Bilingual	G130	06/09/2018	89100	1280 x 720		Raw Data	attention.avi	190	0	900	720									5047	10:15:54.068	1536226327841671															0			Unclassified	8																									603	568	455			568	455	378	455	227.85	106.60					284.95	205.95	727.35		-34.01						754.50		4.53		0	4				
07/12/2018	3.3.2	Gaze Project	O4	3	M	Bilingual	G130	06/09/2018	89100	1280 x 720		Raw Data	attention.avi	190	0	900	720									5055	10:15:54.076	1536226327849941															0			Unclassified	8																									604	610	298			610	298	420	298	244.98	170.12					284.91	205.83	727.47		-34.01						754.58		4.19		0	4				
07/12/2018	3.3.2	Gaze Project	O4	3	M	Bilingual	G130	06/09/2018	89100	1280 x 720		Raw Data	attention.avi	190	0	900	720									5063	10:15:54.084	1536226327858268															0	464		Fixation	8	409	299	2.52	86.44	302.55																				605	581	422	599	299	590	360	400	360	233.30	119.92	240.29	169.38	236.80	144.65	284.90	205.74	727.19	329.80	209.79	723.75					754.29	754.29	4.79	4.37	0	0				
07/12/2018	3.3.2	Gaze Project	O4	3	M	Bilingual	G130	06/09/2018	89100	1280 x 720		Raw Data	attention.avi	190	0	900	720									5072	10:15:54.093	1536226327866631															0	465		Fixation	8	411	269	0.91	86.20	359.76																				606	617	412	601	269	609	340	419	340	247.54	124.04	241.05	181.60	244.30	152.82	284.92	205.64	727.23	339.41	232.21	788.42					754.30	754.30	4.70	5.26	0	0				
07/12/2018	3.3.2	Gaze Project	O4	3	M	Bilingual	G130	06/09/2018	89100	1280 x 720		Raw Data	attention.avi	190	0	900	720									5080	10:15:54.101	1536226327874992															0	466		Fixation	8	420	433	4.93	273.13	186.93																				607	589	404	610	433	599	418	409	418	236.56	127.33	244.94	115.54	240.75	121.43	284.82	208.69	736.27	329.75	209.92	723.70					763.82	763.82	4.81	5.02	0	0				
07/12/2018	3.3.2	Gaze Project	O4	3	M	Bilingual	G130	06/09/2018	89100	1280 x 720		Raw Data	attention.avi	190	0	900	720									5088	10:15:54.109	1536226327883264															0	467		Fixation	8	435	188	7.64	86.51	173.38																				608	586	430	625	188	605	309	415	309	235.41	116.58	250.84	214.36	243.13	165.47	284.92	205.66	726.87	330.73	215.75	741.46					753.96	753.96	4.48	4.25	0	0				
07/12/2018	3.3.2	Gaze Project	O4	3	M	Bilingual	G130	06/09/2018	89100	1280 x 720		Raw Data	attention.avi	190	0	900	720									5097	10:15:54.118	1536226327891607															0	468		Fixation	8	428	274	2.70	265.36	178.85																				609	609	303	618	274	613	288	423	288	244.56	168.07	248.10	179.42	246.33	173.75	284.93	205.65	726.81	329.82	209.67	723.42					753.90	753.90	4.19	4.39	0	0				
07/12/2018	3.3.2	Gaze Project	O4	3	M	Bilingual	G130	06/09/2018	89100	1280 x 720		Raw Data	attention.avi	190	0	900	720									5105	10:15:54.126	1536226327899942															0	469		Fixation	8	369	469	6.36	253.22	347.86																				610	551	303	559	469	555	386	365	386	221.04	167.98	224.47	101.03	222.75	134.51	284.94	205.65	726.83	329.83	209.79	723.38					753.92	753.92	4.30	4.92	0	0				
07/12/2018	3.3.2	Gaze Project	O4	3	M	Bilingual	G130	06/09/2018	89100	1280 x 720		Raw Data	attention.avi	190	0	900	720									5113	10:15:54.134	1536226327908286															0			Unclassified	8																									611	559	408			559	408	369	408	224.56	125.64					284.96	205.67	726.91		-34.01						754.00		4.54		0	4				
07/12/2018	3.3.2	Gaze Project	O4	3	M	Bilingual	G130	06/09/2018	89100	1280 x 720		Raw Data	attention.avi	190	0	900	720									5122	10:15:54.143	1536226327916656															0			Unclassified	8																									612	608	390			608	390	418	390	243.87	133.04					284.87	209.31	738.08		-34.01						765.74		4.91		0	4				
07/12/2018	3.3.2	Gaze Project	O4	3	M	Bilingual	G130	06/09/2018	89100	1280 x 720		Raw Data	attention.avi	190	0	900	720									5130	10:15:54.151	1536226327924916															0	470		Fixation	8	447	334	4.79	60.06	166.84																				613	577	285	637	334	607	309	417	309	231.41	175.21	255.61	155.33	243.51	165.27	284.98	205.68	726.96	330.63	214.54	738.12					754.05	754.05	4.05	4.82	0	0				
07/12/2018	3.3.2	Gaze Project	O4	3	M	Bilingual	G130	06/09/2018	89100	1280 x 720		Raw Data	attention.avi	190	0	900	720									5138	10:15:54.159	1536226327933239															0	471		Fixation	8	383	485	5.04	247.10	187.04																				614	570	390	573	485	571	437	381	437	228.87	132.76	230.14	94.62	229.50	113.69	284.99	205.66	726.91	329.86	209.74	723.40					754.00	754.00	4.51	4.98	0	0				
07/12/2018	3.3.2	Gaze Project	O4	3	M	Bilingual	G130	06/09/2018	89100	1280 x 720		Raw Data	attention.avi	190	0	900	720									5147	10:15:54.168	1536226327941614															0	472		Fixation	8	412	338	4.59	78.88	191.78																				615	603	384	602	338	602	361	412	361	241.89	135.39	241.51	153.97	241.70	144.68	285.00	205.66	726.95	331.00	216.74	744.60					754.04	754.04	4.55	4.75	0	0				
07/12/2018	3.3.2	Gaze Project	O4	3	M	Bilingual	G130	06/09/2018	89100	1280 x 720		Raw Data	attention.avi	190	0	900	720									5155	10:15:54.176	1536226327949970															0	473		Fixation	8	371	364	1.49	212.46	133.59																				616	591	441	561	364	576	402	386	402	237.42	112.42	225.32	143.19	231.37	127.80	285.01	205.61	726.84	329.90	209.51	723.24					753.91	753.91	4.62	4.78	0	0				
07/12/2018	3.3.2	Gaze Project	O4	3	M	Bilingual	G130	06/09/2018	89100	1280 x 720		Raw Data	attention.avi	190	0	900	720									5163	10:15:54.184	1536226327958324															0			Unclassified	8																									617	564	238			564	238	374	238	226.23	194.02					285.01	205.60	726.82		-34.01						753.89		4.00		0	4				
07/12/2018	3.3.2	Gaze Project	O4	3	M	Bilingual	G130	06/09/2018	89100	1280 x 720		Raw Data	attention.avi	190	0	900	720									5172	10:15:54.192	1536226327966583															0	474		Fixation	8	382	459	2.98	276.58	64.12																				618	563	430	572	459	567	444	377	444	225.80	116.72	229.67	105.26	227.73	110.99	285.02	205.59	726.86	329.91	209.61	723.20					753.93	753.93	4.56	4.96	0	0				
07/12/2018	3.3.2	Gaze Project	O4	3	M	Bilingual	G130	06/09/2018	89100	1280 x 720		Raw Data	attention.avi	190	0	900	720									5180	10:15:54.201	1536226327974918															0	475		Fixation	8	411	227	7.23	82.90	166.31																				619	580	389	601	227	590	308	400	308	232.71	133.34	241.44	198.64	237.07	165.99	285.05	205.47	726.91	330.98	216.34	743.61					753.94	753.94	4.62	4.58	0	0				
07/12/2018	3.3.2	Gaze Project	O4	3	M	Bilingual	G130	06/09/2018	89100	1280 x 720		Raw Data	attention.avi	190	0	900	720									5188	10:15:54.209	1536226327983283															0	476		Fixation	8	410	331	3.20	269.45	186.55																				620	572	456	600	331	586	393	396	393	229.70	106.50	240.86	156.47	235.28	131.49	284.89	210.27	741.20	330.92	215.85	742.23					769.00	769.00	4.74	4.68	0	0				
07/12/2018	3.3.2	Gaze Project	O4	3	M	Bilingual	G130	06/09/2018	89100	1280 x 720		Raw Data	attention.avi	190	0	900	720									5197	10:15:54.218	1536226327991638															0			Unclassified	8																									621	558	430			558	430	368	430	224.11	116.80					285.05	205.36	726.33		-34.01						753.36		4.51		0	4				
07/12/2018	3.3.2	Gaze Project	O4	3	M	Bilingual	G130	06/09/2018	89100	1280 x 720		Raw Data	attention.avi	190	0	900	720									5205	10:15:54.226	1536226327999907															0			Unclassified	8																									622	582	435			582	435	392	435	233.59	114.62					285.06	205.35	726.37		-34.01						753.39		4.59		0	4				
07/12/2018	3.3.2	Gaze Project	O4	3	M	Bilingual	G130	06/09/2018	89100	1280 x 720		Raw Data	attention.avi	190	0	900	720									5213	10:15:54.234	1536226328008265															0	477		Fixation	8	369	398	2.35	238.62	329.17																				623	592	446	559	398	575	422	385	422	237.60	110.23	224.21	129.59	230.90	119.91	284.94	209.73	739.76	335.60	222.46	760.74					767.46	767.46	4.80	5.11	0	0				
07/12/2018	3.3.2	Gaze Project	O4	3	M	Bilingual	G130	06/09/2018	89100	1280 x 720		Raw Data	attention.avi	190	0	900	720									5222	10:15:54.242	1536226328016592															0	478		Fixation	8	428	278	4.07	63.89	185.27																				624	572	418	618	278	595	348	405	348	229.77	121.64	248.19	177.82	238.98	149.73	285.09	205.23	726.12	329.97	209.28	722.90					753.11	753.11	4.53	4.31	0	0				
07/12/2018	3.3.2	Gaze Project	O4	3	M	Bilingual	G130	06/09/2018	89100	1280 x 720		Raw Data	attention.avi	190	0	900	720									5230	10:15:54.251	1536226328024951															0			Unclassified	8																									625	559	430			559	430	369	430	224.27	116.77					285.11	205.24	726.19		-34.01						753.19		4.47		0	4				
07/12/2018	3.3.2	Gaze Project	O4	3	M	Bilingual	G130	06/09/2018	89100	1280 x 720		Raw Data	attention.avi	190	0	900	720									5238	10:15:54.259	1536226328033308															0	479		Fixation	8	402	329	1.80	243.06	179.17																				626	565	335	592	329	578	332	388	332	226.90	154.89	237.55	157.44	232.23	156.16	285.13	205.23	726.22	330.01	209.20	722.75					753.21	753.21	4.29	4.47	0	0				
07/12/2018	3.3.2	Gaze Project	O4	3	M	Bilingual	G130	06/09/2018	89100	1280 x 720		Raw Data	attention.avi	190	0	900	720									5247	10:15:54.267	1536226328041579															0	480		Fixation	8	446	241	3.10	63.51	180.45																				627	554	396	636	241	595	318	405	318	222.28	130.59	255.21	193.00	238.74	161.79	285.15	205.16	726.07	330.04	209.06	722.81					753.05	753.05	4.36	4.34	0	0				
07/12/2018	3.3.2	Gaze Project	O4	3	M	Bilingual	G130	06/09/2018	89100	1280 x 720		Raw Data	attention.avi	190	0	900	720									5255	10:15:54.276	1536226328049913															0			Unclassified	8																									628	570	410			570	410	380	410	228.83	124.95					285.17	205.18	726.18		-34.01						753.16		4.46		0	4				
07/12/2018	3.3.2	Gaze Project	O4	3	M	Bilingual	G130	06/09/2018	89100	1280 x 720		Raw Data	attention.avi	190	0	900	720									5263	10:15:54.284	1536226328058263															0	481		Fixation	8	401	344	3.50	246.47	182.96																				629	573	413	591	344	582	378	392	378	229.97	123.57	237.12	151.29	233.55	137.43	285.20	205.19	726.26	330.99	214.96	740.06					753.24	753.24	4.49	4.74	0	0				
07/12/2018	3.3.2	Gaze Project	O4	3	M	Bilingual	G130	06/09/2018	89100	1280 x 720		Raw Data	attention.avi	190	0	900	720									5272	10:15:54.293	1536226328066621															0	482		Fixation	8	405	373	0.91	277.83	31.36																				630	557	359	595	373	576	366	386	366	223.53	145.29	238.99	139.58	231.26	142.44	285.24	204.98	725.72	330.14	209.01	722.83					752.67	752.67	4.32	4.64	0	0				
07/12/2018	3.3.2	Gaze Project	O4	3	M	Bilingual	G130	06/09/2018	89100	1280 x 720		Raw Data	attention.avi	190	0	900	720									5280	10:15:54.301	1536226328074901															0	483		Fixation	8	379	356	0.96	146.74	228.91																				631	528	417	569	356	548	386	358	386	212.02	122.13	228.41	146.58	220.22	134.35	285.27	204.71	724.98	331.19	215.76	742.54					751.88	751.88	4.43	4.68	0	0				
07/12/2018	3.3.2	Gaze Project	O4	3	M	Bilingual	G130	06/09/2018	89100	1280 x 720		Raw Data	attention.avi	190	0	900	720									5288	10:15:54.309	1536226328083239															0	484		Fixation	8	431	341	1.66	16.14	229.40																				632	574	376	621	341	597	358	407	358	230.48	138.34	249.39	152.79	239.94	145.57	285.29	204.92	725.70	330.18	209.00	722.53					752.63	752.63	4.27	4.46	0	0				
07/12/2018	3.3.2	Gaze Project	O4	3	M	Bilingual	G130	06/09/2018	89100	1280 x 720		Raw Data	attention.avi	190	0	900	720									5297	10:15:54.317	1536226328091569															0	485		Fixation	8	419	343	0.38	189.49	173.35																				633	540	306	609	343	574	324	384	324	216.82	166.60	244.27	151.95	230.55	159.28	285.37	205.07	725.65	330.18	208.84	722.12					752.63	752.63	3.89	4.50	0	0				
07/12/2018	3.3.2	Gaze Project	O4	3	M	Bilingual	G130	06/09/2018	89100	1280 x 720		Raw Data	attention.avi	190	0	900	720									5305	10:15:54.326	1536226328099932															0			Unclassified	8																									634	563	275			563	275	373	275	226.11	179.36					285.33	204.64	725.00		-34.01						751.88		3.78		0	4				
07/12/2018	3.3.2	Gaze Project	O4	3	M	Bilingual	G130	06/09/2018	89100	1280 x 720		Raw Data	attention.avi	190	0	900	720									5313	10:15:54.334	1536226328108279															0	486		Fixation	8	401	373	1.07	239.12	49.63																				635	544	296	591	373	567	334	377	334	218.23	170.84	237.10	139.64	227.66	155.24	285.35	204.58	724.90	335.64	221.37	758.29					751.77	751.77	3.81	4.94	0	0				
07/12/2018	3.3.2	Gaze Project	O4	3	M	Bilingual	G130	06/09/2018	89100	1280 x 720		Raw Data	attention.avi	190	0	900	720									5322	10:15:54.342	1536226328116560															0	487		Fixation	8	399	436	1.87	268.19	29.07																				636	579	315	589	436	584	375	394	375	232.61	163.12	236.33	114.30	234.47	138.71	285.36	204.65	725.19	336.12	222.42	761.37					752.06	752.06	3.90	4.93	0	0				
07/12/2018	3.3.2	Gaze Project	O4	3	M	Bilingual	G130	06/09/2018	89100	1280 x 720		Raw Data	attention.avi	190	0	900	720									5330	10:15:54.351	1536226328124895															0	488		Fixation	8	394	428	0.29	121.92	213.74																				637	541	394	584	428	562	411	372	411	217.31	131.16	234.35	117.62	225.83	124.39	285.38	204.25	724.09	330.22	208.61	721.68					750.89	750.89	4.34	4.59	0	0				
07/12/2018	3.3.2	Gaze Project	O4	3	M	Bilingual	G130	06/09/2018	89100	1280 x 720		Raw Data	attention.avi	190	0	900	720									5338	10:15:54.359	1536226328133252															0	489		Fixation	8	421	482	1.89	296.49	174.57																				638	530	451	611	482	570	466	380	466	212.80	108.33	245.44	95.77	229.12	102.05	285.38	204.22	724.11	330.21	208.71	721.64					750.91	750.91	4.47	4.59	0	0				
07/12/2018	3.3.2	Gaze Project	O4	3	M	Bilingual	G130	06/09/2018	89100	1280 x 720		Raw Data	attention.avi	190	0	900	720									5347	10:15:54.367	1536226328141588															0			Unclassified	8																									639	567	390			567	390	377	390	227.56	132.70					285.37	204.43	724.82		-34.01						751.64		4.17		0	4				
07/12/2018	3.3.2	Gaze Project	O4	3	M	Bilingual	G130	06/09/2018	89100	1280 x 720		Raw Data	attention.avi	190	0	900	720									5355	10:15:54.376	1536226328149955															0	490		Fixation	8	395	367	3.69	102.70	166.21																				640	517	372	585	367	551	369	361	369	207.71	140.31	234.88	142.02	221.29	141.17	285.43	204.55	724.77	330.24	208.55	721.69					751.64	751.64	4.16	4.52	0	0				
07/12/2018	3.3.2	Gaze Project	O4	3	M	Bilingual	G130	06/09/2018	89100	1280 x 720		Raw Data	attention.avi	190	0	900	720									5363	10:15:54.384	1536226328158215															0			Unclassified	8																									641	535	405			535	405	345	405	214.90	127.03					285.37	204.29	724.64		-34.01						751.43		4.21		0	4				
07/12/2018	3.3.2	Gaze Project	O4	3	M	Bilingual	G130	06/09/2018	89100	1280 x 720		Raw Data	attention.avi	190	0	900	720									5372	10:15:54.392	1536226328166554															0	491		Fixation	8	415	366	0.63	2.87	260.17																				642	547	387	605	366	576	376	386	376	219.49	133.97	242.76	142.75	231.13	138.36	285.36	204.23	724.56	330.23	208.48	721.55					751.33	751.33	4.32	4.58	0	0				
07/12/2018	3.3.2	Gaze Project	O4	3	M	Bilingual	G130	06/09/2018	89100	1280 x 720		Raw Data	attention.avi	190	0	900	720									5380	10:15:54.401	1536226328174919															0	492		Fixation	8	425	371	0.35	333.36	330.49																				643	557	455	615	371	586	413	396	413	223.55	106.54	246.78	140.61	235.17	123.57	285.58	205.24	727.19	330.21	208.39	721.35					754.15	754.15	4.39	4.35	0	0				
07/12/2018	3.3.2	Gaze Project	O4	3	M	Bilingual	G130	06/09/2018	89100	1280 x 720		Raw Data	attention.avi	190	0	900	720									5388	10:15:54.409	1536226328183275															0	493		Fixation	8	392	418	1.78	235.01	261.65																				644	550	428	582	418	566	423	376	423	220.87	117.42	233.58	121.43	227.22	119.43	285.35	203.92	724.20	330.73	209.67	724.71					750.89	750.89	4.74	4.35	0	0				
07/12/2018	3.3.2	Gaze Project	O4	3	M	Bilingual	G130	06/09/2018	89100	1280 x 720		Raw Data	attention.avi	190	0	900	720									5397	10:15:54.417	1536226328191531															0	494		Fixation	8	382	352	2.09	98.59	223.58																				645	565	300	572	352	568	326	378	326	226.98	169.23	229.61	148.19	228.29	158.71	285.37	204.37	724.75	330.20	208.30	721.14					751.55	751.55	3.60	3.94	0	0				
07/12/2018	3.3.2	Gaze Project	O4	3	M	Bilingual	G130	06/09/2018	89100	1280 x 720		Raw Data	attention.avi	190	0	900	720									5405	10:15:54.426	1536226328199870															0	495		Fixation	8	400	153	6.32	84.85	346.26																				646			590	153	590	153	400	153			236.83	228.23						330.20	208.19	721.19						0.00		3.13	4	0				
07/12/2018	3.3.2	Gaze Project	O4	3	M	Bilingual	G130	06/09/2018	89100	1280 x 720		Raw Data	attention.avi	190	0	900	720									5413	10:15:54.434	1536226328208218															0	496		Fixation	8	404	415	8.26	270.87	186.02																				647	582	287	594	415	588	351	398	351	233.45	174.50	238.49	122.95	235.97	148.73	285.33	204.04	724.36	330.90	209.98	725.63					751.08	751.08	3.52	4.37	0	0				
07/12/2018	3.3.2	Gaze Project	O4	3	M	Bilingual	G130	06/09/2018	89100	1280 x 720		Raw Data	attention.avi	190	0	900	720									5422	10:15:54.442	1536226328216590															0	497		Fixation	8	342	536	4.15	242.94	332.07																				648			532	536	532	536	342	536			213.60	74.06						330.73	209.58	724.45						0.00		4.69	4	0				
07/12/2018	3.3.2	Gaze Project	O4	3	M	Bilingual	G130	06/09/2018	89100	1280 x 720		Raw Data	attention.avi	190	0	900	720									5430	10:15:54.451	1536226328224942															0			Unclassified	8																									649	580	473			580	473	390	473	232.69	99.41					285.45	204.55	725.44		-34.01						752.27		4.35		0	4				
07/12/2018	3.3.2	Gaze Project	O4	3	M	Bilingual	G130	06/09/2018	89100	1280 x 720		Raw Data	attention.avi	190	0	900	720									5438	10:15:54.459	1536226328233212															0	498		Fixation	8	380	419	3.75	72.06	189.12																				650	528	400	570	419	549	409	359	409	212.09	128.72	228.83	121.08	220.46	124.90	285.33	203.95	724.15	331.05	210.25	726.38					750.86	750.86	4.24	4.40	0	0				
07/12/2018	3.3.2	Gaze Project	O4	3	M	Bilingual	G130	06/09/2018	89100	1280 x 720		Raw Data	attention.avi	190	0	900	720									5447	10:15:54.467	1536226328241564															0	499		Fixation	8	387	322	3.04	85.89	13.82																				651	508	427	577	322	542	374	352	374	203.87	117.91	231.59	160.11	217.73	139.01	285.32	204.11	724.93	330.16	208.06	720.36					751.64	751.64	4.24	3.97	0	0				
07/12/2018	3.3.2	Gaze Project	O4	3	M	Bilingual	G130	06/09/2018	89100	1280 x 720		Raw Data	attention.avi	190	0	900	720									5455	10:15:54.476	1536226328249901															0	500		Fixation	8	411	282	1.47	59.12	333.23																				652	584	248	601	282	592	265	402	265	234.25	190.00	241.23	176.44	237.74	183.22	285.32	203.86	723.88	330.15	208.02	720.23					750.57	750.57	3.62	3.78	0	0				
07/12/2018	3.3.2	Gaze Project	O4	3	M	Bilingual	G130	06/09/2018	89100	1280 x 720		Raw Data	attention.avi	190	0	900	720									5463	10:15:54.484	1536226328258257															0	501		Fixation	8	423	289	0.44	329.66	270.55																				653	586	273	613	289	599	281	409	281	235.05	180.05	246.04	173.44	240.55	176.75	285.33	204.03	723.87	330.15	208.00	720.16					750.61	750.61	3.52	3.89	0	0				
07/12/2018	3.3.2	Gaze Project	O4	3	M	Bilingual	G130	06/09/2018	89100	1280 x 720		Raw Data	attention.avi	190	0	900	720									5472	10:15:54.493	1536226328266611															0	502		Fixation	8	362	269	2.02	161.79	192.13																				654	569	381	552	269	560	325	370	325	228.32	136.51	221.52	181.81	224.92	159.16	285.30	203.70	723.32	330.16	207.90	720.20					749.98	749.98	4.14	3.80	0	0				
07/12/2018	3.3.2	Gaze Project	O4	3	M	Bilingual	G130	06/09/2018	89100	1280 x 720		Raw Data	attention.avi	190	0	900	720									5480	10:15:54.501	1536226328274873															0			Unclassified	8																									655	572	390			572	390	382	390	229.71	132.88					285.30	203.68	723.22		-34.01						749.89		4.29		0	4				
07/12/2018	3.3.2	Gaze Project	O4	3	M	Bilingual	G130	06/09/2018	89100	1280 x 720		Raw Data	attention.avi	190	0	900	720									5488	10:15:54.509	1536226328283203															0	503		Fixation	8	444	268	2.58	0.70	198.91																				656	530	307	634	268	582	287	392	287	212.60	166.45	254.42	182.17	233.51	174.31	291.36	226.95	791.88	330.12	207.83	719.58					822.57	822.57	4.62	4.12	0	0				
07/12/2018	3.3.2	Gaze Project	O4	3	M	Bilingual	G130	06/09/2018	89100	1280 x 720		Raw Data	attention.avi	190	0	900	720									5497	10:15:54.517	1536226328291566															0	504		Fixation	8	444	248	0.63	90.00	89.30																				657	551	383	634	248	592	315	402	315	221.16	135.72	254.48	190.25	237.82	162.98	285.31	203.50	722.64	330.98	213.28	735.84					749.28	749.28	4.37	4.34	0	0				
07/12/2018	3.3.2	Gaze Project	O4	3	M	Bilingual	G130	06/09/2018	89100	1280 x 720		Raw Data	attention.avi	190	0	900	720									5505	10:15:54.526	1536226328299925															0			Unclassified	8																									658																			-34.01										4	4				
07/12/2018	3.3.2	Gaze Project	O4	3	M	Bilingual	G130	06/09/2018	89100	1280 x 720		Raw Data	attention.avi	190	0	900	720									5513	10:15:54.534	1536226328308280															0	505		Fixation	8	408	349	3.36	250.44	160.44																				659	562	374	598	349	580	361	390	361	225.69	139.50	240.07	149.44	232.88	144.47	285.33	203.60	722.89	330.14	207.63	719.04					749.55	749.55	4.21	4.42	0	0				
07/12/2018	3.3.2	Gaze Project	O4	3	M	Bilingual	G130	06/09/2018	89100	1280 x 720		Raw Data	attention.avi	190	0	900	720									5522	10:15:54.542	1536226328316542															0	506		Fixation	8	403	251	3.09	92.91	202.47																				660	579	464	593	251	586	357	396	357	232.50	103.08	237.95	188.97	235.22	146.02	285.35	203.53	722.67	330.89	212.22	732.83					749.32	749.32	4.34	4.25	0	0				
07/12/2018	3.3.2	Gaze Project	O4	3	M	Bilingual	G130	06/09/2018	89100	1280 x 720		Raw Data	attention.avi	190	0	900	720									5530	10:15:54.551	1536226328324887															0			Unclassified	8																									661	592	461			592	461	402	461	237.60	104.23					285.38	203.53	722.63		-34.01						749.28		4.58		0	4				
07/12/2018	3.3.2	Gaze Project	O4	3	M	Bilingual	G130	06/09/2018	89100	1280 x 720		Raw Data	attention.avi	190	0	900	720									5538	10:15:54.559	1536226328333236															0			Unclassified	8																									662																			-34.01										4	4				
07/12/2018	3.3.2	Gaze Project	O4	3	M	Bilingual	G130	06/09/2018	89100	1280 x 720		Raw Data	attention.avi	190	0	900	720									5547	10:15:54.567	1536226328341594															0	507		Fixation	8	402	352	3.10	269.43	176.52																				663	581	274	592	352	586	313	396	313	233.19	179.66	237.74	148.02	235.46	163.84	290.77	223.84	782.48	335.42	219.30	752.77					812.65	812.65	4.42	4.76	0	0				
07/12/2018	3.3.2	Gaze Project	O4	3	M	Bilingual	G130	06/09/2018	89100	1280 x 720		Raw Data	attention.avi	190	0	900	720									5555	10:15:54.576	1536226328349853															0	508		Fixation	8	405	170	5.60	89.06	179.62																				664	542	357	595	170	568	263	378	263	217.41	146.15	238.76	221.31	228.09	183.73	285.54	203.45	722.37	331.05	211.78	731.74					749.02	749.02	3.71	3.77	0	0				
07/12/2018	3.3.2	Gaze Project	O4	3	M	Bilingual	G130	06/09/2018	89100	1280 x 720		Raw Data	attention.avi	190	0	900	720									5563	10:15:54.584	1536226328358200															0	509		Fixation	8	374	395	7.11	262.18	173.12																				665			564	395	564	395	374	395			226.45	130.86						330.91	208.61	721.80						0.00		4.23	4	0				
07/12/2018	3.3.2	Gaze Project	O4	3	M	Bilingual	G130	06/09/2018	89100	1280 x 720		Raw Data	attention.avi	190	0	900	720									5572	10:15:54.592	1536226328366549															0	510		Fixation	8	428	362	1.97	31.51	129.33																				666	592	392	618	362	605	377	415	377	237.81	132.12	248.15	144.26	242.98	138.19	285.67	203.49	722.45	330.51	207.36	718.60					749.11	749.11	4.08	4.41	0	0				
07/12/2018	3.3.2	Gaze Project	O4	3	M	Bilingual	G130	06/09/2018	89100	1280 x 720		Raw Data	attention.avi	190	0	900	720									5580	10:15:54.601	1536226328374909															0	511		Fixation	8	366	305	2.67	137.31	105.80																				667	579	505	556	305	567	405	377	405	232.59	86.65	223.20	167.18	227.90	126.91	285.75	203.56	722.21	330.59	207.32	718.53					748.91	748.91	4.42	3.95	0	0				
07/12/2018	3.3.2	Gaze Project	O4	3	M	Bilingual	G130	06/09/2018	89100	1280 x 720		Raw Data	attention.avi	190	0	900	720									5588	10:15:54.609	1536226328383263															0	512		Fixation	8	392	257	1.72	61.63	284.32																				668	629	265	582	257	605	261	415	261	252.44	183.30	233.59	186.26	243.02	184.78	285.81	204.07	724.45	330.66	207.25	718.35					751.19	751.19	3.70	3.83	0	0				
07/12/2018	3.3.2	Gaze Project	O4	3	M	Bilingual	G130	06/09/2018	89100	1280 x 720		Raw Data	attention.avi	190	0	900	720									5597	10:15:54.617	1536226328391528															0	513		Fixation	8	394	316	1.88	271.94	210.30																				669	598	281	584	316	591	298	401	298	240.07	176.66	234.50	162.82	237.29	169.74	285.95	203.71	722.54	330.75	207.24	718.37					749.27	749.27	3.27	3.85	0	0				
07/12/2018	3.3.2	Gaze Project	O4	3	M	Bilingual	G130	06/09/2018	89100	1280 x 720		Raw Data	attention.avi	190	0	900	720									5605	10:15:54.626	1536226328399866															0	514		Fixation	8	387	467	4.73	267.35	355.42																				670	598	255	577	467	587	361	397	361	240.14	187.42	231.76	101.75	235.95	144.58	285.98	203.43	722.47	331.18	209.41	725.08					749.12	749.12	3.64	4.76	0	0				
07/12/2018	3.3.2	Gaze Project	O4	3	M	Bilingual	G130	06/09/2018	89100	1280 x 720		Raw Data	attention.avi	190	0	900	720									5613	10:15:54.634	1536226328408209															0	515		Fixation	8	430	365	3.44	67.21	159.85																				671	574	362	620	365	597	363	407	363	230.30	144.31	248.98	142.81	239.64	143.56	286.14	203.82	722.82	330.89	207.14	718.11					749.58	749.58	4.45	4.34	0	0				
07/12/2018	3.3.2	Gaze Project	O4	3	M	Bilingual	G130	06/09/2018	89100	1280 x 720		Raw Data	attention.avi	190	0	900	720									5622	10:15:54.642	1536226328416578															0	516		Fixation	8	387	461	3.28	245.94	178.73																				672	580	334	577	461	578	397	388	397	232.90	155.59	231.66	104.27	232.28	129.93	286.12	203.35	721.83	331.78	209.07	723.32					748.49	748.49	4.00	4.49	0	0				
07/12/2018	3.3.2	Gaze Project	O4	3	M	Bilingual	G130	06/09/2018	89100	1280 x 720		Raw Data	attention.avi	190	0	900	720									5630	10:15:54.651	1536226328424846															0	517		Fixation	8	417	427	1.40	48.67	162.73																				673	626	273	607	427	616	350	426	350	251.14	180.04	243.64	118.03	247.39	149.03	286.15	204.67	726.01	331.03	207.06	717.89					752.88	752.88	3.52	4.41	0	0				
07/12/2018	3.3.2	Gaze Project	O4	3	M	Bilingual	G130	06/09/2018	89100	1280 x 720		Raw Data	attention.avi	190	0	900	720									5638	10:15:54.659	1536226328433192															0			Unclassified	8																									674	571	296			571	296	381	296	229.04	170.55					286.25	203.32	721.65		-34.01						748.32		3.46		0	4				
07/12/2018	3.3.2	Gaze Project	O4	3	M	Bilingual	G130	06/09/2018	89100	1280 x 720		Raw Data	attention.avi	190	0	900	720									5647	10:15:54.667	1536226328441536															0	518		Fixation	8	395	469	1.47	242.43	193.76																				675	551	309	585	469	568	389	378	389	221.14	165.63	234.78	101.27	227.96	133.45	286.30	203.32	721.62	331.15	206.99	717.68					748.30	748.30	3.67	4.54	0	0				
07/12/2018	3.3.2	Gaze Project	O4	3	M	Bilingual	G130	06/09/2018	89100	1280 x 720		Raw Data	attention.avi	190	0	900	720									5655	10:15:54.676	1536226328449890															0	519		Fixation	8	384	358	3.51	95.64	213.21																				676	614	364	574	358	594	361	404	361	246.35	143.42	230.49	145.67	238.42	144.55	286.36	203.26	721.42	331.21	206.98	717.71					748.09	748.09	3.88	4.10	0	0				
07/12/2018	3.3.2	Gaze Project	O4	3	M	Bilingual	G130	06/09/2018	89100	1280 x 720		Raw Data	attention.avi	190	0	900	720									5663	10:15:54.684	1536226328458246															0	520		Fixation	8	453	161	6.63	70.75	335.11																				677	560	253	643	161	601	207	411	207	224.66	188.22	258.13	224.92	241.40	206.57	286.49	203.66	722.12	331.28	206.86	717.76					748.89	748.89	3.42	3.34	0	0				
07/12/2018	3.3.2	Gaze Project	O4	3	M	Bilingual	G130	06/09/2018	89100	1280 x 720		Raw Data	attention.avi	190	0	900	720									5672	10:15:54.692	1536226328466526															0	521		Fixation	8	343	260	4.68	222.08	151.32																				678	613	240	533	260	573	250	383	250	245.90	193.10	214.07	185.35	229.99	189.22	286.41	203.13	720.54	331.33	206.89	717.49					747.21	747.21	3.39	3.58	0	0				
07/12/2018	3.3.2	Gaze Project	O4	3	M	Bilingual	G130	06/09/2018	89100	1280 x 720		Raw Data	attention.avi	190	0	900	720									5680	10:15:54.701	1536226328474839															0	522		Fixation	8	422	358	3.99	308.78	86.70																				679	535	311	612	358	573	334	383	334	214.59	164.67	245.81	145.62	230.20	155.14	286.37	202.70	719.23	331.39	206.83	717.40					745.84	745.84	3.70	4.00	0	0				
07/12/2018	3.3.2	Gaze Project	O4	3	M	Bilingual	G130	06/09/2018	89100	1280 x 720		Raw Data	attention.avi	190	0	900	720									5688	10:15:54.709	1536226328483201															0	523		Fixation	8	421	306	1.65	91.10	142.32																				680	564	300	611	306	587	303	397	303	226.58	169.01	245.34	166.56	235.96	167.78	286.73	203.82	722.56	331.46	206.80	717.36					749.36	749.36	3.69	3.78	0	0				
07/12/2018	3.3.2	Gaze Project	O4	3	M	Bilingual	G130	06/09/2018	89100	1280 x 720		Raw Data	attention.avi	190	0	900	720									5697	10:15:54.717	1536226328491558															0	524		Fixation	8	418	436	4.11	268.68	177.58																				681	597	309	608	436	602	372	412	372	239.68	165.57	243.88	114.37	241.78	139.97	286.68	203.18	721.13	331.95	207.82	719.99					747.80	747.80	3.73	4.23	0	0				
07/12/2018	3.3.2	Gaze Project	O4	3	M	Bilingual	G130	06/09/2018	89100	1280 x 720		Raw Data	attention.avi	190	0	900	720									5705	10:15:54.726	1536226328499813															0	525		Fixation	8	377	452	1.36	201.38	292.70																				682	596	457	567	452	581	454	391	454	239.33	105.96	227.52	107.86	233.42	106.91	286.75	203.12	720.96	332.09	207.91	720.30					747.63	747.63	4.02	4.37	0	0				
07/12/2018	3.3.2	Gaze Project	O4	3	M	Bilingual	G130	06/09/2018	89100	1280 x 720		Raw Data	attention.avi	190	0	900	720									5713	10:15:54.734	1536226328508175															0	526		Fixation	8	379	494	1.30	272.72	71.34																				683	577	375	569	494	573	434	383	434	231.72	138.86	228.25	91.09	229.98	114.97	286.83	203.15	721.03	332.43	208.47	721.96					747.70	747.70	4.32	4.41	0	0				
07/12/2018	3.3.2	Gaze Project	O4	3	M	Bilingual	G130	06/09/2018	89100	1280 x 720		Raw Data	attention.avi	190	0	900	720									5722	10:15:54.742	1536226328516514															0	527		Fixation	8	398	412	2.61	76.99	164.28																				684	595	414	588	412	591	413	401	413	238.74	123.26	236.22	123.86	237.48	123.56	286.91	203.10	720.87	332.17	207.67	719.66					747.54	747.54	4.23	4.32	0	0				
07/12/2018	3.3.2	Gaze Project	O4	3	M	Bilingual	G130	06/09/2018	89100	1280 x 720		Raw Data	attention.avi	190	0	900	720									5730	10:15:54.751	1536226328524873															0	528		Fixation	8	422	308	3.37	77.05	0.05																				685	609	245	612	308	610	276	420	276	244.65	191.48	245.59	165.76	245.12	178.62	286.99	203.02	720.90	331.84	206.62	717.02					747.55	747.55	3.75	3.83	0	0				
07/12/2018	3.3.2	Gaze Project	O4	3	M	Bilingual	G130	06/09/2018	89100	1280 x 720		Raw Data	attention.avi	190	0	900	720									5738	10:15:54.759	1536226328533231															0			Unclassified	8																									686																			-34.01										4	4				
07/12/2018	3.3.2	Gaze Project	O4	3	M	Bilingual	G130	06/09/2018	89100	1280 x 720		Raw Data	attention.avi	190	0	900	720									5747	10:15:54.767	1536226328541496															0	529		Fixation	8	408	369	1.98	257.11	180.07																				687	600	258	598	369	599	313	409	313	240.76	185.87	240.10	141.42	240.43	163.65	287.14	203.04	720.90	331.97	206.46	716.54					747.55	747.55	3.49	4.23	0	0				
07/12/2018	3.3.2	Gaze Project	O4	3	M	Bilingual	G130	06/09/2018	89100	1280 x 720		Raw Data	attention.avi	190	0	900	720									5755	10:15:54.776	1536226328549851															0	530		Fixation	8	413	339	0.92	80.57	183.45																				688	539	379	603	339	571	359	381	359	216.38	137.40	242.22	153.50	229.30	145.45	287.19	203.00	720.37	341.44	227.72	778.06					747.05	747.05	3.95	4.88	0	0				
07/12/2018	3.3.2	Gaze Project	O4	3	M	Bilingual	G130	06/09/2018	89100	1280 x 720		Raw Data	attention.avi	190	0	900	720									5763	10:15:54.784	1536226328558186															0			Unclassified	8																									689	577	392			577	392	387	392	231.80	131.96					287.26	203.09	720.60		-34.01						747.30		4.21		0	4				
07/12/2018	3.3.2	Gaze Project	O4	3	M	Bilingual	G130	06/09/2018	89100	1280 x 720		Raw Data	attention.avi	190	0	900	720									5772	10:15:54.792	1536226328566540															0	531		Fixation	8	372	416	2.62	242.04	161.47																				690	589	506	562	416	575	461	385	461	236.37	86.25	225.69	122.50	231.03	104.38	287.33	202.92	720.04	332.18	206.58	716.49					746.71	746.71	4.41	4.66	0	0				
07/12/2018	3.3.2	Gaze Project	O4	3	M	Bilingual	G130	06/09/2018	89100	1280 x 720		Raw Data	attention.avi	190	0	900	720									5780	10:15:54.801	1536226328574895															0	532		Fixation	8	432	378	2.22	32.43	150.39																				691	599	506	622	378	610	442	420	442	240.47	86.25	249.66	137.84	245.07	112.05	287.32	206.59	731.24	332.28	206.59	716.49					758.49	758.49	4.69	4.44	0	0				
07/12/2018	3.3.2	Gaze Project	O4	3	M	Bilingual	G130	06/09/2018	89100	1280 x 720		Raw Data	attention.avi	190	0	900	720									5788	10:15:54.809	1536226328583167															0	533		Fixation	8	451	332	1.56	67.62	35.19																				692	580	474	641	332	610	403	420	403	233.00	99.25	257.13	156.15	245.07	127.70	287.46	202.99	720.15	333.13	211.32	731.08					746.84	746.84	4.54	4.40	0	0				
07/12/2018	3.3.2	Gaze Project	O4	3	M	Bilingual	G130	06/09/2018	89100	1280 x 720		Raw Data	attention.avi	190	0	900	720									5797	10:15:54.817	1536226328591493															0	534		Fixation	8	412	311	1.33	151.62	84.00																				693			602	311	602	311	412	311			241.46	164.68						342.10	228.25	779.58						0.00		4.92	4	0				
07/12/2018	3.3.2	Gaze Project	O4	3	M	Bilingual	G130	06/09/2018	89100	1280 x 720		Raw Data	attention.avi	190	0	900	720									5805	10:15:54.826	1536226328599847															0	535		Fixation	8	432	279	1.14	58.08	266.46																				694	584	423	622	279	603	351	413	351	234.23	119.72	249.61	177.51	241.92	148.62	287.59	202.98	720.02	332.44	206.35	716.17					746.73	746.73	4.25	4.21	0	0				
07/12/2018	3.3.2	Gaze Project	O4	3	M	Bilingual	G130	06/09/2018	89100	1280 x 720		Raw Data	attention.avi	190	0	900	720									5813	10:15:54.834	1536226328608210															0	536		Fixation	8	388	344	2.38	235.99	177.91																				695	578	427	578	344	578	385	388	385	231.92	118.16	231.97	151.58	231.95	134.87	287.65	202.88	719.69	341.26	225.97	772.89					746.38	746.38	4.43	4.97	0	0				
07/12/2018	3.3.2	Gaze Project	O4	3	M	Bilingual	G130	06/09/2018	89100	1280 x 720		Raw Data	attention.avi	190	0	900	720									5822	10:15:54.842	1536226328616491															0	537		Fixation	8	421	365	1.19	327.45	91.45																				696	589	401	611	365	600	383	410	383	236.38	128.56	245.12	143.00	240.75	135.78	287.73	202.73	719.21	332.58	206.28	715.94					745.88	745.88	4.27	4.55	0	0				
07/12/2018	3.3.2	Gaze Project	O4	3	M	Bilingual	G130	06/09/2018	89100	1280 x 720		Raw Data	attention.avi	190	0	900	720									5830	10:15:54.851	1536226328624827															0	538		Fixation	8	398	200	5.31	97.91	130.47																				697	570	479	588	200	579	339	389	339	228.97	97.05	235.91	209.25	232.44	153.15	287.85	202.89	719.15	332.66	206.17	715.99					745.88	745.88	4.77	3.81	0	0				
07/12/2018	3.3.2	Gaze Project	O4	3	M	Bilingual	G130	06/09/2018	89100	1280 x 720		Raw Data	attention.avi	190	0	900	720									5838	10:15:54.859	1536226328633155															0	539		Fixation	8	420	321	3.93	280.27	182.36																				698	576	397	610	321	593	359	403	359	231.05	130.12	244.73	160.75	237.89	145.43	287.87	202.91	719.67	332.74	206.37	716.14					746.38	746.38	4.44	4.39	0	0				
07/12/2018	3.3.2	Gaze Project	O4	3	M	Bilingual	G130	06/09/2018	89100	1280 x 720		Raw Data	attention.avi	190	0	900	720									5847	10:15:54.867	1536226328641520															0	540		Fixation	8	440	267	1.83	69.74	149.46																				699	598	462	630	267	614	364	424	364	239.91	104.01	252.87	182.23	246.39	143.12	287.94	202.79	719.28	332.84	206.49	716.09					745.97	745.97	4.53	4.33	0	0				
07/12/2018	3.3.2	Gaze Project	O4	3	M	Bilingual	G130	06/09/2018	89100	1280 x 720		Raw Data	attention.avi	190	0	900	720									5855	10:15:54.876	1536226328649894															0	541		Fixation	8	417	325	1.96	248.43	178.70																				700			607	325	607	325	417	325			243.54	159.22						333.76	211.57	731.66						0.00		4.73	4	0				
07/12/2018	3.3.2	Gaze Project	O4	3	M	Bilingual	G130	06/09/2018	89100	1280 x 720		Raw Data	attention.avi	190	0	900	720									5863	10:15:54.884	1536226328658153															0	542		Fixation	8	398	278	1.56	111.95	223.52																				701	553	503	588	278	570	390	380	390	221.91	87.49	235.95	178.04	228.93	132.77	288.12	202.96	719.21	338.04	217.65	748.58					745.97	745.97	4.27	4.49	0	0				
07/12/2018	3.3.2	Gaze Project	O4	3	M	Bilingual	G130	06/09/2018	89100	1280 x 720		Raw Data	attention.avi	190	0	900	720									5872	10:15:54.892	1536226328666504															0	543		Fixation	8	418	360	2.63	283.66	171.72																				702	608	377	608	360	608	368	418	368	243.99	138.30	244.07	145.12	244.03	141.71	288.15	202.97	719.67	333.00	206.17	715.52					746.41	746.41	3.99	4.46	0	0				
07/12/2018	3.3.2	Gaze Project	O4	3	M	Bilingual	G130	06/09/2018	89100	1280 x 720		Raw Data	attention.avi	190	0	900	720									5880	10:15:54.901	1536226328674837															0	544		Fixation	8	417	375	0.47	266.20	342.53																				703	600	420	607	375	603	397	413	397	240.90	120.75	243.51	138.97	242.21	129.86	288.22	202.80	719.13	333.89	210.90	729.68					745.85	745.85	4.28	4.66	0	0				
07/12/2018	3.3.2	Gaze Project	O4	3	M	Bilingual	G130	06/09/2018	89100	1280 x 720		Raw Data	attention.avi	190	0	900	720									5888	10:15:54.909	1536226328683195															0	545		Fixation	8	419	313	1.88	88.16	181.96																				704	584	287	609	313	596	300	406	300	234.51	174.44	244.50	163.93	239.50	169.19	288.29	202.84	719.20	341.91	225.64	771.78					745.93	745.93	4.00	4.93	0	0				
07/12/2018	3.3.2	Gaze Project	O4	3	M	Bilingual	G130	06/09/2018	89100	1280 x 720		Raw Data	attention.avi	190	0	900	720									5897	10:15:54.917	1536226328691553															0	546		Fixation	8	429	407	2.85	276.05	187.89																				705	600	504	619	407	609	455	419	455	240.79	87.13	248.30	126.22	244.54	106.68	288.39	202.75	719.23	334.23	212.12	733.19					745.94	745.94	4.48	4.70	0	0				
07/12/2018	3.3.2	Gaze Project	O4	3	M	Bilingual	G130	06/09/2018	89100	1280 x 720		Raw Data	attention.avi	190	0	900	720									5905	10:15:54.926	1536226328699818															0	547		Fixation	8	421	375	1.03	103.99	187.94																				706	627	376	611	375	619	375	429	375	251.63	138.38	245.13	139.05	248.38	138.72	288.44	202.81	718.99	333.30	206.12	715.31					745.73	745.73	4.06	4.40	0	0				
07/12/2018	3.3.2	Gaze Project	O4	3	M	Bilingual	G130	06/09/2018	89100	1280 x 720		Raw Data	attention.avi	190	0	900	720									5913	10:15:54.934	1536226328708217															0	548		Fixation	8	476	217	5.12	70.86	326.87																				707	598	234	666	217	632	225	442	225	240.07	195.73	267.35	202.69	253.71	199.21	289.97	208.32	734.76	342.21	225.78	772.12					762.48	762.48	3.55	4.56	0	0				
07/12/2018	3.3.2	Gaze Project	O4	3	M	Bilingual	G130	06/09/2018	89100	1280 x 720		Raw Data	attention.avi	190	0	900	720									5922	10:15:54.942	1536226328716507															0	549		Fixation	8	425	405	5.96	254.87	184.00																				708	586	489	615	405	600	447	410	447	235.04	93.21	247.00	127.05	241.02	110.13	288.56	205.75	727.95	333.46	206.08	715.16					755.15	755.15	4.49	4.66	0	0				
07/12/2018	3.3.2	Gaze Project	O4	3	M	Bilingual	G130	06/09/2018	89100	1280 x 720		Raw Data	attention.avi	190	0	900	720									5930	10:15:54.951	1536226328724862															0	550		Fixation	8	384	336	2.46	120.64	225.77																				709			574	336	574	336	384	336			230.40	154.80						341.71	224.22	767.58						0.00		4.99	4	0				
07/12/2018	3.3.2	Gaze Project	O4	3	M	Bilingual	G130	06/09/2018	89100	1280 x 720		Raw Data	attention.avi	190	0	900	720									5938	10:15:54.959	1536226328733101															0	551		Fixation	8	393	364	0.89	287.77	167.13																				710	618	468	583	364	600	416	410	416	247.93	101.32	234.01	143.43	240.97	122.38	288.73	204.52	724.23	334.35	210.20	727.55					751.25	751.25	4.56	4.71	0	0				
07/12/2018	3.3.2	Gaze Project	O4	3	M	Bilingual	G130	06/09/2018	89100	1280 x 720		Raw Data	attention.avi	190	0	900	720									5947	10:15:54.967	1536226328741465															0	552		Fixation	8	443	305	2.33	49.81	122.05																				711	600	391	633	305	616	348	426	348	240.77	132.34	254.29	166.95	247.53	149.64	288.80	205.84	728.09	342.00	224.42	768.16					755.33	755.33	4.59	4.91	0	0				
07/12/2018	3.3.2	Gaze Project	O4	3	M	Bilingual	G130	06/09/2018	89100	1280 x 720		Raw Data	attention.avi	190	0	900	720									5955	10:15:54.976	1536226328749819															0	553		Fixation	8	400	352	1.90	227.64	177.83																				712	586	492	590	352	588	422	398	422	235.40	91.94	236.89	148.07	236.14	120.01	288.93	202.75	718.55	338.84	217.21	747.15					745.31	745.31	4.65	4.78	0	0				
07/12/2018	3.3.2	Gaze Project	O4	3	M	Bilingual	G130	06/09/2018	89100	1280 x 720		Raw Data	attention.avi	190	0	900	720									5963	10:15:54.984	1536226328758162															0	554		Fixation	8	419	384	1.15	300.62	72.98																				713	591	420	609	384	600	402	410	402	237.32	120.83	244.27	135.25	240.79	128.04	289.01	202.83	718.73	334.75	211.04	729.97					745.51	745.51	4.77	4.65	0	0				
07/12/2018	3.3.2	Gaze Project	O4	3	M	Bilingual	G130	06/09/2018	89100	1280 x 720		Raw Data	attention.avi	190	0	900	720									5972	10:15:54.992	1536226328766534															0	555		Fixation	8	410	398	0.52	237.35	296.73																				714	590	455	600	398	595	426	405	426	236.99	106.91	240.86	129.50	238.92	118.21	289.09	202.79	718.59	333.96	205.92	714.67					745.37	745.37	4.66	4.57	0	0				
07/12/2018	3.3.2	Gaze Project	O4	3	M	Bilingual	G130	06/09/2018	89100	1280 x 720		Raw Data	attention.avi	190	0	900	720									5980	10:15:55.001	1536226328774791															0	556		Fixation	8	426	392	0.52	20.62	143.27																				715	575	456	616	392	595	424	405	424	230.63	106.40	247.34	132.17	238.99	119.28	289.24	202.94	718.52	341.78	223.00	764.05					745.36	745.36	4.76	5.04	0	0				
07/12/2018	3.3.2	Gaze Project	O4	3	M	Bilingual	G130	06/09/2018	89100	1280 x 720		Raw Data	attention.avi	190	0	900	720									5988	10:15:55.009	1536226328783131															0	557		Fixation	8	406	395	0.61	188.56	167.94																				716	621	472	596	395	608	433	418	433	249.26	99.84	239.12	130.99	244.19	115.41	289.26	202.64	718.06	334.13	205.85	714.54					744.83	744.83	4.74	4.63	0	0				
07/12/2018	3.3.2	Gaze Project	O4	3	M	Bilingual	G130	06/09/2018	89100	1280 x 720		Raw Data	attention.avi	190	0	900	720									5997	10:15:55.017	1536226328791493															0	558		Fixation	8	394	412	0.65	234.87	46.31																				717	611	445	584	412	597	428	407	428	245.45	110.59	234.47	124.16	239.96	117.38	289.33	202.71	718.25	334.22	205.85	714.57					745.04	745.04	4.65	4.65	0	0				
07/12/2018	3.3.2	Gaze Project	O4	3	M	Bilingual	G130	06/09/2018	89100	1280 x 720		Raw Data	attention.avi	190	0	900	720									6005	10:15:55.026	1536226328799847															0			Unclassified	8																									718																			-34.01										4	4				
07/12/2018	3.3.2	Gaze Project	O4	3	M	Bilingual	G130	06/09/2018	89100	1280 x 720		Raw Data	attention.avi	190	0	900	720									6013	10:15:55.034	1536226328808204															0	559		Fixation	8	382	363	1.54	103.72	228.85																				719	624	432	572	363	598	397	408	397	250.34	115.83	229.54	143.76	239.94	129.79	289.49	204.88	725.01	343.48	225.76	772.24					752.13	752.13	4.42	5.04	0	0				
07/12/2018	3.3.2	Gaze Project	O4	3	M	Bilingual	G130	06/09/2018	89100	1280 x 720		Raw Data	attention.avi	190	0	900	720									6022	10:15:55.042	1536226328816468															0	560		Fixation	8	463	255	4.11	53.22	309.50																				720	624	415	653	255	638	335	448	335	250.36	122.70	261.94	187.40	256.15	155.05	289.61	202.68	718.12	334.49	205.70	714.31					744.91	744.91	4.68	4.12	0	0				
07/12/2018	3.3.2	Gaze Project	O4	3	M	Bilingual	G130	06/09/2018	89100	1280 x 720		Raw Data	attention.avi	190	0	900	720									6030	10:15:55.051	1536226328824795															0	561		Fixation	8	490	292	1.47	306.03	252.81																				721	567	464	680	292	623	378	433	378	227.56	103.06	272.81	172.50	250.19	137.78	289.71	202.58	718.16	334.59	205.56	714.37					744.93	744.93	4.48	4.27	0	0				
07/12/2018	3.3.2	Gaze Project	O4	3	M	Bilingual	G130	06/09/2018	89100	1280 x 720		Raw Data	attention.avi	190	0	900	720									6038	10:15:55.059	1536226328833154															0	562		Fixation	8	434	348	2.52	225.09	279.06																				722			624	348	624	348	434	348			250.66	149.80						334.68	205.63	714.23						0.00		4.42	4	0				
07/12/2018	3.3.2	Gaze Project	O4	3	M	Bilingual	G130	06/09/2018	89100	1280 x 720		Raw Data	attention.avi	190	0	900	720									6047	10:15:55.067	1536226328841515															0	563		Fixation	8	419	413	2.11	257.05	31.95																				723	635	494	609	413	622	453	432	453	255.08	91.19	244.31	123.69	249.70	107.44	289.88	202.53	717.67	334.80	205.71	714.52					744.45	744.45	4.73	4.63	0	0				
07/12/2018	3.3.2	Gaze Project	O4	3	M	Bilingual	G130	06/09/2018	89100	1280 x 720		Raw Data	attention.avi	190	0	900	720									6055	10:15:55.076	1536226328849786															0	564		Fixation	8	411	431	0.62	246.11	349.06																				724	565	392	601	431	583	411	393	411	226.97	132.18	241.39	116.36	234.18	124.27	289.98	202.59	717.83	334.88	205.57	714.17					744.63	744.63	4.27	4.72	0	0				
07/12/2018	3.3.2	Gaze Project	O4	3	M	Bilingual	G130	06/09/2018	89100	1280 x 720		Raw Data	attention.avi	190	0	900	720									6063	10:15:55.084	1536226328858132															0	565		Fixation	8	422	450	0.70	299.99	53.88																				725	578	473	612	450	595	461	405	461	231.89	99.54	245.83	108.78	238.86	104.16	290.05	205.54	726.91	334.97	205.48	713.96					754.17	754.17	4.53	4.77	0	0				
07/12/2018	3.3.2	Gaze Project	O4	3	M	Bilingual	G130	06/09/2018	89100	1280 x 720		Raw Data	attention.avi	190	0	900	720									6072	10:15:55.092	1536226328866469															0	566		Fixation	8	402	457	0.66	199.35	259.36																				726	561	436	592	457	576	446	386	446	225.28	114.30	237.57	105.82	231.42	110.06	290.15	205.69	727.35	335.08	205.34	714.02					754.63	754.63	4.62	4.82	0	0				
07/12/2018	3.3.2	Gaze Project	O4	3	M	Bilingual	G130	06/09/2018	89100	1280 x 720		Raw Data	attention.avi	190	0	900	720									6080	10:15:55.101	1536226328874831															0			Unclassified	8																									727	595	375			595	375	405	375	238.88	139.03					290.27	202.50	717.53		-34.01						744.33		4.25		0	4				
07/12/2018	3.3.2	Gaze Project	O4	3	M	Bilingual	G130	06/09/2018	89100	1280 x 720		Raw Data	attention.avi	190	0	900	720									6088	10:15:55.109	1536226328883184															0	567		Fixation	8	415	337	3.77	83.84	244.49																				728	607	478	605	337	606	407	416	407	243.63	97.61	243.03	154.16	243.33	125.88	290.35	202.43	717.31	336.24	210.92	730.36					744.10	744.10	4.51	4.70	0	0				
07/12/2018	3.3.2	Gaze Project	O4	3	M	Bilingual	G130	06/09/2018	89100	1280 x 720		Raw Data	attention.avi	190	0	900	720									6097	10:15:55.117	1536226328891445															0	568		Fixation	8	402	390	1.71	256.26	172.42																				729	621	474	592	390	606	432	416	432	249.39	99.25	237.68	132.88	243.54	116.07	290.44	202.46	717.39	335.34	205.34	713.71					744.19	744.19	4.50	4.53	0	0				
07/12/2018	3.3.2	Gaze Project	O4	3	M	Bilingual	G130	06/09/2018	89100	1280 x 720		Raw Data	attention.avi	190	0	900	720									6105	10:15:55.126	1536226328899777															0	569		Fixation	8	405	489	3.12	271.73	15.47																				730	598	474	595	489	596	481	406	481	240.10	99.13	238.72	93.02	239.41	96.07	290.53	202.49	717.47	335.41	205.45	713.67					744.28	744.28	4.57	4.90	0	0				
07/12/2018	3.3.2	Gaze Project	O4	3	M	Bilingual	G130	06/09/2018	89100	1280 x 720		Raw Data	attention.avi	190	0	900	720									6113	10:15:55.134	1536226328908139															0			Unclassified	8																									731	597	478			597	478	407	478	239.51	97.47					290.61	202.40	717.17		-34.01						743.97		4.74		0	4				
07/12/2018	3.3.2	Gaze Project	O4	3	M	Bilingual	G130	06/09/2018	89100	1280 x 720		Raw Data	attention.avi	190	0	900	720									6122	10:15:55.142	1536226328916497															0	570		Fixation	8	383	452	1.36	120.65	208.92																				732	616	395	573	452	594	423	404	423	247.35	131.00	230.11	107.90	238.73	119.45	290.68	202.43	717.23	335.61	205.20	713.77					744.04	744.04	4.40	4.74	0	0				
07/12/2018	3.3.2	Gaze Project	O4	3	M	Bilingual	G130	06/09/2018	89100	1280 x 720		Raw Data	attention.avi	190	0	900	720									6130	10:15:55.151	1536226328924853															0	571		Fixation	8	440	409	2.21	37.12	276.46																				733	606	336	630	409	618	372	428	372	243.41	154.69	252.99	125.30	248.20	140.00	290.77	202.37	717.01	336.39	209.20	725.44					743.82	743.82	4.37	4.75	0	0				
07/12/2018	3.3.2	Gaze Project	O4	3	M	Bilingual	G130	06/09/2018	89100	1280 x 720		Raw Data	attention.avi	190	0	900	720									6138	10:15:55.159	1536226328933122															0	572		Fixation	8	405	382	1.39	142.26	105.14																				734	612	390	595	382	603	386	413	386	245.79	132.71	238.89	136.15	242.34	134.43	290.84	202.40	717.08	335.80	205.43	713.68					743.89	743.89	4.40	4.62	0	0				
07/12/2018	3.3.2	Gaze Project	O4	3	M	Bilingual	G130	06/09/2018	89100	1280 x 720		Raw Data	attention.avi	190	0	900	720									6147	10:15:55.167	1536226328941456															0	573		Fixation	8	444	349	1.57	40.33	258.06																				735	599	350	634	349	616	349	426	349	240.44	149.17	254.52	149.26	247.48	149.22	290.92	202.32	716.82	340.84	216.08	744.75					743.63	743.63	4.25	4.78	0	0				
07/12/2018	3.3.2	Gaze Project	O4	3	M	Bilingual	G130	06/09/2018	89100	1280 x 720		Raw Data	attention.avi	190	0	900	720									6155	10:15:55.176	1536226328949814															0	574		Fixation	8	432	344	0.39	157.31	116.99																				736	577	219	622	344	599	281	409	281	231.45	201.81	249.56	151.39	240.50	176.60	293.02	209.61	737.91	344.85	224.47	769.23					766.01	766.01	4.18	5.08	0	0				
07/12/2018	3.3.2	Gaze Project	O4	3	M	Bilingual	G130	06/09/2018	89100	1280 x 720		Raw Data	attention.avi	190	0	900	720									6163	10:15:55.184	1536226328958166															0	575		Fixation	8	443	342	0.33	10.34	213.02																				737	592	451	633	342	612	396	422	396	237.83	108.37	253.97	152.26	245.90	130.31	291.07	202.29	716.68	344.76	224.18	768.39					743.49	743.49	4.52	5.01	0	0				
07/12/2018	3.3.2	Gaze Project	O4	3	M	Bilingual	G130	06/09/2018	89100	1280 x 720		Raw Data	attention.avi	190	0	900	720									6172	10:15:55.192	1536226328966435															0	576		Fixation	8	471	334	0.88	15.99	5.66																				738	613	447	661	334	637	390	447	390	245.94	109.82	265.46	155.51	255.70	132.66	291.14	202.35	716.81	336.87	209.54	726.50					743.64	743.64	4.46	4.81	0	0				
07/12/2018	3.3.2	Gaze Project	O4	3	M	Bilingual	G130	06/09/2018	89100	1280 x 720		Raw Data	attention.avi	190	0	900	720									6180	10:15:55.201	1536226328974782															0	577		Fixation	8	420	258	2.80	123.78	107.78																				739	633	440	610	258	621	349	431	349	254.09	112.78	244.78	186.23	249.44	149.50	291.31	202.50	716.75	345.14	224.56	769.52					743.64	743.64	4.37	4.97	0	0				
07/12/2018	3.3.2	Gaze Project	O4	3	M	Bilingual	G130	06/09/2018	89100	1280 x 720		Raw Data	attention.avi	190	0	900	720									6188	10:15:55.209	1536226328983121															0	578		Fixation	8	411	331	2.24	262.99	139.22																				740	592	442	601	331	596	386	406	386	237.58	111.87	241.41	156.54	239.50	134.20	291.30	202.35	716.72	337.04	209.53	726.50					743.56	743.56	4.59	4.60	0	0				
07/12/2018	3.3.2	Gaze Project	O4	3	M	Bilingual	G130	06/09/2018	89100	1280 x 720		Raw Data	attention.avi	190	0	900	720									6197	10:15:55.217	1536226328991467															0	579		Fixation	8	440	283	1.77	58.94	155.95																				741	561	412	630	283	595	347	405	347	225.21	124.17	252.72	176.10	238.96	150.13	294.00	211.72	743.97	336.29	205.04	712.99					772.46	772.46	4.90	4.27	0	0				
07/12/2018	3.3.2	Gaze Project	O4	3	M	Bilingual	G130	06/09/2018	89100	1280 x 720		Raw Data	attention.avi	190	0	900	720									6205	10:15:55.226	1536226328999835															0	580		Fixation	8	341	503	7.55	245.84	186.90																				742	668	197	531	503	599	350	409	350	268.30	210.67	213.01	87.27	240.65	148.97	291.46	203.46	720.32	337.26	207.03	718.42					747.33	747.33	3.30	4.60	0	0				
07/12/2018	3.3.2	Gaze Project	O4	3	M	Bilingual	G130	06/09/2018	89100	1280 x 720		Raw Data	attention.avi	190	0	900	720									6213	10:15:55.234	1536226329008106															0	581		Fixation	8	428	414	3.84	45.74	159.90																				743	625	333	618	414	621	373	431	373	250.89	156.02	248.08	123.29	249.49	139.66	291.54	202.36	716.65	336.47	205.03	712.98					743.51	743.51	3.97	4.62	0	0				
07/12/2018	3.3.2	Gaze Project	O4	3	M	Bilingual	G130	06/09/2018	89100	1280 x 720		Raw Data	attention.avi	190	0	900	720									6222	10:15:55.242	1536226329016441															0	582		Fixation	8	371	494	3.06	234.62	188.87																				744	566	455	561	494	563	474	373	474	227.35	106.59	225.37	90.84	226.36	98.71	292.05	203.96	720.87	336.56	205.01	712.89					748.04	748.04	4.62	4.90	0	0				
07/12/2018	3.3.2	Gaze Project	O4	3	M	Bilingual	G130	06/09/2018	89100	1280 x 720		Raw Data	attention.avi	190	0	900	720									6230	10:15:55.251	1536226329024791															0	583		Fixation	8	424	446	2.22	42.26	167.64																				745			614	446	614	446	424	446			246.40	110.36						336.64	204.99	712.80						0.00		4.65	4	0				
07/12/2018	3.3.2	Gaze Project	O4	3	M	Bilingual	G130	06/09/2018	89100	1280 x 720		Raw Data	attention.avi	190	0	900	720									6238	10:15:55.259	1536226329033151															0	584		Fixation	8	368	501	2.43	224.58	182.32																				746	568	473	558	501	563	487	373	487	228.19	99.65	223.98	88.31	226.08	93.98	291.85	202.67	716.88	337.43	206.59	717.05					743.83	743.83	4.56	4.69	0	0				
07/12/2018	3.3.2	Gaze Project	O4	3	M	Bilingual	G130	06/09/2018	89100	1280 x 720		Raw Data	attention.avi	190	0	900	720									6247	10:15:55.267	1536226329041427															0	585		Fixation	8	400	512	1.06	340.97	116.40																				747	613	488	590	512	601	500	411	500	246.09	93.52	236.89	83.78	241.49	88.65	292.12	203.33	718.70	336.83	204.99	712.69					745.78	745.78	4.82	4.84	0	0				
07/12/2018	3.3.2	Gaze Project	O4	3	M	Bilingual	G130	06/09/2018	89100	1280 x 720		Raw Data	attention.avi	190	0	900	720									6255	10:15:55.276	1536226329049772															0	586		Fixation	8	407	485	0.86	75.51	94.54																				748	620	471	597	485	608	478	418	478	248.80	100.14	239.44	94.57	244.12	97.35	292.08	202.89	717.31	337.69	206.76	717.43					744.33	744.33	4.60	5.07	0	0				
07/12/2018	3.3.2	Gaze Project	O4	3	M	Bilingual	G130	06/09/2018	89100	1280 x 720		Raw Data	attention.avi	190	0	900	720									6263	10:15:55.284	1536226329058102															0	587		Fixation	8	388	488	0.60	189.00	113.49																				749	664	187	578	488	621	337	431	337	266.55	214.45	232.09	93.62	249.32	154.03	292.08	203.93	721.04	337.63	206.43	716.40					748.19	748.19	3.51	4.79	0	0				
07/12/2018	3.3.2	Gaze Project	O4	3	M	Bilingual	G130	06/09/2018	89100	1280 x 720		Raw Data	attention.avi	190	0	900	720									6272	10:15:55.292	1536226329066464															0	588		Fixation	8	416	281	6.56	82.32	253.32																				750	623	267	606	281	614	274	424	274	250.15	182.55	243.10	176.83	246.63	179.69	292.17	202.49	716.31	338.27	207.58	719.64					743.25	743.25	3.84	4.28	0	0				
07/12/2018	3.3.2	Gaze Project	O4	3	M	Bilingual	G130	06/09/2018	89100	1280 x 720		Raw Data	attention.avi	190	0	900	720									6280	10:15:55.301	1536226329074820															0	589		Fixation	8	399	536	8.01	266.20	183.88																				751	604	294	589	536	596	415	406	415	242.45	171.71	236.29	74.03	239.37	122.87	292.27	202.55	716.34	337.95	206.74	717.07					743.31	743.31	3.73	4.83	0	0				
07/12/2018	3.3.2	Gaze Project	O4	3	M	Bilingual	G130	06/09/2018	89100	1280 x 720		Raw Data	attention.avi	190	0	900	720									6288	10:15:55.309	1536226329083087															0	590		Fixation	8	355	521	1.45	161.12	254.92																				752	604	483	545	521	574	502	384	502	242.47	95.42	218.93	80.21	230.70	87.81	292.32	202.57	715.75	338.10	206.88	717.37					742.75	742.75	4.58	4.69	0	0				
07/12/2018	3.3.2	Gaze Project	O4	3	M	Bilingual	G130	06/09/2018	89100	1280 x 720		Raw Data	attention.avi	190	0	900	720									6297	10:15:55.317	1536226329091444															0	591		Fixation	8	393	549	1.47	323.53	162.41																				753			583	549	583	549	393	549			234.04	69.01						338.42	207.39	718.72						0.00		4.70	4	0				
07/12/2018	3.3.2	Gaze Project	O4	3	M	Bilingual	G130	06/09/2018	89100	1280 x 720		Raw Data	attention.avi	190	0	900	720									6305	10:15:55.326	1536226329099776															0			Unclassified	8																									754																			-34.01										4	4				
07/12/2018	3.3.2	Gaze Project	O4	3	M	Bilingual	G130	06/09/2018	89100	1280 x 720		Raw Data	attention.avi	190	0	900	720									6313	10:15:55.334	1536226329108136															0	592		Fixation	8	348	488	2.36	126.33	162.80																				755	601	461	538	488	569	474	379	474	241.44	104.15	216.12	93.54	228.78	98.84	292.63	202.74	716.19	338.78	207.84	719.76					743.24	743.24	4.52	4.71	0	0				
07/12/2018	3.3.2	Gaze Project	O4	3	M	Bilingual	G130	06/09/2018	89100	1280 x 720		Raw Data	attention.avi	190	0	900	720									6322	10:15:55.342	1536226329116487															0	593		Fixation	8	383	499	1.14	342.50	216.17																				756	576	480	573	499	574	489	384	489	231.01	96.70	230.00	89.09	230.51	92.90	292.90	203.55	717.91	337.66	205.21	712.33					745.14	745.14	4.78	4.88	0	0				
07/12/2018	3.3.2	Gaze Project	O4	3	M	Bilingual	G130	06/09/2018	89100	1280 x 720		Raw Data	attention.avi	190	0	900	720									6330	10:15:55.351	1536226329124758															0	594		Fixation	8	357	496	0.82	173.40	190.90																				757			547	496	547	496	357	496			219.39	90.00						337.75	205.14	712.36						0.00		5.16	4	0				
07/12/2018	3.3.2	Gaze Project	O4	3	M	Bilingual	G130	06/09/2018	89100	1280 x 720		Raw Data	attention.avi	190	0	900	720									6338	10:15:55.359	1536226329133085															0			Unclassified	8																									758	620	271			620	271	430	271	248.92	180.98					293.06	203.69	717.99		-34.01						745.27		3.77		0	4				
07/12/2018	3.3.2	Gaze Project	O4	3	M	Bilingual	G130	06/09/2018	89100	1280 x 720		Raw Data	attention.avi	190	0	900	720									6347	10:15:55.367	1536226329141444															0	595		Fixation	8	393	455	1.68	48.81	235.41																				759	623	504	583	455	603	479	413	479	250.24	87.03	234.07	106.56	242.15	96.80	292.94	204.57	721.23	338.80	207.40	717.87					748.61	748.61	4.85	4.64	0	0				
07/12/2018	3.3.2	Gaze Project	O4	3	M	Bilingual	G130	06/09/2018	89100	1280 x 720		Raw Data	attention.avi	190	0	900	720									6355	10:15:55.376	1536226329149803															0	596		Fixation	8	415	482	1.09	309.08	260.28																				760			605	482	605	482	415	482			242.91	95.79						338.47	208.13	720.61						0.00		5.00	4	0				
07/12/2018	3.3.2	Gaze Project	O4	3	M	Bilingual	G130	06/09/2018	89100	1280 x 720		Raw Data	attention.avi	190	0	900	720									6363	10:15:55.384	1536226329158079															0	597		Fixation	8	409	425	1.80	95.99	146.91																				761			599	425	599	425	409	425			240.33	118.85						337.99	205.44	712.27						0.00		4.65	4	0				
07/12/2018	3.3.2	Gaze Project	O4	3	M	Bilingual	G130	06/09/2018	89100	1280 x 720		Raw Data	attention.avi	190	0	900	720									6372	10:15:55.392	1536226329166419															0	598		Fixation	8	377	498	2.47	246.40	150.41																				762	599	483	567	498	583	490	393	490	240.24	95.42	227.46	89.45	233.85	92.44	293.47	204.54	719.96	339.05	207.75	718.47					747.42	747.42	4.69	4.80	0	0				
07/12/2018	3.3.2	Gaze Project	O4	3	M	Bilingual	G130	06/09/2018	89100	1280 x 720		Raw Data	attention.avi	190	0	900	720									6380	10:15:55.401	1536226329174754															0	599		Fixation	8	407	467	1.32	46.03	159.63																				763			597	467	597	467	407	467			239.51	102.05						338.57	208.09	720.08						0.00		4.94	4	0				
07/12/2018	3.3.2	Gaze Project	O4	3	M	Bilingual	G130	06/09/2018	89100	1280 x 720		Raw Data	attention.avi	190	0	900	720									6388	10:15:55.409	1536226329183119															0			Unclassified	8																									764	597	466			597	466	407	466	239.55	102.25					293.16	203.16	716.15		-34.01						743.37		4.68		0	4				
07/12/2018	3.3.2	Gaze Project	O4	3	M	Bilingual	G130	06/09/2018	89100	1280 x 720		Raw Data	attention.avi	190	0	900	720									6397	10:15:55.417	1536226329191458															0	600		Fixation	8	387	338	4.12	98.79	52.75																				765	597	366	577	338	587	352	397	352	239.44	142.72	231.49	153.73	235.47	148.23	293.17	203.22	716.25	338.10	205.53	711.98					743.47	743.47	4.17	4.53	0	0				
07/12/2018	3.3.2	Gaze Project	O4	3	M	Bilingual	G130	06/09/2018	89100	1280 x 720		Raw Data	attention.avi	190	0	900	720									6405	10:15:55.426	1536226329199740															0			Unclassified	8																									766	621	494			621	494	431	494	249.44	91.02					293.16	203.34	716.54		-34.01						743.79		4.81		0	4				
07/12/2018	3.3.2	Gaze Project	O4	3	M	Bilingual	G130	06/09/2018	89100	1280 x 720		Raw Data	attention.avi	190	0	900	720									6413	10:15:55.434	1536226329208091															0			Unclassified	8																									767	614	489			614	489	424	489	246.48	92.89					293.14	206.80	727.03		-34.01						754.83		4.73		0	4				
07/12/2018	3.3.2	Gaze Project	O4	3	M	Bilingual	G130	06/09/2018	89100	1280 x 720		Raw Data	attention.avi	190	0	900	720									6422	10:15:55.442	1536226329216417															0	601		Fixation	8	344	283	2.22	127.93	29.14																				768	539	455	534	283	536	369	346	369	216.34	106.54	214.54	176.08	215.44	141.31	292.97	203.41	716.59	337.93	205.90	712.39					743.85	743.85	4.60	4.18	0	0				
07/12/2018	3.3.2	Gaze Project	O4	3	M	Bilingual	G130	06/09/2018	89100	1280 x 720		Raw Data	attention.avi	190	0	900	720									6430	10:15:55.451	1536226329224785															0	602		Fixation	8	209	470	7.05	234.26	106.33																				769	340	496	399	470	369	483	179	483	136.63	90.15	160.02	100.72	148.33	95.43	292.74	203.28	716.64	338.56	211.05	727.51					743.84	743.84	4.58	4.96	0	0				
07/12/2018	3.3.2	Gaze Project	O4	3	M	Bilingual	G130	06/09/2018	89100	1280 x 720		Raw Data	attention.avi	190	0	900	720									6438	10:15:55.459	1536226329233140															0	603		Fixation	8	178	433	1.47	129.87	255.61																				770	330	468	368	433	349	450	159	450	132.50	101.55	147.72	115.38	140.11	108.46	292.38	203.52	716.54	337.88	209.47	722.72					743.81	743.81	4.99	4.83	0	0				
07/12/2018	3.3.2	Gaze Project	O4	3	M	Bilingual	G130	06/09/2018	89100	1280 x 720		Raw Data	attention.avi	190	0	900	720									6447	10:15:55.467	1536226329241405															0	604		Fixation	8	72	474	3.30	201.21	71.34																				771	226	501	262	474	244	487	54	487	90.69	88.34	105.20	99.12	97.94	93.73	292.14	205.09	722.14	336.84	205.98	712.36					749.60	749.60	4.75	4.75	0	0				
07/12/2018	3.3.2	Gaze Project	O4	3	M	Bilingual	G130	06/09/2018	89100	1280 x 720		Raw Data	attention.avi	190	0	900	720									6455	10:15:55.476	1536226329249739															0			Unclassified	8																									772	103	481			103	481			41.54	96.42					291.62	203.40	716.59		-34.01						743.78		4.57		0	4				
07/12/2018	3.3.2	Gaze Project	O4	3	M	Bilingual	G130	06/09/2018	89100	1280 x 720		Raw Data	attention.avi	190	0	900	720									6463	10:15:55.484	1536226329258095															0			Unclassified	8																									773	26	457			26	457			10.50	105.97					291.40	198.14	702.09		-34.01						728.37		4.56		0	4				
07/12/2018	3.3.2	Gaze Project	O4	3	M	Bilingual	G130	06/09/2018	89100	1280 x 720		Raw Data	attention.avi	190	0	900	720									6472	10:15:55.492	1536226329266456															0			Unclassified	8																									774																			-34.01										4	4				
07/12/2018	3.3.2	Gaze Project	O4	3	M	Bilingual	G130	06/09/2018	89100	1280 x 720		Raw Data	attention.avi	190	0	900	720									6480	10:15:55.501	1536226329274731															0			Unclassified	8																									775	-70	461			-70	461			-28.16	104.32					290.50	197.11	699.37		-34.01						725.43		4.40		0	4				
07/12/2018	3.3.2	Gaze Project	O4	3	M	Bilingual	G130	06/09/2018	89100	1280 x 720		Raw Data	attention.avi	190	0	900	720									6488	10:15:55.509	1536226329283072															0			Unclassified	8																									776	-74	438			-74	438			-29.87	113.42					290.04	196.63	698.38		-34.01						724.31		4.49		0	4				
07/12/2018	3.3.2	Gaze Project	O4	3	M	Bilingual	G130	06/09/2018	89100	1280 x 720		Raw Data	attention.avi	190	0	900	720									6497	10:15:55.517	1536226329291406															0			Unclassified	8																									777	-58	421			-58	421			-23.14	120.41					289.53	197.48	701.43		-34.01						727.44		4.47		0	4				
07/12/2018	3.3.2	Gaze Project	O4	3	M	Bilingual	G130	06/09/2018	89100	1280 x 720		Raw Data	attention.avi	190	0	900	720									6505	10:15:55.526	1536226329299772															0			Unclassified	8																									778	-62	381			-62	381			-24.92	136.52					289.01	196.22	698.26		-34.01						724.02		4.29		0	4				
07/12/2018	3.3.2	Gaze Project	O4	3	M	Bilingual	G130	06/09/2018	89100	1280 x 720		Raw Data	attention.avi	190	0	900	720									6513	10:15:55.534	1536226329308123															0			Unclassified	8																									779																			-34.01										4	4				
07/12/2018	3.3.2	Gaze Project	O4	3	M	Bilingual	G130	06/09/2018	89100	1280 x 720		Raw Data	attention.avi	190	0	900	720									6522	10:15:55.542	1536226329316386															0			Unclassified	8																									780	-62	407			-62	407			-24.99	125.90					287.72	204.06	722.22		-34.01						749.15		4.54		0	4				
07/12/2018	3.3.2	Gaze Project	O4	3	M	Bilingual	G130	06/09/2018	89100	1280 x 720		Raw Data	attention.avi	190	0	900	720									6530	10:15:55.551	1536226329324752															0			Unclassified	8																									781																			-34.01										4	4				
07/12/2018	3.3.2	Gaze Project	O4	3	M	Bilingual	G130	06/09/2018	89100	1280 x 720		Raw Data	attention.avi	190	0	900	720									6538	10:15:55.559	1536226329333082															0			Unclassified	8																									782	-73	441			-73	441			-29.14	112.39					286.71	196.20	700.27		-34.01						725.82		4.43		0	4				
07/12/2018	3.3.2	Gaze Project	O4	3	M	Bilingual	G130	06/09/2018	89100	1280 x 720		Raw Data	attention.avi	190	0	900	720									6547	10:15:55.567	1536226329341444															0			Unclassified	8																									783	-68	393			-68	393			-27.36	131.71					285.95	204.05	723.69		-34.01						750.47		4.47		0	4				
07/12/2018	3.3.2	Gaze Project	O4	3	M	Bilingual	G130	06/09/2018	89100	1280 x 720		Raw Data	attention.avi	190	0	900	720									6555	10:15:55.576	1536226329349791															0			Unclassified	8																									784	-87	370			-87	370			-34.97	141.03					285.41	204.07	724.17		-34.01						750.91		4.32		0	4				
07/12/2018	3.3.2	Gaze Project	O4	3	M	Bilingual	G130	06/09/2018	89100	1280 x 720		Raw Data	attention.avi	190	0	900	720									6563	10:15:55.584	1536226329358055															0			Unclassified	8																									785	-80	371			-80	371			-32.17	140.40					284.91	204.19	725.03		-34.01						751.74		4.46		0	4				
07/12/2018	3.3.2	Gaze Project	O4	3	M	Bilingual	G130	06/09/2018	89100	1280 x 720		Raw Data	attention.avi	190	0	900	720									6572	10:15:55.592	1536226329366389															0	605		Fixation	8			8.80	177.27	336.07																				786	-21	428	-54	459	-37	443			-8.32	117.62	-21.77	105.02	-15.04	111.32	284.38	204.07	725.07	325.10	201.36	694.91					751.73	751.73	4.35	4.41	0	0				
07/12/2018	3.3.2	Gaze Project	O4	3	M	Bilingual	G130	06/09/2018	89100	1280 x 720		Raw Data	attention.avi	190	0	900	720									6580	10:15:55.601	1536226329374748															0	606		Fixation	8			1.35	130.64	313.37																				787	-32	385	-85	423	-58	404			-12.69	134.91	-34.19	119.68	-23.44	127.29	283.99	204.00	725.10	327.16	207.35	712.58					751.72	751.72	4.31	4.70	0	0				
07/12/2018	3.3.2	Gaze Project	O4	3	M	Bilingual	G130	06/09/2018	89100	1280 x 720		Raw Data	attention.avi	190	0	900	720									6588	10:15:55.609	1536226329383108															0	607		Fixation	8			1.87	270.00	139.36																				788	-66	421	-85	488	-75	454			-26.63	120.30	-34.14	93.30	-30.39	106.80	283.64	203.94	725.13	325.71	199.99	691.62					751.71	751.71	4.58	4.64	0	0				
07/12/2018	3.3.2	Gaze Project	O4	3	M	Bilingual	G130	06/09/2018	89100	1280 x 720		Raw Data	attention.avi	190	0	900	720									6597	10:15:55.617	1536226329391374															0	608		Fixation	8			1.09	121.92	211.92																				789	-85	408	-105	456	-95	432			-33.98	125.46	-42.22	106.49	-38.10	115.98	283.35	203.89	725.15	324.15	202.43	697.73					751.71	751.71	4.47	4.48	0	0				
07/12/2018	3.3.2	Gaze Project	O4	3	M	Bilingual	G130	06/09/2018	89100	1280 x 720		Raw Data	attention.avi	190	0	900	720									6605	10:15:55.626	1536226329399736															0	609		Fixation	8			0.38	131.90	9.97																				790			-114	446	-114	446					-45.93	110.32						326.01	207.56	712.88						0.00		4.69	4	0				
07/12/2018	3.3.2	Gaze Project	O4	3	M	Bilingual	G130	06/09/2018	89100	1280 x 720		Raw Data	attention.avi	190	0	900	720									6613	10:15:55.634	1536226329408059															0	610		Fixation	8			1.22	87.35	315.45																				791	-18	465	-112	403	-65	434			-7.41	102.66	-44.98	127.49	-26.19	115.08	279.23	189.22	680.97	325.70	207.50	712.91					705.05	705.05	4.13	4.77	0	0				
07/12/2018	3.3.2	Gaze Project	O4	3	M	Bilingual	G130	06/09/2018	89100	1280 x 720		Raw Data	attention.avi	190	0	900	720									6622	10:15:55.642	1536226329416406															0	611		Fixation	8			0.83	262.17	174.83																				792			-116	432	-116	432					-46.61	115.93						322.94	201.63	694.92						0.00		4.43	4	0				
07/12/2018	3.3.2	Gaze Project	O4	3	M	Bilingual	G130	06/09/2018	89100	1280 x 720		Raw Data	attention.avi	190	0	900	720									6630	10:15:55.651	1536226329424777															0	612		Fixation	8			0.55	134.91	232.74																				793	-15	415	-130	418	-72	416			-6.15	122.96	-52.23	121.64	-29.19	122.30	282.98	197.03	704.62	325.41	207.85	713.17					730.07	730.07	4.32	4.65	0	0				
07/12/2018	3.3.2	Gaze Project	O4	3	M	Bilingual	G130	06/09/2018	89100	1280 x 720		Raw Data	attention.avi	190	0	900	720									6638	10:15:55.659	1536226329433027															0			Unclassified	8																									794	-29	427			-29	427			-11.67	117.84					282.88	197.89	707.22		-34.01						732.79		4.37		0	4				
07/12/2018	3.3.2	Gaze Project	O4	3	M	Bilingual	G130	06/09/2018	89100	1280 x 720		Raw Data	attention.avi	190	0	900	720									6647	10:15:55.667	1536226329441369															0	613		Fixation	8			1.23	297.68	162.77																				795	24	527	-110	456	-43	491			9.47	77.91	-44.27	106.17	-17.40	92.04	276.98	181.83	658.52	322.44	201.48	693.87					681.35	681.35	4.03	4.49	0	0				
07/12/2018	3.3.2	Gaze Project	O4	3	M	Bilingual	G130	06/09/2018	89100	1280 x 720		Raw Data	attention.avi	190	0	900	720									6655	10:15:55.676	1536226329449730															0	614		Fixation	8			5.79	78.89	141.21																				796	24	520	-71	258	-23	389			9.70	80.36	-28.66	185.97	-9.48	133.17	278.06	186.56	672.47	325.20	208.13	713.34					696.11	696.11	4.04	4.12	0	0				
07/12/2018	3.3.2	Gaze Project	O4	3	M	Bilingual	G130	06/09/2018	89100	1280 x 720		Raw Data	attention.avi	190	0	900	720									6663	10:15:55.684	1536226329458091															0	615		Fixation	8			5.41	269.69	190.80																				797	-11	404	-72	444	-41	424			-4.46	127.14	-28.97	111.34	-16.71	119.24	282.81	197.58	705.92	324.36	201.78	695.13					731.47	731.47	4.28	4.77	0	0				
07/12/2018	3.3.2	Gaze Project	O4	3	M	Bilingual	G130	06/09/2018	89100	1280 x 720		Raw Data	attention.avi	190	0	900	720									6672	10:15:55.692	1536226329466367															0	616		Fixation	8			0.68	306.30	36.60																				798			-58	463	-58	463					-23.11	103.41						322.42	201.90	694.40						0.00		4.52	4	0				
07/12/2018	3.3.2	Gaze Project	O4	3	M	Bilingual	G130	06/09/2018	89100	1280 x 720		Raw Data	attention.avi	190	0	900	720									6680	10:15:55.701	1536226329474708															0	617		Fixation	8			2.65	136.62	190.32																				799			-127	398	-127	398					-50.82	129.71						325.21	208.56	713.89						0.00		4.72	4	0				
07/12/2018	3.3.2	Gaze Project	O4	3	M	Bilingual	G130	06/09/2018	89100	1280 x 720		Raw Data	attention.avi	190	0	900	720									6688	10:15:55.709	1536226329483037															0	618		Fixation	8			1.02	91.59	314.97																				800	-4	424	-128	362	-66	393			-1.79	119.06	-51.42	144.18	-26.61	131.62	282.83	197.57	705.63	325.17	208.49	713.92					731.19	731.19	4.30	4.69	0	0				
07/12/2018	3.3.2	Gaze Project	O4	3	M	Bilingual	G130	06/09/2018	89100	1280 x 720		Raw Data	attention.avi	190	0	900	720									6697	10:15:55.717	1536226329491401															0			Unclassified	8																									801	-29	422			-29	422			-11.64	120.14					282.85	197.29	704.77		-34.01						730.29		4.29		0	4				
07/12/2018	3.3.2	Gaze Project	O4	3	M	Bilingual	G130	06/09/2018	89100	1280 x 720		Raw Data	attention.avi	190	0	900	720									6705	10:15:55.726	1536226329499757															0	619		Fixation	8			0.38	116.49	24.91																				802	-69	443	-134	350	-101	396			-27.87	111.53	-53.70	149.04	-40.78	130.29	282.85	197.43	705.22	325.25	208.88	714.44					730.75	730.75	4.45	4.60	0	0				
07/12/2018	3.3.2	Gaze Project	O4	3	M	Bilingual	G130	06/09/2018	89100	1280 x 720		Raw Data	attention.avi	190	0	900	720									6713	10:15:55.734	1536226329508023															0	620		Fixation	8			1.63	307.18	190.69																				803	-52	409	-99	396	-75	402			-20.69	125.38	-39.64	130.42	-30.16	127.90	282.86	197.10	704.23	322.74	203.03	697.07					729.72	729.72	4.33	4.40	0	0				
07/12/2018	3.3.2	Gaze Project	O4	3	M	Bilingual	G130	06/09/2018	89100	1280 x 720		Raw Data	attention.avi	190	0	900	720									6722	10:15:55.742	1536226329516371															0	621		Fixation	8			0.63	262.26	315.08																				804	-16	423	-102	418	-59	420			-6.25	119.50	-40.96	121.59	-23.61	120.55	282.87	196.70	703.09	325.19	208.80	714.48					728.51	728.51	4.30	4.91	0	0				
07/12/2018	3.3.2	Gaze Project	O4	3	M	Bilingual	G130	06/09/2018	89100	1280 x 720		Raw Data	attention.avi	190	0	900	720									6730	10:15:55.751	1536226329524708															0	622		Fixation	8			1.59	311.29	49.03																				805	-41	437	-65	460	-53	448			-16.51	114.07	-26.02	104.72	-21.27	109.40	282.85	196.60	702.84	322.19	201.85	693.66					728.23	728.23	4.36	4.48	0	0				
07/12/2018	3.3.2	Gaze Project	O4	3	M	Bilingual	G130	06/09/2018	89100	1280 x 720		Raw Data	attention.avi	190	0	900	720									6738	10:15:55.759	1536226329533059															0	623		Fixation	8			2.65	148.35	197.06																				806			-148	409	-148	409					-59.34	125.30						325.22	209.14	715.15						0.00		4.80	4	0				
07/12/2018	3.3.2	Gaze Project	O4	3	M	Bilingual	G130	06/09/2018	89100	1280 x 720		Raw Data	attention.avi	190	0	900	720									6747	10:15:55.767	1536226329541429															0			Unclassified	8																									807	-28	374			-28	374			-11.24	139.42					282.81	196.24	701.94		-34.01						727.27		4.30		0	4				
07/12/2018	3.3.2	Gaze Project	O4	3	M	Bilingual	G130	06/09/2018	89100	1280 x 720		Raw Data	attention.avi	190	0	900	720									6755	10:15:55.776	1536226329549680															0	624		Fixation	8			3.00	92.69	304.34																				808	-14	361	-153	303	-83	332			-5.61	144.50	-61.48	167.79	-33.54	156.14	282.72	197.77	706.73	325.16	209.21	715.43					732.29	732.29	4.30	4.42	0	0				
07/12/2018	3.3.2	Gaze Project	O4	3	M	Bilingual	G130	06/09/2018	89100	1280 x 720		Raw Data	attention.avi	190	0	900	720									6763	10:15:55.784	1536226329558021															0	625		Fixation	8			2.43	301.78	209.09																				809	-75	408	-107	377	-91	392			-30.21	125.82	-43.02	137.99	-36.61	131.91	282.68	198.16	708.00	325.12	209.26	715.64					733.62	733.62	4.46	4.76	0	0				
07/12/2018	3.3.2	Gaze Project	O4	3	M	Bilingual	G130	06/09/2018	89100	1280 x 720		Raw Data	attention.avi	190	0	900	720									6772	10:15:55.792	1536226329566384															0			Unclassified	8																									810	-89	451			-89	451			-35.60	108.14					282.69	196.84	704.00		-34.01						729.40		4.45		0	4				
07/12/2018	3.3.2	Gaze Project	O4	3	M	Bilingual	G130	06/09/2018	89100	1280 x 720		Raw Data	attention.avi	190	0	900	720									6780	10:15:55.801	1536226329574737															0	626		Fixation	8			0.50	42.97	101.19																				811	-28	411	-93	364	-60	387			-11.19	124.56	-37.24	143.39	-24.21	133.97	282.65	198.41	708.86	325.10	209.19	715.62					734.51	734.51	4.29	4.86	0	0				
07/12/2018	3.3.2	Gaze Project	O4	3	M	Bilingual	G130	06/09/2018	89100	1280 x 720		Raw Data	attention.avi	190	0	900	720									6788	10:15:55.809	1536226329583017															0			Unclassified	8																									812	95	398			95	398			38.21	129.49					281.94	203.41	723.05		-34.01						749.52		4.31		0	4				
07/12/2018	3.3.2	Gaze Project	O4	3	M	Bilingual	G130	06/09/2018	89100	1280 x 720		Raw Data	attention.avi	190	0	900	720									6797	10:15:55.817	1536226329591357															0	627		Fixation	8			7.70	9.92	326.95																				813	154	388	188	315	171	351			61.68	133.84	75.64	163.09	68.66	148.47	282.76	204.71	727.90	325.44	209.33	716.17					754.56	754.56	4.53	4.53	0	0				
07/12/2018	3.3.2	Gaze Project	O4	3	M	Bilingual	G130	06/09/2018	89100	1280 x 720		Raw Data	attention.avi	190	0	900	720									6805	10:15:55.826	1536226329599693															0	628		Fixation	8	107	405	4.23	320.36	310.44																				814	299	283	297	405	298	344	108	344	120.16	175.95	119.05	126.76	119.60	151.36	282.97	205.25	729.36	326.32	211.11	720.96					756.12	756.12	4.24	4.51	0	0				
07/12/2018	3.3.2	Gaze Project	O4	3	M	Bilingual	G130	06/09/2018	89100	1280 x 720		Raw Data	attention.avi	190	0	900	720									6813	10:15:55.834	1536226329608040															0			Unclassified	8																									815	410	317			410	317	220	317	164.74	162.12					283.21	205.21	729.38		-34.01						756.13		4.27		0	4				
07/12/2018	3.3.2	Gaze Project	O4	3	M	Bilingual	G130	06/09/2018	89100	1280 x 720		Raw Data	attention.avi	190	0	900	720									6822	10:15:55.842	1536226329616412															0	629		Fixation	8	374	428	8.13	355.06	34.70																				816	526	357	564	428	545	392	355	392	211.19	146.12	226.20	117.58	218.69	131.85	283.41	205.53	729.98	326.73	210.87	720.63					756.82	756.82	4.08	4.58	0	0				
07/12/2018	3.3.2	Gaze Project	O4	3	M	Bilingual	G130	06/09/2018	89100	1280 x 720		Raw Data	attention.avi	190	0	900	720									6830	10:15:55.851	1536226329624681															0			Unclassified	8																									817	624	175			624	175	434	175	250.61	219.38					283.44	207.63	736.50		-34.01						763.66		3.28		0	4				
07/12/2018	3.3.2	Gaze Project	O4	3	M	Bilingual	G130	06/09/2018	89100	1280 x 720		Raw Data	attention.avi	190	0	900	720									6838	10:15:55.859	1536226329633032															0			Unclassified	8																									818	516	172			516	172	326	172	207.10	220.83					283.52	207.25	735.19		-34.01						762.30		3.68		0	4				
07/12/2018	3.3.2	Gaze Project	O4	3	M	Bilingual	G130	06/09/2018	89100	1280 x 720		Raw Data	attention.avi	190	0	900	720									6847	10:15:55.867	1536226329641355															0	630		Fixation	8	377	364	2.01	87.32	92.26																				819			567	364	567	364	377	364			227.61	143.19						326.59	209.04	716.28						0.00		4.47	4	0				
07/12/2018	3.3.2	Gaze Project	O4	3	M	Bilingual	G130	06/09/2018	89100	1280 x 720		Raw Data	attention.avi	190	0	900	720									6855	10:15:55.876	1536226329649720															0			Unclassified	8																									820	587	407			587	407	397	407	235.76	126.20					283.67	210.62	744.94		-34.01						772.61		4.62		0	4				
07/12/2018	3.3.2	Gaze Project	O4	3	M	Bilingual	G130	06/09/2018	89100	1280 x 720		Raw Data	attention.avi	190	0	900	720									6863	10:15:55.884	1536226329658080															0			Unclassified	8																									821	518	393			518	393	328	393	208.11	131.56					284.10	206.33	731.60		-34.01						758.62		4.54		0	4				
07/12/2018	3.3.2	Gaze Project	O4	3	M	Bilingual	G130	06/09/2018	89100	1280 x 720		Raw Data	attention.avi	190	0	900	720									6872	10:15:55.892	1536226329666345															0	631		Fixation	8	375	252	3.56	91.02	3.69																				822	539	362	565	252	552	307	362	307	216.41	144.02	226.79	188.49	221.60	166.25	284.15	206.40	731.79	327.19	209.05	716.28					758.82	758.82	4.63	3.88	0	0				
07/12/2018	3.3.2	Gaze Project	O4	3	M	Bilingual	G130	06/09/2018	89100	1280 x 720		Raw Data	attention.avi	190	0	900	720									6880	10:15:55.901	1536226329674677															0	632		Fixation	8	354	391	4.45	261.44	170.42																				823	556	415	544	391	550	403	360	403	223.21	122.74	218.38	132.41	220.80	127.58	283.96	218.10	766.63	327.49	209.63	717.54					795.55	795.55	5.01	4.59	0	0				
07/12/2018	3.3.2	Gaze Project	O4	3	M	Bilingual	G130	06/09/2018	89100	1280 x 720		Raw Data	attention.avi	190	0	900	720									6888	10:15:55.909	1536226329683032															0			Unclassified	8																									824	510	246			510	246	320	246	204.61	191.07					284.68	206.68	731.67		-34.01						758.82		4.03		0	4				
07/12/2018	3.3.2	Gaze Project	O4	3	M	Bilingual	G130	06/09/2018	89100	1280 x 720		Raw Data	attention.avi	190	0	900	720									6897	10:15:55.917	1536226329691388															0	633		Fixation	8	324	402	0.97	200.20	298.76																				825	567	277	514	402	540	339	350	339	227.72	178.42	206.46	128.04	217.09	153.23	284.66	206.42	731.19	331.37	217.88	740.84					758.28	758.28	4.04	4.98	0	0				
07/12/2018	3.3.2	Gaze Project	O4	3	M	Bilingual	G130	06/09/2018	89100	1280 x 720		Raw Data	attention.avi	190	0	900	720									6905	10:15:55.926	1536226329699655															0			Unclassified	8																									826	554	308			554	308	364	308	222.25	165.81					284.83	206.37	730.85		-34.01						757.95		4.12		0	4				
07/12/2018	3.3.2	Gaze Project	O4	3	M	Bilingual	G130	06/09/2018	89100	1280 x 720		Raw Data	attention.avi	190	0	900	720									6913	10:15:55.934	1536226329708005															0			Unclassified	8																									827	547	136			547	136	357	136	219.70	235.18					284.82	212.28	748.39		-34.01						776.45		3.58		0	4				
07/12/2018	3.3.2	Gaze Project	O4	3	M	Bilingual	G130	06/09/2018	89100	1280 x 720		Raw Data	attention.avi	190	0	900	720									6922	10:15:55.942	1536226329716334															0	634		Fixation	8	341	333	2.13	76.20	236.01																				828	539	315	531	333	535	324	345	324	216.54	163.11	213.05	155.87	214.80	159.49	285.26	206.87	731.77	333.62	221.88	752.23					759.00	759.00	3.98	4.91	0	0				
07/12/2018	3.3.2	Gaze Project	O4	3	M	Bilingual	G130	06/09/2018	89100	1280 x 720		Raw Data	attention.avi	190	0	900	720									6930	10:15:55.951	1536226329724701															0			Unclassified	8																									829	495	423			495	423	305	423	198.54	119.47					285.28	206.51	730.95		-34.01						758.11		4.67		0	4				
07/12/2018	3.3.2	Gaze Project	O4	3	M	Bilingual	G130	06/09/2018	89100	1280 x 720		Raw Data	attention.avi	190	0	900	720									6938	10:15:55.959	1536226329733060															0	635		Fixation	8	330	337	0.34	200.04	123.84																				830	560	358	520	337	540	347	350	347	224.83	145.80	208.85	154.36	216.84	150.08	285.39	206.56	730.66	337.96	231.35	779.43					757.86	757.86	4.53	5.16	0	0				
07/12/2018	3.3.2	Gaze Project	O4	3	M	Bilingual	G130	06/09/2018	89100	1280 x 720		Raw Data	attention.avi	190	0	900	720									6947	10:15:55.967	1536226329741324															0			Unclassified	8																									831	492	248			492	248	302	248	197.57	190.05					285.60	206.77	730.58		-34.01						757.85		3.99		0	4				
07/12/2018	3.3.2	Gaze Project	O4	3	M	Bilingual	G130	06/09/2018	89100	1280 x 720		Raw Data	attention.avi	190	0	900	720									6955	10:15:55.976	1536226329749668															0	636		Fixation	8	332	427	2.64	271.27	71.23																				832	571	422	522	427	546	424	356	424	229.29	120.12	209.47	117.96	219.38	119.04	285.34	216.62	760.44	334.04	221.50	751.12					789.26	789.26	4.89	4.95	0	0				
07/12/2018	3.3.2	Gaze Project	O4	3	M	Bilingual	G130	06/09/2018	89100	1280 x 720		Raw Data	attention.avi	190	0	900	720									6963	10:15:55.984	1536226329758018															0			Unclassified	8																									833	536	453			536	453	346	453	215.33	107.61					285.68	206.61	730.65		-34.01						757.87		4.75		0	4				
07/12/2018	3.3.2	Gaze Project	O4	3	M	Bilingual	G130	06/09/2018	89100	1280 x 720		Raw Data	attention.avi	190	0	900	720									6972	10:15:55.992	1536226329766376															0			Unclassified	8																									834	507	172			507	172	317	172	203.51	220.62					285.91	206.83	730.56		-34.01						757.86		3.60		0	4				
07/12/2018	3.3.2	Gaze Project	O4	3	M	Bilingual	G130	06/09/2018	89100	1280 x 720		Raw Data	attention.avi	190	0	900	720									6980	10:15:56.001	1536226329774726															0	637		Fixation	8	372	333	3.04	67.02	155.75																				835			562	333	562	333	372	333			225.76	155.97						334.56	222.07	752.87						0.00		4.84	4	0				
07/12/2018	3.3.2	Gaze Project	O4	3	M	Bilingual	G130	06/09/2018	89100	1280 x 720		Raw Data	attention.avi	190	0	900	720									6988	10:15:56.009	1536226329782993															0			Unclassified	8																									836	473	344			473	344	283	344	189.70	151.46					285.99	206.85	730.55		-34.01						757.86		4.17		0	4				
07/12/2018	3.3.2	Gaze Project	O4	3	M	Bilingual	G130	06/09/2018	89100	1280 x 720		Raw Data	attention.avi	190	0	900	720									6997	10:15:56.017	1536226329791323															0	638		Fixation	8	332	391	2.14	235.49	168.48																				837	483	371	522	391	502	381	312	381	194.03	140.43	209.58	132.61	201.80	136.52	286.09	207.27	732.21	329.60	210.13	719.06					759.57	759.57	4.53	4.67	0	0				
07/12/2018	3.3.2	Gaze Project	O4	3	M	Bilingual	G130	06/09/2018	89100	1280 x 720		Raw Data	attention.avi	190	0	900	720									7005	10:15:56.026	1536226329799677															0	639		Fixation	8	363	258	4.24	76.92	201.43																				838	560	461	553	258	556	359	366	359	224.95	104.40	222.17	186.06	223.56	145.23	286.25	207.36	732.17	330.47	215.50	734.97					759.57	759.57	4.77	4.27	0	0				
07/12/2018	3.3.2	Gaze Project	O4	3	M	Bilingual	G130	06/09/2018	89100	1280 x 720		Raw Data	attention.avi	190	0	900	720									7013	10:15:56.034	1536226329808039															0	640		Fixation	8	365	265	0.22	285.90	208.98																				839	491	129	555	265	523	197	333	197	197.17	238.03	222.91	183.08	210.04	210.55	293.52	235.78	816.42	335.30	223.28	756.66					848.70	848.70	4.64	4.83	0	0				
07/12/2018	3.3.2	Gaze Project	O4	3	M	Bilingual	G130	06/09/2018	89100	1280 x 720		Raw Data	attention.avi	190	0	900	720									7022	10:15:56.042	1536226329816307															0			Unclassified	8																									840																			-34.01										4	4				
07/12/2018	3.3.2	Gaze Project	O4	3	M	Bilingual	G130	06/09/2018	89100	1280 x 720		Raw Data	attention.avi	190	0	900	720									7030	10:15:56.051	1536226329824658															0	641		Fixation	8	328	528	8.02	262.02	336.12																				841			518	528	518	528	328	528			207.84	77.36						330.74	212.57	725.97						0.00		4.74	4	0				
07/12/2018	3.3.2	Gaze Project	O4	3	M	Bilingual	G130	06/09/2018	89100	1280 x 720		Raw Data	attention.avi	190	0	900	720									7038	10:15:56.059	1536226329833005															0			Unclassified	8																									842	537	301			537	301	347	301	215.70	168.77					286.08	207.09	732.28		-34.01						759.58		4.34		0	4				
07/12/2018	3.3.2	Gaze Project	O4	3	M	Bilingual	G130	06/09/2018	89100	1280 x 720		Raw Data	attention.avi	190	0	900	720									7047	10:15:56.067	1536226329841342															0	642		Fixation	8	321	493	1.09	101.27	199.26																				843			511	493	511	493	321	493			205.17	91.29						330.26	213.45	729.39						0.00		5.06	4	0				
07/12/2018	3.3.2	Gaze Project	O4	3	M	Bilingual	G130	06/09/2018	89100	1280 x 720		Raw Data	attention.avi	190	0	900	720									7055	10:15:56.076	1536226329849713															0	643		Fixation	8	325	530	1.13	276.15	174.88																				844			515	530	515	530	325	530			206.87	76.67						330.82	212.66	726.40						0.00		4.77	4	0				
07/12/2018	3.3.2	Gaze Project	O4	3	M	Bilingual	G130	06/09/2018	89100	1280 x 720		Raw Data	attention.avi	190	0	900	720									7063	10:15:56.084	1536226329857981															0			Unclassified	8																									845																			-34.01										4	4				
07/12/2018	3.3.2	Gaze Project	O4	3	M	Bilingual	G130	06/09/2018	89100	1280 x 720		Raw Data	attention.avi	190	0	900	720									7072	10:15:56.092	1536226329866322															0	644		Fixation	8	349	516	0.83	30.34	114.19																				846	594	406	539	516	566	461	376	461	238.40	126.46	216.52	82.13	227.46	104.29	286.13	206.52	730.82	330.72	212.37	725.69					758.02	758.02	5.16	4.72	0	0				
07/12/2018	3.3.2	Gaze Project	O4	3	M	Bilingual	G130	06/09/2018	89100	1280 x 720		Raw Data	attention.avi	190	0	900	720									7080	10:15:56.101	1536226329874669															0			Unclassified	8																									847																			-34.01										4	4				
07/12/2018	3.3.2	Gaze Project	O4	3	M	Bilingual	G130	06/09/2018	89100	1280 x 720		Raw Data	attention.avi	190	0	900	720									7088	10:15:56.109	1536226329883028															0	645		Fixation	8	304	504	1.42	165.02	134.69																				848	547	153	494	504	520	328	330	328	219.57	228.35	198.18	87.18	208.88	157.77	286.17	206.20	729.91	331.09	213.11	727.97					757.05	757.05	3.66	4.86	0	0				
07/12/2018	3.3.2	Gaze Project	O4	3	M	Bilingual	G130	06/09/2018	89100	1280 x 720		Raw Data	attention.avi	190	0	900	720									7097	10:15:56.117	1536226329891380															0	646		Fixation	8	357	518	1.67	345.16	180.14																				849			547	518	547	518	357	518			219.48	81.20						330.86	212.53	726.33						0.00		4.74	4	0				
07/12/2018	3.3.2	Gaze Project	O4	3	M	Bilingual	G130	06/09/2018	89100	1280 x 720		Raw Data	attention.avi	190	0	900	720									7105	10:15:56.126	1536226329899647															0	647		Fixation	8	328	525	0.90	193.61	208.45																				850	584	376	518	525	551	450	361	450	234.56	138.36	207.73	78.63	221.15	108.49	286.21	206.16	729.92	331.00	212.76	727.10					757.06	757.06	5.07	4.74	0	0				
07/12/2018	3.3.2	Gaze Project	O4	3	M	Bilingual	G130	06/09/2018	89100	1280 x 720		Raw Data	attention.avi	190	0	900	720									7113	10:15:56.134	1536226329907976															0	648		Fixation	8	360	484	1.57	52.12	218.51																				851	532	320	550	484	541	402	351	402	213.51	161.03	220.90	94.84	217.20	127.94	286.24	206.16	729.92	329.88	209.91	719.31					757.06	757.06	4.39	4.90	0	0				
07/12/2018	3.3.2	Gaze Project	O4	3	M	Bilingual	G130	06/09/2018	89100	1280 x 720		Raw Data	attention.avi	190	0	900	720									7122	10:15:56.142	1536226329916327															0			Unclassified	8																									852	567	374			567	374	377	374	227.60	139.23					286.35	206.31	729.87		-34.01						757.06		4.88		0	4				
07/12/2018	3.3.2	Gaze Project	O4	3	M	Bilingual	G130	06/09/2018	89100	1280 x 720		Raw Data	attention.avi	190	0	900	720									7130	10:15:56.151	1536226329924694															0			Unclassified	8																									853																			-34.01										4	4				
07/12/2018	3.3.2	Gaze Project	O4	3	M	Bilingual	G130	06/09/2018	89100	1280 x 720		Raw Data	attention.avi	190	0	900	720									7138	10:15:56.159	1536226329932963															0	649		Fixation	8	480	324	6.23	53.22	1.10																				854			670	324	670	324	480	324			268.91	159.56						330.16	210.06	719.25						0.00		4.69	4	0				
07/12/2018	3.3.2	Gaze Project	O4	3	M	Bilingual	G130	06/09/2018	89100	1280 x 720		Raw Data	attention.avi	190	0	900	720									7147	10:15:56.167	1536226329941310															0			Unclassified	8																									855																			-34.01										4	4				
07/12/2018	3.3.2	Gaze Project	O4	3	M	Bilingual	G130	06/09/2018	89100	1280 x 720		Raw Data	attention.avi	190	0	900	720									7155	10:15:56.176	1536226329949720															0			Unclassified	8																									856																			-34.01										4	4				
07/12/2018	3.3.2	Gaze Project	O4	3	M	Bilingual	G130	06/09/2018	89100	1280 x 720		Raw Data	attention.avi	190	0	900	720									7163	10:15:56.184	1536226329957997															0	650		Fixation	8	509	138	5.77	81.17	27.95																				857			699	138	699	138	509	138			280.65	234.28						339.05	230.00	776.90						0.00		5.07	4	0				
07/12/2018	3.3.2	Gaze Project	O4	3	M	Bilingual	G130	06/09/2018	89100	1280 x 720		Raw Data	attention.avi	190	0	900	720									7172	10:15:56.192	1536226329966363															0			Unclassified	8																									858	652	202			652	202	462	202	261.59	208.76					295.02	238.45	824.20		-34.01						856.99		5.72		0	4				
07/12/2018	3.3.2	Gaze Project	O4	3	M	Bilingual	G130	06/09/2018	89100	1280 x 720		Raw Data	attention.avi	190	0	900	720									7180	10:15:56.201	1536226329974629															0			Unclassified	8																									859																			-34.01										4	4				
07/12/2018	3.3.2	Gaze Project	O4	3	M	Bilingual	G130	06/09/2018	89100	1280 x 720		Raw Data	attention.avi	190	0	900	720									7188	10:15:56.209	1536226329982967															0	651		Fixation	8	444	202	2.68	224.65	143.48																				860	673	128	634	202	653	165	463	165	270.11	238.25	254.55	208.78	262.33	223.52	286.91	206.42	729.83	339.96	231.54	781.33					757.07	757.07	3.46	5.16	0	0				
07/12/2018	3.3.2	Gaze Project	O4	3	M	Bilingual	G130	06/09/2018	89100	1280 x 720		Raw Data	attention.avi	190	0	900	720									7197	10:15:56.217	1536226329991319															0	652		Fixation	8	487	277	2.58	299.75	75.10																				861	628	276	677	277	652	276	462	276	252.21	178.95	271.90	178.31	262.06	178.63	286.74	215.44	756.48	335.99	222.14	754.26					785.18	785.18	4.95	5.04	0	0				
07/12/2018	3.3.2	Gaze Project	O4	3	M	Bilingual	G130	06/09/2018	89100	1280 x 720		Raw Data	attention.avi	190	0	900	720									7205	10:15:56.226	1536226329999678															0	653		Fixation	8	510	255	0.98	43.82	104.07																				862	632	339	700	255	666	297	476	297	253.51	153.41	280.93	187.16	267.22	170.29	286.78	216.43	759.33	331.56	214.96	734.34					788.20	788.20	4.93	4.48	0	0				
07/12/2018	3.3.2	Gaze Project	O4	3	M	Bilingual	G130	06/09/2018	89100	1280 x 720		Raw Data	attention.avi	190	0	900	720									7213	10:15:56.234	1536226330007959															0			Unclassified	8																									863	633	357			633	357	443	357	254.10	146.10					286.84	216.56	759.65		-34.01						788.55		5.16		0	4				
07/12/2018	3.3.2	Gaze Project	O4	3	M	Bilingual	G130	06/09/2018	89100	1280 x 720		Raw Data	attention.avi	190	0	900	720									7221	10:15:56.242	1536226330016294															0	654		Fixation	8	340	235	5.29	173.27	129.45																				864	664	214	530	235	597	224	407	224	266.60	203.93	212.71	195.27	239.66	199.60	287.12	206.91	730.75	331.65	214.58	733.26					758.11	758.11	4.25	4.70	0	0				
07/12/2018	3.3.2	Gaze Project	O4	3	M	Bilingual	G130	06/09/2018	89100	1280 x 720		Raw Data	attention.avi	190	0	900	720									7230	10:15:56.251	1536226330024627															0	655		Fixation	8	477	230	4.27	2.10	188.83																				865			667	230	667	230	477	230			267.84	197.30						330.96	209.78	719.02						0.00		4.28	4	0				
07/12/2018	3.3.2	Gaze Project	O4	3	M	Bilingual	G130	06/09/2018	89100	1280 x 720		Raw Data	attention.avi	190	0	900	720									7238	10:15:56.259	1536226330032991															0	656		Fixation	8	500	263	1.28	304.79	302.69																				866			690	263	690	263	500	263			277.15	184.08						331.00	209.67	718.74						0.00		4.30	4	0				
07/12/2018	3.3.2	Gaze Project	O4	3	M	Bilingual	G130	06/09/2018	89100	1280 x 720		Raw Data	attention.avi	190	0	900	720									7247	10:15:56.267	1536226330041346															0	657		Fixation	8	412	316	3.11	211.14	266.35																				867			602	316	602	316	412	316			241.77	162.72						340.06	230.36	778.06						0.00		5.23	4	0				
07/12/2018	3.3.2	Gaze Project	O4	3	M	Bilingual	G130	06/09/2018	89100	1280 x 720		Raw Data	attention.avi	190	0	900	720									7255	10:15:56.276	1536226330049615															0	658		Fixation	8	471	349	1.97	330.70	119.56																				868	632	278	661	349	646	313	456	313	253.52	177.84	265.31	149.22	259.42	163.53	287.30	206.75	730.15	340.28	230.79	779.38					757.51	757.51	4.52	5.13	0	0				
07/12/2018	3.3.2	Gaze Project	O4	3	M	Bilingual	G130	06/09/2018	89100	1280 x 720		Raw Data	attention.avi	190	0	900	720									7263	10:15:56.284	1536226330057971															0	659		Fixation	8	481	166	5.55	86.88	116.18																				869	648	286	671	166	659	226	469	226	260.09	174.97	269.26	223.12	264.68	199.04	287.33	206.93	730.69	331.96	214.86	734.24					758.07	758.07	4.61	4.09	0	0				
07/12/2018	3.3.2	Gaze Project	O4	3	M	Bilingual	G130	06/09/2018	89100	1280 x 720		Raw Data	attention.avi	190	0	900	720									7272	10:15:56.292	1536226330066303															0			Unclassified	8																									870	623	383			623	383	433	383	250.00	135.63					287.35	206.85	730.72		-34.01						758.08		4.97		0	4				
07/12/2018	3.3.2	Gaze Project	O4	3	M	Bilingual	G130	06/09/2018	89100	1280 x 720		Raw Data	attention.avi	190	0	900	720									7280	10:15:56.301	1536226330074651															0	660		Fixation	8	415	387	7.05	253.42	166.54																				871			605	387	605	387	415	387			242.91	134.05						337.02	222.99	757.00						0.00		5.07	4	0				
07/12/2018	3.3.2	Gaze Project	O4	3	M	Bilingual	G130	06/09/2018	89100	1280 x 720		Raw Data	attention.avi	190	0	900	720									7288	10:15:56.309	1536226330083015															0	661		Fixation	8	396	391	0.59	191.93	298.50																				872	575	374	586	391	580	382	390	382	230.79	139.31	235.37	132.57	233.08	135.94	287.40	206.39	729.39	331.18	209.38	718.15					756.67	756.67	4.81	4.78	0	0				
07/12/2018	3.3.2	Gaze Project	O4	3	M	Bilingual	G130	06/09/2018	89100	1280 x 720		Raw Data	attention.avi	190	0	900	720									7296	10:15:56.317	1536226330091284															0	662		Fixation	8	488	245	5.46	57.87	225.94																				873	641	374	678	245	659	309	469	309	257.16	139.31	272.32	191.37	264.74	165.34	287.40	207.24	731.92	331.21	209.26	718.19					759.34	759.34	4.73	4.39	0	0				
07/12/2018	3.3.2	Gaze Project	O4	3	M	Bilingual	G130	06/09/2018	89100	1280 x 720		Raw Data	attention.avi	190	0	900	720									7305	10:15:56.326	1536226330099607															0	663		Fixation	8	516	259	1.00	333.36	275.49																				874	660	163	706	259	683	211	493	211	264.83	224.42	283.49	185.79	274.16	205.11	292.28	224.93	783.44	331.23	209.25	718.20					813.97	813.97	4.33	4.24	0	0				
07/12/2018	3.3.2	Gaze Project	O4	3	M	Bilingual	G130	06/09/2018	89100	1280 x 720		Raw Data	attention.avi	190	0	900	720									7313	10:15:56.334	1536226330107972															0	664		Fixation	8	471	269	1.43	192.57	219.21																				875	655	371	661	269	658	320	468	320	263.07	140.72	265.38	181.69	264.23	161.21	287.39	209.26	737.89	336.46	221.34	752.31					765.63	765.63	4.97	4.92	0	0				
07/12/2018	3.3.2	Gaze Project	O4	3	M	Bilingual	G130	06/09/2018	89100	1280 x 720		Raw Data	attention.avi	190	0	900	720									7322	10:15:56.342	1536226330116330															0	665		Fixation	8	477	265	0.22	33.78	201.21																				876	642	275	667	265	654	270	464	270	257.61	179.38	267.57	183.26	262.59	181.32	287.45	206.53	729.57	332.19	215.10	735.09					756.89	756.89	4.46	4.52	0	0				
07/12/2018	3.3.2	Gaze Project	O4	3	M	Bilingual	G130	06/09/2018	89100	1280 x 720		Raw Data	attention.avi	190	0	900	720									7330	10:15:56.351	1536226330124609															0	666		Fixation	8	478	259	0.19	80.57	46.79																				877	630	326	668	259	649	292	459	292	252.89	158.47	268.19	185.56	260.54	172.02	287.49	206.27	728.61	331.30	209.30	717.99					755.90	755.90	4.57	4.25	0	0				
07/12/2018	3.3.2	Gaze Project	O4	3	M	Bilingual	G130	06/09/2018	89100	1280 x 720		Raw Data	attention.avi	190	0	900	720									7338	10:15:56.359	1536226330132943															0	667		Fixation	8	470	288	0.96	254.63	174.06																				878	560	237	660	288	610	262	420	262	224.79	194.40	265.02	173.81	244.91	184.11	287.58	206.42	728.55	331.32	209.22	717.79					755.90	755.90	4.14	4.46	0	0				
07/12/2018	3.3.2	Gaze Project	O4	3	M	Bilingual	G130	06/09/2018	89100	1280 x 720		Raw Data	attention.avi	190	0	900	720									7346	10:15:56.367	1536226330141284															0	668		Fixation	8	464	252	1.12	99.43	204.81																				879			654	252	654	252	464	252			262.52	188.44						339.82	228.65	773.49						0.00		4.99	4	0				
07/12/2018	3.3.2	Gaze Project	O4	3	M	Bilingual	G130	06/09/2018	89100	1280 x 720		Raw Data	attention.avi	190	0	900	720									7355	10:15:56.376	1536226330149640															0			Unclassified	8																									880	663	267			663	267	473	267	266.30	182.40					287.62	204.17	722.70		-34.01						749.64		4.43		0	4				
07/12/2018	3.3.2	Gaze Project	O4	3	M	Bilingual	G130	06/09/2018	89100	1280 x 720		Raw Data	attention.avi	190	0	900	720									7363	10:15:56.384	1536226330157998															0			Unclassified	8																									881	599	322			599	322	409	322	240.46	160.37					287.65	206.12	728.03		-34.01						755.31		4.60		0	4				
07/12/2018	3.3.2	Gaze Project	O4	3	M	Bilingual	G130	06/09/2018	89100	1280 x 720		Raw Data	attention.avi	190	0	900	720									7371	10:15:56.392	1536226330166259															0	669		Fixation	8	509	191	2.31	53.67	314.24																				882	649	240	699	191	674	215	484	215	260.52	193.40	280.48	212.83	270.50	203.12	287.67	206.15	728.21	332.21	213.65	731.06					755.49	755.49	4.06	4.49	0	0				
07/12/2018	3.3.2	Gaze Project	O4	3	M	Bilingual	G130	06/09/2018	89100	1280 x 720		Raw Data	attention.avi	190	0	900	720									7380	10:15:56.401	1536226330174608															0	670		Fixation	8	483	355	5.26	261.02	207.35																				883	609	267	673	355	641	311	451	311	244.30	182.34	270.16	146.88	257.23	164.61	287.70	205.99	727.75	331.53	209.12	717.63					755.00	755.00	4.36	4.51	0	0				
07/12/2018	3.3.2	Gaze Project	O4	3	M	Bilingual	G130	06/09/2018	89100	1280 x 720		Raw Data	attention.avi	190	0	900	720									7388	10:15:56.409	1536226330182958															0	671		Fixation	8	439	301	2.22	129.08	228.06																				884	639	345	629	301	634	323	444	323	256.60	150.87	252.60	168.73	254.60	159.80	287.74	206.05	727.91	331.56	209.00	717.30					755.18	755.18	4.53	4.40	0	0				
07/12/2018	3.3.2	Gaze Project	O4	3	M	Bilingual	G130	06/09/2018	89100	1280 x 720		Raw Data	attention.avi	190	0	900	720									7397	10:15:56.417	1536226330191316															0	672		Fixation	8	424	297	0.49	165.02	35.94																				885			614	297	614	297	424	297			246.34	170.14						331.60	208.90	717.08						0.00		4.37	4	0				
07/12/2018	3.3.2	Gaze Project	O4	3	M	Bilingual	G130	06/09/2018	89100	1280 x 720		Raw Data	attention.avi	190	0	900	720									7405	10:15:56.426	1536226330199669															0	673		Fixation	8	420	329	0.98	262.90	97.88																				886	571	331	610	329	590	330	400	330	229.08	156.64	244.87	157.30	236.97	156.97	287.84	205.97	727.58	340.46	229.07	774.97					754.85	754.85	4.47	5.07	0	0				
07/12/2018	3.3.2	Gaze Project	O4	3	M	Bilingual	G130	06/09/2018	89100	1280 x 720		Raw Data	attention.avi	190	0	900	720									7413	10:15:56.434	1536226330207929															0			Unclassified	8																									887	596	403			596	403	406	403	239.36	127.71					287.74	211.06	743.09		-34.01						771.15		4.77		0	4				
07/12/2018	3.3.2	Gaze Project	O4	3	M	Bilingual	G130	06/09/2018	89100	1280 x 720		Raw Data	attention.avi	190	0	900	720									7421	10:15:56.442	1536226330216266															0	674		Fixation	8	461	293	1.66	41.38	138.48																				888	621	301	651	293	636	297	446	297	249.15	168.68	261.43	172.05	255.29	170.36	287.71	214.28	752.67	331.73	208.77	716.88					781.25	781.25	4.81	4.49	0	0				
07/12/2018	3.3.2	Gaze Project	O4	3	M	Bilingual	G130	06/09/2018	89100	1280 x 720		Raw Data	attention.avi	190	0	900	720									7430	10:15:56.451	1536226330224627															0	675		Fixation	8	443	368	2.45	256.55	215.17																				889	602	261	633	368	617	314	427	314	241.49	184.67	253.98	141.87	247.74	163.27	287.84	210.57	741.64	331.79	208.85	717.15					769.62	769.62	4.68	4.76	0	0				
07/12/2018	3.3.2	Gaze Project	O4	3	M	Bilingual	G130	06/09/2018	89100	1280 x 720		Raw Data	attention.avi	190	0	900	720									7438	10:15:56.459	1536226330232982															0	676		Fixation	8	425	225	4.55	97.15	200.61																				890			615	225	615	225	425	225			246.97	199.21						332.54	213.09	729.84						0.00		4.19	4	0				
07/12/2018	3.3.2	Gaze Project	O4	3	M	Bilingual	G130	06/09/2018	89100	1280 x 720		Raw Data	attention.avi	190	0	900	720									7446	10:15:56.467	1536226330241259															0	677		Fixation	8	449	151	2.44	72.08	334.93																				891	609	311	639	151	624	231	434	231	244.61	164.74	256.64	229.10	250.63	196.92	290.19	214.10	751.20	332.58	213.05	729.80					779.90	779.90	4.65	3.87	0	0				
07/12/2018	3.3.2	Gaze Project	O4	3	M	Bilingual	G130	06/09/2018	89100	1280 x 720		Raw Data	attention.avi	190	0	900	720									7455	10:15:56.476	1536226330249600															0	678		Fixation	8	436	217	2.05	258.89	186.81																				892	610	361	626	217	618	289	428	289	244.72	144.75	251.42	202.70	248.07	173.73	288.04	205.67	726.77	340.54	228.25	772.97					753.99	753.99	4.82	4.75	0	0				
07/12/2018	3.3.2	Gaze Project	O4	3	M	Bilingual	G130	06/09/2018	89100	1280 x 720		Raw Data	attention.avi	190	0	900	720									7463	10:15:56.484	1536226330257938															0	679		Fixation	8	422	281	1.99	257.70	358.81																				893	619	417	612	281	615	349	425	349	248.50	121.92	245.63	176.65	247.06	149.29	288.09	205.66	726.73	332.75	213.45	731.03					753.95	753.95	4.76	4.68	0	0				
07/12/2018	3.3.2	Gaze Project	O4	3	M	Bilingual	G130	06/09/2018	89100	1280 x 720		Raw Data	attention.avi	190	0	900	720									7471	10:15:56.492	1536226330266280															0	680		Fixation	8	471	276	1.55	5.84	108.15																				894	603	386	661	276	632	331	442	331	241.91	134.70	265.28	178.70	253.59	156.70	288.13	205.69	726.79	332.01	208.54	716.53					754.02	754.02	4.50	4.20	0	0				
07/12/2018	3.3.2	Gaze Project	O4	3	M	Bilingual	G130	06/09/2018	89100	1280 x 720		Raw Data	attention.avi	190	0	900	720									7480	10:15:56.501	1536226330274651															0	681		Fixation	8	458	209	2.17	100.95	95.10																				895	606	334	648	209	627	271	437	271	243.23	155.55	260.19	205.73	251.71	180.64	288.18	205.56	726.38	332.78	212.88	729.50					753.59	753.59	4.43	4.29	0	0				
07/12/2018	3.3.2	Gaze Project	O4	3	M	Bilingual	G130	06/09/2018	89100	1280 x 720		Raw Data	attention.avi	190	0	900	720									7488	10:15:56.509	1536226330282921															0	682		Fixation	8	433	266	1.97	246.39	145.44																				896	592	436	623	266	607	351	417	351	237.52	114.27	250.03	182.91	243.78	148.59	288.26	205.46	726.42	332.13	208.53	716.59					753.60	753.60	4.58	4.14	0	0				
07/12/2018	3.3.2	Gaze Project	O4	3	M	Bilingual	G130	06/09/2018	89100	1280 x 720		Raw Data	attention.avi	190	0	900	720									7496	10:15:56.517	1536226330291263															0	683		Fixation	8	465	247	1.18	30.78	144.40																				897			655	247	655	247	465	247			262.83	190.67						332.19	208.46	716.44						0.00		4.20	4	0				
07/12/2018	3.3.2	Gaze Project	O4	3	M	Bilingual	G130	06/09/2018	89100	1280 x 720		Raw Data	attention.avi	190	0	900	720									7505	10:15:56.526	1536226330299602															0			Unclassified	8																									898	629	296			629	296	439	296	252.63	170.56					288.35	205.63	726.54		-34.01						753.77		4.23		0	4				
07/12/2018	3.3.2	Gaze Project	O4	3	M	Bilingual	G130	06/09/2018	89100	1280 x 720		Raw Data	attention.avi	190	0	900	720									7513	10:15:56.534	1536226330307952															0	684		Fixation	8	412	326	3.02	236.23	205.45																				899	626	427	602	326	614	376	424	376	251.48	117.94	241.76	158.76	246.62	138.35	288.41	205.59	726.40	332.31	208.39	716.30					753.63	753.63	4.56	4.61	0	0				
07/12/2018	3.3.2	Gaze Project	O4	3	M	Bilingual	G130	06/09/2018	89100	1280 x 720		Raw Data	attention.avi	190	0	900	720									7522	10:15:56.542	1536226330316319															0	685		Fixation	8	434	355	1.15	307.10	70.87																				900	594	263	624	355	609	309	419	309	238.32	183.89	250.34	146.81	244.33	165.35	288.48	205.61	726.43	333.16	213.03	730.14					753.67	753.67	4.03	4.66	0	0				
07/12/2018	3.3.2	Gaze Project	O4	3	M	Bilingual	G130	06/09/2018	89100	1280 x 720		Raw Data	attention.avi	190	0	900	720									7530	10:15:56.551	1536226330324580															0			Unclassified	8																									901	598	339			598	339	408	339	240.10	153.61					288.54	205.64	726.50		-34.01						753.74		4.36		0	4				
07/12/2018	3.3.2	Gaze Project	O4	3	M	Bilingual	G130	06/09/2018	89100	1280 x 720		Raw Data	attention.avi	190	0	900	720									7538	10:15:56.559	1536226330332917															0	686		Fixation	8	446	270	2.71	81.99	134.89																				902	643	406	636	270	639	338	449	338	258.06	126.52	255.10	181.24	256.58	153.88	288.61	205.65	726.47	332.50	208.22	715.86					753.72	753.72	4.86	4.30	0	0				
07/12/2018	3.3.2	Gaze Project	O4	3	M	Bilingual	G130	06/09/2018	89100	1280 x 720		Raw Data	attention.avi	190	0	900	720									7546	10:15:56.567	1536226330341270															0	687		Fixation	8	421	375	3.43	256.65	174.66																				903	634	411	611	375	622	393	432	393	254.53	124.40	245.27	139.01	249.90	131.70	288.68	205.60	726.28	332.54	208.33	715.82					753.52	753.52	4.56	4.70	0	0				
07/12/2018	3.3.2	Gaze Project	O4	3	M	Bilingual	G130	06/09/2018	89100	1280 x 720		Raw Data	attention.avi	190	0	900	720									7555	10:15:56.576	1536226330349632															0			Unclassified	8																									904	635	411			635	411	445	411	254.87	124.38					288.74	205.66	726.42		-34.01						753.68		4.79		0	4				
07/12/2018	3.3.2	Gaze Project	O4	3	M	Bilingual	G130	06/09/2018	89100	1280 x 720		Raw Data	attention.avi	190	0	900	720									7563	10:15:56.584	1536226330357909															0	688		Fixation	8	433	334	1.35	73.74	177.09																				905	651	386	623	334	637	360	447	360	261.17	134.48	249.98	155.48	255.58	144.98	288.79	205.56	726.05	332.71	208.17	715.70					753.30	753.30	4.85	4.52	0	0				
07/12/2018	3.3.2	Gaze Project	O4	3	M	Bilingual	G130	06/09/2018	89100	1280 x 720		Raw Data	attention.avi	190	0	900	720									7571	10:15:56.592	1536226330366246															0	689		Fixation	8	381	442	3.77	244.36	170.63																				906	645	308	571	442	608	375	418	375	259.00	165.79	229.03	112.12	244.02	138.96	288.86	205.48	726.09	332.75	208.29	715.65					753.31	753.31	4.54	4.80	0	0				
07/12/2018	3.3.2	Gaze Project	O4	3	M	Bilingual	G130	06/09/2018	89100	1280 x 720		Raw Data	attention.avi	190	0	900	720									7580	10:15:56.601	1536226330374582															0	690		Fixation	8	422	310	4.26	72.80	188.44																				907	565	287	612	310	588	298	398	298	226.90	174.52	245.62	165.02	236.26	169.77	288.95	205.75	725.97	337.53	218.85	746.13					753.30	753.30	4.18	4.75	0	0				
07/12/2018	3.3.2	Gaze Project	O4	3	M	Bilingual	G130	06/09/2018	89100	1280 x 720		Raw Data	attention.avi	190	0	900	720									7588	10:15:56.609	1536226330382953															0	691		Fixation	8	409	396	2.67	261.43	188.63																				908	640	213	599	396	619	304	429	304	256.76	204.04	240.59	130.39	248.68	167.21	288.96	205.58	725.91	333.75	213.39	731.10					753.18	753.18	3.82	4.81	0	0				
07/12/2018	3.3.2	Gaze Project	O4	3	M	Bilingual	G130	06/09/2018	89100	1280 x 720		Raw Data	attention.avi	190	0	900	720									7597	10:15:56.617	1536226330391303															0	692		Fixation	8	419	379	0.61	59.61	158.18																				909	637	273	609	379	623	326	433	326	255.85	179.99	244.58	137.28	250.21	158.63	289.01	205.55	725.78	332.91	208.32	715.64					753.05	753.05	4.19	4.57	0	0				
07/12/2018	3.3.2	Gaze Project	O4	3	M	Bilingual	G130	06/09/2018	89100	1280 x 720		Raw Data	attention.avi	190	0	900	720									7605	10:15:56.626	1536226330399570															0	693		Fixation	8	454	283	3.12	70.03	10.41																				910	650	239	644	283	647	261	457	261	260.94	193.76	258.40	176.07	259.67	184.92	289.08	205.74	725.70	341.33	227.05	769.69					753.04	753.04	3.89	4.89	0	0				
07/12/2018	3.3.2	Gaze Project	O4	3	M	Bilingual	G130	06/09/2018	89100	1280 x 720		Raw Data	attention.avi	190	0	900	720									7613	10:15:56.634	1536226330407908															0	694		Fixation	8	469	341	1.81	284.46	214.43																				911	622	273	659	341	640	307	450	307	249.51	180.13	264.33	152.70	256.92	166.42	289.09	205.68	725.98	337.54	218.42	744.73					753.29	753.29	4.23	4.86	0	0				
07/12/2018	3.3.2	Gaze Project	O4	3	M	Bilingual	G130	06/09/2018	89100	1280 x 720		Raw Data	attention.avi	190	0	900	720									7621	10:15:56.642	1536226330416257															0	695		Fixation	8	445	328	0.85	151.48	227.02																				912	657	313	635	328	646	320	456	320	263.81	163.84	255.08	158.03	259.44	160.93	289.14	205.59	726.01	333.08	208.26	715.73					753.29	753.29	4.45	4.35	0	0				
07/12/2018	3.3.2	Gaze Project	O4	3	M	Bilingual	G130	06/09/2018	89100	1280 x 720		Raw Data	attention.avi	190	0	900	720									7630	10:15:56.651	1536226330424613															0	696		Fixation	8	448	195	4.22	88.71	297.23																				913	651	425	638	195	644	310	454	310	261.47	119.00	256.15	211.37	258.81	165.18	289.17	205.57	725.56	333.82	212.37	727.99					752.85	752.85	4.87	4.43	0	0				
07/12/2018	3.3.2	Gaze Project	O4	3	M	Bilingual	G130	06/09/2018	89100	1280 x 720		Raw Data	attention.avi	190	0	900	720									7633	10:15:56.653								2	Space								696		Fixation	8	448	195	4.22	88.71	297.23																																																						
07/12/2018	3.3.2	Gaze Project	O4	3	M	Bilingual	G130	06/09/2018	89100	1280 x 720		Raw Data	attention.avi	190	0	900	720									7633	10:15:56.654										4	MovieEnd	attention.avi					696		Fixation	8	448	195	4.22	88.71	297.23																																																						
07/12/2018	3.3.2	Gaze Project	O4	3	M	Bilingual	G130	06/09/2018	89100	1280 x 720		Raw Data														7638	10:15:56.659	1536226330432971															0	697		Fixation	8			4.20	248.90	160.19																				914	649	415	590	319	619	367			260.52	122.74	236.81	161.35	248.67	142.05	289.23	205.14	724.57	333.18	208.30	715.79					751.78	751.78	4.60	4.42	0	0				
07/12/2018	3.3.2	Gaze Project	O4	3	M	Bilingual	G130	06/09/2018	89100	1280 x 720		Raw Data														7646	10:15:56.667	1536226330441233															0			Unclassified	8																									915	621	403			621	403			249.36	127.57					289.27	205.69	725.83		-34.01						753.15		4.83		0	4				
07/12/2018	3.3.2	Gaze Project	O4	3	M	Bilingual	G130	06/09/2018	89100	1280 x 720		Raw Data														7655	10:15:56.676	1536226330449568															0	698		Fixation	8			3.93	288.82	39.92																				916	643	341	630	436	636	388			258.05	152.77	252.77	114.18	255.41	133.48	289.31	205.72	725.89	333.28	208.41	715.75					753.22	753.22	4.37	4.73	0	0				
07/12/2018	3.3.2	Gaze Project	O4	3	M	Bilingual	G130	06/09/2018	89100	1280 x 720		Raw Data														7663	10:15:56.684	1536226330457917															0	699		Fixation	8			3.85	87.28	158.46																				917	638	378	636	310	637	344			256.10	137.71	255.44	165.08	255.77	151.40	289.35	205.69	725.79	341.76	227.19	769.99					753.12	753.12	4.47	4.93	0	0				
07/12/2018	3.3.2	Gaze Project	O4	3	M	Bilingual	G130	06/09/2018	89100	1280 x 720		Raw Data														7671	10:15:56.692	1536226330466284															0	700		Fixation	8			4.04	243.32	156.03																				918	626	346	576	429	601	387			251.43	150.63	231.06	117.14	241.24	133.88	289.43	205.68	725.66	333.34	208.41	715.74					753.00	753.00	4.20	4.77	0	0				
07/12/2018	3.3.2	Gaze Project	O4	3	M	Bilingual	G130	06/09/2018	89100	1280 x 720		Raw Data														7680	10:15:56.700	1536226330474552															0	701		Fixation	8			3.44	59.30	175.98																				919	589	340	632	335	610	337			236.32	153.07	253.74	154.87	245.03	153.97	289.49	205.80	725.61	333.41	208.16	715.45					753.00	753.00	4.29	4.51	0	0				
07/12/2018	3.3.2	Gaze Project	O4	3	M	Bilingual	G130	06/09/2018	89100	1280 x 720		Raw Data														7688	10:15:56.709	1536226330482908															0	702		Fixation	8			0.29	83.68	24.38																				920	646	293	633	326	639	309			259.26	171.79	254.20	158.79	256.73	165.29	289.50	205.66	725.67	333.46	208.11	715.31					753.01	753.01	4.09	4.46	0	0				
07/12/2018	3.3.2	Gaze Project	O4	3	M	Bilingual	G130	06/09/2018	89100	1280 x 720		Raw Data														7696	10:15:56.717	1536226330491242															0	703		Fixation	8			3.08	260.57	176.89																				921	690	221	617	422	653	321			276.93	200.93	247.80	119.92	262.37	160.42	289.56	205.56	725.71	333.42	208.23	715.27					753.02	753.02	3.40	4.57	0	0				
07/12/2018	3.3.2	Gaze Project	O4	3	M	Bilingual	G130	06/09/2018	89100	1280 x 720		Raw Data														7705	10:15:56.726	1536226330499599															0	704		Fixation	8			3.53	80.74	180.17																				922	616	261	635	312	625	286			247.45	185.03	254.84	164.33	251.14	174.68	289.60	205.62	725.53	333.57	207.99	715.36					752.86	752.86	4.01	4.57	0	0				
07/12/2018	3.3.2	Gaze Project	O4	3	M	Bilingual	G130	06/09/2018	89100	1280 x 720		Raw Data														7713	10:15:56.734	1536226330507954															0	705		Fixation	8			1.92	81.50	0.76																				923	657	254	644	252	650	253			263.85	187.54	258.62	188.62	261.24	188.08	289.66	205.67	725.61	334.45	212.91	729.58					752.96	752.96	3.95	4.44	0	0				
07/12/2018	3.3.2	Gaze Project	O4	3	M	Bilingual	G130	06/09/2018	89100	1280 x 720		Raw Data														7721	10:15:56.742	1536226330516222															0	706		Fixation	8			2.28	279.56	198.07																				924	617	364	656	323	636	343			247.54	143.44	263.43	159.78	255.49	151.61	289.70	205.64	725.50	333.65	208.23	715.27					752.85	752.85	4.38	4.52	0	0				
07/12/2018	3.3.2	Gaze Project	O4	3	M	Bilingual	G130	06/09/2018	89100	1280 x 720		Raw Data														7730	10:15:56.750	1536226330524551															0	707		Fixation	8			2.07	214.50	294.94																				925	617	309	602	360	609	334			247.66	165.52	241.61	144.99	244.63	155.25	289.76	205.60	725.34	333.72	208.23	715.27					752.68	752.68	4.24	4.57	0	0				
07/12/2018	3.3.2	Gaze Project	O4	3	M	Bilingual	G130	06/09/2018	89100	1280 x 720		Raw Data														7738	10:15:56.759	1536226330532915															0			Unclassified	8																									926	614	269			614	269			246.59	181.76					289.81	205.62	725.38		-34.01						752.73		4.14		0	4				
07/12/2018	3.3.2	Gaze Project	O4	3	M	Bilingual	G130	06/09/2018	89100	1280 x 720		Raw Data														7746	10:15:56.767	1536226330541267															0	708		Fixation	8			1.23	325.04	110.53																				927	603	331	635	383	619	357			242.12	156.63	254.76	135.63	248.44	146.13	289.87	205.62	725.30	342.62	227.70	771.43					752.66	752.66	4.28	5.15	0	0				
07/12/2018	3.3.2	Gaze Project	O4	3	M	Bilingual	G130	06/09/2018	89100	1280 x 720		Raw Data														7755	10:15:56.775	1536226330549549															0			Unclassified	8																									928	595	331			595	331			238.77	156.79					289.93	205.61	725.19		-34.01						752.56		4.23		0	4				
07/12/2018	3.3.2	Gaze Project	O4	3	M	Bilingual	G130	06/09/2018	89100	1280 x 720		Raw Data														7763	10:15:56.784	1536226330557891															0	709		Fixation	8			1.20	112.00	146.97																				929	618	321	620	346	619	333			248.21	160.72	249.01	150.43	248.61	155.58	289.98	205.65	725.21	338.95	219.28	747.00					752.59	752.59	4.34	4.86	0	0				
07/12/2018	3.3.2	Gaze Project	O4	3	M	Bilingual	G130	06/09/2018	89100	1280 x 720		Raw Data														7771	10:15:56.792	1536226330566221															0	710		Fixation	8			2.33	219.43	107.43																				930	597	314	559	396	578	355			239.77	163.56	224.40	130.35	232.08	146.95	290.04	205.79	725.55	342.13	226.20	766.94					752.96	752.96	4.33	5.14	0	0				
07/12/2018	3.3.2	Gaze Project	O4	3	M	Bilingual	G130	06/09/2018	89100	1280 x 720		Raw Data														7780	10:15:56.801	1536226330574579															0	711		Fixation	8			3.94	56.27	196.84																				931	631	316	632	287	631	301			253.16	162.60	253.49	174.38	253.32	168.49	290.10	205.78	725.41	334.99	213.17	730.02					752.82	752.82	4.23	4.49	0	0				
07/12/2018	3.3.2	Gaze Project	O4	3	M	Bilingual	G130	06/09/2018	89100	1280 x 720		Raw Data														7788	10:15:56.809	1536226330582932															0	712		Fixation	8			1.32	197.25	140.98																				932	645	287	590	300	617	293			258.82	174.56	236.99	169.23	247.90	171.89	290.22	205.96	725.33	342.67	227.01	769.18					752.81	752.81	4.13	4.93	0	0				
07/12/2018	3.3.2	Gaze Project	O4	3	M	Bilingual	G130	06/09/2018	89100	1280 x 720		Raw Data														7796	10:15:56.817	1536226330591198															0	713		Fixation	8			3.04	276.82	79.57																				933	694	301	602	400	648	350			278.40	168.66	241.81	128.69	260.10	148.68	290.20	205.79	725.28	335.26	214.09	732.60					752.70	752.70	4.08	4.74	0	0				
07/12/2018	3.3.2	Gaze Project	O4	3	M	Bilingual	G130	06/09/2018	89100	1280 x 720		Raw Data														7805	10:15:56.826	1536226330599559															0	714		Fixation	8			3.69	92.34	175.52																				934	584	262	597	278	590	270			234.25	184.61	239.48	177.94	236.87	181.28	290.26	205.81	725.25	342.99	227.68	770.98					752.69	752.69	4.27	4.92	0	0				
07/12/2018	3.3.2	Gaze Project	O4	3	M	Bilingual	G130	06/09/2018	89100	1280 x 720		Raw Data														7813	10:15:56.834	1536226330607894															0	715		Fixation	8			5.72	267.57	175.23																				935	662	448	589	466	625	457			265.59	109.69	236.63	102.19	251.11	105.94	290.27	210.68	739.94	334.38	208.35	715.55					768.15	768.15	4.72	4.79	0	0				
07/12/2018	3.3.2	Gaze Project	O4	3	M	Bilingual	G130	06/09/2018	89100	1280 x 720		Raw Data														7821	10:15:56.842	1536226330616248															0	716		Fixation	8			3.23	99.52	191.95																				936	620	421	572	365	596	393			248.73	120.53	229.46	143.16	239.10	131.84	290.30	212.42	745.02	334.44	208.42	715.70					773.52	773.52	4.62	4.51	0	0				
07/12/2018	3.3.2	Gaze Project	O4	3	M	Bilingual	G130	06/09/2018	89100	1280 x 720		Raw Data														7830	10:15:56.851	1536226330624608															0			Unclassified	8																									937	641	253			641	253			257.23	188.11					293.30	216.45	756.03		-34.01						785.36		4.30		0	4				
07/12/2018	3.3.2	Gaze Project	O4	3	M	Bilingual	G130	06/09/2018	89100	1280 x 720		Raw Data														7838	10:15:56.859	1536226330632872															0	717		Fixation	8			1.91	277.57	178.05																				938	660	447	580	425	620	436			264.81	110.10	232.94	118.83	248.88	114.47	290.43	208.99	734.79	334.55	208.48	715.84					762.74	762.74	4.62	4.63	0	0				
07/12/2018	3.3.2	Gaze Project	O4	3	M	Bilingual	G130	06/09/2018	89100	1280 x 720		Raw Data														7846	10:15:56.867	1536226330641201															0	718		Fixation	8			2.97	67.03	149.46																				939	692	426	617	338	654	382			277.87	118.40	247.66	153.94	262.76	136.17	293.46	216.86	757.10	334.59	208.43	715.66					786.51	786.51	5.13	4.39	0	0				
07/12/2018	3.3.2	Gaze Project	O4	3	M	Bilingual	G130	06/09/2018	89100	1280 x 720		Raw Data														7855	10:15:56.876	1536226330649563															0	719		Fixation	8			1.84	284.95	217.92																				940	648	418	632	394	640	406			260.16	121.51	253.83	131.47	257.00	126.49	290.53	205.91	725.22	334.64	208.46	715.76					752.70	752.70	4.66	4.48	0	0				
07/12/2018	3.3.2	Gaze Project	O4	3	M	Bilingual	G130	06/09/2018	89100	1280 x 720		Raw Data														7863	10:15:56.884	1536226330657924															0			Unclassified	8																									941	705	434			705	434			282.94	115.04					290.61	206.07	725.16		-34.01						752.70		4.98		0	4				
07/12/2018	3.3.2	Gaze Project	O4	3	M	Bilingual	G130	06/09/2018	89100	1280 x 720		Raw Data														7871	10:15:56.892	1536226330666189															0	720		Fixation	8			3.20	107.30	182.35																				942	608	356	602	298	605	327			243.93	146.58	241.80	169.84	242.87	158.21	290.64	205.83	725.25	334.74	208.53	715.90					752.71	752.71	4.26	4.16	0	0				
07/12/2018	3.3.2	Gaze Project	O4	3	M	Bilingual	G130	06/09/2018	89100	1280 x 720		Raw Data														7880	10:15:56.900	1536226330674535															0	721		Fixation	8			1.22	303.19	195.89																				943	638	453	623	330	630	391			256.27	107.70	250.21	157.18	253.24	132.44	290.67	205.99	725.29	334.81	208.64	716.17					752.81	752.81	4.48	4.49	0	0				
07/12/2018	3.3.2	Gaze Project	O4	3	M	Bilingual	G130	06/09/2018	89100	1280 x 720		Raw Data														7888	10:15:56.909	1536226330682872															0	722		Fixation	8			3.13	258.39	315.20																				944	651	406	603	427	627	416			261.42	126.46	242.09	118.16	251.76	122.31	290.71	206.10	725.54	334.83	208.54	715.89					753.07	753.07	4.46	4.75	0	0				
07/12/2018	3.3.2	Gaze Project	O4	3	M	Bilingual	G130	06/09/2018	89100	1280 x 720		Raw Data														7896	10:15:56.917	1536226330691231															0			Unclassified	8																									945	638	451			638	451			255.91	108.38					290.75	206.06	725.39		-34.01						752.92		4.48		0	4				
07/12/2018	3.3.2	Gaze Project	O4	3	M	Bilingual	G130	06/09/2018	89100	1280 x 720		Raw Data														7905	10:15:56.926	1536226330699578															0			Unclassified	8																									946	656	451			656	451			263.47	108.50					290.82	206.22	725.32		-34.01						752.91		4.84		0	4				
07/12/2018	3.3.2	Gaze Project	O4	3	M	Bilingual	G130	06/09/2018	89100	1280 x 720		Raw Data														7913	10:15:56.934	1536226330707859															0	723		Fixation	8			1.25	70.31	171.93																				947	628	459	617	388	622	423			252.01	105.23	247.78	133.76	249.89	119.49	290.84	206.23	725.80	343.54	227.63	770.49					753.37	753.37	4.43	5.17	0	0				
07/12/2018	3.3.2	Gaze Project	O4	3	M	Bilingual	G130	06/09/2018	89100	1280 x 720		Raw Data														7921	10:15:56.942	1536226330716197															0			Unclassified	8																									948	650	333			650	333			261.02	155.72					290.88	206.29	725.91		-34.01						753.50		4.15		0	4				
07/12/2018	3.3.2	Gaze Project	O4	3	M	Bilingual	G130	06/09/2018	89100	1280 x 720		Raw Data														7930	10:15:56.950	1536226330724546															0	724		Fixation	8			1.90	63.11	352.80																				949	634	407	646	331	640	369			254.30	126.19	259.50	156.82	256.90	141.51	290.91	206.40	726.13	339.83	219.34	746.44					753.74	753.74	4.32	4.80	0	0				
07/12/2018	3.3.2	Gaze Project	O4	3	M	Bilingual	G130	06/09/2018	89100	1280 x 720		Raw Data														7938	10:15:56.959	1536226330732904															0	725		Fixation	8			0.90	290.26	227.15																				950	700	410	656	358	678	384			281.04	124.93	263.22	145.75	272.13	135.34	291.00	206.57	726.06	335.11	208.75	716.21					753.73	753.73	4.87	4.64	0	0				
07/12/2018	3.3.2	Gaze Project	O4	3	M	Bilingual	G130	06/09/2018	89100	1280 x 720		Raw Data														7946	10:15:56.967	1536226330741258															0	726		Fixation	8			1.34	164.94	234.67																				951	650	370	615	347	632	358			260.93	140.97	246.87	150.32	253.90	145.65	290.99	206.33	725.81	335.16	208.89	716.51					753.42	753.42	4.60	4.52	0	0				
07/12/2018	3.3.2	Gaze Project	O4	3	M	Bilingual	G130	06/09/2018	89100	1280 x 720		Raw Data														7955	10:15:56.975	1536226330749521															0	727		Fixation	8			1.17	341.02	176.08																				952	612	334	650	359	631	346			245.51	155.32	260.81	145.42	253.16	150.37	291.01	209.05	734.06	335.15	209.04	716.45					762.10	762.10	4.38	4.37	0	0				
07/12/2018	3.3.2	Gaze Project	O4	3	M	Bilingual	G130	06/09/2018	89100	1280 x 720		Raw Data														7963	10:15:56.984	1536226330757854															0	728		Fixation	8			2.15	243.13	262.12																				953	616	359	619	420	617	389			247.09	145.38	248.54	120.96	247.81	133.17	291.05	206.52	726.13	335.21	208.94	716.46					753.78	753.78	4.25	4.75	0	0				
07/12/2018	3.3.2	Gaze Project	O4	3	M	Bilingual	G130	06/09/2018	89100	1280 x 720		Raw Data														7971	10:15:56.992	1536226330766204															0	729		Fixation	8			4.80	86.22	203.09																				954	631	416	629	269	630	342			253.36	122.25	252.59	181.45	252.97	151.85	291.07	206.60	726.25	335.23	209.01	716.55					753.92	753.92	4.41	4.29	0	0				
07/12/2018	3.3.2	Gaze Project	O4	3	M	Bilingual	G130	06/09/2018	89100	1280 x 720		Raw Data														7980	10:15:57.001	1536226330774571															0	730		Fixation	8			0.84	322.61	236.38																				955	652	234	650	285	651	259			261.57	195.79	260.96	175.36	261.27	185.58	291.14	206.78	726.18	335.19	209.17	716.49					753.91	753.91	3.60	4.29	0	0				
07/12/2018	3.3.2	Gaze Project	O4	3	M	Bilingual	G130	06/09/2018	89100	1280 x 720		Raw Data														7988	10:15:57.009	1536226330782849															0	731		Fixation	8			3.28	265.07	302.46																				956	636	414	641	389	638	401			255.47	123.26	257.46	133.41	256.47	128.34	291.09	211.21	740.01	336.18	214.29	731.95					768.43	768.43	4.61	4.91	0	0				
07/12/2018	3.3.2	Gaze Project	O4	3	M	Bilingual	G130	06/09/2018	89100	1280 x 720		Raw Data														7996	10:15:57.017	1536226330791187															0			Unclassified	8																									957	627	321			627	321			251.81	160.87					291.13	206.79	726.52		-34.01						754.24		4.25		0	4				
07/12/2018	3.3.2	Gaze Project	O4	3	M	Bilingual	G130	06/09/2018	89100	1280 x 720		Raw Data														8005	10:15:57.025	1536226330799528															0	732		Fixation	8			1.09	71.62	166.55																				958	626	352	652	356	639	354			251.23	148.10	261.69	146.52	256.46	147.31	291.14	206.83	726.54	335.21	209.26	716.45					754.28	754.28	4.25	4.39	0	0				
07/12/2018	3.3.2	Gaze Project	O4	3	M	Bilingual	G130	06/09/2018	89100	1280 x 720		Raw Data														8013	10:15:57.034	1536226330807885															0			Unclassified	8																									959	667	333			667	333			267.79	155.71					291.16	206.93	726.75		-34.01						754.50		4.38		0	4				
07/12/2018	3.3.2	Gaze Project	O4	3	M	Bilingual	G130	06/09/2018	89100	1280 x 720		Raw Data														8021	10:15:57.042	1536226330816242															0			Unclassified	8																									960	641	459			641	459			257.23	105.15					291.20	206.83	726.79		-34.01						754.51		4.60		0	4				
07/12/2018	3.3.2	Gaze Project	O4	3	M	Bilingual	G130	06/09/2018	89100	1280 x 720		Raw Data														8030	10:15:57.050	1536226330824509															0	733		Fixation	8			5.98	88.83	17.21																				961	638	344	656	161	647	252			255.96	151.45	263.14	225.16	259.55	188.30	291.20	206.91	726.63	344.64	229.99	776.01					754.39	754.39	4.35	4.66	0	0				
07/12/2018	3.3.2	Gaze Project	O4	3	M	Bilingual	G130	06/09/2018	89100	1280 x 720		Raw Data														8038	10:15:57.059	1536226330832849															0	734		Fixation	8			6.14	256.21	167.39																				962	632	342	608	356	620	349			253.51	152.40	244.24	146.58	248.88	149.49	291.21	206.96	726.77	335.38	209.49	717.30					754.53	754.53	4.34	4.52	0	0				
07/12/2018	3.3.2	Gaze Project	O4	3	M	Bilingual	G130	06/09/2018	89100	1280 x 720		Raw Data														8046	10:15:57.067	1536226330841198															0			Unclassified	8																									963	602	345			602	345			241.52	151.00					291.25	206.85	726.81		-34.01						754.54		4.33		0	4				
07/12/2018	3.3.2	Gaze Project	O4	3	M	Bilingual	G130	06/09/2018	89100	1280 x 720		Raw Data														8055	10:15:57.076	1536226330849555															0	735		Fixation	8			1.26	58.38	162.17																				964	628	443	629	322	628	382			252.25	111.65	252.54	160.32	252.39	135.98	291.31	207.11	726.70	335.42	209.57	717.56					754.53	754.53	4.35	4.59	0	0				
07/12/2018	3.3.2	Gaze Project	O4	3	M	Bilingual	G130	06/09/2018	89100	1280 x 720		Raw Data														8063	10:15:57.084	1536226330857912															0	736		Fixation	8			1.18	235.97	177.59																				965	633	170	608	353	620	261			254.24	221.63	243.94	147.92	249.09	184.77	296.92	227.37	786.49	335.40	209.68	717.52					817.85	817.85	4.41	4.63	0	0				
07/12/2018	3.3.2	Gaze Project	O4	3	M	Bilingual	G130	06/09/2018	89100	1280 x 720		Raw Data														8071	10:15:57.092	1536226330866180															0	737		Fixation	8			1.74	31.76	155.79																				966	626	349	655	324	640	336			251.24	149.58	262.92	159.54	257.08	154.56	291.28	207.11	727.30	335.44	209.61	717.75					755.09	755.09	4.38	4.60	0	0				
07/12/2018	3.3.2	Gaze Project	O4	3	M	Bilingual	G130	06/09/2018	89100	1280 x 720		Raw Data														8080	10:15:57.100	1536226330874502															0			Unclassified	8																									967	623	424			623	424			250.02	119.24					291.29	207.12	727.38		-34.01						755.17		4.56		0	4				
07/12/2018	3.3.2	Gaze Project	O4	3	M	Bilingual	G130	06/09/2018	89100	1280 x 720		Raw Data														8088	10:15:57.109	1536226330882867															0	738		Fixation	8			1.11	194.87	163.11																				968	654	391	621	333	637	362			262.69	132.50	249.44	155.82	256.06	144.16	291.30	207.14	727.50	335.43	209.72	717.70					755.29	755.29	4.45	4.51	0	0				
07/12/2018	3.3.2	Gaze Project	O4	3	M	Bilingual	G130	06/09/2018	89100	1280 x 720		Raw Data														8096	10:15:57.117	1536226330891223															0	739		Fixation	8			1.52	266.44	71.56																				969	591	390	618	381	604	385			237.14	133.02	248.15	136.37	242.64	134.70	291.29	211.29	740.12	335.48	209.68	718.01					768.56	768.56	4.61	4.63	0	0				
07/12/2018	3.3.2	Gaze Project	O4	3	M	Bilingual	G130	06/09/2018	89100	1280 x 720		Raw Data														8105	10:15:57.125	1536226330899502															0	740		Fixation	8			0.89	351.84	85.41																				970	634	373	646	385	640	379			254.37	139.62	259.25	134.90	256.81	137.26	291.32	207.11	727.43	335.45	209.80	717.96					755.22	755.22	4.34	4.72	0	0				
07/12/2018	3.3.2	Gaze Project	O4	3	M	Bilingual	G130	06/09/2018	89100	1280 x 720		Raw Data														8113	10:15:57.134	1536226330907848															0	741		Fixation	8			0.85	45.09	53.25																				971	651	349	665	366	658	357			261.30	149.41	266.78	142.50	264.04	145.95	291.32	207.13	727.52	335.43	209.80	717.96					755.30	755.30	4.27	4.57	0	0				
07/12/2018	3.3.2	Gaze Project	O4	3	M	Bilingual	G130	06/09/2018	89100	1280 x 720		Raw Data														8121	10:15:57.142	1536226330916179															0			Unclassified	8																									972	621	371			621	371			249.43	140.58					291.32	207.16	727.61		-34.01						755.40		4.37		0	4				
07/12/2018	3.3.2	Gaze Project	O4	3	M	Bilingual	G130	06/09/2018	89100	1280 x 720		Raw Data														8130	10:15:57.150	1536226330924521															0	742		Fixation	8			1.24	218.09	173.00																				973	578	403	633	391	605	397			231.90	127.81	254.20	132.42	243.05	130.12	291.32	207.31	727.54	341.01	222.15	753.51					755.39	755.39	4.42	5.00	0	0				
07/12/2018	3.3.2	Gaze Project	O4	3	M	Bilingual	G130	06/09/2018	89100	1280 x 720		Raw Data														8138	10:15:57.159	1536226330932892															0	743		Fixation	8			3.12	86.12	228.04																				974	623	350	640	288	631	319			250.08	148.94	256.99	173.90	253.54	161.42	291.34	207.04	727.65	340.42	220.90	749.88					755.41	755.41	4.42	4.76	0	0				
07/12/2018	3.3.2	Gaze Project	O4	3	M	Bilingual	G130	06/09/2018	89100	1280 x 720		Raw Data														8146	10:15:57.167	1536226330941160															0	744		Fixation	8			6.81	253.33	167.20																				975	604	298	576	501	590	399			242.53	169.82	231.24	88.09	236.88	128.95	291.32	207.22	727.78	335.37	209.82	717.95					755.58	755.58	4.06	4.85	0	0				
07/12/2018	3.3.2	Gaze Project	O4	3	M	Bilingual	G130	06/09/2018	89100	1280 x 720		Raw Data														8155	10:15:57.175	1536226330949497															0	745		Fixation	8			5.33	67.60	174.27																				976			643	339	643	339					258.22	153.55						341.03	222.33	753.94						0.00		4.85	4	0				
07/12/2018	3.3.2	Gaze Project	O4	3	M	Bilingual	G130	06/09/2018	89100	1280 x 720		Raw Data														8163	10:15:57.184	1536226330957848															0	746		Fixation	8			1.34	106.77	39.17																				977	627	176	630	296	628	236			251.51	219.00	252.99	170.91	252.25	194.96	293.91	216.90	755.84	344.74	230.65	777.87					785.35	785.35	4.11	5.03	0	0				
07/12/2018	3.3.2	Gaze Project	O4	3	M	Bilingual	G130	06/09/2018	89100	1280 x 720		Raw Data														8171	10:15:57.192	1536226330966205															0	747		Fixation	8			2.22	71.87	325.10																				978	626	401	653	226	639	313			251.22	128.33	262.01	198.83	256.61	163.58	291.29	207.44	728.46	336.70	217.19	739.85					756.30	756.30	4.59	4.66	0	0				
07/12/2018	3.3.2	Gaze Project	O4	3	M	Bilingual	G130	06/09/2018	89100	1280 x 720		Raw Data														8180	10:15:57.200	1536226330974481															0			Unclassified	8																									979	623	208			623	208			249.89	206.18					291.32	207.60	728.40		-34.01						756.29		3.71		0	4				
07/12/2018	3.3.2	Gaze Project	O4	3	M	Bilingual	G130	06/09/2018	89100	1280 x 720		Raw Data														8188	10:15:57.209	1536226330982825															0	748		Fixation	8			3.55	250.20	178.34																				980	631	365	614	334	622	349			253.21	142.92	246.47	155.53	249.84	149.22	291.26	207.45	728.48	336.43	215.84	735.90					756.31	756.31	4.53	4.71	0	0				
07/12/2018	3.3.2	Gaze Project	O4	3	M	Bilingual	G130	06/09/2018	89100	1280 x 720		Raw Data														8196	10:15:57.217	1536226330991153															0	749		Fixation	8			0.67	245.84	355.64																				981	637	410	605	354	621	382			255.50	124.75	242.73	147.44	249.12	136.10	291.26	207.35	728.52	336.41	215.88	735.98					756.32	756.32	4.60	4.79	0	0				
07/12/2018	3.3.2	Gaze Project	O4	3	M	Bilingual	G130	06/09/2018	89100	1280 x 720		Raw Data	Ord4_T1_R.avi	190	0	900	720									8202	10:15:57.223										5	MovieStart	Ord4_T1_R.avi					750		Fixation	8	375	354	1.21	180.00	294.16																																																						
07/12/2018	3.3.2	Gaze Project	O4	3	M	Bilingual	G130	06/09/2018	89100	1280 x 720		Raw Data	Ord4_T1_R.avi	190	0	900	720									8205	10:15:57.225	1536226330999517															0	750		Fixation	8	375	354	1.21	180.00	294.16																				982			565	354	565	354	375	354			226.88	147.30						340.95	222.63	754.56						0.00		5.00	4	0				
07/12/2018	3.3.2	Gaze Project	O4	3	M	Bilingual	G130	06/09/2018	89100	1280 x 720		Raw Data	Ord4_T1_R.avi	190	0	900	720									8213	10:15:57.234	1536226331007876															0	751		Fixation	8	406	401	1.66	303.32	123.32																				983	638	375	596	401	617	388	427	388	256.07	139.04	239.22	128.27	247.65	133.66	291.20	207.67	729.12	345.55	232.96	784.25					756.98	756.98	4.49	5.43	0	0				
07/12/2018	3.3.2	Gaze Project	O4	3	M	Bilingual	G130	06/09/2018	89100	1280 x 720		Raw Data	Ord4_T1_R.avi	190	0	900	720									8221	10:15:57.242	1536226331016146															0	752		Fixation	8	418	230	5.13	86.00	142.68																				984	661	356	608	230	634	293	444	293	265.34	146.58	244.20	197.51	254.77	172.04	291.19	207.66	729.10	336.21	215.20	733.88					756.96	756.96	4.37	4.23	0	0				
07/12/2018	3.3.2	Gaze Project	O4	3	M	Bilingual	G130	06/09/2018	89100	1280 x 720		Raw Data	Ord4_T1_R.avi	190	0	900	720									8230	10:15:57.250	1536226331024489															0			Unclassified	8																									985	617	344			617	344	427	344	247.81	151.55					291.15	207.58	728.89		-34.01						756.74		4.43		0	4				
07/12/2018	3.3.2	Gaze Project	O4	3	M	Bilingual	G130	06/09/2018	89100	1280 x 720		Raw Data	Ord4_T1_R.avi	190	0	900	720									8238	10:15:57.259	1536226331032822															0	753		Fixation	8	461	242	1.38	344.36	258.36																				986	667	275	651	242	659	258	469	258	267.81	179.33	261.26	192.39	264.53	185.86	291.13	207.59	728.91	336.27	215.91	735.82					756.76	756.76	4.17	4.42	0	0				
07/12/2018	3.3.2	Gaze Project	O4	3	M	Bilingual	G130	06/09/2018	89100	1280 x 720		Raw Data	Ord4_T1_R.avi	190	0	900	720									8246	10:15:57.267	1536226331041165															0	754		Fixation	8	429	321	2.61	248.01	263.65																				987	639	448	619	321	629	384	439	384	256.34	109.43	248.49	160.77	252.42	135.10	291.10	207.58	728.89	340.23	221.52	751.11					756.73	756.73	4.71	4.97	0	0				
07/12/2018	3.3.2	Gaze Project	O4	3	M	Bilingual	G130	06/09/2018	89100	1280 x 720		Raw Data	Ord4_T1_R.avi	190	0	900	720									8255	10:15:57.275	1536226331049546															0	755		Fixation	8	391	272	1.88	127.70	239.69																				988	609	430	581	272	595	351	405	351	244.47	116.91	233.04	180.42	238.75	148.66	291.15	207.73	728.83	340.27	221.69	751.57					756.73	756.73	4.37	4.73	0	0				
07/12/2018	3.3.2	Gaze Project	O4	3	M	Bilingual	G130	06/09/2018	89100	1280 x 720		Raw Data	Ord4_T1_R.avi	190	0	900	720									8263	10:15:57.284	1536226331057799															0	756		Fixation	8	419	218	1.80	62.67	294.96																				989	633	380	609	218	621	299	431	299	254.22	137.05	244.53	202.01	249.38	169.53	291.09	207.48	728.93	345.18	232.72	783.28					756.74	756.74	4.72	4.92	0	0				
07/12/2018	3.3.2	Gaze Project	O4	3	M	Bilingual	G130	06/09/2018	89100	1280 x 720		Raw Data	Ord4_T1_R.avi	190	0	900	720									8271	10:15:57.292	1536226331066138															0	757		Fixation	8	398	426	6.23	264.25	201.59																				990	629	358	588	426	608	392	418	392	252.54	145.93	236.21	118.32	244.37	132.12	291.01	207.54	728.78	336.24	216.38	736.99					756.61	756.61	4.48	4.93	0	0				
07/12/2018	3.3.2	Gaze Project	O4	3	M	Bilingual	G130	06/09/2018	89100	1280 x 720		Raw Data	Ord4_T1_R.avi	190	0	900	720									8280	10:15:57.300	1536226331074503															0			Unclassified	8																									991	603	405			603	405	413	405	241.94	126.84					290.99	207.64	729.11		-34.01						756.96		4.54		0	4				
07/12/2018	3.3.2	Gaze Project	O4	3	M	Bilingual	G130	06/09/2018	89100	1280 x 720		Raw Data	Ord4_T1_R.avi	190	0	900	720									8288	10:15:57.309	1536226331082857															0	758		Fixation	8	432	359	2.32	63.17	158.91																				992	651	442	622	359	636	400	446	400	261.13	111.84	249.87	145.27	255.50	128.55	290.97	207.62	729.08	335.18	210.63	720.09					756.92	756.92	4.64	4.76	0	0				
07/12/2018	3.3.2	Gaze Project	O4	3	M	Bilingual	G130	06/09/2018	89100	1280 x 720		Raw Data	Ord4_T1_R.avi	190	0	900	720									8296	10:15:57.317	1536226331091114															0	759		Fixation	8	498	325	2.33	27.33	324.16																				993	621	384	688	325	654	354	464	354	249.14	135.33	276.12	159.17	262.63	147.25	290.95	207.62	729.14	335.16	210.50	720.14					756.98	756.98	4.57	4.56	0	0				
07/12/2018	3.3.2	Gaze Project	O4	3	M	Bilingual	G130	06/09/2018	89100	1280 x 720		Raw Data	Ord4_T1_R.avi	190	0	900	720									8305	10:15:57.325	1536226331099477															0	760		Fixation	8	421	360	2.66	204.51	177.18																				994			611	360	611	360	421	360			245.45	144.87						335.12	210.72	720.05						0.00		4.71	4	0				
07/12/2018	3.3.2	Gaze Project	O4	3	M	Bilingual	G130	06/09/2018	89100	1280 x 720		Raw Data	Ord4_T1_R.avi	190	0	900	720									8313	10:15:57.334	1536226331107812															0	761		Fixation	8	411	398	1.23	255.30	50.79																				995	621	439	601	398	611	418	421	418	249.44	112.99	241.44	129.52	245.44	121.26	290.90	211.49	741.16	335.10	210.69	720.06					769.59	769.59	4.82	4.66	0	0				
07/12/2018	3.3.2	Gaze Project	O4	3	M	Bilingual	G130	06/09/2018	89100	1280 x 720		Raw Data	Ord4_T1_R.avi	190	0	900	720									8321	10:15:57.342	1536226331116169															0			Unclassified	8																									996	592	384			592	384	402	384	237.47	135.30					290.96	207.65	729.13		-34.01						756.98		4.54		0	4				
07/12/2018	3.3.2	Gaze Project	O4	3	M	Bilingual	G130	06/09/2018	89100	1280 x 720		Raw Data	Ord4_T1_R.avi	190	0	900	720									8330	10:15:57.350	1536226331124526															0	762		Fixation	8	462	232	5.27	72.97	177.67																				997	651	342	652	232	651	287	461	287	261.23	152.30	261.65	196.61	261.44	174.45	290.88	207.75	730.05	343.95	230.34	776.88					757.88	757.88	4.48	4.94	0	0				
07/12/2018	3.3.2	Gaze Project	O4	3	M	Bilingual	G130	06/09/2018	89100	1280 x 720		Raw Data	Ord4_T1_R.avi	190	0	900	720									8338	10:15:57.359	1536226331132794															0	763		Fixation	8	467	294	1.88	274.60	201.62																				998	646	350	657	294	651	322	461	322	259.41	149.14	263.88	171.49	261.65	160.32	290.83	212.95	745.92	336.23	217.21	740.00					774.56	774.56	4.80	4.68	0	0				
07/12/2018	3.3.2	Gaze Project	O4	3	M	Bilingual	G130	06/09/2018	89100	1280 x 720		Raw Data	Ord4_T1_R.avi	190	0	900	720									8346	10:15:57.367	1536226331141149															0	764		Fixation	8	442	289	0.79	168.65	254.06																				999	629	372	632	289	630	330	440	330	252.46	140.32	253.76	173.55	253.11	156.93	290.85	207.41	729.35	335.03	210.42	720.17					757.11	757.11	4.46	4.45	0	0				
07/12/2018	3.3.2	Gaze Project	O4	3	M	Bilingual	G130	06/09/2018	89100	1280 x 720		Raw Data	Ord4_T1_R.avi	190	0	900	720									8355	10:15:57.375	1536226331149481															0	765		Fixation	8	410	463	5.55	259.61	90.96																				1000	646	434	600	463	623	448	433	448	259.36	115.36	240.74	103.34	250.05	109.35	290.81	207.40	729.48	335.01	210.51	720.14					757.23	757.23	4.58	4.95	0	0				
07/12/2018	3.3.2	Gaze Project	O4	3	M	Bilingual	G130	06/09/2018	89100	1280 x 720		Raw Data	Ord4_T1_R.avi	190	0	900	720									8363	10:15:57.384	1536226331157839															0	766		Fixation	8	459	406	2.33	49.41	149.80																				1001	611	455	649	406	630	430	440	430	245.23	106.57	260.45	126.59	252.84	116.58	290.83	207.25	729.54	335.01	210.42	720.40					757.24	757.24	4.66	4.76	0	0				
07/12/2018	3.3.2	Gaze Project	O4	3	M	Bilingual	G130	06/09/2018	89100	1280 x 720		Raw Data	Ord4_T1_R.avi	190	0	900	720									8371	10:15:57.392	1536226331166197															0	767		Fixation	8	418	377	1.58	144.64	95.23																				1002	599	287	608	377	603	332	413	332	240.36	174.51	243.88	138.12	242.12	156.31	290.78	207.34	729.55	334.99	210.37	720.39					757.27	757.27	4.26	4.77	0	0				
07/12/2018	3.3.2	Gaze Project	O4	3	M	Bilingual	G130	06/09/2018	89100	1280 x 720		Raw Data	Ord4_T1_R.avi	190	0	900	720									8380	10:15:57.400	1536226331174458															0	768		Fixation	8	387	314	2.22	116.13	331.49																				1003	599	352	577	314	588	333	398	333	240.51	148.02	231.47	163.57	235.99	155.79	290.81	207.45	729.51	334.95	210.28	720.24					757.27	757.27	4.39	4.51	0	0				
07/12/2018	3.3.2	Gaze Project	O4	3	M	Bilingual	G130	06/09/2018	89100	1280 x 720		Raw Data	Ord4_T1_R.avi	190	0	900	720									8388	10:15:57.409	1536226331182794															0	769		Fixation	8	406	354	1.37	295.34	179.21																				1004	625	363	596	354	610	358	420	358	251.03	143.76	239.21	147.47	245.12	145.62	290.74	207.23	729.44	340.60	222.93	756.42					757.13	757.13	4.58	5.05	0	0				
07/12/2018	3.3.2	Gaze Project	O4	3	M	Bilingual	G130	06/09/2018	89100	1280 x 720		Raw Data	Ord4_T1_R.avi	190	0	900	720									8396	10:15:57.417	1536226331191154															0	770		Fixation	8	429	313	1.40	60.79	125.45																				1005	643	441	619	313	631	377	441	377	258.19	112.44	248.41	163.74	253.30	138.09	290.75	207.09	729.50	340.31	222.30	754.70					757.14	757.14	4.64	5.01	0	0				
07/12/2018	3.3.2	Gaze Project	O4	3	M	Bilingual	G130	06/09/2018	89100	1280 x 720		Raw Data	Ord4_T1_R.avi	190	0	900	720									8405	10:15:57.425	1536226331199497															0			Unclassified	8																									1006	603	174			603	174	413	174	242.06	219.99					294.87	221.99	773.15		-34.01						803.41		5.03		0	4				
07/12/2018	3.3.2	Gaze Project	O4	3	M	Bilingual	G130	06/09/2018	89100	1280 x 720		Raw Data	Ord4_T1_R.avi	190	0	900	720									8413	10:15:57.434	1536226331207778															0	771		Fixation	8	380	478	5.21	253.51	192.72																				1007	672	188	570	478	621	333	431	333	269.59	214.22	228.90	97.56	249.25	155.89	290.70	207.05	729.51	335.94	212.67	727.16					757.14	757.14	3.47	4.69	0	0				
07/12/2018	3.3.2	Gaze Project	O4	3	M	Bilingual	G130	06/09/2018	89100	1280 x 720		Raw Data	Ord4_T1_R.avi	190	0	900	720									8421	10:15:57.442	1536226331216126															0	772		Fixation	8	437	469	1.77	9.00	115.49																				1008	629	159	627	469	628	314	438	314	252.66	226.08	251.66	100.98	252.16	163.53	290.67	207.03	729.52	335.69	212.14	725.69					757.14	757.14	3.39	4.75	0	0				
07/12/2018	3.3.2	Gaze Project	O4	3	M	Bilingual	G130	06/09/2018	89100	1280 x 720		Raw Data	Ord4_T1_R.avi	190	0	900	720									8430	10:15:57.450	1536226331224456															0	773		Fixation	8	404	529	2.08	241.27	232.27																				1009	643	175	594	529	618	352	428	352	257.94	219.65	238.60	76.80	248.27	148.22	290.64	206.92	729.18	335.65	212.06	725.50					756.78	756.78	3.79	4.71	0	0				
07/12/2018	3.3.2	Gaze Project	O4	3	M	Bilingual	G130	06/09/2018	89100	1280 x 720		Raw Data	Ord4_T1_R.avi	190	0	900	720									8438	10:15:57.459	1536226331232823															0	774		Fixation	8	438	448	2.68	67.30	186.03																				1010			628	448	628	448	438	448			252.13	109.62						335.42	211.54	724.06						0.00		4.58	4	0				
07/12/2018	3.3.2	Gaze Project	O4	3	M	Bilingual	G130	06/09/2018	89100	1280 x 720		Raw Data	Ord4_T1_R.avi	190	0	900	720									8446	10:15:57.467	1536226331241166															0	775		Fixation	8	439	437	0.34	84.82	17.53																				1011			629	437	629	437	439	437			252.41	113.90						335.32	212.85	728.67						0.00		5.13	4	0				
07/12/2018	3.3.2	Gaze Project	O4	3	M	Bilingual	G130	06/09/2018	89100	1280 x 720		Raw Data	Ord4_T1_R.avi	190	0	900	720									8455	10:15:57.475	1536226331249456															0	776		Fixation	8	400	419	1.34	155.15	70.33																				1012	628	222	590	419	609	320	419	320	252.14	200.55	237.01	121.14	244.58	160.84	292.44	213.68	748.81	335.58	211.90	725.18					777.61	777.61	4.12	4.52	0	0				
07/12/2018	3.3.2	Gaze Project	O4	3	M	Bilingual	G130	06/09/2018	89100	1280 x 720		Raw Data	Ord4_T1_R.avi	190	0	900	720									8463	10:15:57.484	1536226331257802															0	777		Fixation	8	433	376	1.67	52.58	257.43																				1013			623	376	623	376	433	376			250.15	138.57						335.70	212.15	725.93						0.00		4.51	4	0				
07/12/2018	3.3.2	Gaze Project	O4	3	M	Bilingual	G130	06/09/2018	89100	1280 x 720		Raw Data	Ord4_T1_R.avi	190	0	900	720									8471	10:15:57.492	1536226331266139															0			Unclassified	8																									1014	672	290			672	290	482	290	269.73	173.36					290.60	207.80	732.05		-34.01						759.78		4.18		0	4				
07/12/2018	3.3.2	Gaze Project	O4	3	M	Bilingual	G130	06/09/2018	89100	1280 x 720		Raw Data	Ord4_T1_R.avi	190	0	900	720									8480	10:15:57.500	1536226331274492															0	778		Fixation	8	456	396	0.96	318.90	266.31																				1015	620	210	646	396	633	303	443	303	248.99	205.51	259.51	130.48	254.25	168.00	290.61	206.83	729.07	335.69	212.12	725.87					756.65	756.65	4.14	4.52	0	0				
07/12/2018	3.3.2	Gaze Project	O4	3	M	Bilingual	G130	06/09/2018	89100	1280 x 720		Raw Data	Ord4_T1_R.avi	190	0	900	720									8488	10:15:57.509	1536226331282849															0	779		Fixation	8	421	455	2.12	239.40	280.50																				1016	631	307	611	455	621	381	431	381	253.33	166.32	245.46	106.54	249.39	136.43	290.60	206.83	729.03	335.53	211.74	724.78					756.61	756.61	4.14	4.69	0	0				
07/12/2018	3.3.2	Gaze Project	O4	3	M	Bilingual	G130	06/09/2018	89100	1280 x 720		Raw Data	Ord4_T1_R.avi	190	0	900	720									8496	10:15:57.517	1536226331291100															0	780		Fixation	8	451	352	3.31	73.81	194.41																				1017	634	169	641	352	637	260	447	260	254.67	221.84	257.23	148.09	255.95	184.96	293.93	219.21	764.94	335.60	214.45	733.40					794.70	794.70	3.74	4.79	0	0				
07/12/2018	3.3.2	Gaze Project	O4	3	M	Bilingual	G130	06/09/2018	89100	1280 x 720		Raw Data	Ord4_T1_R.avi	190	0	900	720									8505	10:15:57.525	1536226331299518															0	781		Fixation	8	429	387	1.28	237.93	164.12																				1018	636	416	619	387	627	401	437	401	255.24	122.25	248.31	134.18	251.77	128.21	290.59	208.32	733.48	334.84	210.03	720.20					761.29	761.29	4.74	4.74	0	0				
07/12/2018	3.3.2	Gaze Project	O4	3	M	Bilingual	G130	06/09/2018	89100	1280 x 720		Raw Data	Ord4_T1_R.avi	190	0	900	720									8513	10:15:57.534	1536226331307796															0	782		Fixation	8	396	495	3.51	253.06	15.13																				1019	668	443	586	495	627	469	437	469	267.98	111.62	235.36	90.73	251.67	101.17	290.59	208.48	733.92	334.83	210.15	720.15					761.76	761.76	4.80	4.80	0	0				
07/12/2018	3.3.2	Gaze Project	O4	3	M	Bilingual	G130	06/09/2018	89100	1280 x 720		Raw Data	Ord4_T1_R.avi	190	0	900	720									8521	10:15:57.542	1536226331316161															0	783		Fixation	8	398	286	6.27	89.45	196.39																				1020	602	298	588	286	595	292	405	292	241.71	170.01	235.90	174.79	238.80	172.40	293.89	219.02	764.23	344.47	231.48	781.71					793.97	793.97	4.76	5.21	0	0				
07/12/2018	3.3.2	Gaze Project	O4	3	M	Bilingual	G130	06/09/2018	89100	1280 x 720		Raw Data	Ord4_T1_R.avi	190	0	900	720									8530	10:15:57.550	1536226331324430															0	784		Fixation	8	410	402	3.52	275.89	186.43																				1021	600	457	600	402	600	429	410	429	240.74	105.89	240.75	127.97	240.74	116.93	290.60	208.73	734.60	334.87	210.15	720.15					762.48	762.48	4.70	4.78	0	0				
07/12/2018	3.3.2	Gaze Project	O4	3	M	Bilingual	G130	06/09/2018	89100	1280 x 720		Raw Data	Ord4_T1_R.avi	190	0	900	720									8538	10:15:57.559	1536226331332756															0	785		Fixation	8	478	183	7.18	72.80	156.92																				1022			668	183	668	183	478	183			268.09	216.21						335.69	214.79	734.35						0.00		4.37	4	0				
07/12/2018	3.3.2	Gaze Project	O4	3	M	Bilingual	G130	06/09/2018	89100	1280 x 720		Raw Data	Ord4_T1_R.avi	190	0	900	720									8546	10:15:57.567	1536226331341103															0	786		Fixation	8	407	355	5.84	247.63	174.83																				1023	644	286	597	355	620	320	430	320	258.37	174.94	239.57	147.10	248.97	161.02	290.61	207.03	729.23	334.84	209.85	719.70					756.86	756.86	4.35	4.66	0	0				
07/12/2018	3.3.2	Gaze Project	O4	3	M	Bilingual	G130	06/09/2018	89100	1280 x 720		Raw Data	Ord4_T1_R.avi	190	0	900	720									8555	10:15:57.575	1536226331349461															0			Unclassified	8																									1024	638	427			638	427	448	427	256.14	118.19					290.61	206.86	728.71		-34.01						756.31		4.63		0	4				
07/12/2018	3.3.2	Gaze Project	O4	3	M	Bilingual	G130	06/09/2018	89100	1280 x 720		Raw Data	Ord4_T1_R.avi	190	0	900	720									8563	10:15:57.584	1536226331357830															0	787		Fixation	8	440	309	1.76	54.43	166.80																				1025	624	396	630	309	627	352	437	352	250.34	130.60	253.05	165.56	251.70	148.08	290.61	206.98	729.08	335.68	214.59	733.84					756.71	756.71	4.69	4.79	0	0				
07/12/2018	3.3.2	Gaze Project	O4	3	M	Bilingual	G130	06/09/2018	89100	1280 x 720		Raw Data	Ord4_T1_R.avi	190	0	900	720									8571	10:15:57.592	1536226331366089															0	788		Fixation	8	383	429	4.08	244.66	190.23																				1026	647	366	573	429	610	397	420	397	259.89	142.63	229.91	117.26	244.90	129.94	290.62	206.88	729.13	335.68	214.54	733.73					756.72	756.72	4.73	5.05	0	0				
07/12/2018	3.3.2	Gaze Project	O4	3	M	Bilingual	G130	06/09/2018	89100	1280 x 720		Raw Data	Ord4_T1_R.avi	190	0	900	720									8580	10:15:57.600	1536226331374432															0			Unclassified	8																									1027	568	276			568	276	378	276	227.98	178.75					290.74	207.12	729.03		-34.01						756.71		4.40		0	4				
07/12/2018	3.3.2	Gaze Project	O4	3	M	Bilingual	G130	06/09/2018	89100	1280 x 720		Raw Data	Ord4_T1_R.avi	190	0	900	720									8588	10:15:57.609	1536226331382786															0	789		Fixation	8	481	223	7.03	64.63	179.97																				1028	616	365	671	223	643	294	453	294	247.22	143.07	269.46	200.28	258.34	171.68	290.62	206.45	727.57	335.81	215.26	735.88					755.11	755.11	4.52	4.40	0	0				
07/12/2018	3.3.2	Gaze Project	O4	3	M	Bilingual	G130	06/09/2018	89100	1280 x 720		Raw Data	Ord4_T1_R.avi	190	0	900	720									8596	10:15:57.617	1536226331391144															0	790		Fixation	8	400	332	4.24	233.47	168.84																				1029	603	404	590	332	596	368	406	368	242.18	127.20	236.64	156.38	239.41	141.79	290.63	206.46	727.62	334.86	209.91	719.67					755.16	755.16	4.71	4.70	0	0				
07/12/2018	3.3.2	Gaze Project	O4	3	M	Bilingual	G130	06/09/2018	89100	1280 x 720		Raw Data	Ord4_T1_R.avi	190	0	900	720									8605	10:15:57.625	1536226331399497															0	791		Fixation	8	414	291	1.33	71.20	197.73																				1030	654	410	604	291	629	350	439	350	262.41	124.90	242.52	172.57	252.46	148.74	290.61	209.75	737.70	340.60	222.52	756.16					765.74	765.74	4.92	4.88	0	0				
07/12/2018	3.3.2	Gaze Project	O4	3	M	Bilingual	G130	06/09/2018	89100	1280 x 720		Raw Data	Ord4_T1_R.avi	190	0	900	720									8613	10:15:57.634	1536226331407763															0			Unclassified	8																									1031	637	430			637	430	447	430	255.89	116.93					290.63	206.65	728.22		-34.01						755.78		4.69		0	4				
07/12/2018	3.3.2	Gaze Project	O4	3	M	Bilingual	G130	06/09/2018	89100	1280 x 720		Raw Data	Ord4_T1_R.avi	190	0	900	720									8621	10:15:57.642	1536226331416096															0	792		Fixation	8	418	395	3.21	272.20	200.99																				1032			608	395	608	395	418	395			243.99	130.93						334.87	209.55	719.21						0.00		4.80	4	0				
07/12/2018	3.3.2	Gaze Project	O4	3	M	Bilingual	G130	06/09/2018	89100	1280 x 720		Raw Data	Ord4_T1_R.avi	190	0	900	720									8630	10:15:57.650	1536226331424453															0			Unclassified	8																									1033	666	406			666	406	476	406	267.49	126.42					290.65	206.62	728.20		-34.01						755.76		4.83		0	4				
07/12/2018	3.3.2	Gaze Project	O4	3	M	Bilingual	G130	06/09/2018	89100	1280 x 720		Raw Data	Ord4_T1_R.avi	190	0	900	720									8638	10:15:57.659	1536226331432818															0			Unclassified	8																									1034	621	408			621	408	431	408	249.19	125.46					290.64	209.16	736.14		-34.01						764.09		4.70		0	4				
07/12/2018	3.3.2	Gaze Project	O4	3	M	Bilingual	G130	06/09/2018	89100	1280 x 720		Raw Data	Ord4_T1_R.avi	190	0	900	720									8646	10:15:57.667	1536226331441081															0	793		Fixation	8	407	371	0.83	114.55	202.36																				1035	662	299	597	371	629	335	439	335	265.76	169.46	239.56	140.45	252.66	154.95	290.67	206.57	728.14	335.71	214.01	732.72					755.69	755.69	4.28	4.80	0	0				
07/12/2018	3.3.2	Gaze Project	O4	3	M	Bilingual	G130	06/09/2018	89100	1280 x 720		Raw Data	Ord4_T1_R.avi	190	0	900	720									8655	10:15:57.675	1536226331449428															0	794		Fixation	8	485	241	4.70	59.12	304.56																				1036	617	427	675	241	646	334	456	334	247.79	117.80	271.12	192.77	259.46	155.29	290.83	206.70	728.09	335.76	214.19	733.32					755.68	755.68	4.97	4.40	0	0				
07/12/2018	3.3.2	Gaze Project	O4	3	M	Bilingual	G130	06/09/2018	89100	1280 x 720		Raw Data	Ord4_T1_R.avi	190	0	900	720									8663	10:15:57.684	1536226331457766															0	795		Fixation	8	445	367	4.05	252.44	193.32																				1037	661	479	635	367	648	423	458	423	265.17	96.87	254.93	142.14	260.05	119.51	290.69	206.29	727.44	340.51	221.78	754.49					754.94	754.94	4.61	4.99	0	0				
07/12/2018	3.3.2	Gaze Project	O4	3	M	Bilingual	G130	06/09/2018	89100	1280 x 720		Raw Data	Ord4_T1_R.avi	190	0	900	720									8671	10:15:57.692	1536226331466125															0	796		Fixation	8	429	338	1.03	118.81	226.37																				1038	665	374	619	338	642	356	452	356	266.97	139.44	248.46	153.92	257.71	146.68	290.70	206.36	727.71	334.91	209.13	718.45					755.22	755.22	4.49	4.64	0	0				
07/12/2018	3.3.2	Gaze Project	O4	3	M	Bilingual	G130	06/09/2018	89100	1280 x 720		Raw Data	Ord4_T1_R.avi	190	0	900	720									8680	10:15:57.700	1536226331474479															0			Unclassified	8																									1039	619	114			619	114	429	114	248.36	243.98					294.50	219.78	767.25		-34.01						797.10		3.75		0	4				
07/12/2018	3.3.2	Gaze Project	O4	3	M	Bilingual	G130	06/09/2018	89100	1280 x 720		Raw Data	Ord4_T1_R.avi	190	0	900	720									8688	10:15:57.709	1536226331482744															0	797		Fixation	8	419	455	3.67	265.13	146.32																				1040	672	131	609	455	640	293	450	293	269.70	237.08	244.44	106.52	257.07	171.80	294.06	218.16	762.49	335.98	211.57	725.29					792.05	792.05	3.51	4.56	0	0				
07/12/2018	3.3.2	Gaze Project	O4	3	M	Bilingual	G130	06/09/2018	89100	1280 x 720		Raw Data	Ord4_T1_R.avi	190	0	900	720									8696	10:15:57.717	1536226331491080															0	798		Fixation	8	420	399	1.74	88.98	183.85																				1041	620	156	610	399	615	277	425	277	248.69	227.22	244.77	129.07	246.73	178.14	294.19	218.57	763.77	335.85	211.21	724.35					793.40	793.40	3.74	4.40	0	0				
07/12/2018	3.3.2	Gaze Project	O4	3	M	Bilingual	G130	06/09/2018	89100	1280 x 720		Raw Data	Ord4_T1_R.avi	190	0	900	720									8705	10:15:57.725	1536226331499439															0	799		Fixation	8	379	441	1.81	225.78	136.80																				1042	661	233	569	441	615	337	425	337	265.45	195.98	228.46	112.23	246.96	154.10	290.72	206.22	727.54	335.68	210.76	723.09					755.01	755.01	3.81	4.44	0	0				
07/12/2018	3.3.2	Gaze Project	O4	3	M	Bilingual	G130	06/09/2018	89100	1280 x 720		Raw Data	Ord4_T1_R.avi	190	0	900	720									8713	10:15:57.734	1536226331507779															0	800		Fixation	8	453	273	5.75	66.30	200.51																				1043	652	412	643	273	647	342	457	342	261.72	124.09	258.27	179.82	259.99	151.96	290.49	205.46	724.86	334.97	209.00	718.47					752.22	752.22	3.98	4.36	0	0				
07/12/2018	3.3.2	Gaze Project	O4	3	M	Bilingual	G130	06/09/2018	89100	1280 x 720		Raw Data	Ord4_T1_R.avi	190	0	900	720									8721	10:15:57.742	1536226331516076															0	801		Fixation	8	416	394	3.98	253.05	186.75																				1044	604	332	606	394	605	363	415	363	242.30	156.09	243.37	131.40	242.83	143.74	290.75	206.43	727.82	335.89	211.20	724.51					755.34	755.34	3.89	4.41	0	0				
07/12/2018	3.3.2	Gaze Project	O4	3	M	Bilingual	G130	06/09/2018	89100	1280 x 720		Raw Data	Ord4_T1_R.avi	190	0	900	720									8730	10:15:57.750	1536226331524407															0	802		Fixation	8	407	414	0.68	245.84	352.79																				1045	582	230	597	414	589	322	399	322	233.77	197.29	239.65	123.08	236.71	160.18	290.69	205.70	726.28	335.72	210.76	723.44					753.64	753.64	3.34	4.29	0	0				
07/12/2018	3.3.2	Gaze Project	O4	3	M	Bilingual	G130	06/09/2018	89100	1280 x 720		Raw Data	Ord4_T1_R.avi	190	0	900	720									8738	10:15:57.759	1536226331532746															0	803		Fixation	8	380	527	3.57	256.60	10.76																				1046	619	217	570	527	594	372	404	372	248.44	202.50	228.60	77.58	238.52	140.04	290.67	207.94	733.32	335.88	211.07	724.40					761.03	761.03	3.35	4.59	0	0				
07/12/2018	3.3.2	Gaze Project	O4	3	M	Bilingual	G130	06/09/2018	89100	1280 x 720		Raw Data	Ord4_T1_R.avi	190	0	900	720									8746	10:15:57.767	1536226331541111															0	804		Fixation	8	365	546	0.73	231.80	335.20																				1047	634	217	555	546	594	381	404	381	254.44	202.39	222.91	70.17	238.67	136.28	290.67	207.50	732.03	335.94	211.14	724.58					759.66	759.66	3.46	4.49	0	0				
07/12/2018	3.3.2	Gaze Project	O4	3	M	Bilingual	G130	06/09/2018	89100	1280 x 720		Raw Data	Ord4_T1_R.avi	190	0	900	720									8755	10:15:57.775	1536226331549467															0	805		Fixation	8	473	233	10.26	71.02	199.22																				1048	623	283	663	233	643	258	453	258	249.94	176.15	266.30	196.23	258.12	186.19	290.69	205.59	726.32	335.39	211.36	726.03					753.65	753.65	3.48	3.27	0	0				
07/12/2018	3.3.2	Gaze Project	O4	3	M	Bilingual	G130	06/09/2018	89100	1280 x 720		Raw Data	Ord4_T1_R.avi	190	0	900	720									8763	10:15:57.784	1536226331557737															0	806		Fixation	8	386	559	10.48	255.10	184.08																				1049	617	289	576	559	596	424	406	424	247.51	173.45	231.34	64.99	239.42	119.22	290.69	205.88	726.78	335.59	210.24	722.02					754.18	754.18	3.42	4.50	0	0				
07/12/2018	3.3.2	Gaze Project	O4	3	M	Bilingual	G130	06/09/2018	89100	1280 x 720		Raw Data	Ord4_T1_R.avi	190	0	900	720									8771	10:15:57.792	1536226331566087															0	807		Fixation	8	364	431	4.02	99.72	204.62																				1050	600	282	554	431	577	356	387	356	240.82	176.43	222.39	116.55	231.61	146.49	290.70	205.88	726.73	334.93	208.62	717.74					754.13	754.13	3.46	4.03	0	0				
07/12/2018	3.3.2	Gaze Project	O4	3	M	Bilingual	G130	06/09/2018	89100	1280 x 720		Raw Data	Ord4_T1_R.avi	190	0	900	720									8780	10:15:57.800	1536226331574418															0			Unclassified	8																									1051	578	283			578	283	388	283	232.07	175.92					290.96	206.88	729.27		-34.01						756.87		3.70		0	4				
07/12/2018	3.3.2	Gaze Project	O4	3	M	Bilingual	G130	06/09/2018	89100	1280 x 720		Raw Data	Ord4_T1_R.avi	190	0	900	720									8788	10:15:57.809	1536226331582776															0	808		Fixation	8	396	426	1.00	8.91	269.19																				1052	621	449	586	426	603	437	413	437	249.30	109.23	235.11	118.40	242.20	113.82	290.83	206.35	727.70	336.01	211.03	724.28					755.20	755.20	3.92	4.34	0	0				
07/12/2018	3.3.2	Gaze Project	O4	3	M	Bilingual	G130	06/09/2018	89100	1280 x 720		Raw Data	Ord4_T1_R.avi	190	0	900	720									8796	10:15:57.817	1536226331591136															0	809		Fixation	8	383	328	3.11	97.53	88.62																				1053	605	327	573	328	589	327	399	327	242.87	158.35	230.18	158.05	236.52	158.20	290.70	205.76	726.34	334.94	208.51	717.39					753.73	753.73	3.60	3.56	0	0				
07/12/2018	3.3.2	Gaze Project	O4	3	M	Bilingual	G130	06/09/2018	89100	1280 x 720		Raw Data	Ord4_T1_R.avi	190	0	900	720									8805	10:15:57.825	1536226331599392															0	810		Fixation	8	414	372	1.71	305.08	207.55																				1054	652	321	604	372	628	346	438	346	261.80	160.62	242.34	140.28	252.07	150.45	290.73	205.95	726.44	334.95	208.48	717.30					753.88	753.88	3.57	3.76	0	0				
07/12/2018	3.3.2	Gaze Project	O4	3	M	Bilingual	G130	06/09/2018	89100	1280 x 720		Raw Data	Ord4_T1_R.avi	190	0	900	720									8813	10:15:57.834	1536226331607799															0	811		Fixation	8	366	499	4.20	249.36	304.28																				1055			556	499	556	499	366	499			223.02	88.84						335.45	211.25	725.71						0.00		4.82	4	0				
07/12/2018	3.3.2	Gaze Project	O4	3	M	Bilingual	G130	06/09/2018	89100	1280 x 720		Raw Data	Ord4_T1_R.avi	190	0	900	720									8821	10:15:57.842	1536226331616080															0	812		Fixation	8	363	558	1.80	267.10	17.74																				1056			553	558	553	558	363	558			222.14	65.26						336.00	210.84	723.71						0.00		4.47	4	0				
07/12/2018	3.3.2	Gaze Project	O4	3	M	Bilingual	G130	06/09/2018	89100	1280 x 720		Raw Data	Ord4_T1_R.avi	190	0	900	720									8830	10:15:57.850	1536226331624451															0	813		Fixation	8	408	270	9.07	81.15	174.05																				1057	608	485	598	270	603	377	413	377	244.05	94.77	240.03	181.08	242.04	137.93	290.69	207.21	730.91	334.95	208.34	716.88					758.51	758.51	4.32	3.64	0	0				
07/12/2018	3.3.2	Gaze Project	O4	3	M	Bilingual	G130	06/09/2018	89100	1280 x 720		Raw Data	Ord4_T1_R.avi	190	0	900	720									8838	10:15:57.859	1536226331632731															0	814		Fixation	8	363	538	8.47	260.50	179.35																				1058	622	370	553	538	587	454	397	454	249.64	141.04	222.18	73.16	235.91	107.10	290.69	207.59	731.99	335.99	210.73	723.36					759.66	759.66	4.04	4.47	0	0				
07/12/2018	3.3.2	Gaze Project	O4	3	M	Bilingual	G130	06/09/2018	89100	1280 x 720		Raw Data	Ord4_T1_R.avi	190	0	900	720									8846	10:15:57.867	1536226331641064															0			Unclassified	8																									1059	574	261			574	261	384	261	230.36	185.02					290.71	205.24	724.66		-34.01						751.97		3.31		0	4				
07/12/2018	3.3.2	Gaze Project	O4	3	M	Bilingual	G130	06/09/2018	89100	1280 x 720		Raw Data	Ord4_T1_R.avi	190	0	900	720									8855	10:15:57.875	1536226331649396															0	815		Fixation	8	430	223	10.06	78.03	177.53																				1060	598	264	620	223	609	243	419	243	239.90	183.72	249.02	200.07	244.46	191.89	290.71	205.23	724.58	334.98	208.25	716.92					751.89	751.89	3.13	3.11	0	0				
07/12/2018	3.3.2	Gaze Project	O4	3	M	Bilingual	G130	06/09/2018	89100	1280 x 720		Raw Data	Ord4_T1_R.avi	190	0	900	720									8863	10:15:57.884	1536226331657758															0	816		Fixation	8	392	521	9.47	262.76	184.73																				1061	621	546	582	521	601	533	411	533	249.24	70.02	233.46	80.30	241.35	75.16	290.71	205.44	725.12	335.00	208.49	716.82					752.47	752.47	4.45	4.52	0	0				
07/12/2018	3.3.2	Gaze Project	O4	3	M	Bilingual	G130	06/09/2018	89100	1280 x 720		Raw Data	Ord4_T1_R.avi	190	0	900	720									8871	10:15:57.892	1536226331666115															0	817		Fixation	8	402	462	1.83	80.41	177.65																				1062	606	470	592	462	599	466	409	466	243.37	100.71	237.70	104.04	240.54	102.37	290.71	205.42	725.05	335.97	213.95	733.40					752.40	752.40	4.24	4.66	0	0				
07/12/2018	3.3.2	Gaze Project	O4	3	M	Bilingual	G130	06/09/2018	89100	1280 x 720		Raw Data	Ord4_T1_R.avi	190	0	900	720									8880	10:15:57.900	1536226331674377															0	818		Fixation	8	382	505	1.45	245.13	164.72																				1063	603	529	572	505	587	517	397	517	242.24	76.83	229.80	86.78	236.02	81.80	290.72	205.42	725.02	334.97	208.23	716.43					752.36	752.36	4.39	4.59	0	0				
07/12/2018	3.3.2	Gaze Project	O4	3	M	Bilingual	G130	06/09/2018	89100	1280 x 720		Raw Data	Ord4_T1_R.avi	190	0	900	720									8888	10:15:57.909	1536226331682743															0	819		Fixation	8	390	520	0.53	298.00	52.87																				1064	605	375	580	520	592	447	402	447	242.91	139.07	233.00	80.64	237.96	109.85	290.71	205.41	724.95	334.96	208.11	716.06					752.30	752.30	3.92	4.51	0	0				
07/12/2018	3.3.2	Gaze Project	O4	3	M	Bilingual	G130	06/09/2018	89100	1280 x 720		Raw Data	Ord4_T1_R.avi	190	0	900	720									8896	10:15:57.917	1536226331691070															0	820		Fixation	8	404	498	0.80	57.61	119.62																				1065	594	278	594	498	594	388	404	388	238.49	177.92	238.47	89.56	238.48	133.74	293.49	215.36	753.92	334.90	208.23	716.01					783.02	783.02	4.03	4.49	0	0				
07/12/2018	3.3.2	Gaze Project	O4	3	M	Bilingual	G130	06/09/2018	89100	1280 x 720		Raw Data	Ord4_T1_R.avi	190	0	900	720									8905	10:15:57.925	1536226331699428															0			Unclassified	8																									1066	586	500			586	500	396	500	235.15	88.63					290.72	205.35	724.70		-34.01						752.04		4.24		0	4				
07/12/2018	3.3.2	Gaze Project	O4	3	M	Bilingual	G130	06/09/2018	89100	1280 x 720		Raw Data	Ord4_T1_R.avi	190	0	900	720									8913	10:15:57.934	1536226331707784															0	821		Fixation	8	391	495	0.42	166.96	109.35																				1067	619	401	581	495	600	448	410	448	248.33	128.30	233.27	90.76	240.80	109.53	290.72	205.33	724.59	334.96	207.99	715.72					751.93	751.93	4.04	4.51	0	0				
07/12/2018	3.3.2	Gaze Project	O4	3	M	Bilingual	G130	06/09/2018	89100	1280 x 720		Raw Data	Ord4_T1_R.avi	190	0	900	720									8921	10:15:57.942	1536226331716043															0			Unclassified	8																									1068	601	357			601	357	411	357	241.16	146.24					290.72	205.31	724.54		-34.01						751.88		3.91		0	4				
07/12/2018	3.3.2	Gaze Project	O4	3	M	Bilingual	G130	06/09/2018	89100	1280 x 720		Raw Data	Ord4_T1_R.avi	190	0	900	720									8930	10:15:57.950	1536226331724374															0	822		Fixation	8	391	475	0.61	90.00	283.04																				1069	604	527	581	475	592	501	402	501	242.59	77.54	233.32	98.71	237.96	88.13	290.73	205.31	724.52	336.11	214.40	734.68					751.86	751.86	4.36	4.57	0	0				
07/12/2018	3.3.2	Gaze Project	O4	3	M	Bilingual	G130	06/09/2018	89100	1280 x 720		Raw Data	Ord4_T1_R.avi	190	0	900	720									8938	10:15:57.959	1536226331732745															0	823		Fixation	8	410	417	1.84	71.92	341.92																				1070	591	476	600	417	595	446	405	446	237.39	98.18	240.70	122.18	239.04	110.18	290.70	210.31	739.75	339.31	217.52	742.89					767.88	767.88	4.52	4.64	0	0				
07/12/2018	3.3.2	Gaze Project	O4	3	M	Bilingual	G130	06/09/2018	89100	1280 x 720		Raw Data	Ord4_T1_R.avi	190	0	900	720									8946	10:15:57.967	1536226331741086															0	824		Fixation	8	390	465	1.59	247.45	175.53																				1071	644	410	580	465	612	437	422	437	258.36	124.67	232.64	102.83	245.50	113.75	290.74	205.27	724.38	335.00	207.92	715.57					751.71	751.71	4.19	4.53	0	0				
07/12/2018	3.3.2	Gaze Project	O4	3	M	Bilingual	G130	06/09/2018	89100	1280 x 720		Raw Data	Ord4_T1_R.avi	190	0	900	720									8955	10:15:57.975	1536226331749376															0	825		Fixation	8	409	504	1.36	295.90	48.46																				1072	563	393	599	504	581	448	391	448	226.02	131.67	240.29	87.09	233.16	109.38	290.74	205.25	724.33	335.01	207.80	715.62					751.66	751.66	4.06	4.63	0	0				
07/12/2018	3.3.2	Gaze Project	O4	3	M	Bilingual	G130	06/09/2018	89100	1280 x 720		Raw Data	Ord4_T1_R.avi	190	0	900	720									8963	10:15:57.984	1536226331757724															0	826		Fixation	8	412	490	0.44	77.94	142.04																				1073	618	487	602	490	610	488	420	488	247.96	93.83	241.62	92.63	244.79	93.23	290.75	205.24	724.28	335.02	207.91	715.56					751.62	751.62	4.11	4.45	0	0				
07/12/2018	3.3.2	Gaze Project	O4	3	M	Bilingual	G130	06/09/2018	89100	1280 x 720		Raw Data	Ord4_T1_R.avi	190	0	900	720									8971	10:15:57.992	1536226331766052															0	827		Fixation	8	421	415	2.37	83.18	5.24																				1074	579	556	611	415	595	485	405	485	232.59	65.88	245.44	122.94	239.02	94.41	290.76	205.21	724.20	335.02	208.02	715.51					751.52	751.52	4.45	4.44	0	0				
07/12/2018	3.3.2	Gaze Project	O4	3	M	Bilingual	G130	06/09/2018	89100	1280 x 720		Raw Data	Ord4_T1_R.avi	190	0	900	720									8980	10:15:58.000	1536226331774415															0	828		Fixation	8	415	477	1.95	264.49	181.31																				1075	617	418	605	477	611	447	421	447	247.72	121.43	242.80	97.72	245.26	109.57	290.77	205.20	724.16	335.06	207.78	715.61					751.49	751.49	4.24	4.45	0	0				
07/12/2018	3.3.2	Gaze Project	O4	3	M	Bilingual	G130	06/09/2018	89100	1280 x 720		Raw Data	Ord4_T1_R.avi	190	0	900	720									8988	10:15:58.009	1536226331782769															0	829		Fixation	8	394	501	0.98	228.91	324.42																				1076	589	478	584	501	586	489	396	489	236.29	97.41	234.29	88.10	235.29	92.75	290.78	205.29	724.41	335.06	207.83	715.41					751.75	751.75	4.19	4.46	0	0				
07/12/2018	3.3.2	Gaze Project	O4	3	M	Bilingual	G130	06/09/2018	89100	1280 x 720		Raw Data	Ord4_T1_R.avi	190	0	900	720									8996	10:15:58.017	1536226331791037															0	830		Fixation	8	392	414	2.73	91.31	222.41																				1077	621	428	582	414	601	421	411	421	249.21	117.40	233.61	123.11	241.41	120.25	290.80	205.21	724.16	335.09	207.94	715.36					751.49	751.49	4.01	4.48	0	0				
07/12/2018	3.3.2	Gaze Project	O4	3	M	Bilingual	G130	06/09/2018	89100	1280 x 720		Raw Data	Ord4_T1_R.avi	190	0	900	720									9005	10:15:58.025	1536226331799362															0	831		Fixation	8	405	467	1.72	283.74	192.43																				1078	603	469	595	467	599	468	409	468	242.19	101.15	238.81	101.92	240.50	101.53	290.80	205.10	723.84	335.06	207.65	714.93					751.15	751.15	4.29	4.46	0	0				
07/12/2018	3.3.2	Gaze Project	O4	3	M	Bilingual	G130	06/09/2018	89100	1280 x 720		Raw Data	Ord4_T1_R.avi	190	0	900	720									9013	10:15:58.034	1536226331807725															0	832		Fixation	8	437	445	1.21	34.59	110.86																				1079	587	234	627	445	607	339	417	339	235.52	195.55	251.86	110.71	243.69	153.13	294.11	216.96	758.49	335.07	207.53	714.98					787.89	787.89	3.90	4.39	0	0				
07/12/2018	3.3.2	Gaze Project	O4	3	M	Bilingual	G130	06/09/2018	89100	1280 x 720		Raw Data	Ord4_T1_R.avi	190	0	900	720									9021	10:15:58.042	1536226331816081															0	833		Fixation	8	398	455	1.26	194.43	159.83																				1080	633	483	588	455	610	469	420	469	253.96	95.41	236.07	106.64	245.01	101.02	290.82	205.11	723.84	335.09	207.67	715.03					751.15	751.15	4.28	4.38	0	0				
07/12/2018	3.3.2	Gaze Project	O4	3	M	Bilingual	G130	06/09/2018	89100	1280 x 720		Raw Data	Ord4_T1_R.avi	190	0	900	720									9030	10:15:58.050	1536226331824438															0	834		Fixation	8	408	426	0.96	71.03	236.61																				1081	590	460	598	426	594	443	404	443	236.73	104.77	240.23	118.30	238.48	111.54	290.83	205.10	723.80	335.10	207.67	715.05					751.12	751.12	4.15	4.32	0	0				
07/12/2018	3.3.2	Gaze Project	O4	3	M	Bilingual	G130	06/09/2018	89100	1280 x 720		Raw Data	Ord4_T1_R.avi	190	0	900	720									9038	10:15:58.059	1536226331832695															0	835		Fixation	8	387	450	0.99	228.91	157.87																				1082	635	322	577	450	606	386	416	386	254.99	160.24	231.73	108.54	243.36	134.39	290.83	205.10	723.78	335.12	207.70	715.12					751.10	751.10	3.95	4.30	0	0				
07/12/2018	3.3.2	Gaze Project	O4	3	M	Bilingual	G130	06/09/2018	89100	1280 x 720		Raw Data	Ord4_T1_R.avi	190	0	900	720									9046	10:15:58.067	1536226331841033															0	836		Fixation	8	408	447	0.66	8.16	139.25																				1083	584	449	598	447	591	448	401	448	234.53	109.30	240.20	109.75	237.36	109.52	290.83	205.10	723.75	335.10	207.55	714.72					751.07	751.07	4.16	4.38	0	0				
07/12/2018	3.3.2	Gaze Project	O4	3	M	Bilingual	G130	06/09/2018	89100	1280 x 720		Raw Data	Ord4_T1_R.avi	190	0	900	720									9055	10:15:58.075	1536226331849402															0	837		Fixation	8	392	469	0.84	234.06	225.90																				1084	614	526	582	469	598	497	408	497	246.30	78.02	233.69	101.07	239.99	89.55	290.83	205.09	723.73	335.11	207.55	714.73					751.04	751.04	4.30	4.36	0	0				
07/12/2018	3.3.2	Gaze Project	O4	3	M	Bilingual	G130	06/09/2018	89100	1280 x 720		Raw Data	Ord4_T1_R.avi	190	0	900	720									9063	10:15:58.084	1536226331857746															0	838		Fixation	8	408	481	0.63	323.04	88.98																				1085	613	432	598	481	605	456	415	456	246.05	116.05	240.14	96.04	243.10	106.05	290.83	205.09	723.72	335.11	207.44	714.78					751.03	751.03	4.02	4.35	0	0				
07/12/2018	3.3.2	Gaze Project	O4	3	M	Bilingual	G130	06/09/2018	89100	1280 x 720		Raw Data	Ord4_T1_R.avi	190	0	900	720									9071	10:15:58.092	1536226331866021															0	839		Fixation	8	363	470	1.45	166.22	203.18																				1086	630	526	553	470	591	498	401	498	252.81	78.22	222.13	100.76	237.47	89.49	290.83	205.09	723.70	335.10	207.54	714.70					751.02	751.02	4.38	4.41	0	0				
07/12/2018	3.3.2	Gaze Project	O4	3	M	Bilingual	G130	06/09/2018	89100	1280 x 720		Raw Data	Ord4_T1_R.avi	190	0	900	720									9080	10:15:58.100	1536226331874364															0	840		Fixation	8	387	368	3.14	76.80	270.58																				1087	615	516	577	368	596	442	406	442	247.00	81.95	231.68	141.76	239.34	111.86	290.82	205.06	723.64	344.95	229.24	777.09					750.94	750.94	4.26	4.75	0	0				
07/12/2018	3.3.2	Gaze Project	O4	3	M	Bilingual	G130	06/09/2018	89100	1280 x 720		Raw Data	Ord4_T1_R.avi	190	0	900	720									9088	10:15:58.109	1536226331882707															0	841		Fixation	8	387	410	1.27	270.00	193.20																				1088	638	515	577	410	607	462	417	462	255.96	82.58	231.46	124.86	243.71	103.72	290.81	205.05	723.63	335.08	207.50	714.59					750.94	750.94	4.23	4.23	0	0				
07/12/2018	3.3.2	Gaze Project	O4	3	M	Bilingual	G130	06/09/2018	89100	1280 x 720		Raw Data	Ord4_T1_R.avi	190	0	900	720									9096	10:15:58.117	1536226331891050															0	842		Fixation	8	380	498	2.76	265.47	355.47																				1089	636	426	570	498	603	462	413	462	255.41	118.25	228.96	89.20	242.18	103.73	290.81	205.05	723.62	335.08	207.61	714.91					750.93	750.93	4.13	4.43	0	0				
07/12/2018	3.3.2	Gaze Project	O4	3	M	Bilingual	G130	06/09/2018	89100	1280 x 720		Raw Data	Ord4_T1_R.avi	190	0	900	720									9105	10:15:58.125	1536226331899419															0	843		Fixation	8	409	392	3.43	74.75	169.28																				1090	607	463	599	392	603	427	413	427	243.51	103.34	240.63	131.99	242.07	117.67	290.80	205.02	723.60	335.03	207.72	714.86					750.90	750.90	4.09	4.21	0	0				
07/12/2018	3.3.2	Gaze Project	O4	3	M	Bilingual	G130	06/09/2018	89100	1280 x 720		Raw Data	Ord4_T1_R.avi	190	0	900	720									9113	10:15:58.134	1536226331907691															0	844		Fixation	8	427	409	0.79	316.54	241.80																				1091	590	482	617	409	603	445	413	445	236.95	95.94	247.59	125.40	242.27	110.67	290.78	204.99	723.55	335.05	207.58	714.85					750.84	750.84	4.16	4.21	0	0				
07/12/2018	3.3.2	Gaze Project	O4	3	M	Bilingual	G130	06/09/2018	89100	1280 x 720		Raw Data	Ord4_T1_R.avi	190	0	900	720									9121	10:15:58.142	1536226331916020															0	845		Fixation	8	390	484	2.61	243.81	287.27																				1092	606	510	580	484	593	497	403	497	243.39	84.50	232.93	95.22	238.16	89.86	290.76	205.02	723.66	335.03	207.56	714.80					750.95	750.95	4.27	4.46	0	0				
07/12/2018	3.3.2	Gaze Project	O4	3	M	Bilingual	G130	06/09/2018	89100	1280 x 720		Raw Data	Ord4_T1_R.avi	190	0	900	720									9130	10:15:58.150	1536226331924376															0	846		Fixation	8	354	502	1.24	206.64	322.82																				1093	589	363	544	502	566	432	376	432	236.58	143.94	218.43	87.71	227.50	115.83	290.75	205.02	723.65	335.00	207.67	714.76					750.95	750.95	3.87	4.21	0	0				
07/12/2018	3.3.2	Gaze Project	O4	3	M	Bilingual	G130	06/09/2018	89100	1280 x 720		Raw Data	Ord4_T1_R.avi	190	0	900	720									9138	10:15:58.159	1536226331932735															0	847		Fixation	8	383	495	0.92	13.61	166.97																				1094	566	482	573	495	569	488	379	488	227.36	95.96	230.19	90.55	228.77	93.25	290.70	211.01	741.84	335.00	207.53	714.77					770.07	770.07	4.50	4.46	0	0				
07/12/2018	3.3.2	Gaze Project	O4	3	M	Bilingual	G130	06/09/2018	89100	1280 x 720		Raw Data	Ord4_T1_R.avi	190	0	900	720									9146	10:15:58.167	1536226331941090															0	848		Fixation	8	405	444	1.72	66.73	53.12																				1095	611	542	595	444	603	493	413	493	245.38	71.79	238.75	111.23	242.07	91.51	290.72	205.01	723.70	334.98	207.41	714.82					750.99	750.99	4.34	4.36	0	0				
07/12/2018	3.3.2	Gaze Project	O4	3	M	Bilingual	G130	06/09/2018	89100	1280 x 720		Raw Data	Ord4_T1_R.avi	190	0	900	720									9155	10:15:58.175	1536226331949353															0	849		Fixation	8	397	494	1.58	260.94	194.21																				1096	624	492	587	494	605	493	415	493	250.28	91.85	235.63	90.99	242.96	91.42	290.67	210.20	739.54	334.97	207.58	714.94					767.64	767.64	4.34	4.39	0	0				
07/12/2018	3.3.2	Gaze Project	O4	3	M	Bilingual	G130	06/09/2018	89100	1280 x 720		Raw Data	Ord4_T1_R.avi	190	0	900	720									9163	10:15:58.184	1536226331957683															0	850		Fixation	8	365	506	1.05	200.62	299.68																				1097	604	445	555	506	579	475	389	475	242.36	110.62	222.64	86.14	232.50	98.38	290.68	204.95	723.57	334.95	207.53	714.82					750.84	750.84	4.00	4.38	0	0				
07/12/2018	3.3.2	Gaze Project	O4	3	M	Bilingual	G130	06/09/2018	89100	1280 x 720		Raw Data	Ord4_T1_R.avi	190	0	900	720									9171	10:15:58.192	1536226331966044															0	851		Fixation	8	430	491	2.05	13.04	172.42																				1098	630	451	620	491	625	471	435	471	253.01	108.31	248.93	92.10	250.97	100.20	290.66	204.94	723.56	335.86	212.83	730.59					750.83	750.83	4.11	4.56	0	0				
07/12/2018	3.3.2	Gaze Project	O4	3	M	Bilingual	G130	06/09/2018	89100	1280 x 720		Raw Data	Ord4_T1_R.avi	190	0	900	720									9180	10:15:58.200	1536226331974403															0	852		Fixation	8	386	511	1.48	204.51	191.48																				1099	611	510	576	511	593	510	403	510	245.15	84.41	231.15	84.31	238.15	84.36	290.65	204.94	723.59	334.90	207.45	714.62					750.85	750.85	4.20	4.38	0	0				
07/12/2018	3.3.2	Gaze Project	O4	3	M	Bilingual	G130	06/09/2018	89100	1280 x 720		Raw Data	Ord4_T1_R.avi	190	0	900	720									9188	10:15:58.209	1536226331982667															0	853		Fixation	8	401	459	1.68	73.96	229.44																				1100	620	451	591	459	605	455	415	455	248.90	108.39	237.19	105.16	243.05	106.78	290.63	204.93	723.58	334.87	207.42	714.56					750.84	750.84	4.10	4.40	0	0				
07/12/2018	3.3.2	Gaze Project	O4	3	M	Bilingual	G130	06/09/2018	89100	1280 x 720		Raw Data	Ord4_T1_R.avi	190	0	900	720									9196	10:15:58.217	1536226331991027															0	854		Fixation	8	414	478	0.72	304.29	230.34																				1101	576	336	604	478	590	407	400	407	231.08	154.55	242.50	97.49	236.79	126.02	290.62	204.91	723.54	335.84	213.01	731.11					750.80	750.80	3.82	4.48	0	0				
07/12/2018	3.3.2	Gaze Project	O4	3	M	Bilingual	G130	06/09/2018	89100	1280 x 720		Raw Data	Ord4_T1_R.avi	190	0	900	720									9205	10:15:58.225	1536226331999359															0	855		Fixation	8	382	536	1.96	241.19	296.90																				1102	624	483	572	536	598	509	408	509	250.49	95.50	229.73	74.20	240.11	84.85	290.60	204.91	723.54	340.43	219.91	750.28					750.80	750.80	4.32	4.70	0	0				
07/12/2018	3.3.2	Gaze Project	O4	3	M	Bilingual	G130	06/09/2018	89100	1280 x 720		Raw Data	Ord4_T1_R.avi	190	0	900	720									9213	10:15:58.234	1536226332007719															0	856		Fixation	8	386	490	1.39	85.05	203.85																				1103	598	426	576	490	587	458	397	458	239.97	118.37	231.05	92.56	235.51	105.47	290.58	205.03	723.49	334.84	207.54	714.90					750.79	750.79	4.08	4.44	0	0				
07/12/2018	3.3.2	Gaze Project	O4	3	M	Bilingual	G130	06/09/2018	89100	1280 x 720		Raw Data	Ord4_T1_R.avi	190	0	900	720									9221	10:15:58.242	1536226332016071															0	857		Fixation	8	373	420	2.24	100.49	15.44																				1104	590	326	563	420	576	373	386	373	236.79	158.59	225.96	120.70	231.37	139.64	290.58	205.02	723.50	334.79	207.66	714.85					750.79	750.79	3.77	4.26	0	0				
07/12/2018	3.3.2	Gaze Project	O4	3	M	Bilingual	G130	06/09/2018	89100	1280 x 720		Raw Data	Ord4_T1_R.avi	190	0	900	720									9230	10:15:58.250	1536226332024326															0	858		Fixation	8	378	496	2.39	273.75	173.26																				1105	601	417	568	496	584	456	394	456	241.33	122.07	228.13	90.39	234.73	106.23	290.56	205.02	723.90	334.83	207.66	715.22					751.17	751.17	4.12	4.47	0	0				
07/12/2018	3.3.2	Gaze Project	O4	3	M	Bilingual	G130	06/09/2018	89100	1280 x 720		Raw Data	Ord4_T1_R.avi	190	0	900	720									9238	10:15:58.259	1536226332032675															0	859		Fixation	8	424	496	1.42	0.00	86.25																				1106	612	565	614	496	613	530	423	530	245.58	62.35	246.49	90.29	246.04	76.32	290.55	205.07	724.08	335.88	213.77	733.34					751.35	751.35	4.28	4.57	0	0				
07/12/2018	3.3.2	Gaze Project	O4	3	M	Bilingual	G130	06/09/2018	89100	1280 x 720		Raw Data	Ord4_T1_R.avi	190	0	900	720									9246	10:15:58.267	1536226332041028															0	860		Fixation	8	380	500	1.36	185.21	185.21																				1107	631	570	570	500	600	535	410	535	253.41	60.27	228.86	88.77	241.14	74.52	290.54	204.90	723.63	334.79	207.60	715.10					750.88	750.88	4.22	4.38	0	0				
07/12/2018	3.3.2	Gaze Project	O4	3	M	Bilingual	G130	06/09/2018	89100	1280 x 720		Raw Data	Ord4_T1_R.avi	190	0	900	720									9255	10:15:58.275	1536226332049395															0	861		Fixation	8	399	485	0.75	38.38	213.17																				1108	604	512	589	485	596	498	406	498	242.63	83.88	236.28	94.60	239.46	89.24	290.53	204.90	723.62	334.79	207.60	715.11					750.86	750.86	4.21	4.28	0	0				
07/12/2018	3.3.2	Gaze Project	O4	3	M	Bilingual	G130	06/09/2018	89100	1280 x 720		Raw Data	Ord4_T1_R.avi	190	0	900	720									9263	10:15:58.284	1536226332057656															0	862		Fixation	8	360	586	3.31	248.95	210.57																				1109	617	528	550	586	583	557	393	557	247.50	77.29	220.75	54.15	234.12	65.72	290.52	205.03	723.98	334.77	207.60	715.06					751.25	751.25	4.34	4.56	0	0				
07/12/2018	3.3.2	Gaze Project	O4	3	M	Bilingual	G130	06/09/2018	89100	1280 x 720		Raw Data	Ord4_T1_R.avi	190	0	900	720									9271	10:15:58.292	1536226332065999															0	863		Fixation	8	406	549	1.79	38.90	149.95																				1110	621	543	596	549	608	546	418	546	249.17	71.15	239.10	68.72	244.14	69.94	290.51	205.12	724.18	334.73	207.74	715.00					751.47	751.47	4.26	4.50	0	0				
07/12/2018	3.3.2	Gaze Project	O4	3	M	Bilingual	G130	06/09/2018	89100	1280 x 720		Raw Data	Ord4_T1_R.avi	190	0	900	720									9280	10:15:58.300	1536226332074341															0	864		Fixation	8	372	533	1.18	154.73	115.83																				1111	617	388	562	533	589	460	399	460	247.61	133.89	225.73	75.34	236.67	104.61	290.51	205.26	724.12	334.74	207.75	715.00					751.46	751.46	3.80	4.50	0	0				
07/12/2018	3.3.2	Gaze Project	O4	3	M	Bilingual	G130	06/09/2018	89100	1280 x 720		Raw Data	Ord4_T1_R.avi	190	0	900	720									9288	10:15:58.309	1536226332082695															0	865		Fixation	8	431	393	4.66	67.21	272.49																				1112	647	448	621	393	634	420	444	420	259.59	109.43	249.10	131.81	254.35	120.62	290.51	205.26	724.12	335.83	213.82	733.32					751.46	751.46	3.98	4.38	0	0				
07/12/2018	3.3.2	Gaze Project	O4	3	M	Bilingual	G130	06/09/2018	89100	1280 x 720		Raw Data	Ord4_T1_R.avi	190	0	900	720									9296	10:15:58.317	1536226332091056															0	866		Fixation	8	394	478	2.86	246.54	179.33																				1113	622	513	584	478	603	495	413	495	249.73	83.18	234.38	97.47	242.05	90.33	290.48	205.06	723.90	334.75	207.63	714.98					751.18	751.18	4.26	4.41	0	0				
07/12/2018	3.3.2	Gaze Project	O4	3	M	Bilingual	G130	06/09/2018	89100	1280 x 720		Raw Data	Ord4_T1_R.avi	190	0	900	720									9305	10:15:58.325	1536226332099324															0	867		Fixation	8	395	522	1.37	271.30	24.75																				1114	607	493	585	522	596	507	406	507	243.46	91.40	234.70	79.80	239.08	85.60	290.44	209.18	736.45	334.77	207.79	715.42					764.38	764.38	4.49	4.42	0	0				
07/12/2018	3.3.2	Gaze Project	O4	3	M	Bilingual	G130	06/09/2018	89100	1280 x 720		Raw Data	Ord4_T1_R.avi	190	0	900	720									9313	10:15:58.334	1536226332107678															0	868		Fixation	8	411	470	1.65	72.95	161.65																				1115	619	404	601	470	610	437	420	437	248.59	127.23	241.27	100.71	244.93	113.97	290.47	205.06	723.88	339.63	218.64	746.38					751.16	751.16	3.96	4.67	0	0				
07/12/2018	3.3.2	Gaze Project	O4	3	M	Bilingual	G130	06/09/2018	89100	1280 x 720		Raw Data	Ord4_T1_R.avi	190	0	900	720									9321	10:15:58.342	1536226332116010															0	869		Fixation	8	374	551	2.68	245.52	172.57																				1116	624	456	564	551	594	503	404	503	250.32	106.40	226.55	67.96	238.43	87.18	290.45	205.05	723.85	334.75	207.81	715.45					751.13	751.13	4.00	4.51	0	0				
07/12/2018	3.3.2	Gaze Project	O4	3	M	Bilingual	G130	06/09/2018	89100	1280 x 720		Raw Data	Ord4_T1_R.avi	190	0	900	720									9330	10:15:58.350	1536226332124367															0	870		Fixation	8	348	547	0.80	171.23	285.71																				1117	628	586	538	547	583	566	393	566	252.25	54.10	215.84	69.62	234.04	61.86	290.41	205.16	723.80	335.72	213.46	732.20					751.12	751.12	4.42	4.65	0	0				
07/12/2018	3.3.2	Gaze Project	O4	3	M	Bilingual	G130	06/09/2018	89100	1280 x 720		Raw Data	Ord4_T1_R.avi	190	0	900	720									9338	10:15:58.359	1536226332132723															0	871		Fixation	8	379	416	4.02	76.73	265.50																				1118	627	530	569	416	598	473	408	473	251.48	76.70	228.26	122.36	239.87	99.53	290.43	205.13	724.11	339.90	219.30	748.37					751.40	751.40	4.31	4.66	0	0				
07/12/2018	3.3.2	Gaze Project	O4	3	M	Bilingual	G130	06/09/2018	89100	1280 x 720		Raw Data	Ord4_T1_R.avi	190	0	900	720									9346	10:15:58.367	1536226332140988															0	872		Fixation	8	397	488	2.25	283.99	207.27																				1119	580	548	587	488	583	518	393	518	232.95	69.45	235.50	93.41	234.23	81.43	290.41	205.10	724.05	335.63	213.14	731.34					751.34	751.34	4.33	4.36	0	0				
07/12/2018	3.3.2	Gaze Project	O4	3	M	Bilingual	G130	06/09/2018	89100	1280 x 720		Raw Data	Ord4_T1_R.avi	190	0	900	720									9355	10:15:58.375	1536226332149323															0	873		Fixation	8	403	516	0.88	282.06	358.06																				1120	635	441	593	516	614	478	424	478	254.93	112.43	238.08	81.97	246.50	97.20	290.38	205.15	724.21	334.69	207.84	715.65					751.50	751.50	4.11	4.38	0	0				
07/12/2018	3.3.2	Gaze Project	O4	3	M	Bilingual	G130	06/09/2018	89100	1280 x 720		Raw Data	Ord4_T1_R.avi	190	0	900	720									9363	10:15:58.384	1536226332157676															0	874		Fixation	8	350	523	1.65	187.55	265.49																				1121	614	514	540	523	577	518	387	518	246.39	83.12	216.62	79.40	231.51	81.26	290.34	205.27	724.16	334.64	207.96	715.60					751.49	751.49	4.14	4.43	0	0				
07/12/2018	3.3.2	Gaze Project	O4	3	M	Bilingual	G130	06/09/2018	89100	1280 x 720		Raw Data	Ord4_T1_R.avi	190	0	900	720									9371	10:15:58.392	1536226332166037															0	875		Fixation	8	386	542	1.27	332.10	144.55																				1122	625	539	576	542	600	540	410	540	250.73	72.78	231.19	71.84	240.96	72.31	290.30	205.04	724.25	334.62	207.72	715.70					751.50	751.50	4.43	4.49	0	0				
07/12/2018	3.3.2	Gaze Project	O4	3	M	Bilingual	G130	06/09/2018	89100	1280 x 720		Raw Data	Ord4_T1_R.avi	190	0	900	720									9380	10:15:58.400	1536226332174306															0	876		Fixation	8	365	509	1.22	122.39	150.29																				1123	613	510	555	509	584	509	394	509	246.16	84.40	222.84	85.01	234.50	84.71	290.27	210.54	740.57	334.62	207.89	715.82					768.70	768.70	4.56	4.49	0	0				
07/12/2018	3.3.2	Gaze Project	O4	3	M	Bilingual	G130	06/09/2018	89100	1280 x 720		Raw Data	Ord4_T1_R.avi	190	0	900	720									9388	10:15:58.409	1536226332182655															0	877		Fixation	8	396	523	1.06	335.63	213.24																				1124	597	506	586	523	591	514	401	514	239.81	86.27	235.31	79.24	237.56	82.76	290.28	205.19	724.32	334.59	207.87	715.74					751.61	751.61	4.41	4.43	0	0				
07/12/2018	3.3.2	Gaze Project	O4	3	M	Bilingual	G130	06/09/2018	89100	1280 x 720		Raw Data	Ord4_T1_R.avi	190	0	900	720									9396	10:15:58.417	1536226332190991															0	878		Fixation	8	394	473	1.56	92.28	116.66																				1125	581	514	584	473	582	493	392	493	233.22	82.87	234.43	99.48	233.83	91.17	290.21	210.16	739.42	334.57	207.90	715.82					767.49	767.49	4.35	4.40	0	0				
07/12/2018	3.3.2	Gaze Project	O4	3	M	Bilingual	G130	06/09/2018	89100	1280 x 720		Raw Data	Ord4_T1_R.avi	190	0	900	720									9405	10:15:58.425	1536226332199354															0	879		Fixation	8	423	466	0.93	13.61	281.33																				1126	597	444	613	466	605	455	415	455	239.72	111.27	245.88	102.12	242.80	106.69	290.23	205.22	724.39	334.44	208.04	715.76					751.68	751.68	4.10	4.53	0	0				
07/12/2018	3.3.2	Gaze Project	O4	3	M	Bilingual	G130	06/09/2018	89100	1280 x 720		Raw Data	Ord4_T1_R.avi	190	0	900	720									9413	10:15:58.434	1536226332207705															0	880		Fixation	8	416	394	2.28	95.54	81.92																				1127	583	529	606	394	594	461	404	461	234.11	77.07	243.33	131.08	238.72	104.08	290.20	205.21	724.35	334.45	208.05	715.76					751.64	751.64	4.33	4.15	0	0				
07/12/2018	3.3.2	Gaze Project	O4	3	M	Bilingual	G130	06/09/2018	89100	1280 x 720		Raw Data	Ord4_T1_R.avi	190	0	900	720									9421	10:15:58.442	1536226332215964															0	881		Fixation	8	372	512	3.92	249.61	154.08																				1128	547	419	562	512	554	465	364	465	219.42	121.11	225.62	83.62	222.52	102.37	290.18	205.25	724.43	334.49	207.92	715.77					751.73	751.73	4.02	4.43	0	0				
07/12/2018	3.3.2	Gaze Project	O4	3	M	Bilingual	G130	06/09/2018	89100	1280 x 720		Raw Data	Ord4_T1_R.avi	190	0	900	720									9430	10:15:58.450	1536226332224318															0			Unclassified	8																									1129	598	473			598	473	408	473	240.14	99.50					290.10	210.92	741.56		-34.01						769.76		4.44		0	4				
07/12/2018	3.3.2	Gaze Project	O4	3	M	Bilingual	G130	06/09/2018	89100	1280 x 720		Raw Data	Ord4_T1_R.avi	190	0	900	720									9438	10:15:58.459	1536226332232665															0	882		Fixation	8	398	438	2.39	70.70	181.09																				1130	577	474	588	438	582	456	392	456	231.44	98.87	236.18	113.61	233.81	106.24	290.12	205.32	724.60	335.65	215.03	736.64					751.91	751.91	4.25	4.58	0	0				
07/12/2018	3.3.2	Gaze Project	O4	3	M	Bilingual	G130	06/09/2018	89100	1280 x 720		Raw Data	Ord4_T1_R.avi	190	0	900	720									9446	10:15:58.467	1536226332241019															0	883		Fixation	8	363	487	1.83	234.55	163.85																				1131	581	432	553	487	567	459	377	459	233.27	116.11	221.90	93.74	227.58	104.92	290.10	205.26	724.40	334.41	208.03	715.96					751.71	751.71	4.17	4.42	0	0				
07/12/2018	3.3.2	Gaze Project	O4	3	M	Bilingual	G130	06/09/2018	89100	1280 x 720		Raw Data	Ord4_T1_R.avi	190	0	900	720									9455	10:15:58.475	1536226332249376															0	884		Fixation	8	397	478	1.09	14.87	140.32																				1132	594	439	587	478	590	458	400	458	238.35	113.02	235.49	97.42	236.92	105.22	290.06	205.34	724.64	334.41	208.21	716.44					751.95	751.95	4.15	4.43	0	0				
07/12/2018	3.3.2	Gaze Project	O4	3	M	Bilingual	G130	06/09/2018	89100	1280 x 720		Raw Data	Ord4_T1_R.avi	190	0	900	720									9463	10:15:58.484	1536226332257642															0	885		Fixation	8	387	470	0.40	141.25	126.38																				1133	569	543	577	470	573	506	383	506	228.40	71.44	231.75	100.50	230.07	85.97	290.04	205.36	724.70	334.37	208.09	716.48					752.01	752.01	4.27	4.44	0	0				
07/12/2018	3.3.2	Gaze Project	O4	3	M	Bilingual	G130	06/09/2018	89100	1280 x 720		Raw Data	Ord4_T1_R.avi	190	0	900	720									9471	10:15:58.492	1536226332265973															0	886		Fixation	8	363	508	1.38	237.81	96.56																				1134	622	529	553	508	587	518	397	518	249.75	77.10	221.98	85.28	235.87	81.19	289.99	205.48	724.65	334.35	208.33	716.39					752.00	752.00	4.28	4.49	0	0				
07/12/2018	3.3.2	Gaze Project	O4	3	M	Bilingual	G130	06/09/2018	89100	1280 x 720		Raw Data	Ord4_T1_R.avi	190	0	900	720									9480	10:15:58.500	1536226332274332															0	887		Fixation	8	379	550	1.40	290.79	52.99																				1135			569	550	569	550	379	550			228.39	68.50						334.29	208.10	716.48						0.00		4.54	4	0				
07/12/2018	3.3.2	Gaze Project	O4	3	M	Bilingual	G130	06/09/2018	89100	1280 x 720		Raw Data	Ord4_T1_R.avi	190	0	900	720									9488	10:15:58.509	1536226332282690															0	888		Fixation	8	393	507	1.39	72.02	141.23																				1136	601	500	583	507	592	503	402	503	241.12	88.65	233.90	85.86	237.51	87.25	289.92	205.34	724.72	334.24	208.12	716.16					752.02	752.02	4.40	4.44	0	0				
07/12/2018	3.3.2	Gaze Project	O4	3	M	Bilingual	G130	06/09/2018	89100	1280 x 720		Raw Data	Ord4_T1_R.avi	190	0	900	720									9496	10:15:58.517	1536226332290958															0	889		Fixation	8	410	479	1.01	58.82	346.80																				1137	605	547	600	479	602	513	412	513	242.98	69.63	240.74	97.12	241.86	83.38	289.88	205.32	724.68	334.10	208.24	716.11					751.98	751.98	4.36	4.36	0	0				
07/12/2018	3.3.2	Gaze Project	O4	3	M	Bilingual	G130	06/09/2018	89100	1280 x 720		Raw Data	Ord4_T1_R.avi	190	0	900	720									9505	10:15:58.525	1536226332299305															0	890		Fixation	8	368	534	2.12	232.72	173.90																				1138	599	565	558	534	578	549	388	549	240.61	62.43	223.83	75.06	232.22	68.74	289.84	205.34	724.76	334.17	208.16	716.31					752.06	752.06	4.40	4.52	0	0				
07/12/2018	3.3.2	Gaze Project	O4	3	M	Bilingual	G130	06/09/2018	89100	1280 x 720		Raw Data	Ord4_T1_R.avi	190	0	900	720									9513	10:15:58.534	1536226332307643															0	891		Fixation	8	379	548	0.56	308.07	75.35																				1139	613	364	569	548	591	456	401	456	245.87	143.17	228.27	69.33	237.07	106.25	289.80	205.34	724.78	334.10	208.09	716.14					752.07	752.07	4.07	4.58	0	0				
07/12/2018	3.3.2	Gaze Project	O4	3	M	Bilingual	G130	06/09/2018	89100	1280 x 720		Raw Data	Ord4_T1_R.avi	190	0	900	720									9521	10:15:58.542	1536226332315988															0	892		Fixation	8	422	431	3.85	69.88	121.81																				1140	597	564	612	431	604	497	414	497	239.76	62.73	245.83	116.30	242.79	89.51	289.76	205.32	724.77	333.99	208.22	716.09					752.06	752.06	4.38	4.39	0	0				
07/12/2018	3.3.2	Gaze Project	O4	3	M	Bilingual	G130	06/09/2018	89100	1280 x 720		Raw Data	Ord4_T1_R.avi	190	0	900	720									9530	10:15:58.550	1536226332324359															0			Unclassified	8																									1141	573	517			573	517	383	517	230.15	81.85					289.71	205.34	724.86		-34.01						752.14		4.43		0	4				
07/12/2018	3.3.2	Gaze Project	O4	3	M	Bilingual	G130	06/09/2018	89100	1280 x 720		Raw Data	Ord4_T1_R.avi	190	0	900	720									9538	10:15:58.559	1536226332332617															0	893		Fixation	8	392	379	1.90	119.90	50.02																				1142	604	371	582	379	593	375	403	375	242.48	140.44	233.65	137.13	238.07	138.78	289.67	205.29	724.75	334.00	208.24	716.62					752.02	752.02	3.94	4.30	0	0				
07/12/2018	3.3.2	Gaze Project	O4	3	M	Bilingual	G130	06/09/2018	89100	1280 x 720		Raw Data	Ord4_T1_R.avi	190	0	900	720									9546	10:15:58.567	1536226332340955															0	894		Fixation	8	385	546	5.21	267.61	147.71																				1143	592	471	575	546	583	508	393	508	237.47	100.37	230.66	70.04	234.07	85.21	289.63	205.37	725.00	333.96	208.20	716.51					752.28	752.28	4.23	4.59	0	0				
07/12/2018	3.3.2	Gaze Project	O4	3	M	Bilingual	G130	06/09/2018	89100	1280 x 720		Raw Data	Ord4_T1_R.avi	190	0	900	720									9555	10:15:58.575	1536226332349308															0			Unclassified	8																									1144	609	550			609	550	419	550	244.37	68.33					289.59	205.31	724.86		-34.01						752.13		4.52		0	4				
07/12/2018	3.3.2	Gaze Project	O4	3	M	Bilingual	G130	06/09/2018	89100	1280 x 720		Raw Data	Ord4_T1_R.avi	190	0	900	720									9563	10:15:58.584	1536226332357672															0	895		Fixation	8	400	514	1.08	64.96	157.35																				1145	594	537	590	514	592	525	402	525	238.30	73.50	236.93	82.81	237.61	78.16	289.55	205.40	725.12	333.87	208.23	716.58					752.40	752.40	4.30	4.55	0	0				
07/12/2018	3.3.2	Gaze Project	O4	3	M	Bilingual	G130	06/09/2018	89100	1280 x 720		Raw Data	Ord4_T1_R.avi	190	0	900	720									9571	10:15:58.592	1536226332366010															0	896		Fixation	8	398	485	0.90	93.93	28.98																				1146	591	518	588	485	589	501	399	501	237.23	81.54	236.20	94.80	236.72	88.17	289.51	205.35	724.99	333.83	208.30	716.75					752.27	752.27	4.40	4.50	0	0				
07/12/2018	3.3.2	Gaze Project	O4	3	M	Bilingual	G130	06/09/2018	89100	1280 x 720		Raw Data	Ord4_T1_R.avi	190	0	900	720									9580	10:15:58.600	1536226332374286															0	897		Fixation	8	430	363	3.87	75.35	341.42																				1147	588	477	620	363	604	420	414	420	236.00	97.89	249.06	143.58	242.53	120.74	289.46	205.31	724.84	338.01	217.73	743.60					752.11	752.11	4.27	4.41	0	0				
07/12/2018	3.3.2	Gaze Project	O4	3	M	Bilingual	G130	06/09/2018	89100	1280 x 720		Raw Data	Ord4_T1_R.avi	190	0	900	720									9588	10:15:58.609	1536226332382620															0	898		Fixation	8	378	474	3.75	244.97	169.62																				1148	602	356	568	474	585	415	395	415	241.58	146.63	228.05	99.14	234.81	122.89	289.42	205.50	725.36	333.76	208.21	716.79					752.65	752.65	4.01	4.51	0	0				
07/12/2018	3.3.2	Gaze Project	O4	3	M	Bilingual	G130	06/09/2018	89100	1280 x 720		Raw Data	Ord4_T1_R.avi	190	0	900	720									9596	10:15:58.617	1536226332390973															0	899		Fixation	8	408	499	1.23	320.10	75.13																				1149	603	465	598	499	600	482	410	482	242.14	102.84	240.07	89.02	241.10	95.93	289.40	205.63	725.30	333.71	208.36	716.78					752.64	752.64	4.20	4.53	0	0				
07/12/2018	3.3.2	Gaze Project	O4	3	M	Bilingual	G130	06/09/2018	89100	1280 x 720		Raw Data	Ord4_T1_R.avi	190	0	900	720									9605	10:15:58.625	1536226332399342															0	900		Fixation	8	410	468	0.97	86.32	126.22																				1150	590	509	600	468	595	488	405	488	237.00	84.83	240.81	101.33	238.91	93.08	289.28	210.66	740.92	333.67	208.31	716.58					769.03	769.03	4.64	4.47	0	0				
07/12/2018	3.3.2	Gaze Project	O4	3	M	Bilingual	G130	06/09/2018	89100	1280 x 720		Raw Data	Ord4_T1_R.avi	190	0	900	720									9613	10:15:58.634	1536226332407611															0	901		Fixation	8	404	557	2.76	266.16	179.84																				1151	616	499	594	557	605	528	415	528	247.42	88.94	238.39	65.69	242.90	77.32	289.25	209.72	738.07	333.56	208.45	716.52					766.03	766.03	4.47	4.67	0	0				
07/12/2018	3.3.2	Gaze Project	O4	3	M	Bilingual	G130	06/09/2018	89100	1280 x 720		Raw Data	Ord4_T1_R.avi	190	0	900	720									9621	10:15:58.642	1536226332415957															0	902		Fixation	8	391	534	0.82	119.40	213.24																				1152	645	458	581	534	613	496	423	496	258.95	105.62	233.18	75.09	246.07	90.36	289.25	205.52	725.31	333.58	208.36	716.60					752.61	752.61	4.30	4.59	0	0				
07/12/2018	3.3.2	Gaze Project	O4	3	M	Bilingual	G130	06/09/2018	89100	1280 x 720		Raw Data	Ord4_T1_R.avi	190	0	900	720									9630	10:15:58.650	1536226332424296															0	903		Fixation	8	428	402	4.26	74.39	314.99																				1153	578	468	618	402	598	435	408	435	232.11	101.65	248.04	127.89	240.07	114.77	289.14	211.09	742.13	333.53	208.33	716.49					770.30	770.30	4.53	4.35	0	0				
07/12/2018	3.3.2	Gaze Project	O4	3	M	Bilingual	G130	06/09/2018	89100	1280 x 720		Raw Data	Ord4_T1_R.avi	190	0	900	720									9638	10:15:58.659	1536226332432656															0	904		Fixation	8	371	484	3.10	235.28	160.89																				1154	597	511	561	484	579	497	389	497	239.63	84.13	225.05	95.11	232.34	89.62	289.17	205.46	725.11	333.51	208.43	716.74					752.40	752.40	4.46	4.50	0	0				
07/12/2018	3.3.2	Gaze Project	O4	3	M	Bilingual	G130	06/09/2018	89100	1280 x 720		Raw Data	Ord4_T1_R.avi	190	0	900	720									9646	10:15:58.667	1536226332441010															0	905		Fixation	8	436	357	4.39	62.97	187.69																				1155	623	456	626	357	624	406	434	406	249.97	106.40	251.42	146.18	250.70	126.29	289.13	205.41	724.95	334.56	214.91	735.87					752.23	752.23	4.29	4.48	0	0				
07/12/2018	3.3.2	Gaze Project	O4	3	M	Bilingual	G130	06/09/2018	89100	1280 x 720		Raw Data	Ord4_T1_R.avi	190	0	900	720									9654	10:15:58.675	1536226332449265															0			Unclassified	8																									1156	598	508			598	508	408	508	239.99	85.49					289.06	205.30	724.99		-34.01						752.23		4.43		0	4				
07/12/2018	3.3.2	Gaze Project	O4	3	M	Bilingual	G130	06/09/2018	89100	1280 x 720		Raw Data	Ord4_T1_R.avi	190	0	900	720									9663	10:15:58.684	1536226332457611															0	906		Fixation	8	357	532	5.88	245.77	182.80																				1157	626	552	547	532	586	542	396	542	251.44	67.75	219.42	75.87	235.43	71.81	289.01	205.29	725.00	333.37	208.39	716.61					752.23	752.23	4.35	4.60	0	0				
07/12/2018	3.3.2	Gaze Project	O4	3	M	Bilingual	G130	06/09/2018	89100	1280 x 720		Raw Data	Ord4_T1_R.avi	190	0	900	720									9671	10:15:58.692	1536226332465967															0	907		Fixation	8	377	540	0.67	338.13	92.36																				1158	576	450	567	540	571	495	381	495	231.07	108.80	227.50	72.41	229.29	90.60	288.90	211.73	744.10	333.32	208.43	716.72					772.37	772.37	4.53	4.63	0	0				
07/12/2018	3.3.2	Gaze Project	O4	3	M	Bilingual	G130	06/09/2018	89100	1280 x 720		Raw Data	Ord4_T1_R.avi	190	0	900	720									9680	10:15:58.700	1536226332474322															0	908		Fixation	8	347	416	3.84	103.56	125.42																				1159	603	402	537	416	570	409	380	409	242.09	128.11	215.51	122.62	228.80	125.36	288.94	205.38	724.99	341.33	226.49	768.54					752.25	752.25	3.99	4.92	0	0				
07/12/2018	3.3.2	Gaze Project	O4	3	M	Bilingual	G130	06/09/2018	89100	1280 x 720		Raw Data	Ord4_T1_R.avi	190	0	900	720									9688	10:15:58.709	1536226332482602															0	909		Fixation	8	391	492	2.66	299.99	196.43																				1160	578	505	581	492	579	498	389	498	232.18	86.57	233.24	91.84	232.71	89.21	288.82	210.35	740.07	333.22	208.54	716.67					768.10	768.10	4.48	4.51	0	0				
07/12/2018	3.3.2	Gaze Project	O4	3	M	Bilingual	G130	06/09/2018	89100	1280 x 720		Raw Data	Ord4_T1_R.avi	190	0	900	720									9696	10:15:58.717	1536226332490944															0			Unclassified	8																									1161	595	497			595	497	405	497	238.90	89.62					288.84	205.36	724.98		-34.01						752.23		4.66		0	4				
07/12/2018	3.3.2	Gaze Project	O4	3	M	Bilingual	G130	06/09/2018	89100	1280 x 720		Raw Data	Ord4_T1_R.avi	190	0	900	720									9705	10:15:58.725	1536226332499272															0	910		Fixation	8	412	464	1.08	53.22	113.23																				1162	623	516	602	464	612	490	422	490	250.19	82.17	241.77	103.27	245.98	92.72	288.79	205.39	725.09	333.13	208.44	716.75					752.34	752.34	4.62	4.45	0	0				
07/12/2018	3.3.2	Gaze Project	O4	3	M	Bilingual	G130	06/09/2018	89100	1280 x 720		Raw Data	Ord4_T1_R.avi	190	0	900	720									9713	10:15:58.734	1536226332507635															0			Unclassified	8																									1163	608	548			608	548	418	548	243.99	69.34					288.71	205.29	725.13		-34.01						752.34		4.31		0	4				
07/12/2018	3.3.2	Gaze Project	O4	3	M	Bilingual	G130	06/09/2018	89100	1280 x 720		Raw Data	Ord4_T1_R.avi	190	0	900	720									9721	10:15:58.742	1536226332515996															0	911		Fixation	8	415	391	2.27	87.65	34.44																				1164			605	391	605	391	415	391			243.01	132.50						333.96	213.93	732.95						0.00		4.55	4	0				
07/12/2018	3.3.2	Gaze Project	O4	3	M	Bilingual	G130	06/09/2018	89100	1280 x 720		Raw Data	Ord4_T1_R.avi	190	0	900	720									9729	10:15:58.750	1536226332524262															0	912		Fixation	8	379	493	3.29	250.62	162.96																				1165	645	444	569	493	607	468	417	468	258.95	111.07	228.21	91.54	243.58	101.31	293.85	224.58	781.45	333.97	214.25	733.84					812.04	812.04	5.27	4.58	0	0				
07/12/2018	3.3.2	Gaze Project	O4	3	M	Bilingual	G130	06/09/2018	89100	1280 x 720		Raw Data	Ord4_T1_R.avi	190	0	900	720									9738	10:15:58.759	1536226332532606															0	913		Fixation	8	346	467	1.27	141.68	251.06																				1166	591	555	536	467	563	511	373	511	237.10	66.60	214.99	102.06	226.04	84.33	288.61	205.27	724.66	338.27	220.42	750.81					751.89	751.89	4.48	4.83	0	0				
07/12/2018	3.3.2	Gaze Project	O4	3	M	Bilingual	G130	06/09/2018	89100	1280 x 720		Raw Data	Ord4_T1_R.avi	190	0	900	720									9746	10:15:58.767	1536226332540950															0	914		Fixation	8	396	459	1.49	9.12	227.44																				1167	578	379	586	459	582	419	392	419	231.91	137.36	235.37	105.09	233.64	121.22	288.57	205.31	724.70	338.75	221.68	754.37					751.93	751.93	4.01	4.84	0	0				
07/12/2018	3.3.2	Gaze Project	O4	3	M	Bilingual	G130	06/09/2018	89100	1280 x 720		Raw Data	Ord4_T1_R.avi	190	0	900	720									9755	10:15:58.775	1536226332549304															0	915		Fixation	8	395	432	0.81	92.11	83.00																				1168	575	527	585	432	580	479	390	479	230.95	77.89	234.86	115.88	232.91	96.89	288.50	205.23	724.73	333.99	215.12	736.12					751.94	751.94	4.46	4.56	0	0				
07/12/2018	3.3.2	Gaze Project	O4	3	M	Bilingual	G130	06/09/2018	89100	1280 x 720		Raw Data	Ord4_T1_R.avi	190	0	900	720									9763	10:15:58.784	1536226332557663															0	916		Fixation	8	393	411	0.65	95.42	3.31																				1169	562	366	583	411	572	388	382	388	225.74	142.59	233.98	124.25	229.86	133.42	288.48	205.32	724.61	332.83	208.38	716.17					751.85	751.85	3.95	4.24	0	0				
07/12/2018	3.3.2	Gaze Project	O4	3	M	Bilingual	G130	06/09/2018	89100	1280 x 720		Raw Data	Ord4_T1_R.avi	190	0	900	720									9771	10:15:58.792	1536226332565941															0	917		Fixation	8	390	503	2.85	268.14	172.72																				1170			580	503	580	503	390	503			232.96	87.50						333.64	213.49	731.24						0.00		4.69	4	0				
07/12/2018	3.3.2	Gaze Project	O4	3	M	Bilingual	G130	06/09/2018	89100	1280 x 720		Raw Data	Ord4_T1_R.avi	190	0	900	720									9779	10:15:58.800	1536226332574261															0			Unclassified	8																									1171	591	511			591	511	401	511	237.12	84.04					288.38	205.26	724.63		-34.01						751.85		4.52		0	4				
07/12/2018	3.3.2	Gaze Project	O4	3	M	Bilingual	G130	06/09/2018	89100	1280 x 720		Raw Data	Ord4_T1_R.avi	190	0	900	720									9788	10:15:58.809	1536226332582604															0	918		Fixation	8	422	363	4.38	77.16	169.03																				1172	551	493	612	363	581	428	391	428	221.34	91.60	245.75	143.81	233.54	117.70	288.38	205.27	724.31	333.93	215.68	737.46					751.54	751.54	4.33	4.65	0	0				
07/12/2018	3.3.2	Gaze Project	O4	3	M	Bilingual	G130	06/09/2018	89100	1280 x 720		Raw Data	Ord4_T1_R.avi	190	0	900	720									9796	10:15:58.817	1536226332590978															0	919		Fixation	8	392	528	5.16	259.73	182.56																				1173	563	477	582	528	572	502	382	502	226.05	97.80	233.80	77.39	229.93	87.59	288.26	210.63	740.52	332.70	208.57	716.09					768.59	768.59	4.51	4.65	0	0				
07/12/2018	3.3.2	Gaze Project	O4	3	M	Bilingual	G130	06/09/2018	89100	1280 x 720		Raw Data	Ord4_T1_R.avi	190	0	900	720									9804	10:15:58.825	1536226332599252															0	920		Fixation	8	385	484	1.39	99.01	199.28																				1174	598	472	575	484	586	478	396	478	240.18	99.93	230.85	94.93	235.51	97.43	288.30	205.40	724.26	332.66	208.36	715.85					751.53	751.53	4.30	4.49	0	0				
07/12/2018	3.3.2	Gaze Project	O4	3	M	Bilingual	G130	06/09/2018	89100	1280 x 720		Raw Data	Ord4_T1_R.avi	190	0	900	720									9813	10:15:58.834	1536226332607594															0	921		Fixation	8	385	536	1.61	270.00	170.99																				1175	585	437	575	536	580	486	390	486	234.66	113.93	230.65	73.90	232.66	93.92	288.29	205.26	724.25	332.63	208.24	715.90					751.48	751.48	4.29	4.72	0	0				
07/12/2018	3.3.2	Gaze Project	O4	3	M	Bilingual	G130	06/09/2018	89100	1280 x 720		Raw Data	Ord4_T1_R.avi	190	0	900	720									9821	10:15:58.842	1536226332615930															0	922		Fixation	8	413	563	1.22	315.95	45.95																				1176	589	527	603	563	596	545	406	545	236.42	77.60	241.86	63.32	239.14	70.46	288.19	209.37	736.77	332.60	208.25	715.90					764.65	764.65	4.54	4.70	0	0				
07/12/2018	3.3.2	Gaze Project	O4	3	M	Bilingual	G130	06/09/2018	89100	1280 x 720		Raw Data	Ord4_T1_R.avi	190	0	900	720									9830	10:15:58.850	1536226332624289															0	923		Fixation	8	396	483	2.54	101.96	146.01																				1177			586	483	586	483	396	483			235.15	95.31						332.58	208.33	715.74						0.00		4.57	4	0				
07/12/2018	3.3.2	Gaze Project	O4	3	M	Bilingual	G130	06/09/2018	89100	1280 x 720		Raw Data	Ord4_T1_R.avi	190	0	900	720									9838	10:15:58.859	1536226332632648															0	924		Fixation	8	365	534	1.83	238.79	136.83																				1178	588	527	555	534	571	530	381	530	235.86	77.55	222.94	74.82	229.40	76.18	288.18	205.22	724.12	332.56	208.45	715.69					751.34	751.34	4.50	4.72	0	0				
07/12/2018	3.3.2	Gaze Project	O4	3	M	Bilingual	G130	06/09/2018	89100	1280 x 720		Raw Data	Ord4_T1_R.avi	190	0	900	720									9846	10:15:58.867	1536226332640906															0	925		Fixation	8	395	471	2.15	64.61	185.82																				1179	586	487	585	471	585	479	395	479	235.15	93.93	234.74	100.43	234.94	97.18	288.15	205.15	723.87	332.50	208.22	715.78					751.08	751.08	4.42	4.46	0	0				
07/12/2018	3.3.2	Gaze Project	O4	3	M	Bilingual	G130	06/09/2018	89100	1280 x 720		Raw Data	Ord4_T1_R.avi	190	0	900	720									9854	10:15:58.875	1536226332649265															0	926		Fixation	8	421	531	2.02	293.36	228.75																				1180	553	497	611	531	582	514	392	514	222.13	89.95	245.30	76.29	233.72	83.12	288.01	210.42	739.76	333.57	214.98	735.32					767.80	767.80	4.57	4.78	0	0				
07/12/2018	3.3.2	Gaze Project	O4	3	M	Bilingual	G130	06/09/2018	89100	1280 x 720		Raw Data	Ord4_T1_R.avi	190	0	900	720									9863	10:15:58.884	1536226332657598															0	927		Fixation	8	411	359	5.26	93.32	159.96																				1181	589	358	601	359	595	358	405	358	236.51	145.74	241.38	145.50	238.94	145.62	288.05	205.12	723.71	333.58	215.26	736.11					750.91	750.91	4.04	4.37	0	0				
07/12/2018	3.3.2	Gaze Project	O4	3	M	Bilingual	G130	06/09/2018	89100	1280 x 720		Raw Data	Ord4_T1_R.avi	190	0	900	720									9871	10:15:58.892	1536226332665960															0	928		Fixation	8	411	496	4.15	270.00	176.68																				1182	580	418	601	496	590	457	400	457	232.88	121.67	241.34	90.23	237.11	105.95	288.02	205.10	723.59	337.60	220.03	749.10					750.79	750.79	4.19	4.96	0	0				
07/12/2018	3.3.2	Gaze Project	O4	3	M	Bilingual	G130	06/09/2018	89100	1280 x 720		Raw Data	Ord4_T1_R.avi	190	0	900	720									9880	10:15:58.900	1536226332674317															0	929		Fixation	8	431	371	3.83	80.94	170.94																				1183	579	544	621	371	600	457	410	457	232.46	71.07	249.28	140.39	240.87	105.73	287.98	205.05	723.43	333.23	213.58	731.27					750.63	750.63	4.47	4.74	0	0				
07/12/2018	3.3.2	Gaze Project	O4	3	M	Bilingual	G130	06/09/2018	89100	1280 x 720		Raw Data	Ord4_T1_R.avi	190	0	900	720									9888	10:15:58.909	1536226332682575															0	930		Fixation	8	409	512	4.42	261.16	180.22																				1184	621	501	599	512	610	506	420	506	249.22	88.10	240.45	83.85	244.83	85.98	287.90	204.96	723.47	332.30	208.15	715.19					750.63	750.63	4.60	4.69	0	0				
07/12/2018	3.3.2	Gaze Project	O4	3	M	Bilingual	G130	06/09/2018	89100	1280 x 720		Raw Data	Ord4_T1_R.avi	190	0	900	720									9896	10:15:58.917	1536226332690912															0	931		Fixation	8	393	512	0.50	180.00	278.84																				1185	597	501	583	512	590	506	400	506	239.84	88.22	234.18	83.73	237.01	85.97	287.88	205.05	723.39	332.24	208.05	714.95					750.59	750.59	4.63	4.69	0	0				
07/12/2018	3.3.2	Gaze Project	O4	3	M	Bilingual	G130	06/09/2018	89100	1280 x 720		Raw Data	Ord4_T1_R.avi	190	0	900	720									9905	10:15:58.925	1536226332699269															0	932		Fixation	8	424	450	2.15	63.51	243.51																				1186	569	522	614	450	591	486	401	486	228.46	79.88	246.32	108.77	237.39	94.32	287.73	210.62	740.21	332.18	208.15	714.91					768.28	768.28	4.50	4.59	0	0				
07/12/2018	3.3.2	Gaze Project	O4	3	M	Bilingual	G130	06/09/2018	89100	1280 x 720		Raw Data	Ord4_T1_R.avi	190	0	900	720									9913	10:15:58.934	1536226332707629															0	933		Fixation	8	431	412	1.20	79.60	16.09																				1187	589	490	621	412	605	451	415	451	236.53	92.68	249.46	124.12	243.00	108.40	287.68	210.43	739.70	333.11	213.82	732.13					767.73	767.73	4.50	4.60	0	0				
07/12/2018	3.3.2	Gaze Project	O4	3	M	Bilingual	G130	06/09/2018	89100	1280 x 720		Raw Data	Ord4_T1_R.avi	190	0	900	720									9921	10:15:58.942	1536226332715896															0	934		Fixation	8	417	400	0.58	139.31	59.71																				1188	603	397	607	400	605	398	415	398	242.03	130.25	243.65	128.98	242.84	129.61	287.64	209.98	738.36	332.12	207.93	714.82					766.32	766.32	4.64	4.46	0	0				
07/12/2018	3.3.2	Gaze Project	O4	3	M	Bilingual	G130	06/09/2018	89100	1280 x 720		Raw Data	Ord4_T1_R.avi	190	0	900	720									9929	10:15:58.950	1536226332724227															0	935		Fixation	8	415	494	2.95	268.79	129.48																				1189	567	514	605	494	586	504	396	504	227.52	82.76	242.83	90.95	235.18	86.86	287.56	211.20	742.08	332.07	207.95	714.96					770.23	770.23	4.62	4.57	0	0				
07/12/2018	3.3.2	Gaze Project	O4	3	M	Bilingual	G130	06/09/2018	89100	1280 x 720		Raw Data	Ord4_T1_R.avi	190	0	900	720									9938	10:15:58.959	1536226332732584															0	936		Fixation	8	400	526	1.09	244.96	336.17																				1190	576	456	590	526	583	491	393	491	231.25	106.12	236.85	77.92	234.05	92.02	287.63	204.90	723.08	332.01	207.83	714.67					750.24	750.24	4.37	4.63	0	0				
07/12/2018	3.3.2	Gaze Project	O4	3	M	Bilingual	G130	06/09/2018	89100	1280 x 720		Raw Data	Ord4_T1_R.avi	190	0	900	720									9946	10:15:58.967	1536226332740944															0			Unclassified	8																									1191	591	500			591	500	401	500	237.09	88.65					287.58	205.01	723.04		-34.01						750.23		4.46		0	4				
07/12/2018	3.3.2	Gaze Project	O4	3	M	Bilingual	G130	06/09/2018	89100	1280 x 720		Raw Data	Ord4_T1_R.avi	190	0	900	720									9955	10:15:58.975	1536226332749284															0	937		Fixation	8	437	481	1.80	50.66	165.71																				1192	614	379	627	481	620	430	430	430	246.40	137.20	251.56	96.32	248.98	116.76	287.51	204.72	722.61	331.89	207.90	714.64					749.73	749.73	4.02	4.49	0	0				
07/12/2018	3.3.2	Gaze Project	O4	3	M	Bilingual	G130	06/09/2018	89100	1280 x 720		Raw Data	Ord4_T1_R.avi	190	0	900	720									9963	10:15:58.984	1536226332757567															0	938		Fixation	8	362	542	2.90	219.21	168.55																				1193	573	507	552	542	562	524	372	524	230.03	85.96	221.56	71.69	225.80	78.82	287.41	204.61	722.66	337.09	219.62	748.61					749.73	749.73	4.64	4.98	0	0				
07/12/2018	3.3.2	Gaze Project	O4	3	M	Bilingual	G130	06/09/2018	89100	1280 x 720		Raw Data	Ord4_T1_R.avi	190	0	900	720									9971	10:15:58.992	1536226332765904															0	939		Fixation	8	375	542	0.39	0.00	140.79																				1194	609	488	565	542	587	515	397	515	244.48	93.57	226.66	71.71	235.57	82.64	287.27	210.63	740.50	331.77	207.63	714.40					768.54	768.54	4.68	4.68	0	0				
07/12/2018	3.3.2	Gaze Project	O4	3	M	Bilingual	G130	06/09/2018	89100	1280 x 720		Raw Data	Ord4_T1_R.avi	190	0	900	720									9979	10:15:59.000	1536226332774245															0	940		Fixation	8	396	450	2.92	77.18	77.18																				1195	620	375	586	450	603	412	413	412	248.75	138.79	235.19	108.62	241.97	123.71	287.29	204.83	722.57	331.71	207.62	714.42					749.71	749.71	3.97	4.42	0	0				
07/12/2018	3.3.2	Gaze Project	O4	3	M	Bilingual	G130	06/09/2018	89100	1280 x 720		Raw Data	Ord4_T1_R.avi	190	0	900	720									9988	10:15:59.009	1536226332782610															0	941		Fixation	8	375	448	0.65	174.54	97.36																				1196	607	479	565	448	586	463	396	463	243.84	97.20	226.84	109.73	235.34	103.46	289.83	214.62	751.49	332.56	213.31	731.31					780.33	780.33	4.98	4.58	0	0				
07/12/2018	3.3.2	Gaze Project	O4	3	M	Bilingual	G130	06/09/2018	89100	1280 x 720		Raw Data	Ord4_T1_R.avi	190	0	900	720									9996	10:15:59.017	1536226332790965															0			Unclassified	8																									1197	630	532			630	532	440	532	252.74	75.90					287.15	204.59	722.27		-34.01						749.34		4.82		0	4				
07/12/2018	3.3.2	Gaze Project	O4	3	M	Bilingual	G130	06/09/2018	89100	1280 x 720		Raw Data	Ord4_T1_R.avi	190	0	900	720									10004	10:15:59.025	1536226332799226															0	942		Fixation	8	382	447	0.22	8.16	193.61																				1198	603	458	572	447	587	452	397	452	242.12	105.46	229.62	109.79	235.87	107.63	287.03	204.49	722.31	332.49	213.90	733.10					749.35	749.35	4.48	4.67	0	0				
07/12/2018	3.3.2	Gaze Project	O4	3	M	Bilingual	G130	06/09/2018	89100	1280 x 720		Raw Data	Ord4_T1_R.avi	190	0	900	720									10013	10:15:59.034	1536226332807559															0			Unclassified	8																									1199	569	508			569	508	379	508	228.30	85.19					286.98	204.65	722.45		-34.01						749.53		4.63		0	4				
07/12/2018	3.3.2	Gaze Project	O4	3	M	Bilingual	G130	06/09/2018	89100	1280 x 720		Raw Data	Ord4_T1_R.avi	190	0	900	720									10021	10:15:59.042	1536226332815922															0	943		Fixation	8	399	542	2.95	280.11	271.96																				1200	594	512	589	542	591	527	401	527	238.45	83.86	236.50	71.78	237.48	77.82	286.77	209.87	738.26	332.12	212.56	729.28					766.15	766.15	4.59	4.78	0	0				
07/12/2018	3.3.2	Gaze Project	O4	3	M	Bilingual	G130	06/09/2018	89100	1280 x 720		Raw Data	Ord4_T1_R.avi	190	0	900	720									10030	10:15:59.050	1536226332824281															0	944		Fixation	8	386	445	2.95	97.61	177.50																				1201	591	517	576	445	583	481	393	481	237.21	81.80	231.39	110.92	234.30	96.36	286.80	204.53	722.11	336.57	219.66	749.03					749.16	749.16	4.62	4.62	0	0				
07/12/2018	3.3.2	Gaze Project	O4	3	M	Bilingual	G130	06/09/2018	89100	1280 x 720		Raw Data	Ord4_T1_R.avi	190	0	900	720									10038	10:15:59.059	1536226332832556															0	945		Fixation	8	374	493	1.50	256.01	158.40																				1202	616	520	564	493	590	506	400	506	247.46	80.73	226.53	91.49	236.99	86.11	286.71	204.54	722.18	331.13	207.46	714.16					749.23	749.23	4.57	4.65	0	0				
07/12/2018	3.3.2	Gaze Project	O4	3	M	Bilingual	G130	06/09/2018	89100	1280 x 720		Raw Data	Ord4_T1_R.avi	190	0	900	720									10046	10:15:59.067	1536226332840895															0	946		Fixation	8	373	400	2.85	90.61	194.61																				1203	603	522	563	400	583	461	393	461	242.01	79.83	225.99	128.77	234.00	104.30	286.62	204.61	722.36	335.93	218.58	745.95					749.41	749.41	4.64	4.60	0	0				
07/12/2018	3.3.2	Gaze Project	O4	3	M	Bilingual	G130	06/09/2018	89100	1280 x 720		Raw Data	Ord4_T1_R.avi	190	0	900	720									10054	10:15:59.075	1536226332849237															0	947		Fixation	8	394	459	1.94	289.53	198.92																				1204	579	513	584	459	581	486	391	486	232.44	83.34	234.41	104.93	233.42	94.14	286.55	204.41	721.80	330.94	207.24	713.57					748.82	748.82	4.67	4.64	0	0				
07/12/2018	3.3.2	Gaze Project	O4	3	M	Bilingual	G130	06/09/2018	89100	1280 x 720		Raw Data	Ord4_T1_R.avi	190	0	900	720									10063	10:15:59.084	1536226332857579															0	948		Fixation	8	403	394	2.04	82.14	152.61																				1205	592	484	593	394	592	439	402	439	237.66	95.24	237.97	131.14	237.81	113.19	286.31	210.74	740.92	331.72	212.58	729.41					768.93	768.93	4.82	4.48	0	0				
07/12/2018	3.3.2	Gaze Project	O4	3	M	Bilingual	G130	06/09/2018	89100	1280 x 720		Raw Data	Ord4_T1_R.avi	190	0	900	720									10071	10:15:59.092	1536226332865947															0	949		Fixation	8	346	573	5.62	252.39	170.25																				1206	572	516	536	573	554	544	364	544	229.52	81.98	215.14	59.33	222.33	70.65	286.23	211.22	742.35	335.87	218.90	746.86					770.44	770.44	4.59	4.90	0	0				
07/12/2018	3.3.2	Gaze Project	O4	3	M	Bilingual	G130	06/09/2018	89100	1280 x 720		Raw Data	Ord4_T1_R.avi	190	0	900	720									10079	10:15:59.100	1536226332874193															0	950		Fixation	8	427	428	4.95	60.89	168.50																				1207	599	520	617	428	608	474	418	474	240.61	80.44	247.86	117.75	244.23	99.10	286.32	204.35	721.70	331.59	212.64	729.53					748.70	748.70	4.47	4.59	0	0				
07/12/2018	3.3.2	Gaze Project	O4	3	M	Bilingual	G130	06/09/2018	89100	1280 x 720		Raw Data	Ord4_T1_R.avi	190	0	900	720									10088	10:15:59.109	1536226332882535															0	951		Fixation	8	412	492	2.04	256.85	195.96																				1208	622	509	602	492	612	500	422	500	249.82	84.86	241.46	91.73	245.64	88.30	286.10	210.65	740.73	330.68	207.30	713.69					768.72	768.72	4.67	4.55	0	0				
07/12/2018	3.3.2	Gaze Project	O4	3	M	Bilingual	G130	06/09/2018	89100	1280 x 720		Raw Data	Ord4_T1_R.avi	190	0	900	720									10096	10:15:59.117	1536226332890893															0	952		Fixation	8	416	502	0.34	291.74	34.89																				1209	596	455	606	502	601	478	411	478	239.39	106.88	243.16	87.95	241.27	97.41	286.20	204.28	721.56	330.61	207.22	713.46					748.53	748.53	4.34	4.56	0	0				
07/12/2018	3.3.2	Gaze Project	O4	3	M	Bilingual	G130	06/09/2018	89100	1280 x 720		Raw Data	Ord4_T1_R.avi	190	0	900	720									10104	10:15:59.125	1536226332899262															0	953		Fixation	8	384	530	1.28	221.28	289.54																				1210	645	539	574	530	609	534	419	534	259.00	73.05	230.36	76.49	244.68	74.77	286.12	204.15	721.60	335.27	218.01	744.25					748.54	748.54	4.53	5.00	0	0				
07/12/2018	3.3.2	Gaze Project	O4	3	M	Bilingual	G130	06/09/2018	89100	1280 x 720		Raw Data	Ord4_T1_R.avi	190	0	900	720									10113	10:15:59.134	1536226332907617															0	954		Fixation	8	383	516	0.43	94.07	232.80																				1211	619	515	573	516	596	515	406	515	248.67	82.36	230.09	82.25	239.38	82.30	286.09	204.10	721.17	330.49	207.03	712.95					748.10	748.10	4.71	4.65	0	0				
07/12/2018	3.3.2	Gaze Project	O4	3	M	Bilingual	G130	06/09/2018	89100	1280 x 720		Raw Data	Ord4_T1_R.avi	190	0	900	720									10121	10:15:59.142	1536226332915885															0	955		Fixation	8	397	515	0.44	4.10	270.03																				1212	639	365	587	515	613	440	423	440	256.34	142.85	235.68	82.69	246.01	112.77	285.99	204.20	721.12	330.46	207.10	713.18					748.09	748.09	4.01	4.63	0	0				
07/12/2018	3.3.2	Gaze Project	O4	3	M	Bilingual	G130	06/09/2018	89100	1280 x 720		Raw Data	Ord4_T1_R.avi	190	0	900	720									10129	10:15:59.150	1536226332924212															0			Unclassified	8																									1213	603	497			603	497	413	497	242.20	89.66					285.87	209.16	736.72		-34.01						764.44		4.64		0	4				
07/12/2018	3.3.2	Gaze Project	O4	3	M	Bilingual	G130	06/09/2018	89100	1280 x 720		Raw Data	Ord4_T1_R.avi	190	0	900	720									10138	10:15:59.159	1536226332932578															0	956		Fixation	8	409	446	2.19	80.17	76.07																				1214	610	411	599	446	604	428	414	428	245.05	124.51	240.27	110.21	242.66	117.36	285.96	204.13	721.54	330.38	207.05	713.15					748.46	748.46	3.99	4.45	0	0				
07/12/2018	3.3.2	Gaze Project	O4	3	M	Bilingual	G130	06/09/2018	89100	1280 x 720		Raw Data	Ord4_T1_R.avi	190	0	900	720									10146	10:15:59.167	1536226332940935															0	957		Fixation	8	356	507	2.50	229.11	148.94																				1215	610	551	546	507	578	529	388	529	244.72	68.03	219.19	85.84	231.96	76.93	285.90	204.00	721.59	330.31	206.83	712.62					748.46	748.46	4.53	4.54	0	0				
07/12/2018	3.3.2	Gaze Project	O4	3	M	Bilingual	G130	06/09/2018	89100	1280 x 720		Raw Data	Ord4_T1_R.avi	190	0	900	720									10154	10:15:59.175	1536226332949199															0			Unclassified	8																									1216	638	534			638	534	448	534	256.11	74.87					285.92	204.20	721.51		-34.01						748.45		4.84		0	4				
07/12/2018	3.3.2	Gaze Project	O4	3	M	Bilingual	G130	06/09/2018	89100	1280 x 720		Raw Data	Ord4_T1_R.avi	190	0	900	720									10163	10:15:59.184	1536226332957545															0	958		Fixation	8	374	446	1.98	73.61	204.50																				1217	629	496	564	446	596	471	406	471	252.52	90.10	226.21	110.43	239.37	100.26	285.86	203.81	720.91	330.24	206.67	712.68					747.76	747.76	4.71	4.40	0	0				
07/12/2018	3.3.2	Gaze Project	O4	3	M	Bilingual	G130	06/09/2018	89100	1280 x 720		Raw Data	Ord4_T1_R.avi	190	0	900	720									10171	10:15:59.192	1536226332965893															0	959		Fixation	8	417	543	3.34	293.84	220.23																				1218	597	519	607	543	602	531	412	531	239.49	81.01	243.85	71.14	241.67	76.07	285.84	203.79	720.96	330.20	206.88	712.60					747.80	747.80	4.56	4.70	0	0				
07/12/2018	3.3.2	Gaze Project	O4	3	M	Bilingual	G130	06/09/2018	89100	1280 x 720		Raw Data	Ord4_T1_R.avi	190	0	900	720									10179	10:15:59.200	1536226332974249															0	960		Fixation	8	407	473	2.22	98.10	164.26																				1219			597	473	597	473	407	473			239.78	99.55						330.23	206.74	712.68						0.00		4.49	4	0				
07/12/2018	3.3.2	Gaze Project	O4	3	M	Bilingual	G130	06/09/2018	89100	1280 x 720		Raw Data	Ord4_T1_R.avi	190	0	900	720									10188	10:15:59.209	1536226332982599															0	961		Fixation	8	399	548	2.32	263.93	165.83																				1220			589	548	589	548	399	548			236.49	69.13						331.04	211.87	727.98						0.00		4.78	4	0				
07/12/2018	3.3.2	Gaze Project	O4	3	M	Bilingual	G130	06/09/2018	89100	1280 x 720		Raw Data	Ord4_T1_R.avi	190	0	900	720									10196	10:15:59.217	1536226332990856															0	962		Fixation	8	379	466	2.62	103.66	199.73																				1221	609	517	569	466	589	491	399	491	244.49	81.68	228.31	102.38	236.40	92.03	285.80	203.62	720.64	330.22	206.63	712.47					747.44	747.44	4.62	4.34	0	0				
07/12/2018	3.3.2	Gaze Project	O4	3	M	Bilingual	G130	06/09/2018	89100	1280 x 720		Raw Data	Ord4_T1_R.avi	190	0	900	720									10204	10:15:59.225	1536226332999195															0	963		Fixation	8	391	503	1.23	287.92	184.25																				1222	606	505	581	503	593	504	403	504	243.25	86.68	233.31	87.54	238.28	87.11	285.81	203.55	720.46	330.23	206.61	712.47					747.25	747.25	4.70	4.65	0	0				
07/12/2018	3.3.2	Gaze Project	O4	3	M	Bilingual	G130	06/09/2018	89100	1280 x 720		Raw Data	Ord4_T1_R.avi	190	0	900	720									10213	10:15:59.234	1536226333007555															0	964		Fixation	8	382	498	0.32	150.87	222.95																				1223			572	498	572	498	382	498			229.56	89.57						330.25	206.64	712.57						0.00		4.63	4	0				
07/12/2018	3.3.2	Gaze Project	O4	3	M	Bilingual	G130	06/09/2018	89100	1280 x 720		Raw Data	Ord4_T1_R.avi	190	0	900	720									10221	10:15:59.242	1536226333015915															0			Unclassified	8																									1224	595	503			595	503	405	503	238.96	87.48					285.83	203.59	720.57		-34.01						747.36		4.70		0	4				
07/12/2018	3.3.2	Gaze Project	O4	3	M	Bilingual	G130	06/09/2018	89100	1280 x 720		Raw Data	Ord4_T1_R.avi	190	0	900	720									10229	10:15:59.250	1536226333024193															0	965		Fixation	8	419	389	3.61	71.31	280.44																				1225	633	545	609	389	621	467	431	467	254.08	70.63	244.32	133.23	249.20	101.93	285.85	203.72	720.51	330.29	206.56	712.36					747.36	747.36	4.75	4.43	0	0				
07/12/2018	3.3.2	Gaze Project	O4	3	M	Bilingual	G130	06/09/2018	89100	1280 x 720		Raw Data	Ord4_T1_R.avi	190	0	900	720									10238	10:15:59.259	1536226333032535															0	966		Fixation	8	440	375	0.80	33.78	322.47																				1226	624	510	630	375	627	442	437	442	250.59	84.76	252.92	138.84	251.76	111.80	285.85	203.49	720.61	330.32	206.45	712.41					747.37	747.37	4.53	4.33	0	0				
07/12/2018	3.3.2	Gaze Project	O4	3	M	Bilingual	G130	06/09/2018	89100	1280 x 720		Raw Data	Ord4_T1_R.avi	190	0	900	720									10246	10:15:59.267	1536226333040862															0	967		Fixation	8	401	520	4.66	254.99	221.22																				1227	613	563	591	520	602	541	412	541	245.90	63.08	237.42	80.68	241.66	71.88	285.87	203.49	720.61	331.30	212.55	730.09					747.37	747.37	4.64	4.83	0	0				
07/12/2018	3.3.2	Gaze Project	O4	3	M	Bilingual	G130	06/09/2018	89100	1280 x 720		Raw Data	Ord4_T1_R.avi	190	0	900	720									10254	10:15:59.275	1536226333049214															0	968		Fixation	8	366	503	1.21	154.02	259.03																				1228	624	539	556	503	590	521	400	521	250.37	73.09	223.37	87.36	236.87	80.22	285.91	203.49	720.61	330.41	206.56	712.33					747.37	747.37	4.56	4.66	0	0				
07/12/2018	3.3.2	Gaze Project	O4	3	M	Bilingual	G130	06/09/2018	89100	1280 x 720		Raw Data	Ord4_T1_R.avi	190	0	900	720									10263	10:15:59.284	1536226333057584															0	969		Fixation	8	379	444	1.89	77.61	283.59																				1229			569	444	569	444	379	444			228.44	111.02						330.46	206.67	712.28						0.00		4.57	4	0				
07/12/2018	3.3.2	Gaze Project	O4	3	M	Bilingual	G130	06/09/2018	89100	1280 x 720		Raw Data	Ord4_T1_R.avi	190	0	900	720									10271	10:15:59.292	1536226333065852															0	970		Fixation	8	394	488	1.47	288.77	211.16																				1230	633	486	584	488	608	487	418	487	254.03	94.40	234.24	93.57	244.14	93.98	286.00	203.48	720.61	330.47	206.42	711.95					747.38	747.38	4.70	4.57	0	0				
07/12/2018	3.3.2	Gaze Project	O4	3	M	Bilingual	G130	06/09/2018	89100	1280 x 720		Raw Data	Ord4_T1_R.avi	190	0	900	720									10279	10:15:59.300	1536226333074207															0	971		Fixation	8	398	419	2.18	86.69	157.92																				1231	575	383	588	419	581	401	391	401	230.97	135.90	236.20	121.29	233.59	128.60	286.06	203.36	719.90	330.52	206.43	711.98					746.66	746.66	4.11	4.36	0	0				
07/12/2018	3.3.2	Gaze Project	O4	3	M	Bilingual	G130	06/09/2018	89100	1280 x 720		Raw Data	Ord4_T1_R.avi	190	0	900	720									10288	10:15:59.309	1536226333082536															0	972		Fixation	8	402	417	0.14	26.64	299.95																				1232	611	321	592	417	601	369	411	369	245.20	160.71	237.80	121.87	241.50	141.29	286.08	203.49	719.84	338.47	224.43	763.71					746.65	746.65	3.74	4.92	0	0				
07/12/2018	3.3.2	Gaze Project	O4	3	M	Bilingual	G130	06/09/2018	89100	1280 x 720		Raw Data	Ord4_T1_R.avi	190	0	900	720									10296	10:15:59.317	1536226333090881															0			Unclassified	8																									1233	652	527			652	527	462	527	261.63	77.70					286.11	203.25	719.94		-34.01						746.67		4.70		0	4				
07/12/2018	3.3.2	Gaze Project	O4	3	M	Bilingual	G130	06/09/2018	89100	1280 x 720		Raw Data	Ord4_T1_R.avi	190	0	900	720									10304	10:15:59.325	1536226333099252															0	973		Fixation	8	372	468	1.74	239.61	212.98																				1234	594	404	562	468	578	436	388	436	238.47	127.25	225.40	101.45	231.93	114.35	286.18	203.27	719.64	335.55	217.61	743.98					746.40	746.40	4.29	4.77	0	0				
07/12/2018	3.3.2	Gaze Project	O4	3	M	Bilingual	G130	06/09/2018	89100	1280 x 720		Raw Data	Ord4_T1_R.avi	190	0	900	720									10313	10:15:59.334	1536226333107520															0	974		Fixation	8	409	381	2.86	67.03	187.41																				1235	633	535	599	381	616	458	426	458	254.27	74.36	240.64	136.43	247.46	105.40	286.08	208.17	734.50	331.68	212.70	730.54					762.02	762.02	4.69	4.73	0	0				
07/12/2018	3.3.2	Gaze Project	O4	3	M	Bilingual	G130	06/09/2018	89100	1280 x 720		Raw Data	Ord4_T1_R.avi	190	0	900	720									10321	10:15:59.342	1536226333115856															0	975		Fixation	8	388	538	4.91	262.41	195.38																				1236			578	538	578	538	388	538			231.98	73.16						330.69	206.20	711.36						0.00		4.63	4	0				
07/12/2018	3.3.2	Gaze Project	O4	3	M	Bilingual	G130	06/09/2018	89100	1280 x 720		Raw Data	Ord4_T1_R.avi	190	0	900	720									10329	10:15:59.350	1536226333124206															0	976		Fixation	8	386	467	2.22	91.61	189.20																				1237	620	555	576	467	598	511	408	511	248.78	66.60	231.30	101.78	240.04	84.19	287.92	209.49	737.57	330.75	206.29	711.64					765.43	765.43	4.88	4.47	0	0				
07/12/2018	3.3.2	Gaze Project	O4	3	M	Bilingual	G130	06/09/2018	89100	1280 x 720		Raw Data	Ord4_T1_R.avi	190	0	900	720									10338	10:15:59.359	1536226333132569															0			Unclassified	8																									1238	617	535			617	535	427	535	247.78	74.60					286.20	208.42	735.25		-34.01						762.82		4.75		0	4				
07/12/2018	3.3.2	Gaze Project	O4	3	M	Bilingual	G130	06/09/2018	89100	1280 x 720		Raw Data	Ord4_T1_R.avi	190	0	900	720									10346	10:15:59.367	1536226333140845															0	977		Fixation	8	351	411	2.05	121.92	30.31																				1239			541	411	541	411	351	411			217.32	124.24						335.77	217.47	743.75						0.00		4.66	4	0				
07/12/2018	3.3.2	Gaze Project	O4	3	M	Bilingual	G130	06/09/2018	89100	1280 x 720		Raw Data	Ord4_T1_R.avi	190	0	900	720									10354	10:15:59.375	1536226333149182															0	978		Fixation	8	369	255	4.82	83.44	321.52																				1240	710	217	559	255	634	236	444	236	284.93	202.74	224.55	187.44	254.74	195.09	286.45	203.38	719.60	331.83	211.99	728.81					746.40	746.40	3.00	3.82	0	0				
07/12/2018	3.3.2	Gaze Project	O4	3	M	Bilingual	G130	06/09/2018	89100	1280 x 720		Raw Data	Ord4_T1_R.avi	190	0	900	720									10363	10:15:59.384	1536226333157531															0	979		Fixation	8	343	429	5.46	261.53	178.09																				1241	608	534	533	429	570	481	380	481	243.97	74.89	213.88	117.04	228.93	95.97	286.33	209.46	738.44	333.25	211.33	726.25					766.18	766.18	4.71	4.55	0	0				
07/12/2018	3.3.2	Gaze Project	O4	3	M	Bilingual	G130	06/09/2018	89100	1280 x 720		Raw Data	Ord4_T1_R.avi	190	0	900	720									10371	10:15:59.392	1536226333165885															0	980		Fixation	8	359	446	0.72	313.17	51.64																				1242	595	373	549	446	572	409	382	409	238.81	139.67	220.35	110.25	229.58	124.96	286.56	203.02	719.04	335.26	215.70	739.00					745.77	745.77	4.15	4.68	0	0				
07/12/2018	3.3.2	Gaze Project	O4	3	M	Bilingual	G130	06/09/2018	89100	1280 x 720		Raw Data	Ord4_T1_R.avi	190	0	900	720									10379	10:15:59.400	1536226333174235															0	981		Fixation	8	435	490	2.70	329.85	16.68																				1243	582	545	625	490	603	517	413	517	233.77	70.51	250.78	92.72	242.27	81.61	286.52	208.17	734.70	331.89	210.78	725.66					762.23	762.23	4.67	4.89	0	0				
07/12/2018	3.3.2	Gaze Project	O4	3	M	Bilingual	G130	06/09/2018	89100	1280 x 720		Raw Data	Ord4_T1_R.avi	190	0	900	720									10388	10:15:59.408	1536226333182495															0	982		Fixation	8	397	451	1.71	134.16	164.31																				1244	596	466	587	451	591	458	401	458	239.15	102.14	235.59	108.26	237.37	105.20	286.72	202.97	718.99	331.18	205.79	710.91					745.71	745.71	4.65	4.44	0	0				
07/12/2018	3.3.2	Gaze Project	O4	3	M	Bilingual	G130	06/09/2018	89100	1280 x 720		Raw Data	Ord4_T1_R.avi	190	0	900	720									10396	10:15:59.417	1536226333190819															0	983		Fixation	8	416	449	0.60	6.03	231.86																				1245	593	424	606	449	599	436	409	436	237.85	119.39	243.16	109.06	240.51	114.23	286.77	203.10	718.94	331.28	205.79	711.01					745.70	745.70	4.39	4.54	0	0				
07/12/2018	3.3.2	Gaze Project	O4	3	M	Bilingual	G130	06/09/2018	89100	1280 x 720		Raw Data	Ord4_T1_R.avi	190	0	900	720									10404	10:15:59.425	1536226333199194															0			Unclassified	8																									1246	607	510			607	510	417	510	243.50	84.60					286.89	202.89	718.79		-34.01						745.50		4.49		0	4				
07/12/2018	3.3.2	Gaze Project	O4	3	M	Bilingual	G130	06/09/2018	89100	1280 x 720		Raw Data	Ord4_T1_R.avi	190	0	900	720									10413	10:15:59.434	1536226333207549															0	984		Fixation	8	392	527	2.51	252.95	246.92																				1247	604	549	582	527	593	538	403	538	242.40	68.93	233.46	77.63	237.93	73.28	286.97	202.84	718.63	332.48	212.06	729.78					745.34	745.34	4.74	4.83	0	0				
07/12/2018	3.3.2	Gaze Project	O4	3	M	Bilingual	G130	06/09/2018	89100	1280 x 720		Raw Data	Ord4_T1_R.avi	190	0	900	720									10421	10:15:59.442	1536226333215907															0	985		Fixation	8	397	495	1.00	81.15	188.20																				1248	600	536	587	495	593	515	403	515	240.75	74.02	235.44	90.55	238.10	82.28	287.01	202.75	718.67	331.53	205.70	710.99					745.34	745.34	4.51	4.58	0	0				
07/12/2018	3.3.2	Gaze Project	O4	3	M	Bilingual	G130	06/09/2018	89100	1280 x 720		Raw Data	Ord4_T1_R.avi	190	0	900	720									10429	10:15:59.450	1536226333224167															0	986		Fixation	8	414	470	0.94	55.87	334.72																				1249	612	568	604	470	608	519	418	519	245.73	61.02	242.44	100.69	244.08	80.86	287.10	202.86	718.64	331.56	205.80	710.95					745.35	745.35	4.67	4.56	0	0				
07/12/2018	3.3.2	Gaze Project	O4	3	M	Bilingual	G130	06/09/2018	89100	1280 x 720		Raw Data	Ord4_T1_R.avi	190	0	900	720									10438	10:15:59.458	1536226333232499															0	987		Fixation	8	391	381	2.88	104.45	48.58																				1250	638	530	581	381	609	455	419	455	255.99	76.57	233.32	136.43	244.65	106.50	287.15	203.00	718.58	332.76	212.43	731.01					745.35	745.35	4.80	4.65	0	0				
07/12/2018	3.3.2	Gaze Project	O4	3	M	Bilingual	G130	06/09/2018	89100	1280 x 720		Raw Data	Ord4_T1_R.avi	190	0	900	720									10446	10:15:59.467	1536226333240857															0	988		Fixation	8	395	452	2.23	273.21	168.77																				1251	622	527	585	452	603	489	413	489	249.64	77.57	234.87	107.91	242.25	92.74	287.19	202.76	718.31	331.70	205.59	710.86					745.02	745.02	4.72	4.53	0	0				
07/12/2018	3.3.2	Gaze Project	O4	3	M	Bilingual	G130	06/09/2018	89100	1280 x 720		Raw Data	Ord4_T1_R.avi	190	0	900	720									10454	10:15:59.475	1536226333249218															0	989		Fixation	8	408	457	0.44	338.90	65.69																				1252	608	534	598	457	603	495	413	495	243.87	74.92	240.01	105.79	241.94	90.35	287.23	202.79	718.38	331.73	205.52	710.73					745.09	745.09	4.72	4.51	0	0				
07/12/2018	3.3.2	Gaze Project	O4	3	M	Bilingual	G130	06/09/2018	89100	1280 x 720		Raw Data	Ord4_T1_R.avi	190	0	900	720									10463	10:15:59.483	1536226333257485															0			Unclassified	8																									1253	601	539			601	539	411	539	241.36	72.98					287.14	208.51	735.69		-34.01						763.31		4.68		0	4				
07/12/2018	3.3.2	Gaze Project	O4	3	M	Bilingual	G130	06/09/2018	89100	1280 x 720		Raw Data	Ord4_T1_R.avi	190	0	900	720									10471	10:15:59.492	1536226333265836															0	990		Fixation	8	378	511	1.92	241.02	262.12																				1254	609	528	568	511	588	519	398	519	244.42	77.13	228.11	84.36	236.26	80.75	287.15	209.07	737.36	331.80	205.46	710.75					765.06	765.06	4.86	4.68	0	0				
07/12/2018	3.3.2	Gaze Project	O4	3	M	Bilingual	G130	06/09/2018	89100	1280 x 720		Raw Data	Ord4_T1_R.avi	190	0	900	720									10479	10:15:59.500	1536226333274168															0	991		Fixation	8	402	444	2.22	70.35	189.33																				1255	606	601	592	444	599	522	409	522	243.28	47.73	237.73	111.12	240.51	79.43	287.29	202.68	718.42	331.82	205.37	710.59					745.10	745.10	4.58	4.53	0	0				
07/12/2018	3.3.2	Gaze Project	O4	3	M	Bilingual	G130	06/09/2018	89100	1280 x 720		Raw Data	Ord4_T1_R.avi	190	0	900	720									10488	10:15:59.509	1536226333282534															0	992		Fixation	8	434	446	1.01	356.41	286.06																				1256	591	560	624	446	607	503	417	503	237.30	64.32	250.40	110.36	243.85	87.34	289.02	209.03	736.43	331.87	205.37	710.73					764.24	764.24	4.90	4.45	0	0				
07/12/2018	3.3.2	Gaze Project	O4	3	M	Bilingual	G130	06/09/2018	89100	1280 x 720		Raw Data	Ord4_T1_R.avi	190	0	900	720									10496	10:15:59.517	1536226333290883															0			Unclassified	8																									1257	640	518			640	518	450	518	256.96	81.21					287.30	207.09	731.53		-34.01						758.92		4.82		0	4				
07/12/2018	3.3.2	Gaze Project	O4	3	M	Bilingual	G130	06/09/2018	89100	1280 x 720		Raw Data	Ord4_T1_R.avi	190	0	900	720									10504	10:15:59.525	1536226333299155															0	993		Fixation	8	389	457	1.44	193.78	197.37																				1258	634	530	579	457	606	493	416	493	254.33	76.58	232.42	105.77	243.37	91.18	287.35	207.42	732.54	332.88	210.86	727.29					759.98	759.98	4.87	4.63	0	0				
07/12/2018	3.3.2	Gaze Project	O4	3	M	Bilingual	G130	06/09/2018	89100	1280 x 720		Raw Data	Ord4_T1_R.avi	190	0	900	720									10513	10:15:59.533	1536226333307481															0	994		Fixation	8	395	527	2.18	274.88	81.10																				1259			585	527	585	527	395	527			234.70	77.77						332.03	205.16	710.82						0.00		4.74	4	0				
07/12/2018	3.3.2	Gaze Project	O4	3	M	Bilingual	G130	06/09/2018	89100	1280 x 720		Raw Data	Ord4_T1_R.avi	190	0	900	720									10521	10:15:59.542	1536226333315842															0	995		Fixation	8	402	420	3.33	86.27	171.39																				1260	616	568	592	420	604	494	414	494	247.41	61.11	237.64	120.82	242.52	90.97	287.47	207.17	731.79	334.63	211.00	727.10					759.20	759.20	4.80	4.58	0	0				
07/12/2018	3.3.2	Gaze Project	O4	3	M	Bilingual	G130	06/09/2018	89100	1280 x 720		Raw Data	Ord4_T1_R.avi	190	0	900	720									10529	10:15:59.550	1536226333324202															0	996		Fixation	8	374	512	2.97	253.12	166.85																				1261	605	445	564	512	584	478	394	478	242.85	110.85	226.22	83.89	234.54	97.37	287.54	207.23	731.99	332.15	205.34	710.74					759.41	759.41	4.63	4.65	0	0				
07/12/2018	3.3.2	Gaze Project	O4	3	M	Bilingual	G130	06/09/2018	89100	1280 x 720		Raw Data	Ord4_T1_R.avi	190	0	900	720									10538	10:15:59.558	1536226333332480															0	997		Fixation	8	387	519	0.47	331.62	78.50																				1262	603	519	577	519	590	519	400	519	242.02	80.77	231.72	80.76	236.87	80.77	287.69	202.75	718.33	332.23	205.33	710.75					745.05	745.05	4.86	4.59	0	0				
07/12/2018	3.3.2	Gaze Project	O4	3	M	Bilingual	G130	06/09/2018	89100	1280 x 720		Raw Data	Ord4_T1_R.avi	190	0	900	720									10546	10:15:59.567	1536226333340816															0	998		Fixation	8	414	455	2.12	67.19	95.57																				1263	604	422	604	455	604	438	414	438	242.50	120.07	242.55	106.79	242.53	113.43	287.66	207.05	731.42	336.84	215.47	740.20					758.82	758.82	4.63	4.71	0	0				
07/12/2018	3.3.2	Gaze Project	O4	3	M	Bilingual	G130	06/09/2018	89100	1280 x 720		Raw Data	Ord4_T1_R.avi	190	0	900	720									10554	10:15:59.575	1536226333349153															0			Unclassified	8																									1264	622	556			622	556	432	556	249.72	66.15					287.78	202.90	718.27		-34.01						745.05		4.80		0	4				
07/12/2018	3.3.2	Gaze Project	O4	3	M	Bilingual	G130	06/09/2018	89100	1280 x 720		Raw Data	Ord4_T1_R.avi	190	0	900	720									10563	10:15:59.583	1536226333357511															0	999		Fixation	8	410	441	0.45	105.90	38.70																				1265	626	569	600	441	613	505	423	505	251.20	60.99	240.84	112.50	246.02	86.74	287.73	208.31	735.07	333.42	211.35	729.02					762.67	762.67	4.79	4.71	0	0				
07/12/2018	3.3.2	Gaze Project	O4	3	M	Bilingual	G130	06/09/2018	89100	1280 x 720		Raw Data	Ord4_T1_R.avi	190	0	900	720									10571	10:15:59.592	1536226333365868															0			Unclassified	8																									1266	610	544			610	544	420	544	244.79	71.06					287.86	202.79	718.30		-34.01						745.04		4.72		0	4				
07/12/2018	3.3.2	Gaze Project	O4	3	M	Bilingual	G130	06/09/2018	89100	1280 x 720		Raw Data	Ord4_T1_R.avi	190	0	900	720									10579	10:15:59.600	1536226333374139															0	1000		Fixation	8	435	488	1.65	297.93	192.04																				1267	626	516	625	488	625	502	435	502	251.20	82.08	251.03	93.54	251.11	87.81	287.90	202.83	718.38	333.47	211.22	728.68					745.13	745.13	4.75	4.90	0	0				
07/12/2018	3.3.2	Gaze Project	O4	3	M	Bilingual	G130	06/09/2018	89100	1280 x 720		Raw Data	Ord4_T1_R.avi	190	0	900	720									10588	10:15:59.608	1536226333382484															0	1001		Fixation	8	395	460	1.53	144.92	206.99																				1268	601	540	585	460	593	500	403	500	241.40	72.60	234.76	104.69	238.08	88.64	287.92	202.87	718.47	332.50	205.22	710.85					745.23	745.23	4.65	4.63	0	0				
07/12/2018	3.3.2	Gaze Project	O4	3	M	Bilingual	G130	06/09/2018	89100	1280 x 720		Raw Data	Ord4_T1_R.avi	190	0	900	720									10596	10:15:59.617	1536226333390826															0	1002		Fixation	8	426	529	2.39	294.12	149.20																				1269			616	529	616	529	426	529			247.11	77.04						332.44	205.34	710.80						0.00		4.76	4	0				
07/12/2018	3.3.2	Gaze Project	O4	3	M	Bilingual	G130	06/09/2018	89100	1280 x 720		Raw Data	Ord4_T1_R.avi	190	0	900	720									10604	10:15:59.625	1536226333399188															0			Unclassified	8																									1270	649	550			649	550	459	550	260.39	68.50					287.93	203.04	718.40		-34.01						745.22		4.87		0	4				
07/12/2018	3.3.2	Gaze Project	O4	3	M	Bilingual	G130	06/09/2018	89100	1280 x 720		Raw Data	Ord4_T1_R.avi	190	0	900	720									10613	10:15:59.634	1536226333407537															0	1003		Fixation	8	400	523	0.83	166.96	232.84																				1271	621	513	590	523	605	518	415	518	249.09	83.23	236.70	79.48	242.89	81.35	287.97	202.80	718.50	333.73	212.02	731.00					745.24	745.24	4.74	4.99	0	0				
07/12/2018	3.3.2	Gaze Project	O4	3	M	Bilingual	G130	06/09/2018	89100	1280 x 720		Raw Data	Ord4_T1_R.avi	190	0	900	720									10621	10:15:59.642	1536226333415791															0	1004		Fixation	8	459	270	8.13	76.91	269.95																				1272	600	519	649	270	624	394	434	394	240.66	80.91	260.46	181.29	250.56	131.10	288.04	202.97	718.62	332.64	205.11	710.89					745.42	745.42	4.70	3.98	0	0				
07/12/2018	3.3.2	Gaze Project	O4	3	M	Bilingual	G130	06/09/2018	89100	1280 x 720		Raw Data	Ord4_T1_R.avi	190	0	900	720									10629	10:15:59.650	1536226333424132															0			Unclassified	8																									1273	616	468			616	468	426	468	247.13	101.62					287.99	208.01	733.92		-34.01						761.50		4.74		0	4				
07/12/2018	3.3.2	Gaze Project	O4	3	M	Bilingual	G130	06/09/2018	89100	1280 x 720		Raw Data	Ord4_T1_R.avi	190	0	900	720									10638	10:15:59.658	1536226333432493															0	1005		Fixation	8	424	370	3.39	250.77	173.85																				1274	653	508	614	370	633	439	443	439	262.11	85.27	246.47	141.06	254.29	113.17	290.62	212.17	745.38	332.77	205.43	711.37					773.79	773.79	5.17	4.38	0	0				
07/12/2018	3.3.2	Gaze Project	O4	3	M	Bilingual	G130	06/09/2018	89100	1280 x 720		Raw Data	Ord4_T1_R.avi	190	0	900	720									10646	10:15:59.667	1536226333440853															0	1006		Fixation	8	389	553	5.85	259.21	8.44																				1275	619	554	579	553	599	553	409	553	248.65	66.84	232.33	67.30	240.49	67.07	288.15	202.86	718.25	332.80	205.33	711.41					745.03	745.03	4.80	4.81	0	0				
07/12/2018	3.3.2	Gaze Project	O4	3	M	Bilingual	G130	06/09/2018	89100	1280 x 720		Raw Data	Ord4_T1_R.avi	190	0	900	720									10654	10:15:59.675	1536226333449136															0			Unclassified	8																									1276	666	544			666	544	476	544	267.15	71.02					288.12	203.01	718.19		-34.01						745.02		5.01		0	4				
07/12/2018	3.3.2	Gaze Project	O4	3	M	Bilingual	G130	06/09/2018	89100	1280 x 720		Raw Data	Ord4_T1_R.avi	190	0	900	720									10663	10:15:59.683	1536226333457477															0	1007		Fixation	8	398	505	1.51	79.41	180.21																				1277	627	538	588	505	607	521	417	521	251.59	73.41	236.09	86.67	243.84	80.04	288.17	202.77	718.29	332.87	205.53	711.42					745.04	745.04	4.63	4.66	0	0				
07/12/2018	3.3.2	Gaze Project	O4	3	M	Bilingual	G130	06/09/2018	89100	1280 x 720		Raw Data	Ord4_T1_R.avi	190	0	900	720									10671	10:15:59.692	1536226333465811															0	1008		Fixation	8	426	465	1.52	55.09	335.68																				1278	620	540	616	465	618	502	428	502	248.91	72.33	247.15	102.84	248.03	87.59	288.21	202.86	718.21	332.88	205.56	711.47					745.00	745.00	4.76	4.61	0	0				
07/12/2018	3.3.2	Gaze Project	O4	3	M	Bilingual	G130	06/09/2018	89100	1280 x 720		Raw Data	Ord4_T1_R.avi	190	0	900	720									10679	10:15:59.700	1536226333474162															0	1009		Fixation	8	400	377	2.92	106.41	51.32																				1279	571	503	590	377	580	440	390	440	229.12	87.48	236.82	138.05	232.97	112.76	288.13	207.40	732.03	332.85	205.69	711.41					759.52	759.52	4.75	4.42	0	0				
07/12/2018	3.3.2	Gaze Project	O4	3	M	Bilingual	G130	06/09/2018	89100	1280 x 720		Raw Data	Ord4_T1_R.avi	190	0	900	720									10688	10:15:59.709	1536226333482519															0	1010		Fixation	8	424	517	4.45	279.70	173.29																				1280	596	555	614	517	605	536	415	536	239.17	66.39	246.51	81.65	242.84	74.02	288.09	208.37	734.92	333.67	210.33	725.67					762.57	762.57	4.69	4.86	0	0				
07/12/2018	3.3.2	Gaze Project	O4	3	M	Bilingual	G130	06/09/2018	89100	1280 x 720		Raw Data	Ord4_T1_R.avi	190	0	900	720									10696	10:15:59.717	1536226333490784															0	1011		Fixation	8	409	465	1.67	106.04	186.34																				1281	643	523	599	465	621	494	431	494	258.11	79.33	240.25	102.78	249.18	91.05	288.16	202.73	717.87	333.65	210.32	725.62					744.63	744.63	4.76	4.70	0	0				
07/12/2018	3.3.2	Gaze Project	O4	3	M	Bilingual	G130	06/09/2018	89100	1280 x 720		Raw Data	Ord4_T1_R.avi	190	0	900	720									10704	10:15:59.725	1536226333499149															0	1012		Fixation	8	388	488	0.96	227.69	121.65																				1282	635	543	578	488	606	515	416	515	255.06	71.14	232.08	93.45	243.57	82.30	288.12	202.78	718.08	332.81	205.59	711.50					744.84	744.84	4.75	4.70	0	0				
07/12/2018	3.3.2	Gaze Project	O4	3	M	Bilingual	G130	06/09/2018	89100	1280 x 720		Raw Data	Ord4_T1_R.avi	190	0	900	720									10713	10:15:59.733	1536226333507477															0	1013		Fixation	8	415	404	2.77	72.23	204.54																				1283	603	553	605	404	604	478	414	478	242.09	67.13	242.68	127.27	242.39	97.20	288.05	202.66	718.13	332.71	205.70	711.46					744.85	744.85	4.59	4.35	0	0				
07/12/2018	3.3.2	Gaze Project	O4	3	M	Bilingual	G130	06/09/2018	89100	1280 x 720		Raw Data	Ord4_T1_R.avi	190	0	900	720									10721	10:15:59.742	1536226333515837															0	1014		Fixation	8	398	513	3.47	261.16	188.93																				1284	637	534	588	513	612	523	422	523	255.67	74.92	236.11	83.49	245.89	79.21	287.99	202.64	718.14	332.75	205.78	712.11					744.85	744.85	4.62	4.78	0	0				
07/12/2018	3.3.2	Gaze Project	O4	3	M	Bilingual	G130	06/09/2018	89100	1280 x 720		Raw Data	Ord4_T1_R.avi	190	0	900	720									10729	10:15:59.750	1536226333524195															0	1015		Fixation	8	424	474	1.46	56.40	155.23																				1285	621	476	614	474	617	475	427	475	249.12	98.21	246.63	99.15	247.87	98.68	287.93	202.62	718.15	332.64	205.88	712.06					744.85	744.85	4.58	4.55	0	0				
07/12/2018	3.3.2	Gaze Project	O4	3	M	Bilingual	G130	06/09/2018	89100	1280 x 720		Raw Data	Ord4_T1_R.avi	190	0	900	720									10738	10:15:59.758	1536226333532456															0	1016		Fixation	8	401	531	1.91	248.09	191.69																				1286	623	519	591	531	607	525	417	525	250.10	81.03	237.07	76.26	243.59	78.65	287.89	202.75	718.28	332.58	205.87	712.07					745.01	745.01	4.72	4.91	0	0				
07/12/2018	3.3.2	Gaze Project	O4	3	M	Bilingual	G130	06/09/2018	89100	1280 x 720		Raw Data	Ord4_T1_R.avi	190	0	900	720									10746	10:15:59.767	1536226333540791															0	1017		Fixation	8	353	437	3.25	116.98	228.89																				1287	604	515	543	437	573	476	383	476	242.54	82.54	217.81	114.02	230.18	98.28	287.78	202.62	718.33	337.94	217.92	747.15					745.01	745.01	4.46	5.04	0	0				
07/12/2018	3.3.2	Gaze Project	O4	3	M	Bilingual	G130	06/09/2018	89100	1280 x 720		Raw Data	Ord4_T1_R.avi	190	0	900	720									10754	10:15:59.775	1536226333549145															0	1018		Fixation	8	403	487	2.19	314.91	197.93																				1288	619	576	593	487	606	531	416	531	248.42	58.04	237.96	93.82	243.19	75.93	287.73	202.82	718.25	332.45	205.68	712.07					745.00	745.00	4.90	4.66	0	0				
07/12/2018	3.3.2	Gaze Project	O4	3	M	Bilingual	G130	06/09/2018	89100	1280 x 720		Raw Data	Ord4_T1_R.avi	190	0	900	720									10763	10:15:59.783	1536226333557503															0	1019		Fixation	8	401	512	0.78	265.44	310.53																				1289	574	504	591	512	582	508	392	508	230.43	86.83	237.13	83.59	233.78	85.21	287.62	202.70	718.46	332.37	205.73	712.29					745.15	745.15	4.58	4.69	0	0				
07/12/2018	3.3.2	Gaze Project	O4	3	M	Bilingual	G130	06/09/2018	89100	1280 x 720		Raw Data	Ord4_T1_R.avi	190	0	900	720									10771	10:15:59.792	1536226333565779															0			Unclassified	8																									1290	610	544			610	544	420	544	245.00	70.80					287.50	202.56	718.51		-34.01						745.16		4.58		0	4				
07/12/2018	3.3.2	Gaze Project	O4	3	M	Bilingual	G130	06/09/2018	89100	1280 x 720		Raw Data	Ord4_T1_R.avi	190	0	900	720									10779	10:15:59.800	1536226333574114															0	1020		Fixation	8	431	509	0.93	5.73	100.29																				1291			621	509	621	509	431	509			249.47	85.13						333.10	211.38	729.29						0.00		4.93	4	0				
07/12/2018	3.3.2	Gaze Project	O4	3	M	Bilingual	G130	06/09/2018	89100	1280 x 720		Raw Data	Ord4_T1_R.avi	190	0	900	720									10788	10:15:59.808	1536226333582458															0			Unclassified	8																									1292	633	532			633	532	443	532	253.90	75.73					287.30	202.56	718.40		-34.01						745.04		4.75		0	4				
07/12/2018	3.3.2	Gaze Project	O4	3	M	Bilingual	G130	06/09/2018	89100	1280 x 720		Raw Data	Ord4_T1_R.avi	190	0	900	720									10796	10:15:59.817	1536226333590818															0	1021		Fixation	8	393	478	1.53	140.70	134.97																				1293			583	478	583	478	393	478			234.16	97.35						331.92	205.69	712.58						0.00		4.74	4	0				
07/12/2018	3.3.2	Gaze Project	O4	3	M	Bilingual	G130	06/09/2018	89100	1280 x 720		Raw Data	Ord4_T1_R.avi	190	0	900	720									10804	10:15:59.825	1536226333599174															0			Unclassified	8																									1294	611	425			611	425	421	425	245.43	118.73					287.02	202.37	718.48		-34.01						745.04		4.58		0	4				
07/12/2018	3.3.2	Gaze Project	O4	3	M	Bilingual	G130	06/09/2018	89100	1280 x 720		Raw Data	Ord4_T1_R.avi	190	0	900	720									10813	10:15:59.833	1536226333607429															0	1022		Fixation	8	374	434	1.50	113.29	332.59																				1295	635	529	564	434	599	481	409	481	254.95	76.90	226.22	115.04	240.58	95.97	286.92	202.49	718.61	332.72	212.11	731.90					745.20	745.20	4.74	4.81	0	0				
07/12/2018	3.3.2	Gaze Project	O4	3	M	Bilingual	G130	06/09/2018	89100	1280 x 720		Raw Data	Ord4_T1_R.avi	190	0	900	720									10821	10:15:59.842	1536226333615784															0	1023		Fixation	8	405	527	3.05	288.38	175.09																				1296	592	513	595	527	593	520	403	520	237.77	83.48	239.02	77.87	238.39	80.68	286.79	202.44	718.64	331.53	205.64	712.83					745.21	745.21	4.74	4.76	0	0				
07/12/2018	3.3.2	Gaze Project	O4	3	M	Bilingual	G130	06/09/2018	89100	1280 x 720		Raw Data	Ord4_T1_R.avi	190	0	900	720									10829	10:15:59.850	1536226333624127															0	1024		Fixation	8	398	441	2.71	94.64	166.26																				1297			588	441	588	441	398	441			235.83	112.45						331.41	205.67	713.07						0.00		4.60	4	0				
07/12/2018	3.3.2	Gaze Project	O4	3	M	Bilingual	G130	06/09/2018	89100	1280 x 720		Raw Data	Ord4_T1_R.avi	190	0	900	720									10838	10:15:59.858	1536226333632484															0			Unclassified	8																									1298	599	528			599	528	409	528	240.50	77.44					286.41	206.79	732.28		-34.01						759.49		4.72		0	4				
07/12/2018	3.3.2	Gaze Project	O4	3	M	Bilingual	G130	06/09/2018	89100	1280 x 720		Raw Data	Ord4_T1_R.avi	190	0	900	720									10846	10:15:59.867	1536226333640846															0	1025		Fixation	8	418	530	2.87	282.63	187.99																				1299	618	570	608	530	613	550	423	550	248.01	60.46	244.05	76.32	246.03	68.39	286.35	202.17	718.75	331.12	205.46	713.16					745.21	745.21	4.64	4.70	0	0				
07/12/2018	3.3.2	Gaze Project	O4	3	M	Bilingual	G130	06/09/2018	89100	1280 x 720		Raw Data	Ord4_T1_R.avi	190	0	900	720									10854	10:15:59.875	1536226333649103															0	1026		Fixation	8	400	460	2.24	104.38	181.75																				1300	592	539	590	460	591	499	401	499	237.78	72.75	236.75	104.86	237.27	88.80	286.24	202.29	718.91	331.92	211.34	730.45					745.40	745.40	4.77	4.89	0	0				
07/12/2018	3.3.2	Gaze Project	O4	3	M	Bilingual	G130	06/09/2018	89100	1280 x 720		Raw Data	Ord4_T1_R.avi	190	0	900	720									10863	10:15:59.883	1536226333657441															0	1027		Fixation	8	406	489	0.92	281.65	177.28																				1301	629	540	596	489	612	514	422	514	252.45	72.69	239.17	93.06	245.81	82.87	286.09	202.26	719.01	330.85	205.53	713.29					745.48	745.48	4.78	4.63	0	0				
07/12/2018	3.3.2	Gaze Project	O4	3	M	Bilingual	G130	06/09/2018	89100	1280 x 720		Raw Data	Ord4_T1_R.avi	190	0	900	720									10871	10:15:59.892	1536226333665796															0	1028		Fixation	8	389	522	1.15	242.82	321.17																				1302	615	522	579	522	597	522	407	522	247.01	79.56	232.52	79.91	239.76	79.74	285.84	206.70	732.78	330.69	205.36	713.36					759.92	759.92	4.68	4.70	0	0				
07/12/2018	3.3.2	Gaze Project	O4	3	M	Bilingual	G130	06/09/2018	89100	1280 x 720		Raw Data	Ord4_T1_R.avi	190	0	900	720									10879	10:15:59.900	1536226333674155															0	1029		Fixation	8	389	518	0.12	90.00	207.18																				1303	631	532	579	518	605	525	415	525	253.25	75.67	232.30	81.24	242.78	78.46	288.22	211.49	746.31	330.57	205.51	713.54					774.35	774.35	5.11	4.68	0	0				
07/12/2018	3.3.2	Gaze Project	O4	3	M	Bilingual	G130	06/09/2018	89100	1280 x 720		Raw Data	Ord4_T1_R.avi	190	0	900	720									10888	10:15:59.908	1536226333682416															0	1030		Fixation	8	404	475	1.41	70.83	340.83																				1304	601	540	594	475	597	507	407	507	241.28	72.33	238.57	98.47	239.92	85.40	287.29	208.44	737.42	330.45	205.59	713.90					764.93	764.93	5.02	4.68	0	0				
07/12/2018	3.3.2	Gaze Project	O4	3	M	Bilingual	G130	06/09/2018	89100	1280 x 720		Raw Data	Ord4_T1_R.avi	190	0	900	720									10896	10:15:59.917	1536226333690778															0	1031		Fixation	8	424	406	2.26	73.88	3.06																				1305	621	544	614	406	617	475	427	475	249.21	70.74	246.34	126.28	247.77	98.51	285.35	208.37	738.16	330.28	205.68	713.86					765.53	765.53	4.82	4.52	0	0				
07/12/2018	3.3.2	Gaze Project	O4	3	M	Bilingual	G130	06/09/2018	89100	1280 x 720		Raw Data	Ord4_T1_R.avi	190	0	900	720									10904	10:15:59.925	1536226333699109															0	1032		Fixation	8	390	486	2.72	247.04	173.16																				1306			580	486	580	486	390	486			232.80	94.13						330.15	205.54	713.93						0.00		4.71	4	0				
07/12/2018	3.3.2	Gaze Project	O4	3	M	Bilingual	G130	06/09/2018	89100	1280 x 720		Raw Data	Ord4_T1_R.avi	190	0	900	720									10913	10:15:59.933	1536226333707470															0	1033		Fixation	8	412	514	1.12	308.07	61.03																				1307	610	547	602	514	606	530	416	530	244.72	69.63	241.66	83.15	243.19	76.39	286.81	208.36	737.49	330.00	205.52	713.94					764.95	764.95	5.01	4.70	0	0				
07/12/2018	3.3.2	Gaze Project	O4	3	M	Bilingual	G130	06/09/2018	89100	1280 x 720		Raw Data	Ord4_T1_R.avi	190	0	900	720									10921	10:15:59.942	1536226333715824															0	1034		Fixation	8	424	360	4.81	85.56	137.49																				1308	616	548	614	360	615	454	425	454	247.15	69.31	246.43	145.07	246.79	107.19	284.96	206.78	733.67	330.78	211.58	732.03					760.76	760.76	4.79	4.59	0	0				
07/12/2018	3.3.2	Gaze Project	O4	3	M	Bilingual	G130	06/09/2018	89100	1280 x 720		Raw Data	Ord4_T1_R.avi	190	0	900	720									10929	10:15:59.950	1536226333724064															0	1035		Fixation	8	464	405	1.85	311.54	225.98																				1309	625	568	654	405	639	486	449	486	250.86	61.27	262.68	126.88	256.77	94.08	284.95	202.21	719.76	335.46	218.93	752.67					746.13	746.13	4.73	4.91	0	0				
07/12/2018	3.3.2	Gaze Project	O4	3	M	Bilingual	G130	06/09/2018	89100	1280 x 720		Raw Data	Ord4_T1_R.avi	190	0	900	720									10938	10:15:59.958	1536226333732420															0	1036		Fixation	8	403	505	3.56	238.70	287.16																				1310	623	566	593	505	608	535	418	535	249.89	61.93	238.03	86.62	243.96	74.27	285.97	206.89	733.29	329.57	205.70	714.54					760.47	760.47	4.83	4.69	0	0				
07/12/2018	3.3.2	Gaze Project	O4	3	M	Bilingual	G130	06/09/2018	89100	1280 x 720		Raw Data	Ord4_T1_R.avi	190	0	900	720									10946	10:15:59.967	1536226333740780															0			Unclassified	8																									1311	578	503			578	503	388	503	232.05	87.54					284.51	206.48	732.91		-34.01						759.93		4.62		0	4				
07/12/2018	3.3.2	Gaze Project	O4	3	M	Bilingual	G130	06/09/2018	89100	1280 x 720		Raw Data	Ord4_T1_R.avi	190	0	900	720									10954	10:15:59.975	1536226333749140															0	1037		Fixation	8	398	500	0.22	134.91	256.21																				1312			588	500	588	500	398	500			236.00	88.67						329.25	205.58	714.59						0.00		4.71	4	0				
07/12/2018	3.3.2	Gaze Project	O4	3	M	Bilingual	G130	06/09/2018	89100	1280 x 720		Raw Data	Ord4_T1_R.avi	190	0	900	720									10963	10:15:59.983	1536226333757492															0	1038		Fixation	8	377	514	0.78	213.78	78.87																				1313	637	555	567	514	602	534	412	534	255.51	66.61	227.66	83.10	241.59	74.85	284.17	207.97	737.43	329.10	205.72	714.58					764.67	764.67	4.72	4.78	0	0				
07/12/2018	3.3.2	Gaze Project	O4	3	M	Bilingual	G130	06/09/2018	89100	1280 x 720		Raw Data	Ord4_T1_R.avi	190	0	900	720									10971	10:15:59.992	1536226333765757															0	1039		Fixation	8	419	392	4.03	71.06	217.28																				1314	635	523	609	392	622	457	432	457	254.82	79.48	244.53	132.27	249.68	105.87	284.21	202.39	720.46	328.97	205.81	714.83					746.82	746.82	4.74	4.44	0	0				
07/12/2018	3.3.2	Gaze Project	O4	3	M	Bilingual	G130	06/09/2018	89100	1280 x 720		Raw Data	Ord4_T1_R.avi	190	0	900	720									10979	10:16:00.000	1536226333774087															0			Unclassified	8																									1315	617	538			617	538	427	538	247.61	73.42					284.08	202.42	720.58		-34.01						746.94		4.75		0	4				
07/12/2018	3.3.2	Gaze Project	O4	3	M	Bilingual	G130	06/09/2018	89100	1280 x 720		Raw Data	Ord4_T1_R.avi	190	0	900	720									10988	10:16:00.008	1536226333782450															0	1040		Fixation	8	404	539	4.63	264.19	193.13																				1316	628	538	594	539	611	538	421	538	252.00	73.40	238.54	72.97	245.27	73.19	283.74	207.93	737.44	328.70	206.04	715.46					764.65	764.65	4.78	4.78	0	0				
07/12/2018	3.3.2	Gaze Project	O4	3	M	Bilingual	G130	06/09/2018	89100	1280 x 720		Raw Data	Ord4_T1_R.avi	190	0	900	720									10996	10:16:00.017	1536226333790807															0	1041		Fixation	8	402	462	2.40	91.48	187.29																				1317	607	482	592	462	599	472	409	472	243.83	95.82	237.64	103.72	240.73	99.77	283.62	207.48	736.13	328.54	205.98	715.28					763.26	763.26	4.61	4.59	0	0				
07/12/2018	3.3.2	Gaze Project	O4	3	M	Bilingual	G130	06/09/2018	89100	1280 x 720		Raw Data	Ord4_T1_R.avi	190	0	900	720									11004	10:16:00.025	1536226333799074															0	1042		Fixation	8	411	515	1.66	279.61	188.12																				1318	616	557	601	515	608	536	418	536	247.09	65.64	241.37	82.40	244.23	74.02	283.65	202.42	720.71	329.47	213.24	736.82					747.04	747.04	4.80	4.90	0	0				
07/12/2018	3.3.2	Gaze Project	O4	3	M	Bilingual	G130	06/09/2018	89100	1280 x 720		Raw Data	Ord4_T1_R.avi	190	0	900	720									11013	10:16:00.033	1536226333807421															0	1043		Fixation	8	398	348	5.20	94.44	174.83																				1319	608	518	588	348	598	433	408	433	244.23	81.23	235.98	149.97	240.10	115.60	283.48	202.29	720.76	328.26	206.07	715.52					747.05	747.05	4.59	4.16	0	0				
07/12/2018	3.3.2	Gaze Project	O4	3	M	Bilingual	G130	06/09/2018	89100	1280 x 720		Raw Data	Ord4_T1_R.avi	190	0	900	720									11021	10:16:00.042	1536226333815761															0	1044		Fixation	8	395	482	4.18	268.72	174.28																				1320	625	565	585	482	605	523	415	523	250.68	62.33	234.83	95.66	242.75	78.99	283.34	202.28	720.76	328.92	211.52	731.79					747.04	747.04	4.62	4.82	0	0				
07/12/2018	3.3.2	Gaze Project	O4	3	M	Bilingual	G130	06/09/2018	89100	1280 x 720		Raw Data	Ord4_T1_R.avi	190	0	900	720									11029	10:16:00.050	1536226333824108															0			Unclassified	8																									1321	626	529			626	529	436	529	251.38	76.95					283.23	202.57	721.28		-34.01						747.62		4.75		0	4				
07/12/2018	3.3.2	Gaze Project	O4	3	M	Bilingual	G130	06/09/2018	89100	1280 x 720		Raw Data	Ord4_T1_R.avi	190	0	900	720									11038	10:16:00.058	1536226333832458															0	1045		Fixation	8	420	470	0.85	25.71	116.99																				1322	641	544	610	470	625	507	435	507	257.11	70.68	245.03	100.71	251.07	85.70	283.11	202.45	721.32	327.81	206.22	715.46					747.62	747.62	4.65	4.69	0	0				
07/12/2018	3.3.2	Gaze Project	O4	3	M	Bilingual	G130	06/09/2018	89100	1280 x 720		Raw Data	Ord4_T1_R.avi	190	0	900	720									11046	10:16:00.067	1536226333840733															0	1046		Fixation	8	454	278	6.18	79.99	54.28																				1323	585	305	644	278	614	291	424	291	234.92	167.30	258.34	178.01	246.63	172.66	287.59	220.92	775.20	327.73	206.33	715.97					804.69	804.69	4.72	4.28	0	0				
07/12/2018	3.3.2	Gaze Project	O4	3	M	Bilingual	G130	06/09/2018	89100	1280 x 720		Raw Data	Ord4_T1_R.avi	190	0	900	720									11054	10:16:00.075	1536226333849087															0	1047		Fixation	8	473	259	0.86	45.09	325.10																				1324	603	279	663	259	633	269	443	269	242.23	177.68	266.12	185.51	254.18	181.59	282.88	202.72	721.39	327.54	206.49	715.91					747.76	747.76	4.34	4.51	0	0				
07/12/2018	3.3.2	Gaze Project	O4	3	M	Bilingual	G130	06/09/2018	89100	1280 x 720		Raw Data	Ord4_T1_R.avi	190	0	900	720									11063	10:16:00.083	1536226333857439															0	1048		Fixation	8	569	249	3.09	5.97	320.87																				1325	640	351	759	249	699	300	509	300	256.79	148.78	304.52	189.58	280.66	169.18	282.75	202.89	721.84	327.40	206.29	715.99					748.23	748.23	4.28	3.59	0	0				
07/12/2018	3.3.2	Gaze Project	O4	3	M	Bilingual	G130	06/09/2018	89100	1280 x 720		Raw Data	Ord4_T1_R.avi	190	0	900	720									11071	10:16:00.092	1536226333865789															0			Unclassified	8																									1326	598	302			598	302	408	302	240.18	168.40					282.43	207.30	735.41		-34.01						762.48		4.64		0	4				
07/12/2018	3.3.2	Gaze Project	O4	3	M	Bilingual	G130	06/09/2018	89100	1280 x 720		Raw Data	Ord4_T1_R.avi	190	0	900	720									11079	10:16:00.100	1536226333874068															0	1049		Fixation	8	444	319	4.57	209.33	203.36																				1327	622	386	634	319	628	352	438	352	249.52	134.55	254.45	161.36	251.99	147.96	282.46	203.00	722.23	327.02	206.53	715.89					748.63	748.63	4.50	4.51	0	0				
07/12/2018	3.3.2	Gaze Project	O4	3	M	Bilingual	G130	06/09/2018	89100	1280 x 720		Raw Data	Ord4_T1_R.avi	190	0	900	720									11088	10:16:00.108	1536226333882406															0	1050		Fixation	8	531	199	4.74	54.15	204.82																				1328	646	496	721	199	683	347	493	347	259.38	90.10	289.59	209.66	274.48	149.88	282.34	202.93	722.02	326.98	206.30	715.98					748.41	748.41	4.66	3.80	0	0				
07/12/2018	3.3.2	Gaze Project	O4	3	M	Bilingual	G130	06/09/2018	89100	1280 x 720		Raw Data	Ord4_T1_R.avi	190	0	900	720									11096	10:16:00.117	1536226333890744															0	1051		Fixation	8	428	318	5.03	229.21	175.07																				1329	618	179	618	318	618	248	428	248	248.12	218.04	248.02	161.77	248.07	189.91	282.19	203.06	721.97	326.78	206.54	715.88					748.39	748.39	3.82	4.34	0	0				
07/12/2018	3.3.2	Gaze Project	O4	3	M	Bilingual	G130	06/09/2018	89100	1280 x 720		Raw Data	Ord4_T1_R.avi	190	0	900	720									11104	10:16:00.125	1536226333899107															0	1052		Fixation	8	413	416	3.14	261.33	32.11																				1330	601	382	603	416	602	399	412	399	241.20	136.13	242.24	122.46	241.72	129.30	282.07	203.06	722.38	326.76	206.74	716.80					748.77	748.77	4.58	4.75	0	0				
07/12/2018	3.3.2	Gaze Project	O4	3	M	Bilingual	G130	06/09/2018	89100	1280 x 720		Raw Data	Ord4_T1_R.avi	190	0	900	720									11113	10:16:00.133	1536226333907460															0			Unclassified	8																									1331	639	462			639	462	449	462	256.70	103.81					281.94	202.93	722.43		-34.01						748.78		4.76		0	4				
07/12/2018	3.3.2	Gaze Project	O4	3	M	Bilingual	G130	06/09/2018	89100	1280 x 720		Raw Data	Ord4_T1_R.avi	190	0	900	720									11121	10:16:00.142	1536226333915721															0	1053		Fixation	8	471	216	6.52	73.88	172.55																				1332	641	332	661	216	651	274	461	274	257.24	156.38	265.44	202.99	261.34	179.68	281.82	203.11	722.54	327.53	214.16	738.73					748.93	748.93	4.50	4.41	0	0				
07/12/2018	3.3.2	Gaze Project	O4	3	M	Bilingual	G130	06/09/2018	89100	1280 x 720		Raw Data	Ord4_T1_R.avi	190	0	900	720									11129	10:16:00.150	1536226333924092															0	1054		Fixation	8	428	336	4.00	250.34	176.47																				1333	631	260	618	336	624	298	434	298	253.13	185.22	247.94	154.46	250.54	169.84	281.68	203.19	722.77	326.39	206.95	717.30					749.18	749.18	4.05	4.61	0	0				
07/12/2018	3.3.2	Gaze Project	O4	3	M	Bilingual	G130	06/09/2018	89100	1280 x 720		Raw Data	Ord4_T1_R.avi	190	0	900	720									11138	10:16:00.158	1536226333932401															0	1055		Fixation	8	420	305	0.98	104.43	214.08																				1334	613	320	610	305	611	312	421	312	245.95	161.10	244.90	167.24	245.43	164.17	281.55	203.26	723.00	333.94	225.29	770.26					749.41	749.41	4.43	4.62	0	0				
07/12/2018	3.3.2	Gaze Project	O4	3	M	Bilingual	G130	06/09/2018	89100	1280 x 720		Raw Data	Ord4_T1_R.avi	190	0	900	720									11146	10:16:00.167	1536226333940759															0	1056		Fixation	8	435	297	0.52	28.15	283.72																				1335	595	345	625	297	610	321	420	321	238.77	150.92	251.05	170.40	244.91	160.66	281.42	203.16	722.71	326.12	206.98	717.32					749.10	749.10	4.66	4.24	0	0				
07/12/2018	3.3.2	Gaze Project	O4	3	M	Bilingual	G130	06/09/2018	89100	1280 x 720		Raw Data	Ord4_T1_R.avi	190	0	900	720									11154	10:16:00.175	1536226333949127															0	1057		Fixation	8	481	158	4.61	71.74	43.59																				1336	586	240	671	158	628	199	438	199	235.34	193.45	269.54	226.30	252.44	209.88	284.31	215.78	759.88	326.96	214.14	738.48					788.43	788.43	4.59	3.91	0	0				
07/12/2018	3.3.2	Gaze Project	O4	3	M	Bilingual	G130	06/09/2018	89100	1280 x 720		Raw Data	Ord4_T1_R.avi	190	0	900	720									11163	10:16:00.183	1536226333957412															0	1058		Fixation	8	452	264	3.39	254.75	183.00																				1337	641	446	642	264	641	355	451	355	257.49	110.48	257.58	183.54	257.54	147.01	281.15	203.29	723.11	330.27	217.78	748.26					749.51	749.51	4.88	4.69	0	0				
07/12/2018	3.3.2	Gaze Project	O4	3	M	Bilingual	G130	06/09/2018	89100	1280 x 720		Raw Data	Ord4_T1_R.avi	190	0	900	720									11171	10:16:00.192	1536226333965727															0			Unclassified	8																									1338																			-34.01										4	4				
07/12/2018	3.3.2	Gaze Project	O4	3	M	Bilingual	G130	06/09/2018	89100	1280 x 720		Raw Data	Ord4_T1_R.avi	190	0	900	720									11179	10:16:00.200	1536226333974084															0	1059		Fixation	8	409	218	1.89	132.98	238.23																				1339			599	218	599	218	409	218			240.36	202.04						334.17	227.89	777.59						0.00		4.99	4	0				
07/12/2018	3.3.2	Gaze Project	O4	3	M	Bilingual	G130	06/09/2018	89100	1280 x 720		Raw Data	Ord4_T1_R.avi	190	0	900	720									11188	10:16:00.208	1536226333982441															0			Unclassified	8																									1340	610	319			610	319	420	319	244.71	161.55					280.73	203.35	723.46		-34.01						749.85		4.39		0	4				
07/12/2018	3.3.2	Gaze Project	O4	3	M	Bilingual	G130	06/09/2018	89100	1280 x 720		Raw Data	Ord4_T1_R.avi	190	0	900	720									11196	10:16:00.217	1536226333990701															0	1060		Fixation	8	446	363	4.58	284.27	151.29																				1341	609	336	636	363	622	349	432	349	244.63	154.75	255.36	143.86	249.99	149.30	280.59	203.32	723.42	325.28	207.30	718.06					749.80	749.80	4.41	4.67	0	0				
07/12/2018	3.3.2	Gaze Project	O4	3	M	Bilingual	G130	06/09/2018	89100	1280 x 720		Raw Data	Ord4_T1_R.avi	190	0	900	720									11204	10:16:00.225	1536226333999063															0	1061		Fixation	8	393	290	2.83	125.89	201.62																				1342	615	270	583	290	599	280	409	280	246.76	181.31	233.92	173.16	240.34	177.23	280.43	203.33	723.53	326.03	213.97	737.83					749.90	749.90	4.23	4.70	0	0				
07/12/2018	3.3.2	Gaze Project	O4	3	M	Bilingual	G130	06/09/2018	89100	1280 x 720		Raw Data	Ord4_T1_R.avi	190	0	900	720									11213	10:16:00.233	1536226334007389															0	1062		Fixation	8	397	260	0.93	82.43	316.54																				1343	628	310	587	260	607	285	417	285	251.94	165.20	235.56	185.33	243.75	175.26	280.29	203.36	723.74	330.07	219.75	753.90					750.10	750.10	4.43	4.88	0	0				
07/12/2018	3.3.2	Gaze Project	O4	3	M	Bilingual	G130	06/09/2018	89100	1280 x 720		Raw Data	Ord4_T1_R.avi	190	0	900	720									11221	10:16:00.242	1536226334015754															0	1063		Fixation	8	394	312	1.61	266.71	184.28																				1344	627	101	584	312	605	206	415	206	251.79	249.16	234.47	164.44	243.13	206.80	283.03	215.53	759.62	324.84	207.38	718.34					788.06	788.06	3.84	4.59	0	0				
07/12/2018	3.3.2	Gaze Project	O4	3	M	Bilingual	G130	06/09/2018	89100	1280 x 720		Raw Data	Ord4_T1_R.avi	190	0	900	720									11229	10:16:00.250	1536226334024110															0	1064		Fixation	8	406	174	4.36	85.05	178.34																				1345	611	284	596	174	603	229	413	229	245.35	175.54	239.18	220.06	242.27	197.80	280.01	203.41	724.05	325.47	213.13	735.49					750.40	750.40	3.76	4.40	0	0				
07/12/2018	3.3.2	Gaze Project	O4	3	M	Bilingual	G130	06/09/2018	89100	1280 x 720		Raw Data	Ord4_T1_R.avi	190	0	900	720									11238	10:16:00.258	1536226334032378															0			Unclassified	8																									1346	607	245			607	245	417	245	243.48	191.39					279.87	203.51	724.01		-34.01						750.39		3.97		0	4				
07/12/2018	3.3.2	Gaze Project	O4	3	M	Bilingual	G130	06/09/2018	89100	1280 x 720		Raw Data	Ord4_T1_R.avi	190	0	900	720									11246	10:16:00.267	1536226334040723															0	1065		Fixation	8	377	377	6.43	261.90	176.85																				1347	612	304	567	377	589	340	399	340	245.63	167.56	227.62	138.14	236.63	152.85	279.75	203.33	724.00	324.44	207.55	718.88					750.32	750.32	4.39	4.56	0	0				
07/12/2018	3.3.2	Gaze Project	O4	3	M	Bilingual	G130	06/09/2018	89100	1280 x 720		Raw Data	Ord4_T1_R.avi	190	0	900	720									11254	10:16:00.275	1536226334049069															0	1066		Fixation	8	403	341	1.39	54.25	152.35																				1348	626	398	593	341	609	369	419	369	251.15	129.71	238.03	152.48	244.59	141.10	279.65	203.58	724.38	324.31	207.59	719.00					750.76	750.76	4.16	4.59	0	0				
07/12/2018	3.3.2	Gaze Project	O4	3	M	Bilingual	G130	06/09/2018	89100	1280 x 720		Raw Data	Ord4_T1_R.avi	190	0	900	720									11263	10:16:00.283	1536226334057425															0	1067		Fixation	8	381	346	0.70	192.84	138.59																				1349	612	252	571	346	591	299	401	299	245.51	188.59	229.37	150.66	237.44	169.63	279.50	203.31	724.11	324.91	209.53	724.27					750.41	750.41	3.92	4.43	0	0				
07/12/2018	3.3.2	Gaze Project	O4	3	M	Bilingual	G130	06/09/2018	89100	1280 x 720		Raw Data	Ord4_T1_R.avi	190	0	900	720									11271	10:16:00.292	1536226334065780															0	1068		Fixation	8	388	380	1.09	281.60	88.75																				1350	627	321	578	380	602	350	412	350	251.81	160.59	232.05	136.97	241.93	148.78	279.38	203.50	724.25	324.28	208.30	720.70					750.60	750.60	4.11	4.40	0	0				
07/12/2018	3.3.2	Gaze Project	O4	3	M	Bilingual	G130	06/09/2018	89100	1280 x 720		Raw Data	Ord4_T1_R.avi	190	0	900	720									11279	10:16:00.300	1536226334074049															0	1069		Fixation	8	442	393	1.74	346.42	64.82																				1351	637	243	632	393	634	318	444	318	255.62	192.14	253.89	131.75	254.75	161.95	279.26	203.39	724.46	324.34	210.71	728.48					750.77	750.77	3.92	4.75	0	0				
07/12/2018	3.3.2	Gaze Project	O4	3	M	Bilingual	G130	06/09/2018	89100	1280 x 720		Raw Data	Ord4_T1_R.avi	190	0	900	720									11288	10:16:00.308	1536226334082382															0	1070		Fixation	8	414	387	0.90	167.87	181.45																				1352	642	415	604	387	623	401	433	401	257.75	122.70	242.58	134.10	250.16	128.40	279.04	203.05	723.07	323.84	207.73	719.43					749.34	749.34	4.18	4.61	0	0				
07/12/2018	3.3.2	Gaze Project	O4	3	M	Bilingual	G130	06/09/2018	89100	1280 x 720		Raw Data	Ord4_T1_R.avi	190	0	900	720									11296	10:16:00.317	1536226334090736															0	1071		Fixation	8	413	367	0.63	92.85	284.99																				1353	644	385	603	367	623	376	433	376	258.53	134.83	242.15	142.16	250.34	138.50	278.97	203.21	723.63	323.73	207.76	719.53					749.91	749.91	4.19	4.60	0	0				
07/12/2018	3.3.2	Gaze Project	O4	3	M	Bilingual	G130	06/09/2018	89100	1280 x 720		Raw Data	Ord4_T1_R.avi	190	0	900	720									11304	10:16:00.325	1536226334099094															0	1072		Fixation	8	403	324	1.40	103.05	10.20																				1354	647	230	593	324	620	277	430	277	259.83	197.26	238.09	159.36	248.96	178.31	278.93	203.40	724.71	323.62	207.79	719.61					750.99	750.99	4.00	4.56	0	0				
07/12/2018	3.3.2	Gaze Project	O4	3	M	Bilingual	G130	06/09/2018	89100	1280 x 720		Raw Data	Ord4_T1_R.avi	190	0	900	720									11313	10:16:00.333	1536226334107375															0			Unclassified	8																									1355	645	309			645	309	455	309	259.00	165.57					278.83	203.52	724.69		-34.01						751.01		4.02		0	4				
07/12/2018	3.3.2	Gaze Project	O4	3	M	Bilingual	G130	06/09/2018	89100	1280 x 720		Raw Data	Ord4_T1_R.avi	190	0	900	720									11321	10:16:00.342	1536226334115712															0	1073		Fixation	8	439	332	1.16	347.43	244.38																				1356	671	302	629	332	650	317	460	317	269.46	168.31	252.33	156.12	260.90	162.21	278.64	203.10	723.54	323.89	209.10	723.13					749.78	749.78	3.90	4.40	0	0				
07/12/2018	3.3.2	Gaze Project	O4	3	M	Bilingual	G130	06/09/2018	89100	1280 x 720		Raw Data	Ord4_T1_R.avi	190	0	900	720									11329	10:16:00.350	1536226334124046															0	1074		Fixation	8	396	426	3.24	245.49	258.06																				1357	630	426	586	426	608	426	418	426	252.74	118.21	235.34	118.44	244.04	118.33	278.64	203.36	724.91	323.32	207.84	719.88					751.16	751.16	4.49	4.66	0	0				
07/12/2018	3.3.2	Gaze Project	O4	3	M	Bilingual	G130	06/09/2018	89100	1280 x 720		Raw Data	Ord4_T1_R.avi	190	0	900	720									11338	10:16:00.358	1536226334132402															0	1075		Fixation	8	427	309	3.81	75.21	189.72																				1358	647	401	617	309	632	355	442	355	259.64	128.32	247.77	165.41	253.70	146.86	278.32	207.33	737.26	323.21	207.72	719.93					764.12	764.12	4.85	4.47	0	0				
07/12/2018	3.3.2	Gaze Project	O4	3	M	Bilingual	G130	06/09/2018	89100	1280 x 720		Raw Data	Ord4_T1_R.avi	190	0	900	720									11346	10:16:00.367	1536226334140766															0			Unclassified	8																									1359	618	343			618	343	428	343	248.06	151.66					280.72	213.20	754.01		-34.01						781.93		5.14		0	4				
07/12/2018	3.3.2	Gaze Project	O4	3	M	Bilingual	G130	06/09/2018	89100	1280 x 720		Raw Data	Ord4_T1_R.avi	190	0	900	720									11354	10:16:00.375	1536226334149024															0	1076		Fixation	8	485	180	4.44	65.86	350.65																				1360	630	398	675	180	652	289	462	289	252.84	129.81	271.07	217.34	261.95	173.58	278.03	209.31	743.40	323.83	214.03	738.43					770.56	770.56	4.73	4.15	0	0				
07/12/2018	3.3.2	Gaze Project	O4	3	M	Bilingual	G130	06/09/2018	89100	1280 x 720		Raw Data	Ord4_T1_R.avi	190	0	900	720									11363	10:16:00.383	1536226334157375															0	1077		Fixation	8	476	218	1.20	256.72	190.86																				1361	626	342	666	218	646	280	456	280	251.47	152.27	267.50	202.35	259.48	177.31	278.29	203.33	725.23	329.06	223.01	763.85					751.45	751.45	4.74	4.79	0	0				
07/12/2018	3.3.2	Gaze Project	O4	3	M	Bilingual	G130	06/09/2018	89100	1280 x 720		Raw Data	Ord4_T1_R.avi	190	0	900	720									11371	10:16:00.392	1536226334165713															0	1078		Fixation	8	448	250	1.29	228.91	332.19																				1362	622	372	638	250	630	311	440	311	249.52	140.03	256.10	189.34	252.81	164.68	278.20	203.30	725.27	323.84	215.51	742.88					751.48	751.48	4.74	4.53	0	0				
07/12/2018	3.3.2	Gaze Project	O4	3	M	Bilingual	G130	06/09/2018	89100	1280 x 720		Raw Data	Ord4_T1_R.avi	190	0	900	720									11379	10:16:00.400	1536226334174080															0	1079		Fixation	8	438	311	1.94	260.72	31.81																				1363	611	258	628	311	619	284	429	284	245.35	185.99	251.99	164.83	248.67	175.41	278.12	203.30	725.38	322.78	207.75	719.95					751.58	751.58	4.32	4.56	0	0				
07/12/2018	3.3.2	Gaze Project	O4	3	M	Bilingual	G130	06/09/2018	89100	1280 x 720		Raw Data	Ord4_T1_R.avi	190	0	900	720									11388	10:16:00.408	1536226334182432															0	1080		Fixation	8	477	276	1.66	42.00	141.28																				1364	641	329	667	276	654	302	464	302	257.16	157.59	267.72	178.98	262.44	168.29	278.03	203.46	725.96	322.65	207.85	719.91					752.17	752.17	4.34	4.37	0	0				
07/12/2018	3.3.2	Gaze Project	O4	3	M	Bilingual	G130	06/09/2018	89100	1280 x 720		Raw Data	Ord4_T1_R.avi	190	0	900	720									11396	10:16:00.417	1536226334190693															0	1081		Fixation	8	424	318	2.14	218.48	176.49																				1365	602	349	614	318	608	333	418	333	241.65	149.23	246.31	161.95	243.98	155.59	277.96	203.33	725.68	322.63	207.80	720.18					751.86	751.86	4.47	4.49	0	0				
07/12/2018	3.3.2	Gaze Project	O4	3	M	Bilingual	G130	06/09/2018	89100	1280 x 720		Raw Data	Ord4_T1_R.avi	190	0	900	720									11404	10:16:00.425	1536226334199036															0	1082		Fixation	8	393	353	1.47	228.56	10.07																				1366	618	245	583	353	600	299	410	299	248.22	191.33	234.18	147.89	241.20	169.61	277.89	203.22	725.46	322.54	207.90	720.14					751.62	751.62	4.05	4.67	0	0				
07/12/2018	3.3.2	Gaze Project	O4	3	M	Bilingual	G130	06/09/2018	89100	1280 x 720		Raw Data	Ord4_T1_R.avi	190	0	900	720									11413	10:16:00.433	1536226334207387															0			Unclassified	8																									1367	624	290			624	290	434	290	250.51	173.36					277.81	203.34	725.89		-34.01						752.06		4.24		0	4				
07/12/2018	3.3.2	Gaze Project	O4	3	M	Bilingual	G130	06/09/2018	89100	1280 x 720		Raw Data	Ord4_T1_R.avi	190	0	900	720									11421	10:16:00.442	1536226334215744															0	1083		Fixation	8	438	276	2.82	59.78	191.22																				1368	608	286	628	276	618	281	428	281	244.12	174.88	252.09	178.71	248.10	176.80	277.73	203.21	725.60	322.37	207.89	720.14					751.75	751.75	4.35	4.37	0	0				
07/12/2018	3.3.2	Gaze Project	O4	3	M	Bilingual	G130	06/09/2018	89100	1280 x 720		Raw Data	Ord4_T1_R.avi	190	0	900	720									11429	10:16:00.450	1536226334224018															0	1084		Fixation	8	408	281	0.93	189.49	129.71																				1369	633	318	598	281	615	299	425	299	253.97	162.08	240.14	176.84	247.05	169.46	277.66	203.17	725.57	327.54	220.87	757.99					751.71	751.71	4.28	4.83	0	0				
07/12/2018	3.3.2	Gaze Project	O4	3	M	Bilingual	G130	06/09/2018	89100	1280 x 720		Raw Data	Ord4_T1_R.avi	190	0	900	720									11438	10:16:00.458	1536226334232362															0	1085		Fixation	8	414	325	1.37	277.74	88.25																				1370	595	307	604	325	599	316	409	316	238.91	166.33	242.29	159.17	240.60	162.75	277.31	207.96	740.36	322.23	207.76	720.20					767.23	767.23	4.66	4.53	0	0				
07/12/2018	3.3.2	Gaze Project	O4	3	M	Bilingual	G130	06/09/2018	89100	1280 x 720		Raw Data	Ord4_T1_R.avi	190	0	900	720									11446	10:16:00.467	1536226334240701															0	1086		Fixation	8	412	327	0.09	225.09	307.35																				1371	635	357	602	327	618	342	428	342	255.09	146.27	241.49	158.13	248.29	152.20	277.53	203.18	725.70	322.18	207.82	720.38					751.82	751.82	4.52	4.50	0	0				
07/12/2018	3.3.2	Gaze Project	O4	3	M	Bilingual	G130	06/09/2018	89100	1280 x 720		Raw Data	Ord4_T1_R.avi	190	0	900	720									11454	10:16:00.475	1536226334249060															0			Unclassified	8																									1372	632	425			632	425	442	425	253.63	118.93					277.47	203.04	725.75		-34.01						751.83		4.69		0	4				
07/12/2018	3.3.2	Gaze Project	O4	3	M	Bilingual	G130	06/09/2018	89100	1280 x 720		Raw Data	Ord4_T1_R.avi	190	0	900	720									11463	10:16:00.483	1536226334257415															0	1087		Fixation	8	436	137	5.99	82.82	217.73																				1373	608	261	626	137	617	199	427	199	244.16	184.68	251.24	234.61	247.70	209.65	277.42	203.28	725.66	323.09	216.16	745.10					751.81	751.81	4.09	4.24	0	0				
07/12/2018	3.3.2	Gaze Project	O4	3	M	Bilingual	G130	06/09/2018	89100	1280 x 720		Raw Data	Ord4_T1_R.avi	190	0	900	720									11471	10:16:00.492	1536226334265683															0	1088		Fixation	8	451	295	4.97	275.41	192.58																				1374	628	351	641	295	634	323	444	323	252.14	148.54	257.28	171.09	254.71	159.81	277.40	203.28	725.65	322.02	207.86	720.47					751.81	751.81	4.27	4.40	0	0				
07/12/2018	3.3.2	Gaze Project	O4	3	M	Bilingual	G130	06/09/2018	89100	1280 x 720		Raw Data	Ord4_T1_R.avi	190	0	900	720									11479	10:16:00.500	1536226334274018															0			Unclassified	8																									1375	635	395			635	395	445	395	254.84	130.78					277.36	203.04	725.75		-34.01						751.83		4.72		0	4				
07/12/2018	3.3.2	Gaze Project	O4	3	M	Bilingual	G130	06/09/2018	89100	1280 x 720		Raw Data	Ord4_T1_R.avi	190	0	900	720									11488	10:16:00.508	1536226334282373															0	1089		Fixation	8	407	306	1.43	194.08	278.67																				1376	659	220	597	306	628	263	438	263	264.47	201.41	239.79	166.85	252.13	184.13	277.32	203.28	725.66	321.94	207.94	720.69					751.81	751.81	3.99	4.53	0	0				
07/12/2018	3.3.2	Gaze Project	O4	3	M	Bilingual	G130	06/09/2018	89100	1280 x 720		Raw Data	Ord4_T1_R.avi	190	0	900	720									11496	10:16:00.517	1536226334290728															0	1090		Fixation	8	442	315	1.14	345.53	151.45																				1377	658	294	632	315	645	304	455	304	264.08	171.63	253.67	162.92	258.88	167.27	277.28	203.18	725.80	321.89	207.87	720.49					751.91	751.91	4.29	4.47	0	0				
07/12/2018	3.3.2	Gaze Project	O4	3	M	Bilingual	G130	06/09/2018	89100	1280 x 720		Raw Data	Ord4_T1_R.avi	190	0	900	720									11504	10:16:00.525	1536226334299085															0	1091		Fixation	8	457	275	1.34	69.50	83.97																				1378	665	350	647	275	656	312	466	312	266.76	149.03	259.63	179.14	263.20	164.08	277.26	203.15	725.76	322.49	213.01	735.86					751.86	751.86	4.52	4.52	0	0				
07/12/2018	3.3.2	Gaze Project	O4	3	M	Bilingual	G130	06/09/2018	89100	1280 x 720		Raw Data	Ord4_T1_R.avi	190	0	900	720									11513	10:16:00.533	1536226334307346															0	1092		Fixation	8	422	306	1.46	221.62	152.12																				1379	635	285	612	306	623	295	433	295	254.98	174.97	245.84	166.82	250.41	170.90	277.24	203.09	725.55	321.84	207.90	720.61					751.64	751.64	4.40	4.48	0	0				
07/12/2018	3.3.2	Gaze Project	O4	3	M	Bilingual	G130	06/09/2018	89100	1280 x 720		Raw Data	Ord4_T1_R.avi	190	0	900	720									11521	10:16:00.542	1536226334315677															0	1093		Fixation	8	421	252	1.65	91.06	229.43																				1380	653	350	611	252	632	301	442	301	262.30	148.85	245.39	188.60	253.84	168.73	277.21	203.21	725.87	330.08	228.53	780.21					751.99	751.99	4.40	4.98	0	0				
07/12/2018	3.3.2	Gaze Project	O4	3	M	Bilingual	G130	06/09/2018	89100	1280 x 720		Raw Data	Ord4_T1_R.avi	190	0	900	720									11529	10:16:00.550	1536226334324040															0	1094		Fixation	8	430	288	1.12	283.99	192.94																				1381	680	287	620	288	650	287	460	287	272.88	174.53	248.74	173.87	260.81	174.20	277.20	203.20	725.82	322.55	214.01	738.74					751.93	751.93	4.15	4.62	0	0				
07/12/2018	3.3.2	Gaze Project	O4	3	M	Bilingual	G130	06/09/2018	89100	1280 x 720		Raw Data	Ord4_T1_R.avi	190	0	900	720									11538	10:16:00.558	1536226334332398															0	1095		Fixation	8	425	182	3.21	92.69	168.70																				1382	645	230	615	182	630	206	440	206	258.76	197.14	246.93	216.85	252.84	206.99	277.16	203.34	725.76	329.59	227.34	776.71					751.92	751.92	4.13	4.86	0	0				
07/12/2018	3.3.2	Gaze Project	O4	3	M	Bilingual	G130	06/09/2018	89100	1280 x 720		Raw Data	Ord4_T1_R.avi	190	0	900	720									11546	10:16:00.567	1536226334340664															0	1096		Fixation	8	463	206	1.32	327.64	234.95																				1383	641	271	653	206	647	238	457	238	257.37	180.83	261.95	206.86	259.66	193.84	277.18	203.34	725.76	330.64	229.97	784.33					751.92	751.92	4.14	4.98	0	0				
07/12/2018	3.3.2	Gaze Project	O4	3	M	Bilingual	G130	06/09/2018	89100	1280 x 720		Raw Data	Ord4_T1_R.avi	190	0	900	720									11554	10:16:00.575	1536226334349023															0	1097		Fixation	8	430	351	4.46	257.22	289.58																				1384	657	431	620	351	638	391	448	391	263.56	116.39	248.90	148.73	256.23	132.56	276.92	207.54	739.10	322.55	214.01	738.66					765.89	765.89	4.74	4.72	0	0				
07/12/2018	3.3.2	Gaze Project	O4	3	M	Bilingual	G130	06/09/2018	89100	1280 x 720		Raw Data	Ord4_T1_R.avi	190	0	900	720									11563	10:16:00.583	1536226334357348															0	1098		Fixation	8	463	145	6.47	80.93	183.71																				1385	643	342	653	145	648	243	458	243	257.92	152.12	262.21	231.58	260.07	191.85	277.20	203.25	725.83	322.58	214.26	739.36					751.96	751.96	4.46	4.03	0	0				
07/12/2018	3.3.2	Gaze Project	O4	3	M	Bilingual	G130	06/09/2018	89100	1280 x 720		Raw Data	Ord4_T1_R.avi	190	0	900	720									11571	10:16:00.592	1536226334365716															0			Unclassified	8																									1386	658	298			658	298	468	298	264.05	170.02					277.20	203.20	725.65		-34.01						751.78		4.29		0	4				
07/12/2018	3.3.2	Gaze Project	O4	3	M	Bilingual	G130	06/09/2018	89100	1280 x 720		Raw Data	Ord4_T1_R.avi	190	0	900	720									11579	10:16:00.600	1536226334374067															0	1099		Fixation	8	447	201	1.76	254.10	173.18																				1387	649	267	637	201	643	234	453	234	260.67	182.28	255.74	209.06	258.20	195.67	277.22	203.21	725.70	329.99	228.35	779.56					751.83	751.83	4.17	4.92	0	0				
07/12/2018	3.3.2	Gaze Project	O4	3	M	Bilingual	G130	06/09/2018	89100	1280 x 720		Raw Data	Ord4_T1_R.avi	190	0	900	720									11588	10:16:00.608	1536226334382335															0	1100		Fixation	8	436	310	3.35	264.26	10.15																				1388	666	159	626	310	646	234	456	234	267.30	225.73	251.19	165.00	259.25	195.37	277.22	203.34	725.65	321.86	208.01	720.74					751.82	751.82	4.02	4.46	0	0				
07/12/2018	3.3.2	Gaze Project	O4	3	M	Bilingual	G130	06/09/2018	89100	1280 x 720		Raw Data	Ord4_T1_R.avi	190	0	900	720									11596	10:16:00.617	1536226334390659															0			Unclassified	8																									1389	652	280			652	280	462	280	261.75	177.37					277.22	203.34	725.65		-34.01						751.82		4.17		0	4				
07/12/2018	3.3.2	Gaze Project	O4	3	M	Bilingual	G130	06/09/2018	89100	1280 x 720		Raw Data	Ord4_T1_R.avi	190	0	900	720									11604	10:16:00.625	1536226334399023															0	1101		Fixation	8	462	217	3.07	74.43	170.17																				1390	639	385	652	217	645	301	455	301	256.59	135.07	261.67	202.50	259.13	168.79	277.03	206.89	737.21	321.90	207.92	720.52					763.90	763.90	4.74	4.27	0	0				
07/12/2018	3.3.2	Gaze Project	O4	3	M	Bilingual	G130	06/09/2018	89100	1280 x 720		Raw Data	Ord4_T1_R.avi	190	0	900	720									11613	10:16:00.633	1536226334407382															0	1102		Fixation	8	448	244	0.97	242.67	168.24																				1391	661	154	638	244	649	199	459	199	265.49	227.76	255.93	191.70	260.71	209.73	277.30	203.06	725.76	321.94	208.00	720.78					751.84	751.84	3.75	4.07	0	0				
07/12/2018	3.3.2	Gaze Project	O4	3	M	Bilingual	G130	06/09/2018	89100	1280 x 720		Raw Data	Ord4_T1_R.avi	190	0	900	720									11621	10:16:00.642	1536226334415657															0	1103		Fixation	8	447	356	3.56	269.49	26.82																				1392	671	181	637	356	654	268	464	268	269.48	217.22	255.86	146.45	262.67	181.83	277.32	203.12	725.58	321.97	207.99	720.79					751.69	751.69	3.80	4.50	0	0				
07/12/2018	3.3.2	Gaze Project	O4	3	M	Bilingual	G130	06/09/2018	89100	1280 x 720		Raw Data	Ord4_T1_R.avi	190	0	900	720									11629	10:16:00.650	1536226334423998															0	1104		Fixation	8	404	428	2.63	239.23	329.74																				1393	653	230	594	428	623	329	433	329	262.15	197.44	238.58	117.44	250.36	157.44	277.35	203.01	725.63	321.88	207.77	719.84					751.70	751.70	4.08	4.57	0	0				
07/12/2018	3.3.2	Gaze Project	O4	3	M	Bilingual	G130	06/09/2018	89100	1280 x 720		Raw Data	Ord4_T1_R.avi	190	0	900	720									11638	10:16:00.658	1536226334432327															0			Unclassified	8																									1394	644	298			644	298	454	298	258.40	170.10					277.39	203.10	725.58		-34.01						751.68		4.23		0	4				
07/12/2018	3.3.2	Gaze Project	O4	3	M	Bilingual	G130	06/09/2018	89100	1280 x 720		Raw Data	Ord4_T1_R.avi	190	0	900	720									11646	10:16:00.667	1536226334440691															0	1105		Fixation	8	444	314	3.80	70.72	191.49																				1395	663	223	634	314	648	268	458	268	266.09	200.27	254.46	163.51	260.28	181.89	277.44	203.08	725.54	322.09	207.93	720.76					751.64	751.64	3.86	4.48	0	0				
07/12/2018	3.3.2	Gaze Project	O4	3	M	Bilingual	G130	06/09/2018	89100	1280 x 720		Raw Data	Ord4_T1_R.avi	190	0	900	720									11654	10:16:00.675	1536226334449043															0	1106		Fixation	8	479	259	2.07	57.61	346.89																				1396	637	269	669	259	653	264	463	264	255.59	181.57	268.57	185.77	262.08	183.67	277.48	203.02	725.38	322.14	207.89	720.68					751.47	751.47	3.94	3.99	0	0				
07/12/2018	3.3.2	Gaze Project	O4	3	M	Bilingual	G130	06/09/2018	89100	1280 x 720		Raw Data	Ord4_T1_R.avi	190	0	900	720									11663	10:16:00.683	1536226334457313															0			Unclassified	8																									1397	644	213			644	213	454	213	258.34	203.99					277.53	203.05	725.45		-34.01						751.55		3.90		0	4				
07/12/2018	3.3.2	Gaze Project	O4	3	M	Bilingual	G130	06/09/2018	89100	1280 x 720		Raw Data	Ord4_T1_R.avi	190	0	900	720									11671	10:16:00.692	1536226334465671															0	1107		Fixation	8	450	294	1.44	230.45	172.83																				1398	638	240	640	294	639	267	449	267	256.18	193.44	256.85	171.66	256.52	182.55	277.58	203.01	725.33	322.24	207.83	720.58					751.42	751.42	3.91	4.45	0	0				
07/12/2018	3.3.2	Gaze Project	O4	3	M	Bilingual	G130	06/09/2018	89100	1280 x 720		Raw Data	Ord4_T1_R.avi	190	0	900	720									11679	10:16:00.700	1536226334474004															0	1108		Fixation	8	420	273	1.16	144.92	274.47																				1399	642	217	610	273	626	245	436	245	257.89	202.58	244.80	179.99	251.34	191.29	277.62	202.97	725.25	322.28	207.71	720.30					751.33	751.33	3.88	4.35	0	0				
07/12/2018	3.3.2	Gaze Project	O4	3	M	Bilingual	G130	06/09/2018	89100	1280 x 720		Raw Data	Ord4_T1_R.avi	190	0	900	720									11688	10:16:00.708	1536226334482361															0	1109		Fixation	8	425	288	0.50	288.38	143.46																				1400	635	287	615	288	625	287	435	287	255.07	174.39	246.81	173.98	250.94	174.18	277.65	202.95	724.78	322.48	208.23	721.46					750.89	750.89	3.92	4.13	0	0				
07/12/2018	3.3.2	Gaze Project	O4	3	M	Bilingual	G130	06/09/2018	89100	1280 x 720		Raw Data	Ord4_T1_R.avi	190	0	900	720									11696	10:16:00.717	1536226334490720															0	1110		Fixation	8	448	285	0.73	7.46	79.08																				1401	647	272	638	285	642	278	452	278	259.56	180.24	255.97	175.19	257.77	177.72	277.73	202.94	725.20	322.39	207.75	720.50					751.28	751.28	4.08	4.03	0	0				
07/12/2018	3.3.2	Gaze Project	O4	3	M	Bilingual	G130	06/09/2018	89100	1280 x 720		Raw Data	Ord4_T1_R.avi	190	0	900	720									11704	10:16:00.725	1536226334498989															0			Unclassified	8																									1402	661	193			661	193	471	193	265.23	212.32					277.73	202.89	724.63		-34.01						750.73		3.65		0	4				
07/12/2018	3.3.2	Gaze Project	O4	3	M	Bilingual	G130	06/09/2018	89100	1280 x 720		Raw Data	Ord4_T1_R.avi	190	0	900	720									11713	10:16:00.733	1536226334507319															0	1111		Fixation	8	394	280	1.71	174.69	167.24																				1403	661	198	584	280	622	239	432	239	265.14	210.37	234.35	177.32	249.75	193.85	277.82	202.92	725.22	322.89	208.75	723.20					751.29	751.29	3.80	4.28	0	0				
07/12/2018	3.3.2	Gaze Project	O4	3	M	Bilingual	G130	06/09/2018	89100	1280 x 720		Raw Data	Ord4_T1_R.avi	190	0	900	720									11721	10:16:00.742	1536226334515674															0	1112		Fixation	8	426	325	1.75	305.33	130.64																				1404			616	325	616	325	426	325			247.32	159.00						322.52	207.59	720.28						0.00		4.57	4	0				
07/12/2018	3.3.2	Gaze Project	O4	3	M	Bilingual	G130	06/09/2018	89100	1280 x 720		Raw Data	Ord4_T1_R.avi	190	0	900	720									11729	10:16:00.750	1536226334524032															0	1113		Fixation	8	443	338	0.68	322.51	17.18																				1405	659	205	633	338	646	271	456	271	264.57	207.57	254.25	153.90	259.41	180.73	277.91	202.76	725.28	322.56	207.54	720.21					751.30	751.30	3.80	4.42	0	0				
07/12/2018	3.3.2	Gaze Project	O4	3	M	Bilingual	G130	06/09/2018	89100	1280 x 720		Raw Data	Ord4_T1_R.avi	190	0	900	720									11738	10:16:00.758	1536226334532309															0	1114		Fixation	8	445	262	2.42	88.50	125.99																				1406	661	187	635	262	648	224	458	224	265.23	214.65	255.07	184.52	260.15	199.58	277.84	204.27	729.85	322.63	207.68	720.32					756.11	756.11	3.73	4.07	0	0				
07/12/2018	3.3.2	Gaze Project	O4	3	M	Bilingual	G130	06/09/2018	89100	1280 x 720		Raw Data	Ord4_T1_R.avi	190	0	900	720									11746	10:16:00.767	1536226334540649															0	1115		Fixation	8	457	317	1.79	282.27	193.77																				1407	660	229	647	317	653	273	463	273	264.99	197.57	259.54	162.25	262.27	179.91	277.87	204.40	730.31	322.63	207.43	720.04					756.59	756.59	3.79	4.46	0	0				
07/12/2018	3.3.2	Gaze Project	O4	3	M	Bilingual	G130	06/09/2018	89100	1280 x 720		Raw Data	Ord4_T1_R.avi	190	0	900	720									11754	10:16:00.775	1536226334548989															0	1116		Fixation	8	458	315	0.07	63.51	141.24																				1408	639	184	648	315	643	249	453	249	256.63	215.84	260.04	163.03	258.34	189.44	278.01	202.69	724.87	322.26	206.51	717.07					750.90	750.90	3.82	4.16	0	0				
07/12/2018	3.3.2	Gaze Project	O4	3	M	Bilingual	G130	06/09/2018	89100	1280 x 720		Raw Data	Ord4_T1_R.avi	190	0	900	720									11763	10:16:00.783	1536226334557336															0	1117		Fixation	8	428	293	1.18	143.66	80.15																				1409	649	189	618	293	633	241	443	241	260.44	213.98	248.27	171.94	254.36	192.96	277.95	204.25	730.02	322.61	207.21	719.22					756.27	756.27	3.92	4.19	0	0				
07/12/2018	3.3.2	Gaze Project	O4	3	M	Bilingual	G130	06/09/2018	89100	1280 x 720		Raw Data	Ord4_T1_R.avi	190	0	900	720									11771	10:16:00.792	1536226334565704															0	1118		Fixation	8	435	329	1.17	280.97	137.31																				1410	641	210	625	329	633	269	443	269	257.27	205.30	250.75	157.47	254.01	181.39	278.10	202.63	724.83	322.67	207.19	719.21					750.84	750.84	3.86	4.25	0	0				
07/12/2018	3.3.2	Gaze Project	O4	3	M	Bilingual	G130	06/09/2018	89100	1280 x 720		Raw Data	Ord4_T1_R.avi	190	0	900	720									11779	10:16:00.800	1536226334573964															0	1119		Fixation	8	436	224	3.34	89.46	168.49																				1411	660	311	626	224	643	267	453	267	264.80	164.69	251.38	199.67	258.09	182.18	278.15	202.63	724.90	322.80	207.23	719.73					750.91	750.91	4.04	3.77	0	0				
07/12/2018	3.3.2	Gaze Project	O4	3	M	Bilingual	G130	06/09/2018	89100	1280 x 720		Raw Data	Ord4_T1_R.avi	190	0	900	720									11788	10:16:00.808	1536226334582323															0	1120		Fixation	8	454	283	1.97	286.91	197.46																				1412	647	470	644	283	645	376	455	376	259.72	100.55	258.43	175.92	259.07	138.24	278.12	202.26	723.41	322.86	207.17	719.66					749.38	749.38	4.25	4.23	0	0				
07/12/2018	3.3.2	Gaze Project	O4	3	M	Bilingual	G130	06/09/2018	89100	1280 x 720		Raw Data	Ord4_T1_R.avi	190	0	900	720									11796	10:16:00.817	1536226334590658															0	1121		Fixation	8	488	255	1.40	39.56	112.65																				1413	628	194	678	255	653	224	463	224	252.06	211.82	272.03	187.25	262.04	199.54	278.21	203.71	728.67	323.11	207.69	720.81					754.83	754.83	3.92	4.34	0	0				
07/12/2018	3.3.2	Gaze Project	O4	3	M	Bilingual	G130	06/09/2018	89100	1280 x 720		Raw Data	Ord4_T1_R.avi	190	0	900	720									11804	10:16:00.825	1536226334599015															0	1122		Fixation	8	446	245	1.37	166.57	127.00																				1414	671	218	636	245	653	231	463	231	269.22	202.01	255.42	191.44	262.32	196.73	278.29	203.64	728.50	323.32	208.01	721.77					754.64	754.64	3.78	4.12	0	0				
07/12/2018	3.3.2	Gaze Project	O4	3	M	Bilingual	G130	06/09/2018	89100	1280 x 720		Raw Data	Ord4_T1_R.avi	190	0	900	720									11813	10:16:00.833	1536226334607375															0	1123		Fixation	8	449	311	2.10	272.59	106.03																				1415	644	249	639	311	641	280	451	280	258.52	189.84	256.65	164.52	257.58	177.18	278.31	201.97	722.67	323.27	207.62	720.65					748.59	748.59	3.70	4.29	0	0				
07/12/2018	3.3.2	Gaze Project	O4	3	M	Bilingual	G130	06/09/2018	89100	1280 x 720		Raw Data	Ord4_T1_R.avi	190	0	900	720									11821	10:16:00.842	1536226334615640															0	1124		Fixation	8	431	381	2.29	255.62	343.03																				1416			621	381	621	381	431	381			249.09	136.43						323.20	207.06	719.43						0.00		4.45	4	0				
07/12/2018	3.3.2	Gaze Project	O4	3	M	Bilingual	G130	06/09/2018	89100	1280 x 720		Raw Data	Ord4_T1_R.avi	190	0	900	720									11829	10:16:00.850	1536226334623969															0			Unclassified	8																									1417	644	224			644	224	454	224	258.68	199.65					278.65	202.44	724.49		-34.01						750.48		3.75		0	4				
07/12/2018	3.3.2	Gaze Project	O4	3	M	Bilingual	G130	06/09/2018	89100	1280 x 720		Raw Data	Ord4_T1_R.avi	190	0	900	720									11838	10:16:00.858	1536226334632325															0	1125		Fixation	8	441	348	1.09	73.19	177.57																				1418	606	297	631	348	618	322	428	322	243.30	170.38	253.11	149.73	248.20	160.06	278.75	202.33	724.54	323.40	206.98	719.19					750.49	750.49	4.28	4.45	0	0				
07/12/2018	3.3.2	Gaze Project	O4	3	M	Bilingual	G130	06/09/2018	89100	1280 x 720		Raw Data	Ord4_T1_R.avi	190	0	900	720									11846	10:16:00.867	1536226334640685															0	1126		Fixation	8	441	338	0.32	90.00	16.81																				1419	612	415	631	338	621	376	431	376	245.68	122.89	253.39	153.77	249.54	138.33	278.95	202.86	725.27	323.52	207.00	719.24					751.36	751.36	4.37	4.39	0	0				
07/12/2018	3.3.2	Gaze Project	O4	3	M	Bilingual	G130	06/09/2018	89100	1280 x 720		Raw Data	Ord4_T1_R.avi	190	0	900	720									11854	10:16:00.875	1536226334648962															0	1127		Fixation	8	437	281	1.82	94.00	4.00																				1420	614	326	627	281	620	303	430	303	246.37	158.68	251.74	176.96	249.06	167.82	278.98	202.38	724.19	323.84	207.57	720.55					750.18	750.18	4.39	4.13	0	0				
07/12/2018	3.3.2	Gaze Project	O4	3	M	Bilingual	G130	06/09/2018	89100	1280 x 720		Raw Data	Ord4_T1_R.avi	190	0	900	720									11863	10:16:00.883	1536226334657308															0	1128		Fixation	8	439	330	1.56	272.33	178.33																				1421	632	277	629	330	630	303	440	303	253.55	178.49	252.65	157.09	253.10	167.79	279.09	202.35	724.07	324.04	207.78	721.18					750.06	750.06	4.17	4.30	0	0				
07/12/2018	3.3.2	Gaze Project	O4	3	M	Bilingual	G130	06/09/2018	89100	1280 x 720		Raw Data	Ord4_T1_R.avi	190	0	900	720									11871	10:16:00.892	1536226334665635															0	1129		Fixation	8	443	302	0.90	81.90	169.57																				1422	646	304	633	302	639	303	449	303	259.24	167.34	253.90	168.50	256.57	167.92	279.20	202.33	723.99	323.85	206.88	718.94					749.98	749.98	4.33	4.38	0	0				
07/12/2018	3.3.2	Gaze Project	O4	3	M	Bilingual	G130	06/09/2018	89100	1280 x 720		Raw Data	Ord4_T1_R.avi	190	0	900	720									11879	10:16:00.900	1536226334673998															0	1130		Fixation	8	418	275	1.17	132.71	50.81																				1423	665	200	608	275	636	237	446	237	266.76	209.37	243.85	179.12	255.31	194.25	279.31	202.28	723.81	323.97	206.83	718.84					749.80	749.80	3.74	4.24	0	0				
07/12/2018	3.3.2	Gaze Project	O4	3	M	Bilingual	G130	06/09/2018	89100	1280 x 720		Raw Data	Ord4_T1_R.avi	190	0	900	720									11888	10:16:00.908	1536226334682351															0	1131		Fixation	8	447	282	0.95	346.39	213.68																				1424	619	286	637	282	628	284	438	284	248.63	174.71	255.68	176.53	252.16	175.62	279.42	202.18	723.53	324.06	206.68	718.45					749.51	749.51	4.25	4.23	0	0				
07/12/2018	3.3.2	Gaze Project	O4	3	M	Bilingual	G130	06/09/2018	89100	1280 x 720		Raw Data	Ord4_T1_R.avi	190	0	900	720									11896	10:16:00.917	1536226334690620															0	1132		Fixation	8	489	178	3.58	68.07	81.69																				1425	638	298	679	178	658	238	468	238	256.05	170.09	272.43	218.27	264.24	194.18	282.07	213.02	755.56	324.16	206.54	718.51					783.38	783.38	4.37	3.69	0	0				
07/12/2018	3.3.2	Gaze Project	O4	3	M	Bilingual	G130	06/09/2018	89100	1280 x 720		Raw Data	Ord4_T1_R.avi	190	0	900	720									11904	10:16:00.925	1536226334698981															0	1133		Fixation	8	412	312	4.92	240.20	172.12																				1426	625	307	602	312	613	309	423	309	251.06	166.34	241.51	164.12	246.28	165.23	279.63	202.28	723.84	324.29	206.59	718.35					749.84	749.84	4.34	4.39	0	0				
07/12/2018	3.3.2	Gaze Project	O4	3	M	Bilingual	G130	06/09/2018	89100	1280 x 720		Raw Data	Ord4_T1_R.avi	190	0	900	720									11913	10:16:00.933	1536226334707312															0	1134		Fixation	8	434	267	1.59	64.02	183.82																				1427	628	307	624	267	626	287	436	287	252.05	166.25	250.57	182.31	251.31	174.28	279.75	202.17	723.56	324.40	206.52	718.23					749.54	749.54	4.35	4.21	0	0				
07/12/2018	3.3.2	Gaze Project	O4	3	M	Bilingual	G130	06/09/2018	89100	1280 x 720		Raw Data	Ord4_T1_R.avi	190	0	900	720									11921	10:16:00.942	1536226334715665															0	1135		Fixation	8	444	282	0.56	303.61	239.59																				1428	619	267	634	282	626	274	436	274	248.62	182.57	254.47	176.46	251.55	179.52	279.68	205.73	734.70	329.54	218.73	753.51					761.23	761.23	4.39	4.73	0	0				
07/12/2018	3.3.2	Gaze Project	O4	3	M	Bilingual	G130	06/09/2018	89100	1280 x 720		Raw Data	Ord4_T1_R.avi	190	0	900	720									11929	10:16:00.950	1536226334724023															0	1136		Fixation	8	439	192	2.81	93.17	149.56																				1429	628	350	629	192	628	271	438	271	252.25	148.95	252.52	212.69	252.38	180.82	279.98	202.13	723.54	324.62	206.34	718.30					749.51	749.51	4.37	3.93	0	0				
07/12/2018	3.3.2	Gaze Project	O4	3	M	Bilingual	G130	06/09/2018	89100	1280 x 720		Raw Data	Ord4_T1_R.avi	190	0	900	720									11938	10:16:00.958	1536226334732266															0	1137		Fixation	8	493	263	2.85	307.17	214.00																				1430	617	315	683	263	650	289	460	289	247.73	162.92	274.14	183.90	260.93	173.41	280.09	201.99	723.17	324.76	206.43	718.29					749.13	749.13	4.32	4.27	0	0				
07/12/2018	3.3.2	Gaze Project	O4	3	M	Bilingual	G130	06/09/2018	89100	1280 x 720		Raw Data	Ord4_T1_R.avi	190	0	900	720									11946	10:16:00.967	1536226334740605															0	1138		Fixation	8	439	328	2.69	230.37	283.21																				1431			629	328	629	328	439	328			252.53	157.84						324.85	206.17	717.64						0.00		4.44	4	0				
07/12/2018	3.3.2	Gaze Project	O4	3	M	Bilingual	G130	06/09/2018	89100	1280 x 720		Raw Data	Ord4_T1_R.avi	190	0	900	720									11954	10:16:00.975	1536226334748965															0			Unclassified	8																									1432	629	302			629	302	439	302	252.42	168.20					280.29	202.07	723.14		-34.01						749.13		4.37		0	4				
07/12/2018	3.3.2	Gaze Project	O4	3	M	Bilingual	G130	06/09/2018	89100	1280 x 720		Raw Data	Ord4_T1_R.avi	190	0	900	720									11963	10:16:00.983	1536226334757334															0			Unclassified	8																									1433	656	332			656	332	466	332	263.44	156.26					280.42	201.78	722.73		-34.01						748.65		4.44		0	4				
07/12/2018	3.3.2	Gaze Project	O4	3	M	Bilingual	G130	06/09/2018	89100	1280 x 720		Raw Data	Ord4_T1_R.avi	190	0	900	720									11971	10:16:00.992	1536226334765614															0	1139		Fixation	8	423	255	2.39	102.32	231.95																				1434	664	402	613	255	638	328	448	328	266.41	127.87	246.00	187.06	256.20	157.47	280.23	207.61	740.64	325.20	206.08	717.64					767.47	767.47	4.74	4.24	0	0				
07/12/2018	3.3.2	Gaze Project	O4	3	M	Bilingual	G130	06/09/2018	89100	1280 x 720		Raw Data	Ord4_T1_R.avi	190	0	900	720									11979	10:16:01.000	1536226334773949															0	1140		Fixation	8	487	275	2.13	342.59	240.27																				1435	688	253	677	275	682	264	492	264	276.10	188.04	271.82	179.10	273.96	183.57	280.64	201.74	722.61	325.32	205.94	717.70					748.53	748.53	4.20	4.32	0	0				
07/12/2018	3.3.2	Gaze Project	O4	3	M	Bilingual	G130	06/09/2018	89100	1280 x 720		Raw Data	Ord4_T1_R.avi	190	0	900	720									11988	10:16:01.008	1536226334782286															0	1141		Fixation	8	519	181	3.15	71.26	88.66																				1436	664	280	709	181	686	230	496	230	266.59	177.03	284.54	216.94	275.57	196.98	280.76	201.75	722.63	326.09	210.63	731.50					748.56	748.56	4.25	4.01	0	0				
07/12/2018	3.3.2	Gaze Project	O4	3	M	Bilingual	G130	06/09/2018	89100	1280 x 720		Raw Data	Ord4_T1_R.avi	190	0	900	720									11996	10:16:01.017	1536226334790635															0	1142		Fixation	8	468	205	1.78	205.27	134.02																				1437	662	270	658	205	660	237	470	237	265.91	181.16	263.96	207.24	264.93	194.20	282.49	208.43	742.19	325.58	205.96	717.51					769.27	769.27	4.34	4.15	0	0				
07/12/2018	3.3.2	Gaze Project	O4	3	M	Bilingual	G130	06/09/2018	89100	1280 x 720		Raw Data	Ord4_T1_R.avi	190	0	900	720									12004	10:16:01.025	1536226334799005															0			Unclassified	8																									1438	625	316			625	316	435	316	250.85	162.82					280.99	201.66	722.27		-34.01						748.19		4.35		0	4				
07/12/2018	3.3.2	Gaze Project	O4	3	M	Bilingual	G130	06/09/2018	89100	1280 x 720		Raw Data	Ord4_T1_R.avi	190	0	900	720									12013	10:16:01.033	1536226334807272															0	1143		Fixation	8	486	274	2.25	284.58	79.30																				1439	621	279	676	274	648	276	458	276	249.37	177.54	271.37	179.54	260.37	178.54	281.12	201.71	722.42	328.76	212.95	737.65					748.36	748.36	4.30	4.62	0	0				
07/12/2018	3.3.2	Gaze Project	O4	3	M	Bilingual	G130	06/09/2018	89100	1280 x 720		Raw Data	Ord4_T1_R.avi	190	0	900	720									12021	10:16:01.042	1536226334815599															0	1144		Fixation	8	475	232	1.37	104.63	180.06																				1440	643	272	665	232	654	252	464	252	258.28	180.48	266.86	196.60	262.57	188.54	281.22	201.62	722.08	325.92	205.76	717.08					748.01	748.01	4.28	4.15	0	0				
07/12/2018	3.3.2	Gaze Project	O4	3	M	Bilingual	G130	06/09/2018	89100	1280 x 720		Raw Data	Ord4_T1_R.avi	190	0	900	720									12029	10:16:01.050	1536226334823967															0			Unclassified	8																									1441	625	184			625	184	435	184	250.83	215.86					281.32	201.75	722.03		-34.01						748.00		3.67		0	4				
07/12/2018	3.3.2	Gaze Project	O4	3	M	Bilingual	G130	06/09/2018	89100	1280 x 720		Raw Data	Ord4_T1_R.avi	190	0	900	720									12038	10:16:01.058	1536226334832317															0	1145		Fixation	8	474	273	1.31	268.61	163.98																				1442	660	188	664	273	662	230	472	230	265.08	214.21	266.44	180.21	265.76	197.21	284.10	212.63	754.56	326.14	205.66	716.88					782.38	782.38	4.19	4.31	0	0				
07/12/2018	3.3.2	Gaze Project	O4	3	M	Bilingual	G130	06/09/2018	89100	1280 x 720		Raw Data	Ord4_T1_R.avi	190	0	900	720									12046	10:16:01.067	1536226334840595															0	1146		Fixation	8	478	218	1.77	85.85	177.25																				1443	645	287	668	218	656	252	466	252	258.99	174.31	268.08	202.24	263.53	188.28	281.53	201.59	721.88	326.25	205.67	716.94					747.82	747.82	4.26	4.21	0	0				
07/12/2018	3.3.2	Gaze Project	O4	3	M	Bilingual	G130	06/09/2018	89100	1280 x 720		Raw Data	Ord4_T1_R.avi	190	0	900	720									12054	10:16:01.075	1536226334848935															0	1147		Fixation	8	485	302	2.70	274.75	188.89																				1444	627	257	675	302	651	279	461	279	251.52	186.49	271.03	168.34	261.28	177.42	281.62	201.63	721.95	326.33	205.55	716.98					747.90	747.90	4.06	4.46	0	0				
07/12/2018	3.3.2	Gaze Project	O4	3	M	Bilingual	G130	06/09/2018	89100	1280 x 720		Raw Data	Ord4_T1_R.avi	190	0	900	720									12063	10:16:01.083	1536226334857267															0	1148		Fixation	8	428	333	2.01	208.62	293.87																				1445	629	298	618	333	623	315	433	315	252.48	169.77	248.07	155.95	250.27	162.86	281.72	201.57	721.73	331.14	216.79	749.03					747.68	747.68	4.31	4.76	0	0				
07/12/2018	3.3.2	Gaze Project	O4	3	M	Bilingual	G130	06/09/2018	89100	1280 x 720		Raw Data	Ord4_T1_R.avi	190	0	900	720									12071	10:16:01.092	1536226334865616															0	1149		Fixation	8	477	199	4.45	69.97	221.36																				1446	639	254	667	199	653	226	463	226	256.42	187.70	267.84	209.85	262.13	198.78	281.80	201.46	721.39	326.48	205.79	716.89					747.33	747.33	4.28	4.06	0	0				
07/12/2018	3.3.2	Gaze Project	O4	3	M	Bilingual	G130	06/09/2018	89100	1280 x 720		Raw Data	Ord4_T1_R.avi	190	0	900	720									12079	10:16:01.100	1536226334873988															0	1150		Fixation	8	447	360	5.24	259.48	189.50																				1447	643	305	637	360	640	332	450	332	258.17	167.15	255.75	145.06	256.96	156.11	281.87	201.48	721.42	326.57	205.45	716.30					747.36	747.36	4.56	4.72	0	0				
07/12/2018	3.3.2	Gaze Project	O4	3	M	Bilingual	G130	06/09/2018	89100	1280 x 720		Raw Data	Ord4_T1_R.avi	190	0	900	720									12088	10:16:01.108	1536226334882256															0	1151		Fixation	8	470	261	3.24	76.96	177.48																				1448	644	341	660	261	652	301	462	301	258.69	152.67	265.01	184.64	261.85	168.66	281.94	201.51	721.55	326.54	205.58	716.25					747.50	747.50	4.41	4.17	0	0				
07/12/2018	3.3.2	Gaze Project	O4	3	M	Bilingual	G130	06/09/2018	89100	1280 x 720		Raw Data	Ord4_T1_R.avi	190	0	900	720									12096	10:16:01.117	1536226334890601															0	1152		Fixation	8	493	305	1.59	297.52	220.56																				1449	647	298	683	305	665	301	475	301	259.90	170.05	274.29	167.17	267.09	168.61	282.00	201.63	721.50	326.69	205.34	716.35					747.49	747.49	4.18	4.49	0	0				
07/12/2018	3.3.2	Gaze Project	O4	3	M	Bilingual	G130	06/09/2018	89100	1280 x 720		Raw Data	Ord4_T1_R.avi	190	0	900	720									12104	10:16:01.125	1536226334898943															0	1153		Fixation	8	463	223	2.75	110.04	172.51																				1450	640	274	653	223	646	248	456	248	257.02	179.66	262.13	199.99	259.58	189.83	282.05	201.39	721.20	330.31	213.88	740.49					747.14	747.14	4.26	4.43	0	0				
07/12/2018	3.3.2	Gaze Project	O4	3	M	Bilingual	G130	06/09/2018	89100	1280 x 720		Raw Data	Ord4_T1_R.avi	190	0	900	720									12113	10:16:01.133	1536226334907286															0	1154		Fixation	8	464	293	2.21	270.82	160.78																				1451	642	284	654	293	648	288	458	288	257.51	175.77	262.32	171.86	259.92	173.81	282.09	201.41	721.29	326.78	205.34	715.95					747.22	747.22	4.21	4.36	0	0				
07/12/2018	3.3.2	Gaze Project	O4	3	M	Bilingual	G130	06/09/2018	89100	1280 x 720		Raw Data	Ord4_T1_R.avi	190	0	900	720									12121	10:16:01.142	1536226334915657															0	1155		Fixation	8	422	299	1.31	188.16	277.34																				1452			612	299	612	299	422	299			245.54	169.44						332.43	218.59	754.21						0.00		4.79	4	0				
07/12/2018	3.3.2	Gaze Project	O4	3	M	Bilingual	G130	06/09/2018	89100	1280 x 720		Raw Data	Ord4_T1_R.avi	190	0	900	720									12129	10:16:01.150	1536226334923919															0	1156		Fixation	8	486	166	4.55	64.37	236.22																				1453	655	272	676	166	665	219	475	219	262.79	180.58	271.44	223.00	267.11	201.79	282.16	201.45	721.44	327.50	209.80	729.35					747.38	747.38	4.24	4.04	0	0				
07/12/2018	3.3.2	Gaze Project	O4	3	M	Bilingual	G130	06/09/2018	89100	1280 x 720		Raw Data	Ord4_T1_R.avi	190	0	900	720									12138	10:16:01.158	1536226334932254															0	1157		Fixation	8	464	390	7.14	264.41	200.03																				1454	658	244	654	390	656	317	466	317	263.95	191.74	262.35	133.08	263.15	162.41	282.21	201.36	721.15	326.89	205.26	715.67					747.08	747.08	4.20	4.88	0	0				
07/12/2018	3.3.2	Gaze Project	O4	3	M	Bilingual	G130	06/09/2018	89100	1280 x 720		Raw Data	Ord4_T1_R.avi	190	0	900	720									12146	10:16:01.167	1536226334940611															0	1158		Fixation	8	500	277	3.78	72.38	167.97																				1455	641	157	690	277	665	217	475	217	257.28	226.65	277.13	178.22	267.20	202.43	284.73	211.32	750.57	326.92	205.16	715.72					778.21	778.21	4.10	4.34	0	0				
07/12/2018	3.3.2	Gaze Project	O4	3	M	Bilingual	G130	06/09/2018	89100	1280 x 720		Raw Data	Ord4_T1_R.avi	190	0	900	720									12154	10:16:01.175	1536226334948971															0	1159		Fixation	8	465	275	1.09	176.72	104.34																				1456	628	376	655	275	641	325	451	325	252.19	138.70	263.10	179.06	257.65	158.88	282.32	201.25	720.81	331.83	216.64	748.49					746.73	746.73	4.52	4.87	0	0				
07/12/2018	3.3.2	Gaze Project	O4	3	M	Bilingual	G130	06/09/2018	89100	1280 x 720		Raw Data	Ord4_T1_R.avi	190	0	900	720									12163	10:16:01.183	1536226334957250															0	1160		Fixation	8	450	301	0.93	240.10	63.38																				1457	619	196	640	301	629	248	439	248	248.50	211.06	256.71	168.55	252.61	189.81	282.34	202.06	723.61	327.64	206.72	719.49					749.63	749.63	3.76	4.36	0	0				
07/12/2018	3.3.2	Gaze Project	O4	3	M	Bilingual	G130	06/09/2018	89100	1280 x 720		Raw Data	Ord4_T1_R.avi	190	0	900	720									12171	10:16:01.192	1536226334965586															0	1161		Fixation	8	458	242	1.90	82.30	202.20																				1458	662	276	648	242	655	259	465	259	265.64	178.99	260.07	192.43	262.85	185.71	282.45	201.33	721.01	327.53	206.26	718.22					746.94	746.94	4.04	4.06	0	0				
07/12/2018	3.3.2	Gaze Project	O4	3	M	Bilingual	G130	06/09/2018	89100	1280 x 720		Raw Data	Ord4_T1_R.avi	190	0	900	720									12179	10:16:01.200	1536226334973924															0	1162		Fixation	8	444	316	2.40	259.32	177.02																				1459	649	224	634	316	641	270	451	270	260.37	199.64	254.54	162.87	257.46	181.25	282.52	201.29	720.87	327.91	206.94	720.16					746.80	746.80	3.89	4.26	0	0				
07/12/2018	3.3.2	Gaze Project	O4	3	M	Bilingual	G130	06/09/2018	89100	1280 x 720		Raw Data	Ord4_T1_R.avi	190	0	900	720									12188	10:16:01.208	1536226334982284															0	1163		Fixation	8	495	287	1.86	29.70	130.38																				1460	649	326	685	287	667	306	477	306	260.39	158.76	274.88	174.44	267.64	166.60	282.61	201.28	720.83	327.24	205.16	714.99					746.76	746.76	4.35	4.28	0	0				
07/12/2018	3.3.2	Gaze Project	O4	3	M	Bilingual	G130	06/09/2018	89100	1280 x 720		Raw Data	Ord4_T1_R.avi	190	0	900	720									12196	10:16:01.217	1536226334990639															0	1164		Fixation	8	459	348	2.26	239.53	209.83																				1461	639	403	649	348	644	375	454	375	256.66	127.82	260.40	149.92	258.53	138.87	282.65	201.22	720.23	327.39	205.16	715.41					746.17	746.17	4.62	4.58	0	0				
07/12/2018	3.3.2	Gaze Project	O4	3	M	Bilingual	G130	06/09/2018	89100	1280 x 720		Raw Data	Ord4_T1_R.avi	190	0	900	720									12204	10:16:01.225	1536226334998908															0	1165		Fixation	8	452	286	1.99	96.42	216.89																				1462	682	233	642	286	662	259	472	259	273.77	196.23	257.51	174.79	265.64	185.51	282.72	202.61	725.12	327.87	206.17	718.01					751.25	751.25	3.88	4.26	0	0				
07/12/2018	3.3.2	Gaze Project	O4	3	M	Bilingual	G130	06/09/2018	89100	1280 x 720		Raw Data	Ord4_T1_R.avi	190	0	900	720									12213	10:16:01.233	1536226335007264															0	1166		Fixation	8	447	335	1.57	264.19	167.77																				1463	663	201	637	335	650	268	460	268	266.13	209.04	255.51	155.11	260.82	182.07	282.90	201.51	721.08	327.57	205.12	715.34					747.09	747.09	3.76	4.42	0	0				
07/12/2018	3.3.2	Gaze Project	O4	3	M	Bilingual	G130	06/09/2018	89100	1280 x 720		Raw Data	Ord4_T1_R.avi	190	0	900	720									12221	10:16:01.242	1536226335015595															0	1167		Fixation	8	448	306	0.93	88.03	183.84																				1464	679	265	638	306	658	285	468	285	272.72	183.33	256.29	166.79	264.51	175.06	282.94	201.21	720.58	328.03	206.10	717.89					746.51	746.51	3.94	4.37	0	0				
07/12/2018	3.3.2	Gaze Project	O4	3	M	Bilingual	G130	06/09/2018	89100	1280 x 720		Raw Data	Ord4_T1_R.avi	190	0	900	720									12229	10:16:01.250	1536226335023951															0	1168		Fixation	8	424	437	4.22	259.65	171.62																				1465	644	234	614	437	629	335	439	335	258.53	195.87	246.52	114.07	252.53	154.97	283.01	201.16	720.50	327.71	204.96	715.09					746.42	746.42	3.75	4.63	0	0				
07/12/2018	3.3.2	Gaze Project	O4	3	M	Bilingual	G130	06/09/2018	89100	1280 x 720		Raw Data	Ord4_T1_R.avi	190	0	900	720									12238	10:16:01.258	1536226335032307															0			Unclassified	8																									1466	687	258			687	258	497	258	275.66	185.91					283.13	201.35	720.76		-34.01						746.74		3.50		0	4				
07/12/2018	3.3.2	Gaze Project	O4	3	M	Bilingual	G130	06/09/2018	89100	1280 x 720		Raw Data	Ord4_T1_R.avi	190	0	900	720									12246	10:16:01.267	1536226335040571															0	1169		Fixation	8	453	313	4.04	76.88	177.23																				1467	679	329	643	313	661	321	471	321	272.68	157.49	258.14	163.73	265.41	160.61	283.17	201.04	720.40	328.02	205.36	716.14					746.30	746.30	3.96	4.22	0	0				
07/12/2018	3.3.2	Gaze Project	O4	3	M	Bilingual	G130	06/09/2018	89100	1280 x 720		Raw Data	Ord4_T1_R.avi	190	0	900	720									12254	10:16:01.275	1536226335048907															0	1170		Fixation	8	449	469	4.93	268.54	191.66																				1468	630	238	639	469	634	353	444	353	253.05	193.90	256.61	101.15	254.83	147.52	283.54	202.34	723.86	328.25	207.01	721.82					750.01	750.01	3.52	4.81	0	0				
07/12/2018	3.3.2	Gaze Project	O4	3	M	Bilingual	G130	06/09/2018	89100	1280 x 720		Raw Data	Ord4_T1_R.avi	190	0	900	720									12263	10:16:01.283	1536226335057257															0	1171		Fixation	8	417	447	1.22	145.41	236.87																				1469	643	415	607	447	625	431	435	431	257.93	122.80	243.84	109.95	250.89	116.37	283.30	200.96	720.29	328.31	205.64	717.10					746.17	746.17	4.38	4.53	0	0				
07/12/2018	3.3.2	Gaze Project	O4	3	M	Bilingual	G130	06/09/2018	89100	1280 x 720		Raw Data	Ord4_T1_R.avi	190	0	900	720									12271	10:16:01.292	1536226335065621															0	1172		Fixation	8	439	440	0.72	17.70	232.30																				1470	647	350	629	440	638	395	448	395	259.68	148.90	252.43	112.72	256.05	130.81	283.38	200.94	720.28	328.05	204.69	714.79					746.16	746.16	4.11	4.63	0	0				
07/12/2018	3.3.2	Gaze Project	O4	3	M	Bilingual	G130	06/09/2018	89100	1280 x 720		Raw Data	Ord4_T1_R.avi	190	0	900	720									12279	10:16:01.300	1536226335073899															0	1173		Fixation	8	451	377	2.03	79.25	61.55																				1471	677	285	641	377	659	331	469	331	271.82	175.09	257.35	138.16	264.59	156.62	283.45	200.91	720.25	328.13	204.69	714.84					746.12	746.12	3.99	4.50	0	0				
07/12/2018	3.3.2	Gaze Project	O4	3	M	Bilingual	G130	06/09/2018	89100	1280 x 720		Raw Data	Ord4_T1_R.avi	190	0	900	720									12288	10:16:01.308	1536226335082241															0	1174		Fixation	8	461	428	1.65	281.06	201.81																				1472	655	275	651	428	653	351	463	351	262.76	179.20	261.14	117.63	261.95	148.41	283.53	200.87	720.17	328.54	205.54	716.99					746.04	746.04	3.75	4.39	0	0				
07/12/2018	3.3.2	Gaze Project	O4	3	M	Bilingual	G130	06/09/2018	89100	1280 x 720		Raw Data	Ord4_T1_R.avi	190	0	900	720									12296	10:16:01.317	1536226335090576															0	1175		Fixation	8	440	418	0.74	154.46	233.41																				1473	673	264	630	418	651	341	461	341	270.29	183.45	252.71	121.77	261.50	152.61	283.73	201.51	721.65	328.29	204.62	714.75					747.65	747.65	3.65	4.57	0	0				
07/12/2018	3.3.2	Gaze Project	O4	3	M	Bilingual	G130	06/09/2018	89100	1280 x 720		Raw Data	Ord4_T1_R.avi	190	0	900	720									12304	10:16:01.325	1536226335098935															0	1176		Fixation	8	472	396	1.23	34.59	240.13																				1474			662	396	662	396	472	396			265.55	130.42						328.37	204.50	714.80						0.00		4.53	4	0				
07/12/2018	3.3.2	Gaze Project	O4	3	M	Bilingual	G130	06/09/2018	89100	1280 x 720		Raw Data	Ord4_T1_R.avi	190	0	900	720									12313	10:16:01.333	1536226335107292															0	1177		Fixation	8	489	420	0.93	305.22	270.63																				1475			679	420	679	420	489	420			272.59	120.84						328.75	206.52	720.76						0.00		4.72	4	0				
07/12/2018	3.3.2	Gaze Project	O4	3	M	Bilingual	G130	06/09/2018	89100	1280 x 720		Raw Data	Ord4_T1_R.avi	190	0	900	720									12321	10:16:01.342	1536226335115557															0	1178		Fixation	8	466	373	1.66	116.00	170.78																				1476	659	252	656	373	657	312	467	312	264.64	188.37	263.38	139.59	264.01	163.98	283.85	200.83	720.13	329.16	206.13	718.82					746.00	746.00	3.65	4.39	0	0				
07/12/2018	3.3.2	Gaze Project	O4	3	M	Bilingual	G130	06/09/2018	89100	1280 x 720		Raw Data	Ord4_T1_R.avi	190	0	900	720									12329	10:16:01.350	1536226335123898															0	1179		Fixation	8	432	422	1.88	235.33	119.33																				1477			622	422	622	422	432	422			249.56	120.02						328.61	204.54	714.58						0.00		4.66	4	0				
07/12/2018	3.3.2	Gaze Project	O4	3	M	Bilingual	G130	06/09/2018	89100	1280 x 720		Raw Data	Ord4_T1_R.avi	190	0	900	720									12338	10:16:01.358	1536226335132248															0	1180		Fixation	8	446	404	0.72	52.21	176.88																				1478	640	469	636	404	638	436	448	436	256.90	101.22	255.26	127.14	256.08	114.18	284.00	200.80	720.03	328.69	204.57	714.64					745.90	745.90	4.71	4.49	0	0				
07/12/2018	3.3.2	Gaze Project	O4	3	M	Bilingual	G130	06/09/2018	89100	1280 x 720		Raw Data	Ord4_T1_R.avi	190	0	900	720									12346	10:16:01.367	1536226335140606															0	1181		Fixation	8	438	384	0.68	111.74	59.52																				1479	648	333	628	384	638	358	448	358	259.98	155.73	252.09	135.31	256.04	145.52	284.08	200.82	720.09	329.37	206.04	718.58					745.96	745.96	4.16	4.49	0	0				
07/12/2018	3.3.2	Gaze Project	O4	3	M	Bilingual	G130	06/09/2018	89100	1280 x 720		Raw Data	Ord4_T1_R.avi	190	0	900	720									12354	10:16:01.375	1536226335148960															0	1182		Fixation	8	448	403	0.68	297.68	185.94																				1480			638	403	638	403	448	403			256.23	127.68						328.84	204.54	714.55						0.00		4.51	4	0				
07/12/2018	3.3.2	Gaze Project	O4	3	M	Bilingual	G130	06/09/2018	89100	1280 x 720		Raw Data	Ord4_T1_R.avi	190	0	900	720									12362	10:16:01.383	1536226335157224															0	1183		Fixation	8	443	458	1.75	264.82	327.14																				1481			633	458	633	458	443	458			254.29	105.67						328.92	204.43	714.60						0.00		4.80	4	0				
07/12/2018	3.3.2	Gaze Project	O4	3	M	Bilingual	G130	06/09/2018	89100	1280 x 720		Raw Data	Ord4_T1_R.avi	190	0	900	720									12371	10:16:01.392	1536226335165555															0	1184		Fixation	8	447	388	2.21	86.74	181.92																				1482	643	464	637	388	640	426	450	426	257.93	103.21	255.71	133.78	256.82	118.49	284.29	200.79	719.91	329.27	206.36	720.28					745.80	745.80	4.71	4.83	0	0				
07/12/2018	3.3.2	Gaze Project	O4	3	M	Bilingual	G130	06/09/2018	89100	1280 x 720		Raw Data	Ord4_T1_R.avi	190	0	900	720									12379	10:16:01.400	1536226335173917															0	1185		Fixation	8	458	321	2.15	80.71	353.97																				1483	619	234	648	321	633	277	443	277	248.36	195.89	260.11	160.70	254.23	178.30	284.36	200.70	719.95	329.49	205.63	717.36					745.81	745.81	3.81	4.17	0	0				
07/12/2018	3.3.2	Gaze Project	O4	3	M	Bilingual	G130	06/09/2018	89100	1280 x 720		Raw Data	Ord4_T1_R.avi	190	0	900	720									12388	10:16:01.408	1536226335182272															0	1186		Fixation	8	390	409	3.50	232.39	151.69																				1484	658	309	580	409	619	359	429	359	264.02	165.43	232.97	125.07	248.50	145.25	284.43	200.77	719.83	329.62	205.75	717.69					745.72	745.72	3.93	4.41	0	0				
07/12/2018	3.3.2	Gaze Project	O4	3	M	Bilingual	G130	06/09/2018	89100	1280 x 720		Raw Data	Ord4_T1_R.avi	190	0	900	720									12396	10:16:01.417	1536226335190551															0			Unclassified	8																									1485	675	227			675	227	485	227	270.89	198.57					284.50	200.77	719.81		-34.01						745.70		3.67		0	4				
07/12/2018	3.3.2	Gaze Project	O4	3	M	Bilingual	G130	06/09/2018	89100	1280 x 720		Raw Data	Ord4_T1_R.avi	190	0	900	720									12404	10:16:01.425	1536226335198902															0	1187		Fixation	8	447	444	2.12	328.37	95.97																				1486	617	303	637	444	627	373	437	373	247.76	168.00	255.56	110.98	251.66	139.49	284.58	200.69	719.84	329.28	204.52	714.46					745.71	745.71	4.12	4.58	0	0				
07/12/2018	3.3.2	Gaze Project	O4	3	M	Bilingual	G130	06/09/2018	89100	1280 x 720		Raw Data	Ord4_T1_R.avi	190	0	900	720									12412	10:16:01.433	1536226335207229															0	1188		Fixation	8	470	430	0.85	31.41	63.04																				1487	643	220	660	430	651	325	461	325	258.12	201.35	265.06	116.82	261.59	159.09	284.61	201.52	722.32	329.35	204.41	714.50					748.32	748.32	3.83	4.81	0	0				
07/12/2018	3.3.2	Gaze Project	O4	3	M	Bilingual	G130	06/09/2018	89100	1280 x 720		Raw Data	Ord4_T1_R.avi	190	0	900	720									12421	10:16:01.442	1536226335215573															0			Unclassified	8																									1488	656	245			656	245	466	245	263.36	191.13					284.77	201.20	720.54		-34.01						746.54		3.48		0	4				
07/12/2018	3.3.2	Gaze Project	O4	3	M	Bilingual	G130	06/09/2018	89100	1280 x 720		Raw Data	Ord4_T1_R.avi	190	0	900	720									12429	10:16:01.450	1536226335223941															0	1189		Fixation	8	427	408	1.54	152.83	121.42																				1489	634	333	617	408	625	370	435	370	254.59	155.78	247.53	125.59	251.06	140.68	284.76	200.76	719.62	329.49	204.52	714.43					745.53	745.53	4.17	4.55	0	0				
07/12/2018	3.3.2	Gaze Project	O4	3	M	Bilingual	G130	06/09/2018	89100	1280 x 720		Raw Data	Ord4_T1_R.avi	190	0	900	720									12437	10:16:01.458	1536226335232206															0	1190		Fixation	8	400	496	2.88	252.99	100.17																				1490	649	415	590	496	619	455	429	455	260.56	122.92	236.69	90.35	248.62	106.64	284.82	200.75	719.56	330.12	205.92	718.13					745.47	745.47	4.37	4.68	0	0				
07/12/2018	3.3.2	Gaze Project	O4	3	M	Bilingual	G130	06/09/2018	89100	1280 x 720		Raw Data	Ord4_T1_R.avi	190	0	900	720									12446	10:16:01.467	1536226335240550															0	1191		Fixation	8	420	461	1.25	60.33	167.34																				1491	642	258	610	461	626	359	436	359	257.54	185.92	244.74	104.29	251.14	145.11	284.86	201.57	722.32	329.61	204.48	714.30					748.35	748.35	3.95	4.73	0	0				
07/12/2018	3.3.2	Gaze Project	O4	3	M	Bilingual	G130	06/09/2018	89100	1280 x 720		Raw Data	Ord4_T1_R.avi	190	0	900	720									12454	10:16:01.475	1536226335248898															0			Unclassified	8																									1492																			-34.01										4	4				
07/12/2018	3.3.2	Gaze Project	O4	3	M	Bilingual	G130	06/09/2018	89100	1280 x 720		Raw Data	Ord4_T1_R.avi	190	0	900	720									12463	10:16:01.483	1536226335257259															0	1192		Fixation	8	458	388	2.59	62.58	2.24																				1493	641	340	648	388	644	364	454	364	257.11	153.07	259.91	133.57	258.51	143.32	285.01	200.78	719.56	329.74	204.45	714.24					745.49	745.49	4.05	4.56	0	0				
07/12/2018	3.3.2	Gaze Project	O4	3	M	Bilingual	G130	06/09/2018	89100	1280 x 720		Raw Data	Ord4_T1_R.avi	190	0	900	720									12471	10:16:01.492	1536226335265612															0	1193		Fixation	8	405	460	2.81	233.73	171.15																				1494	633	234	595	460	614	347	424	347	253.98	195.53	238.99	104.63	246.49	150.08	285.07	200.80	719.55	329.80	204.44	714.23					745.49	745.49	3.71	4.72	0	0				
07/12/2018	3.3.2	Gaze Project	O4	3	M	Bilingual	G130	06/09/2018	89100	1280 x 720		Raw Data	Ord4_T1_R.avi	190	0	900	720									12479	10:16:01.500	1536226335273883															0			Unclassified	8																									1495	645	250			645	250	455	250	258.99	189.46					285.11	200.87	719.27		-34.01						745.25		3.56		0	4				
07/12/2018	3.3.2	Gaze Project	O4	3	M	Bilingual	G130	06/09/2018	89100	1280 x 720		Raw Data	Ord4_T1_R.avi	190	0	900	720									12487	10:16:01.508	1536226335282205															0	1194		Fixation	8	453	364	3.37	63.51	189.78																				1496	628	412	643	364	635	388	445	388	251.90	123.85	257.91	143.50	254.91	133.68	285.20	200.81	719.53	330.55	205.93	718.24					745.48	745.48	4.53	4.33	0	0				
07/12/2018	3.3.2	Gaze Project	O4	3	M	Bilingual	G130	06/09/2018	89100	1280 x 720		Raw Data	Ord4_T1_R.avi	190	0	900	720									12496	10:16:01.517	1536226335290556															0	1195		Fixation	8	401	484	4.09	246.64	183.13																				1497	653	497	591	484	622	490	432	490	262.01	89.90	237.20	94.92	249.61	92.41	285.26	200.79	719.41	330.73	206.14	718.88					745.36	745.36	4.59	4.68	0	0				
07/12/2018	3.3.2	Gaze Project	O4	3	M	Bilingual	G130	06/09/2018	89100	1280 x 720		Raw Data	Ord4_T1_R.avi	190	0	900	720									12504	10:16:01.525	1536226335298925															0	1196		Fixation	8	447	407	2.80	59.23	172.59																				1498			637	407	637	407	447	407			255.54	125.95						330.25	204.87	715.21						0.00		4.37	4	0				
07/12/2018	3.3.2	Gaze Project	O4	3	M	Bilingual	G130	06/09/2018	89100	1280 x 720		Raw Data	Ord4_T1_R.avi	190	0	900	720									12512	10:16:01.533	1536226335307194															0	1197		Fixation	8	422	468	2.07	247.78	188.55																				1499	642	371	612	468	627	419	437	419	257.77	140.38	245.53	101.30	251.65	120.84	285.40	200.82	719.40	330.15	204.36	714.09					745.37	745.37	4.39	4.74	0	0				
07/12/2018	3.3.2	Gaze Project	O4	3	M	Bilingual	G130	06/09/2018	89100	1280 x 720		Raw Data	Ord4_T1_R.avi	190	0	900	720									12521	10:16:01.542	1536226335315537															0			Unclassified	8																									1500	647	456			647	456	457	456	259.79	106.36					285.47	200.82	719.31		-34.01						745.28		4.73		0	4				
07/12/2018	3.3.2	Gaze Project	O4	3	M	Bilingual	G130	06/09/2018	89100	1280 x 720		Raw Data	Ord4_T1_R.avi	190	0	900	720									12529	10:16:01.550	1536226335323881															0			Unclassified	8																									1501	612	359			612	359	422	359	245.71	145.55					285.55	200.90	719.33		-34.01						745.33		4.71		0	4				
07/12/2018	3.3.2	Gaze Project	O4	3	M	Bilingual	G130	06/09/2018	89100	1280 x 720		Raw Data	Ord4_T1_R.avi	190	0	900	720									12538	10:16:01.558	1536226335332238															0			Unclassified	8																									1502	578	334			578	334	388	334	232.08	155.45					288.60	212.29	752.84		-34.01						780.81		4.93		0	4				
07/12/2018	3.3.2	Gaze Project	O4	3	M	Bilingual	G130	06/09/2018	89100	1280 x 720		Raw Data	Ord4_T1_R.avi	190	0	900	720									12546	10:16:01.567	1536226335340594															0	1198		Fixation	8	425	422	1.45	86.28	198.50																				1503	644	377	615	422	629	399	439	399	258.36	138.25	246.79	120.06	252.58	129.16	285.69	200.84	719.36	330.41	204.45	714.10					745.34	745.34	4.81	4.88	0	0				
07/12/2018	3.3.2	Gaze Project	O4	3	M	Bilingual	G130	06/09/2018	89100	1280 x 720		Raw Data	Ord4_T1_R.avi	190	0	900	720									12554	10:16:01.575	1536226335348862															0	1199		Fixation	8	459	266	5.09	77.74	351.46																				1504	631	187	649	266	640	226	450	226	253.38	214.54	260.46	182.71	256.92	198.63	285.73	201.08	719.26	330.48	204.40	713.96					745.33	745.33	3.92	4.33	0	0				
07/12/2018	3.3.2	Gaze Project	O4	3	M	Bilingual	G130	06/09/2018	89100	1280 x 720		Raw Data	Ord4_T1_R.avi	190	0	900	720									12562	10:16:01.583	1536226335357209															0	1200		Fixation	8	429	196	2.36	113.13	35.39																				1505	625	294	619	196	622	245	432	245	250.74	171.56	248.49	211.01	249.62	191.28	285.81	200.91	719.12	338.05	221.38	763.29					745.14	745.14	4.41	4.79	0	0				
07/12/2018	3.3.2	Gaze Project	O4	3	M	Bilingual	G130	06/09/2018	89100	1280 x 720		Raw Data	Ord4_T1_R.avi	190	0	900	720									12571	10:16:01.592	1536226335365550															0	1201		Fixation	8	446	229	1.14	297.18	184.05																				1506	562	284	636	229	599	256	409	256	225.70	175.74	255.37	197.90	240.53	186.82	285.74	205.41	732.98	331.52	210.08	730.97					759.71	759.71	4.52	4.47	0	0				
07/12/2018	3.3.2	Gaze Project	O4	3	M	Bilingual	G130	06/09/2018	89100	1280 x 720		Raw Data	Ord4_T1_R.avi	190	0	900	720									12579	10:16:01.600	1536226335373917															0	1202		Fixation	8	406	349	3.99	251.62	314.44																				1507	631	421	596	349	613	385	423	385	253.42	120.25	239.19	149.39	246.31	134.82	285.92	201.06	719.06	330.68	204.40	713.95					745.13	745.13	4.90	4.59	0	0				
07/12/2018	3.3.2	Gaze Project	O4	3	M	Bilingual	G130	06/09/2018	89100	1280 x 720		Raw Data	Ord4_T1_R.avi	190	0	900	720									12588	10:16:01.608	1536226335382265															0	1203		Fixation	8	452	331	1.56	21.43	129.81																				1508	646	355	642	331	644	343	454	343	259.38	146.90	257.56	156.74	258.47	151.82	285.98	200.89	718.91	330.75	204.52	713.90					744.94	744.94	4.68	4.57	0	0				
07/12/2018	3.3.2	Gaze Project	O4	3	M	Bilingual	G130	06/09/2018	89100	1280 x 720		Raw Data	Ord4_T1_R.avi	190	0	900	720									12596	10:16:01.617	1536226335390526															0	1204		Fixation	8	446	237	3.02	93.64	72.21																				1509	646	247	636	237	641	242	451	242	259.31	190.28	255.47	194.64	257.39	192.46	285.95	204.57	730.28	330.80	204.33	713.74					756.88	756.88	4.40	4.18	0	0				
07/12/2018	3.3.2	Gaze Project	O4	3	M	Bilingual	G130	06/09/2018	89100	1280 x 720		Raw Data	Ord4_T1_R.avi	190	0	900	720									12604	10:16:01.625	1536226335398858															0	1205		Fixation	8	422	317	2.67	253.35	159.71																				1510	616	235	612	317	614	276	424	276	247.24	195.26	245.62	162.13	246.43	178.69	286.10	200.94	718.97	330.87	204.37	713.84					745.02	745.02	4.03	4.53	0	0				
07/12/2018	3.3.2	Gaze Project	O4	3	M	Bilingual	G130	06/09/2018	89100	1280 x 720		Raw Data	Ord4_T1_R.avi	190	0	900	720									12612	10:16:01.633	1536226335407220															0	1206		Fixation	8	412	422	3.35	264.58	11.23																				1511	625	322	602	422	613	372	423	372	251.05	160.12	241.51	120.14	246.28	140.13	286.15	200.84	718.65	330.93	204.48	713.79					744.69	744.69	4.58	4.67	0	0				
07/12/2018	3.3.2	Gaze Project	O4	3	M	Bilingual	G130	06/09/2018	89100	1280 x 720		Raw Data	Ord4_T1_R.avi	190	0	900	720									12621	10:16:01.642	1536226335415578															0	1207		Fixation	8	430	332	2.91	78.73	174.15																				1512	654	315	620	332	637	323	447	323	262.64	162.94	249.02	156.26	255.83	159.60	286.21	200.89	718.77	330.97	204.28	713.59					744.82	744.82	4.52	4.52	0	0				
07/12/2018	3.3.2	Gaze Project	O4	3	M	Bilingual	G130	06/09/2018	89100	1280 x 720		Raw Data	Ord4_T1_R.avi	190	0	900	720									12629	10:16:01.650	1536226335423845															0	1208		Fixation	8	419	385	1.72	258.31	179.59																				1513	614	411	609	385	611	398	421	398	246.37	124.30	244.60	134.85	245.49	129.58	286.26	201.03	718.72	331.01	204.18	713.63					744.81	744.81	4.94	4.68	0	0				
07/12/2018	3.3.2	Gaze Project	O4	3	M	Bilingual	G130	06/09/2018	89100	1280 x 720		Raw Data	Ord4_T1_R.avi	190	0	900	720									12637	10:16:01.658	1536226335432208															0	1209		Fixation	8	447	277	3.44	75.51	177.20																				1514	621	356	637	277	629	316	439	316	249.20	146.75	255.59	178.20	252.39	162.47	286.32	200.94	718.86	338.38	220.74	761.34					744.92	744.92	4.70	5.03	0	0				
07/12/2018	3.3.2	Gaze Project	O4	3	M	Bilingual	G130	06/09/2018	89100	1280 x 720		Raw Data	Ord4_T1_R.avi	190	0	900	720									12646	10:16:01.667	1536226335440535															0	1210		Fixation	8	448	326	1.49	271.17	195.66																				1515	664	368	638	326	651	347	461	347	266.58	141.69	256.21	158.47	261.40	150.08	286.35	200.82	718.90	335.83	214.89	744.22					744.93	744.93	4.55	5.02	0	0				
07/12/2018	3.3.2	Gaze Project	O4	3	M	Bilingual	G130	06/09/2018	89100	1280 x 720		Raw Data	Ord4_T1_R.avi	190	0	900	720									12654	10:16:01.675	1536226335448889															0	1211		Fixation	8	438	321	0.35	153.36	242.20																				1516	662	172	628	321	645	246	455	246	265.59	220.59	252.23	160.76	258.91	190.68	286.43	201.08	718.80	331.18	204.28	713.52					744.92	744.92	3.75	4.45	0	0				
07/12/2018	3.3.2	Gaze Project	O4	3	M	Bilingual	G130	06/09/2018	89100	1280 x 720		Raw Data	Ord4_T1_R.avi	190	0	900	720									12663	10:16:01.683	1536226335457251															0	1212		Fixation	8	513	198	4.62	58.71	265.35																				1517	669	429	703	198	686	313	496	313	268.48	117.05	282.07	210.34	275.28	163.69	286.48	201.09	718.79	331.22	204.17	713.56					744.92	744.92	4.91	3.87	0	0				
07/12/2018	3.3.2	Gaze Project	O4	3	M	Bilingual	G130	06/09/2018	89100	1280 x 720		Raw Data	Ord4_T1_R.avi	190	0	900	720									12671	10:16:01.692	1536226335465513															0	1213		Fixation	8	462	350	5.15	251.51	192.80																				1518	655	430	652	350	653	390	463	390	263.10	116.60	261.60	148.86	262.35	132.73	286.51	200.91	718.66	331.28	204.27	713.46					744.74	744.74	4.72	4.59	0	0				
07/12/2018	3.3.2	Gaze Project	O4	3	M	Bilingual	G130	06/09/2018	89100	1280 x 720		Raw Data	Ord4_T1_R.avi	190	0	900	720									12679	10:16:01.700	1536226335473840															0			Unclassified	8																									1519	634	354			634	354	444	354	254.34	147.32					286.56	200.92	718.62		-34.01						744.70		4.68		0	4				
07/12/2018	3.3.2	Gaze Project	O4	3	M	Bilingual	G130	06/09/2018	89100	1280 x 720		Raw Data	Ord4_T1_R.avi	190	0	900	720									12687	10:16:01.708	1536226335482203															0	1214		Fixation	8	421	374	1.50	210.42	318.92																				1520	632	371	611	374	621	372	431	372	253.58	140.67	245.38	139.29	249.48	139.98	286.61	200.81	718.26	331.39	204.27	713.42					744.33	744.33	4.64	4.65	0	0				
07/12/2018	3.3.2	Gaze Project	O4	3	M	Bilingual	G130	06/09/2018	89100	1280 x 720		Raw Data	Ord4_T1_R.avi	190	0	900	720									12696	10:16:01.717	1536226335490563															0			Unclassified	8																									1521	640	340			640	340	450	340	256.94	153.11					286.56	205.05	731.31		-34.01						758.03		4.63		0	4				
07/12/2018	3.3.2	Gaze Project	O4	3	M	Bilingual	G130	06/09/2018	89100	1280 x 720		Raw Data	Ord4_T1_R.avi	190	0	900	720									12704	10:16:01.725	1536226335498840															0	1215		Fixation	8	429	283	2.86	84.99	234.57																				1522	638	371	619	283	628	327	438	327	256.07	140.56	248.60	176.08	252.33	158.32	286.72	200.87	718.34	335.81	213.98	741.35					744.43	744.43	4.69	4.69	0	0				
07/12/2018	3.3.2	Gaze Project	O4	3	M	Bilingual	G130	06/09/2018	89100	1280 x 720		Raw Data	Ord4_T1_R.avi	190	0	900	720									12712	10:16:01.733	1536226335507179															0	1216		Fixation	8	457	336	1.89	297.77	212.78																				1523	631	334	647	336	639	335	449	335	253.18	155.34	259.66	154.57	256.42	154.96	286.77	200.86	718.24	331.53	204.20	713.45					744.33	744.33	4.48	4.70	0	0				
07/12/2018	3.3.2	Gaze Project	O4	3	M	Bilingual	G130	06/09/2018	89100	1280 x 720		Raw Data	Ord4_T1_R.avi	190	0	900	720									12721	10:16:01.742	1536226335515513															0			Unclassified	8																									1524																			-34.01										4	4				
07/12/2018	3.3.2	Gaze Project	O4	3	M	Bilingual	G130	06/09/2018	89100	1280 x 720		Raw Data	Ord4_T1_R.avi	190	0	900	720									12729	10:16:01.750	1536226335523872															0	1217		Fixation	8	428	302	1.43	130.37	192.60																				1525	616	384	618	302	617	343	427	343	247.46	135.44	247.87	168.37	247.66	151.90	286.89	200.84	718.02	331.68	204.27	713.24					744.12	744.12	4.68	4.45	0	0				
07/12/2018	3.3.2	Gaze Project	O4	3	M	Bilingual	G130	06/09/2018	89100	1280 x 720		Raw Data	Ord4_T1_R.avi	190	0	900	720									12738	10:16:01.758	1536226335532245															0	1218		Fixation	8	400	377	2.52	249.59	119.22																				1526	642	155	590	377	616	266	426	266	257.54	227.40	236.85	137.95	247.20	182.67	286.94	200.99	717.96	334.37	210.20	730.17					744.11	744.11	3.72	4.83	0	0				
07/12/2018	3.3.2	Gaze Project	O4	3	M	Bilingual	G130	06/09/2018	89100	1280 x 720		Raw Data	Ord4_T1_R.avi	190	0	900	720									12746	10:16:01.767	1536226335540501															0	1219		Fixation	8	414	336	1.36	71.20	181.62																				1527	615	284	604	336	609	310	419	310	247.01	175.64	242.58	154.47	244.79	165.06	287.01	200.92	718.08	331.80	204.25	713.09					744.20	744.20	4.25	4.59	0	0				
07/12/2018	3.3.2	Gaze Project	O4	3	M	Bilingual	G130	06/09/2018	89100	1280 x 720		Raw Data	Ord4_T1_R.avi	190	0	900	720									12754	10:16:01.775	1536226335548845															0	1220		Fixation	8	441	337	0.86	357.87	286.67																				1528	628	353	631	337	629	345	439	345	251.94	147.75	253.22	154.19	252.58	150.97	286.97	205.78	732.91	331.86	204.15	713.13					759.80	759.80	4.61	4.63	0	0				
07/12/2018	3.3.2	Gaze Project	O4	3	M	Bilingual	G130	06/09/2018	89100	1280 x 720		Raw Data	Ord4_T1_R.avi	190	0	900	720									12762	10:16:01.783	1536226335557200															0			Unclassified	8																									1529	659	211			659	211	469	211	264.34	204.89					287.13	200.99	718.07		-34.01						744.23		4.07		0	4				
07/12/2018	3.3.2	Gaze Project	O4	3	M	Bilingual	G130	06/09/2018	89100	1280 x 720		Raw Data	Ord4_T1_R.avi	190	0	900	720									12771	10:16:01.792	1536226335565559															0	1221		Fixation	8	453	285	1.71	77.05	79.17																				1530	692	272	643	285	667	278	477	278	277.71	180.52	258.27	175.09	267.99	177.80	287.19	200.97	717.91	331.99	204.14	712.74					744.07	744.07	4.08	4.41	0	0				
07/12/2018	3.3.2	Gaze Project	O4	3	M	Bilingual	G130	06/09/2018	89100	1280 x 720		Raw Data	Ord4_T1_R.avi	190	0	900	720									12779	10:16:01.800	1536226335573831															0			Unclassified	8																									1531	653	355			653	355	463	355	262.10	147.02					287.25	200.91	717.66		-34.01						743.82		4.62		0	4				
07/12/2018	3.3.2	Gaze Project	O4	3	M	Bilingual	G130	06/09/2018	89100	1280 x 720		Raw Data	Ord4_T1_R.avi	190	0	900	720									12787	10:16:01.808	1536226335582170															0			Unclassified	8																									1532	629	330			629	330	439	330	252.56	157.15					287.20	206.29	734.11		-34.01						761.11		4.75		0	4				
07/12/2018	3.3.2	Gaze Project	O4	3	M	Bilingual	G130	06/09/2018	89100	1280 x 720		Raw Data	Ord4_T1_R.avi	190	0	900	720									12796	10:16:01.817	1536226335590515															0	1222		Fixation	8	434	362	2.54	256.18	179.14																				1533	665	430	624	362	644	396	454	396	267.05	116.63	250.63	144.31	258.84	130.47	287.38	201.00	717.85	332.19	204.14	712.94					744.03	744.03	4.77	4.66	0	0				
07/12/2018	3.3.2	Gaze Project	O4	3	M	Bilingual	G130	06/09/2018	89100	1280 x 720		Raw Data	Ord4_T1_R.avi	190	0	900	720									12804	10:16:01.825	1536226335598871															0	1223		Fixation	8	457	343	0.93	39.65	143.47																				1534	619	353	647	343	633	348	443	348	248.61	147.94	259.90	151.75	254.26	149.85	289.64	209.14	741.68	336.41	213.38	739.76					769.28	769.28	4.82	4.65	0	0				
07/12/2018	3.3.2	Gaze Project	O4	3	M	Bilingual	G130	06/09/2018	89100	1280 x 720		Raw Data	Ord4_T1_R.avi	190	0	900	720									12813	10:16:01.833	1536226335607228															0			Unclassified	8																									1535	646	318			646	318	456	318	259.20	161.81					287.51	200.93	717.64		-34.01						743.82		4.58		0	4				
07/12/2018	3.3.2	Gaze Project	O4	3	M	Bilingual	G130	06/09/2018	89100	1280 x 720		Raw Data	Ord4_T1_R.avi	190	0	900	720									12821	10:16:01.842	1536226335615491															0	1224		Fixation	8	417	271	2.54	118.98	79.33																				1536	651	351	607	271	629	311	439	311	261.24	148.43	243.54	180.86	252.39	164.65	287.57	200.95	717.72	336.57	213.31	739.82					743.90	743.90	4.63	4.57	0	0				
07/12/2018	3.3.2	Gaze Project	O4	3	M	Bilingual	G130	06/09/2018	89100	1280 x 720		Raw Data	Ord4_T1_R.avi	190	0	900	720									12829	10:16:01.850	1536226335623827															0	1225		Fixation	8	434	360	2.85	280.78	161.80																				1537	629	361	624	360	626	360	436	360	252.55	144.46	250.53	144.88	251.54	144.67	287.69	201.08	717.67	332.48	204.00	713.06					743.90	743.90	4.74	4.56	0	0				
07/12/2018	3.3.2	Gaze Project	O4	3	M	Bilingual	G130	06/09/2018	89100	1280 x 720		Raw Data	Ord4_T1_R.avi	190	0	900	720									12837	10:16:01.858	1536226335632178															0	1226		Fixation	8	451	346	0.70	39.56	118.78																				1538	663	386	641	346	652	366	462	366	265.94	134.32	257.33	150.67	261.64	142.49	287.69	200.89	717.57	332.53	203.85	713.12					743.74	743.74	4.68	4.57	0	0				
07/12/2018	3.3.2	Gaze Project	O4	3	M	Bilingual	G130	06/09/2018	89100	1280 x 720		Raw Data	Ord4_T1_R.avi	190	0	900	720									12846	10:16:01.867	1536226335640544															0	1227		Fixation	8	420	350	0.97	187.38	147.81																				1539	636	351	610	350	623	350	433	350	255.15	148.62	244.77	148.83	249.96	148.73	287.67	204.50	728.80	336.92	213.54	740.90					755.53	755.53	4.65	4.91	0	0				
07/12/2018	3.3.2	Gaze Project	O4	3	M	Bilingual	G130	06/09/2018	89100	1280 x 720		Raw Data	Ord4_T1_R.avi	190	0	900	720									12854	10:16:01.875	1536226335648807															0			Unclassified	8																									1540	644	374			644	374	454	374	258.70	139.35					287.79	200.80	717.40		-34.01						743.56		4.63		0	4				
07/12/2018	3.3.2	Gaze Project	O4	3	M	Bilingual	G130	06/09/2018	89100	1280 x 720		Raw Data	Ord4_T1_R.avi	190	0	900	720									12862	10:16:01.883	1536226335657157															0	1228		Fixation	8	475	272	2.96	54.90	227.52																				1541	625	433	665	272	645	352	455	352	251.03	115.75	267.11	180.58	259.07	148.17	287.84	200.79	717.44	333.26	207.07	722.98					743.59	743.59	4.66	4.53	0	0				
07/12/2018	3.3.2	Gaze Project	O4	3	M	Bilingual	G130	06/09/2018	89100	1280 x 720		Raw Data	Ord4_T1_R.avi	190	0	900	720									12871	10:16:01.892	1536226335665495															0			Unclassified	8																									1542	629	323			629	323	439	323	252.43	159.93					287.87	200.86	717.72		-34.01						743.88		4.47		0	4				
07/12/2018	3.3.2	Gaze Project	O4	3	M	Bilingual	G130	06/09/2018	89100	1280 x 720		Raw Data	Ord4_T1_R.avi	190	0	900	720									12879	10:16:01.900	1536226335673855															0	1229		Fixation	8	414	390	4.20	242.74	187.84																				1543	639	346	604	390	621	368	431	368	256.69	150.43	242.26	133.02	249.47	141.72	287.90	200.73	717.45	332.78	203.81	713.36					743.59	743.59	4.58	4.66	0	0				
07/12/2018	3.3.2	Gaze Project	O4	3	M	Bilingual	G130	06/09/2018	89100	1280 x 720		Raw Data	Ord4_T1_R.avi	190	0	900	720									12887	10:16:01.908	1536226335682214															0	1230		Fixation	8	443	398	0.95	344.53	101.79																				1544	626	356	633	398	629	377	439	377	251.12	146.77	254.04	129.49	252.58	138.13	287.91	200.76	717.62	332.78	203.67	713.42					743.75	743.75	4.53	4.60	0	0				
07/12/2018	3.3.2	Gaze Project	O4	3	M	Bilingual	G130	06/09/2018	89100	1280 x 720		Raw Data	Ord4_T1_R.avi	190	0	900	720									12896	10:16:01.916	1536226335690479															0	1231		Fixation	8	438	331	2.10	94.25	109.72																				1545	618	411	628	331	623	371	433	371	248.12	124.45	252.12	156.58	250.12	140.51	287.91	200.61	717.68	337.38	213.88	742.79					743.77	743.77	4.67	4.74	0	0				
07/12/2018	3.3.2	Gaze Project	O4	3	M	Bilingual	G130	06/09/2018	89100	1280 x 720		Raw Data	Ord4_T1_R.avi	190	0	900	720									12904	10:16:01.925	1536226335698806															0	1232		Fixation	8	455	328	0.54	10.04	275.79																				1546	606	273	645	328	625	300	435	300	243.41	179.87	258.82	157.92	251.11	168.89	287.90	200.57	717.70	332.81	203.78	713.67					743.77	743.77	4.31	4.44	0	0				
07/12/2018	3.3.2	Gaze Project	O4	3	M	Bilingual	G130	06/09/2018	89100	1280 x 720		Raw Data	Ord4_T1_R.avi	190	0	900	720									12912	10:16:01.933	1536226335707165															0	1233		Fixation	8	456	396	2.17	270.84	260.80																				1547	661	257	646	396	653	326	463	326	265.49	186.29	259.27	130.40	262.38	158.34	287.89	200.68	717.75	332.79	203.67	713.47					743.86	743.86	4.10	4.68	0	0				
07/12/2018	3.3.2	Gaze Project	O4	3	M	Bilingual	G130	06/09/2018	89100	1280 x 720		Raw Data	Ord4_T1_R.avi	190	0	900	720									12921	10:16:01.942	1536226335715521															0	1234		Fixation	8	412	292	3.49	112.87	202.03																				1548	614	270	602	292	608	281	418	281	246.29	181.03	241.64	172.54	243.97	176.79	287.80	204.61	730.02	340.35	220.41	762.35					756.72	756.72	4.42	4.90	0	0				
07/12/2018	3.3.2	Gaze Project	O4	3	M	Bilingual	G130	06/09/2018	89100	1280 x 720		Raw Data	Ord4_T1_R.avi	190	0	900	720									12929	10:16:01.950	1536226335723881															0	1235		Fixation	8	465	314	1.75	337.39	224.53																				1549	632	284	655	314	643	299	453	299	253.64	175.51	262.88	163.70	258.26	169.60	287.84	200.55	717.59	333.40	207.42	725.12					743.66	743.66	4.28	4.72	0	0				
07/12/2018	3.3.2	Gaze Project	O4	3	M	Bilingual	G130	06/09/2018	89100	1280 x 720		Raw Data	Ord4_T1_R.avi	190	0	900	720									12937	10:16:01.958	1536226335732127															0	1236		Fixation	8	438	384	2.37	248.97	271.58																				1550	652	381	628	384	640	382	450	382	261.52	136.59	252.15	135.38	256.84	135.98	287.81	200.58	717.76	332.72	203.61	713.65					743.83	743.83	4.71	4.62	0	0				
07/12/2018	3.3.2	Gaze Project	O4	3	M	Bilingual	G130	06/09/2018	89100	1280 x 720		Raw Data	Ord4_T1_R.avi	190	0	900	720									12946	10:16:01.966	1536226335740463															0			Unclassified	8																									1551	629	364			629	364	439	364	252.38	143.43					287.69	204.35	729.57		-34.01						756.21		4.71		0	4				
07/12/2018	3.3.2	Gaze Project	O4	3	M	Bilingual	G130	06/09/2018	89100	1280 x 720		Raw Data	Ord4_T1_R.avi	190	0	900	720									12954	10:16:01.975	1536226335748834															0	1237		Fixation	8	459	309	2.48	74.41	185.44																				1552	648	360	649	309	648	334	458	334	259.99	144.96	260.37	165.51	260.18	155.24	287.72	200.54	717.82	332.64	203.65	713.94					743.87	743.87	4.67	4.53	0	0				
07/12/2018	3.3.2	Gaze Project	O4	3	M	Bilingual	G130	06/09/2018	89100	1280 x 720		Raw Data	Ord4_T1_R.avi	190	0	900	720									12962	10:16:01.983	1536226335757194															0	1238		Fixation	8	453	336	0.88	257.51	183.10																				1553	652	358	643	336	647	347	457	347	261.89	145.64	258.05	154.52	259.97	150.08	287.69	200.52	717.81	332.60	203.61	713.88					743.85	743.85	4.66	4.65	0	0				
07/12/2018	3.3.2	Gaze Project	O4	3	M	Bilingual	G130	06/09/2018	89100	1280 x 720		Raw Data	Ord4_T1_R.avi	190	0	900	720									12971	10:16:01.991	1536226335765471															0	1239		Fixation	8	435	372	1.27	243.51	346.00																				1554	666	405	625	372	645	388	455	388	267.25	126.79	250.98	139.97	259.12	133.38	287.63	200.39	717.86	333.23	207.60	726.06					743.86	743.86	4.70	4.81	0	0				
07/12/2018	3.3.2	Gaze Project	O4	3	M	Bilingual	G130	06/09/2018	89100	1280 x 720		Raw Data	Ord4_T1_R.avi	190	0	900	720									12979	10:16:02.000	1536226335773810															0	1240		Fixation	8	468	280	3.06	70.33	186.82																				1555	655	322	658	280	656	301	466	301	263.01	160.19	264.21	177.25	263.61	168.72	287.51	205.33	732.68	333.34	208.54	728.88					759.46	759.46	4.68	4.86	0	0				
07/12/2018	3.3.2	Gaze Project	O4	3	M	Bilingual	G130	06/09/2018	89100	1280 x 720		Raw Data	Ord4_T1_R.avi	190	0	900	720									12987	10:16:02.008	1536226335782147															0	1241		Fixation	8	462	326	1.46	262.59	192.27																				1556	647	346	652	326	649	336	459	336	259.73	150.57	261.76	158.59	260.75	154.58	287.56	200.67	718.32	333.16	207.67	726.39					744.38	744.38	4.69	4.70	0	0				
07/12/2018	3.3.2	Gaze Project	O4	3	M	Bilingual	G130	06/09/2018	89100	1280 x 720		Raw Data	Ord4_T1_R.avi	190	0	900	720									12996	10:16:02.017	1536226335790491															0			Unclassified	8																									1557	638	375			638	375	448	375	256.14	138.97					287.52	200.60	718.07		-34.01						744.11		4.69		0	4				
07/12/2018	3.3.2	Gaze Project	O4	3	M	Bilingual	G130	06/09/2018	89100	1280 x 720		Raw Data	Ord4_T1_R.avi	190	0	900	720									13004	10:16:02.025	1536226335798862															0	1242		Fixation	8	458	346	0.65	258.73	356.13																				1558	652	380	648	346	650	363	460	363	261.59	136.99	260.06	150.73	260.82	143.86	287.42	204.54	730.27	332.40	203.56	713.99					756.92	756.92	4.80	4.61	0	0				
07/12/2018	3.3.2	Gaze Project	O4	3	M	Bilingual	G130	06/09/2018	89100	1280 x 720		Raw Data	Ord4_T1_R.avi	190	0	900	720									13012	10:16:02.033	1536226335807129															0	1243		Fixation	8	470	267	2.56	81.39	182.66																				1559			660	267	660	267	470	267			264.88	182.54						332.39	203.54	713.97						0.00		4.47	4	0				
07/12/2018	3.3.2	Gaze Project	O4	3	M	Bilingual	G130	06/09/2018	89100	1280 x 720		Raw Data	Ord4_T1_R.avi	190	0	900	720									13021	10:16:02.041	1536226335815458															0	1244		Fixation	8	461	289	0.76	247.82	166.43																				1560	644	333	651	289	647	311	457	311	258.35	155.78	261.24	173.46	259.80	164.62	287.47	200.66	718.20	333.02	207.34	725.57					744.26	744.26	4.60	4.37	0	0				
07/12/2018	3.3.2	Gaze Project	O4	3	M	Bilingual	G130	06/09/2018	89100	1280 x 720		Raw Data	Ord4_T1_R.avi	190	0	900	720									13029	10:16:02.050	1536226335823817															0	1245		Fixation	8	431	408	3.88	255.89	8.08																				1561	648	380	621	408	634	394	444	394	260.16	136.86	249.23	125.57	254.69	131.21	287.47	200.68	718.24	332.34	203.63	713.94					744.30	744.30	4.65	4.74	0	0				
07/12/2018	3.3.2	Gaze Project	O4	3	M	Bilingual	G130	06/09/2018	89100	1280 x 720		Raw Data	Ord4_T1_R.avi	190	0	900	720									13037	10:16:02.058	1536226335832176															0	1246		Fixation	8	465	389	1.23	29.28	133.38																				1562	652	386	655	389	653	387	463	387	261.64	134.60	262.83	133.49	262.23	134.05	287.47	200.65	718.16	332.36	203.39	714.04					744.22	744.22	4.70	4.68	0	0				
07/12/2018	3.3.2	Gaze Project	O4	3	M	Bilingual	G130	06/09/2018	89100	1280 x 720		Raw Data	Ord4_T1_R.avi	190	0	900	720									13046	10:16:02.066	1536226335840443															0	1247		Fixation	8	452	337	1.71	103.99	74.72																				1563	636	356	642	337	639	346	449	346	255.38	146.45	257.78	154.08	256.58	150.26	287.49	200.68	718.24	332.38	203.36	714.05					744.30	744.30	4.57	4.65	0	0				
07/12/2018	3.3.2	Gaze Project	O4	3	M	Bilingual	G130	06/09/2018	89100	1280 x 720		Raw Data	Ord4_T1_R.avi	190	0	900	720									13054	10:16:02.075	1536226335848795															0			Unclassified	8																									1564	651	393			651	393	461	393	261.47	131.85					287.52	200.76	718.50		-34.01						744.57		4.66		0	4				
07/12/2018	3.3.2	Gaze Project	O4	3	M	Bilingual	G130	06/09/2018	89100	1280 x 720		Raw Data	Ord4_T1_R.avi	190	0	900	720									13062	10:16:02.083	1536226335857198															0	1248		Fixation	8	454	389	1.66	272.20	168.20																				1565	678	263	644	389	661	326	471	326	272.22	184.21	258.31	133.25	265.26	158.73	287.57	200.88	718.45	332.44	203.39	713.91					744.57	744.57	4.72	4.58	0	0				
07/12/2018	3.3.2	Gaze Project	O4	3	M	Bilingual	G130	06/09/2018	89100	1280 x 720		Raw Data	Ord4_T1_R.avi	190	0	900	720									13071	10:16:02.092	1536226335865487															0			Unclassified	8																									1566	657	399			657	399	467	399	263.58	129.12					287.60	200.77	718.60		-34.01						744.68		4.71		0	4				
07/12/2018	3.3.2	Gaze Project	O4	3	M	Bilingual	G130	06/09/2018	89100	1280 x 720		Raw Data	Ord4_T1_R.avi	190	0	900	720									13079	10:16:02.100	1536226335873844															0	1249		Fixation	8	448	319	2.25	94.88	182.69																				1567	667	353	638	319	652	336	462	336	267.71	147.82	256.15	161.34	261.93	154.58	287.65	200.68	718.35	332.55	203.37	714.01					744.41	744.41	4.61	4.56	0	0				
07/12/2018	3.3.2	Gaze Project	O4	3	M	Bilingual	G130	06/09/2018	89100	1280 x 720		Raw Data	Ord4_T1_R.avi	190	0	900	720									13087	10:16:02.108	1536226335882114															0	1250		Fixation	8	429	384	2.16	253.76	158.87																				1568	651	405	619	384	635	394	445	394	261.38	126.83	248.36	135.17	254.87	131.00	287.71	200.74	718.57	332.62	203.38	714.15					744.65	744.65	4.75	4.68	0	0				
07/12/2018	3.3.2	Gaze Project	O4	3	M	Bilingual	G130	06/09/2018	89100	1280 x 720		Raw Data	Ord4_T1_R.avi	190	0	900	720									13096	10:16:02.116	1536226335890454															0	1251		Fixation	8	452	382	0.73	4.99	111.23																				1569	653	406	642	382	647	394	457	394	261.97	126.61	257.89	135.96	259.93	131.28	287.77	200.67	718.43	332.67	203.33	714.09					744.49	744.49	4.67	4.70	0	0				
07/12/2018	3.3.2	Gaze Project	O4	3	M	Bilingual	G130	06/09/2018	89100	1280 x 720		Raw Data	Ord4_T1_R.avi	190	0	900	720									13104	10:16:02.125	1536226335898799															0			Unclassified	8																									1570	652	380			652	380	462	380	261.81	137.02					287.84	200.64	718.41		-34.01						744.47		4.74		0	4				
07/12/2018	3.3.2	Gaze Project	O4	3	M	Bilingual	G130	06/09/2018	89100	1280 x 720		Raw Data	Ord4_T1_R.avi	190	0	900	720									13112	10:16:02.133	1536226335907143															0	1252		Fixation	8	464	319	2.05	79.25	74.26																				1571	657	411	654	319	655	365	465	365	263.55	124.24	262.55	161.68	263.05	142.96	287.91	200.62	718.44	332.80	203.18	713.86					744.49	744.49	4.76	4.43	0	0				
07/12/2018	3.3.2	Gaze Project	O4	3	M	Bilingual	G130	06/09/2018	89100	1280 x 720		Raw Data	Ord4_T1_R.avi	190	0	900	720									13121	10:16:02.142	1536226335915515															0	1253		Fixation	8	440	375	1.92	246.87	167.62																				1572	665	408	630	375	647	391	457	391	266.80	125.76	252.75	138.86	259.77	132.31	287.98	200.62	718.52	333.69	207.96	728.47					744.57	744.57	4.71	4.75	0	0				
07/12/2018	3.3.2	Gaze Project	O4	3	M	Bilingual	G130	06/09/2018	89100	1280 x 720		Raw Data	Ord4_T1_R.avi	190	0	900	720									13129	10:16:02.150	1536226335923787															0	1254		Fixation	8	451	237	4.39	85.46	198.59																				1573	643	342	641	237	642	289	452	289	258.11	152.26	257.30	194.50	257.71	173.38	288.06	200.58	718.53	332.92	203.22	713.84					744.57	744.57	4.61	4.53	0	0				
07/12/2018	3.3.2	Gaze Project	O4	3	M	Bilingual	G130	06/09/2018	89100	1280 x 720		Raw Data	Ord4_T1_R.avi	190	0	900	720									13137	10:16:02.158	1536226335932110															0	1255		Fixation	8	462	303	2.15	279.43	193.98																				1574	682	414	652	303	667	358	477	358	273.77	123.09	261.78	168.06	267.77	145.58	288.12	200.52	718.44	333.04	203.20	714.31					744.47	744.47	4.67	4.53	0	0				
07/12/2018	3.3.2	Gaze Project	O4	3	M	Bilingual	G130	06/09/2018	89100	1280 x 720		Raw Data	Ord4_T1_R.avi	190	0	900	720									13146	10:16:02.166	1536226335940458															0			Unclassified	8																									1575	674	424			674	424	484	424	270.37	119.26					288.19	200.63	718.86		-34.01						744.91		4.73		0	4				
07/12/2018	3.3.2	Gaze Project	O4	3	M	Bilingual	G130	06/09/2018	89100	1280 x 720		Raw Data	Ord4_T1_R.avi	190	0	900	720									13154	10:16:02.175	1536226335948827															0	1256		Fixation	8	453	318	0.56	239.12	319.69																				1576	659	381	643	318	651	349	461	349	264.39	136.38	258.30	162.08	261.35	149.23	288.25	200.46	718.42	333.19	203.01	714.39					744.44	744.44	4.63	4.69	0	0				
07/12/2018	3.3.2	Gaze Project	O4	3	M	Bilingual	G130	06/09/2018	89100	1280 x 720		Raw Data	Ord4_T1_R.avi	190	0	900	720									13162	10:16:02.183	1536226335957087															0	1257		Fixation	8	461	355	1.21	282.16	43.04																				1577	608	466	651	355	629	410	439	410	244.17	102.43	261.43	147.16	252.80	124.79	288.41	200.58	718.38	333.25	202.97	714.41					744.44	744.44	4.88	4.60	0	0				
07/12/2018	3.3.2	Gaze Project	O4	3	M	Bilingual	G130	06/09/2018	89100	1280 x 720		Raw Data	Ord4_T1_R.avi	190	0	900	720									13171	10:16:02.191	1536226335965452															0	1258		Fixation	8	441	390	1.28	240.33	318.17																				1578	648	347	631	390	639	368	449	368	259.91	150.23	253.21	132.75	256.56	141.49	288.38	200.32	718.14	333.35	203.17	714.32					744.13	744.13	4.58	4.60	0	0				
07/12/2018	3.3.2	Gaze Project	O4	3	M	Bilingual	G130	06/09/2018	89100	1280 x 720		Raw Data	Ord4_T1_R.avi	190	0	900	720									13179	10:16:02.200	1536226335973776															0	1259		Fixation	8	458	333	1.89	73.44	193.11																				1579	676	397	648	333	662	365	472	365	271.47	130.27	260.01	155.67	265.74	142.97	288.42	200.30	718.17	333.35	202.92	714.05					744.15	744.15	4.67	4.48	0	0				
07/12/2018	3.3.2	Gaze Project	O4	3	M	Bilingual	G130	06/09/2018	89100	1280 x 720		Raw Data	Ord4_T1_R.avi	190	0	900	720									13187	10:16:02.208	1536226335982127															0	1260		Fixation	8	476	338	0.60	344.43	270.98																				1580	639	356	666	338	652	347	462	347	256.49	146.71	267.47	153.74	261.98	150.22	288.47	200.25	718.09	333.40	202.92	714.13					744.07	744.07	4.56	4.53	0	0				
07/12/2018	3.3.2	Gaze Project	O4	3	M	Bilingual	G130	06/09/2018	89100	1280 x 720		Raw Data	Ord4_T1_R.avi	190	0	900	720									13196	10:16:02.217	1536226335990496															0	1261		Fixation	8	435	373	1.71	220.58	236.15																				1581	665	397	625	373	645	385	455	385	267.08	130.13	250.86	139.66	258.97	134.89	288.54	200.37	718.04	333.42	202.78	713.80					744.06	744.06	4.63	4.67	0	0				
07/12/2018	3.3.2	Gaze Project	O4	3	M	Bilingual	G130	06/09/2018	89100	1280 x 720		Raw Data	Ord4_T1_R.avi	190	0	900	720									13204	10:16:02.225	1536226335998764															0	1262		Fixation	8	439	315	1.82	86.07	225.49																				1582	679	464	629	315	654	389	464	389	272.63	102.97	252.42	162.96	262.52	132.97	288.53	200.30	718.37	338.10	213.01	743.57					744.35	744.35	4.78	4.72	0	0				
07/12/2018	3.3.2	Gaze Project	O4	3	M	Bilingual	G130	06/09/2018	89100	1280 x 720		Raw Data	Ord4_T1_R.avi	190	0	900	720									13212	10:16:02.233	1536226336007103															0	1263		Fixation	8	438	377	1.94	269.08	183.01																				1583	639	361	628	377	633	369	443	369	256.47	144.66	251.93	138.00	254.20	141.33	288.50	203.32	727.88	333.45	202.87	713.76					754.32	754.32	4.57	4.71	0	0				
07/12/2018	3.3.2	Gaze Project	O4	3	M	Bilingual	G130	06/09/2018	89100	1280 x 720		Raw Data	Ord4_T1_R.avi	190	0	900	720									13221	10:16:02.241	1536226336015452															0	1264		Fixation	8	443	336	1.32	83.07	173.99																				1584	699	273	633	336	666	304	476	304	280.55	179.92	254.05	154.48	267.30	167.20	288.55	200.07	717.78	333.49	202.71	713.74					743.72	743.72	4.12	4.63	0	0				
07/12/2018	3.3.2	Gaze Project	O4	3	M	Bilingual	G130	06/09/2018	89100	1280 x 720		Raw Data	Ord4_T1_R.avi	190	0	900	720									13229	10:16:02.250	1536226336023816															0	1265		Fixation	8	470	342	0.88	347.43	264.36																				1585	654	333	660	342	657	337	467	337	262.34	155.90	264.96	152.36	263.65	154.13	288.51	203.07	727.27	333.50	202.59	713.79					753.66	753.66	4.58	4.49	0	0				
07/12/2018	3.3.2	Gaze Project	O4	3	M	Bilingual	G130	06/09/2018	89100	1280 x 720		Raw Data	Ord4_T1_R.avi	190	0	900	720									13237	10:16:02.258	1536226336032166															0	1266		Fixation	8	494	302	1.49	59.12	71.69																				1586	654	432	684	302	669	367	479	367	262.65	115.81	274.46	168.53	268.56	142.17	288.55	199.96	717.59	333.49	202.81	713.70					743.50	743.50	4.76	4.47	0	0				
07/12/2018	3.3.2	Gaze Project	O4	3	M	Bilingual	G130	06/09/2018	89100	1280 x 720		Raw Data	Ord4_T1_R.avi	190	0	900	720									13246	10:16:02.266	1536226336040429															0	1267		Fixation	8	467	325	1.13	220.52	161.40																				1587	661	440	657	325	659	382	469	382	265.18	112.78	263.60	159.18	264.39	135.98	288.54	199.92	717.51	333.46	202.52	713.27					743.41	743.41	4.73	4.50	0	0				
07/12/2018	3.3.2	Gaze Project	O4	3	M	Bilingual	G130	06/09/2018	89100	1280 x 720		Raw Data	Ord4_T1_R.avi	190	0	900	720									13254	10:16:02.275	1536226336048758															0	1268		Fixation	8	477	335	0.44	314.91	94.39																				1588	687	369	667	335	677	352	487	352	275.60	141.16	267.82	155.15	271.71	148.16	288.47	203.26	727.98	341.19	219.46	762.85					754.40	754.40	4.53	4.46	0	0				
07/12/2018	3.3.2	Gaze Project	O4	3	M	Bilingual	G130	06/09/2018	89100	1280 x 720		Raw Data	Ord4_T1_R.avi	190	0	900	720									13262	10:16:02.283	1536226336057122															0	1269		Fixation	8	459	400	2.05	254.57	299.66																				1589	676	401	649	400	662	400	472	400	271.46	128.50	260.62	129.00	266.04	128.75	288.53	199.86	717.43	334.26	207.11	727.28					743.32	743.32	4.66	4.87	0	0				
07/12/2018	3.3.2	Gaze Project	O4	3	M	Bilingual	G130	06/09/2018	89100	1280 x 720		Raw Data	Ord4_T1_R.avi	190	0	900	720									13271	10:16:02.292	1536226336065479															0	1270		Fixation	8	506	349	2.16	47.43	152.86																				1590	679	444	696	349	687	396	497	396	272.42	111.03	279.26	149.27	275.84	130.15	289.77	204.26	730.22	334.27	206.98	726.99					756.89	756.89	4.90	4.84	0	0				
07/12/2018	3.3.2	Gaze Project	O4	3	M	Bilingual	G130	06/09/2018	89100	1280 x 720		Raw Data	Ord4_T1_R.avi	190	0	900	720									13279	10:16:02.300	1536226336073747															0	1271		Fixation	8	504	337	0.39	99.43	52.00																				1591	688	356	694	337	691	346	501	346	276.29	146.43	278.77	154.37	277.53	150.40	288.54	199.66	716.98	333.50	202.56	713.25					742.83	742.83	4.50	4.43	0	0				
07/12/2018	3.3.2	Gaze Project	O4	3	M	Bilingual	G130	06/09/2018	89100	1280 x 720		Raw Data	Ord4_T1_R.avi	190	0	900	720									13287	10:16:02.308	1536226336082098															0	1272		Fixation	8	527	374	1.39	301.78	202.35																				1592	666	413	717	374	691	393	501	393	267.53	123.48	287.91	139.28	277.72	131.38	288.52	199.58	716.79	334.10	206.02	724.30					742.62	742.62	4.64	4.74	0	0				
07/12/2018	3.3.2	Gaze Project	O4	3	M	Bilingual	G130	06/09/2018	89100	1280 x 720		Raw Data	Ord4_T1_R.avi	190	0	900	720									13296	10:16:02.316	1536226336090435															0	1273		Fixation	8	507	379	0.63	194.08	252.30																				1593	679	401	697	379	688	390	498	390	272.58	128.49	279.85	137.47	276.21	132.98	288.53	199.69	716.74	340.66	218.11	759.16					742.62	742.62	4.69	5.01	0	0				
07/12/2018	3.3.2	Gaze Project	O4	3	M	Bilingual	G130	06/09/2018	89100	1280 x 720		Raw Data	Ord4_T1_R.avi	190	0	900	720									13304	10:16:02.325	1536226336098790															0	1274		Fixation	8	488	441	1.99	253.01	58.93																				1594	714	404	678	441	696	422	506	422	286.51	127.42	272.11	112.52	279.31	119.97	288.46	199.46	716.49	333.41	202.26	712.83					742.29	742.29	4.58	4.70	0	0				
07/12/2018	3.3.2	Gaze Project	O4	3	M	Bilingual	G130	06/09/2018	89100	1280 x 720		Raw Data	Ord4_T1_R.avi	190	0	900	720									13312	10:16:02.333	1536226336107149															0	1275		Fixation	8	496	427	0.51	60.33	167.32																				1595	685	447	686	427	685	437	495	437	274.87	109.77	275.33	118.08	275.10	113.92	288.43	199.38	716.31	333.38	202.21	712.71					742.10	742.10	4.57	4.69	0	0				
07/12/2018	3.3.2	Gaze Project	O4	3	M	Bilingual	G130	06/09/2018	89100	1280 x 720		Raw Data	Ord4_T1_R.avi	190	0	900	720									13321	10:16:02.341	1536226336115417															0	1276		Fixation	8	510	423	0.46	15.99	315.66																				1596	696	439	700	423	698	431	508	431	279.58	113.11	280.80	119.66	280.19	116.39	288.40	199.35	716.25	333.35	202.16	712.58					742.03	742.03	4.63	4.64	0	0				
07/12/2018	3.3.2	Gaze Project	O4	3	M	Bilingual	G130	06/09/2018	89100	1280 x 720		Raw Data	Ord4_T1_R.avi	190	0	900	720									13329	10:16:02.350	1536226336123758															0	1277		Fixation	8	488	370	1.80	112.48	96.48																				1597	715	483	678	370	696	426	506	426	287.05	95.41	272.02	140.80	279.54	118.10	288.38	199.23	716.30	338.03	212.48	742.62					742.04	742.04	4.65	4.71	0	0				
07/12/2018	3.3.2	Gaze Project	O4	3	M	Bilingual	G130	06/09/2018	89100	1280 x 720		Raw Data	Ord4_T1_R.avi	190	0	900	720									13337	10:16:02.358	1536226336132104															0	1278		Fixation	8	502	391	0.79	303.61	191.13																				1598	684	439	692	391	688	415	498	415	274.60	113.24	277.90	132.60	276.25	122.92	288.33	199.16	715.79	333.26	202.01	712.18					741.53	741.53	4.66	4.55	0	0				
07/12/2018	3.3.2	Gaze Project	O4	3	M	Bilingual	G130	06/09/2018	89100	1280 x 720		Raw Data	Ord4_T1_R.avi	190	0	900	720									13346	10:16:02.366	1536226336140460															0			Unclassified	8																									1599	704	427			704	427	514	427	282.78	117.80					288.28	199.19	715.93		-34.01						741.68		4.58		0	4				
07/12/2018	3.3.2	Gaze Project	O4	3	M	Bilingual	G130	06/09/2018	89100	1280 x 720		Raw Data	Ord4_T1_R.avi	190	0	900	720									13354	10:16:02.375	1536226336148818															0	1279		Fixation	8	502	446	1.75	270.00	326.39																				1600	713	455	692	446	702	450	512	450	286.30	106.75	277.58	110.37	281.94	108.56	288.24	199.11	715.76	333.18	202.12	712.14					741.49	741.49	4.66	4.67	0	0				
07/12/2018	3.3.2	Gaze Project	O4	3	M	Bilingual	G130	06/09/2018	89100	1280 x 720		Raw Data	Ord4_T1_R.avi	190	0	900	720									13362	10:16:02.383	1536226336157142															0	1280		Fixation	8	508	422	0.79	76.01	166.01																				1601	684	331	698	422	691	376	501	376	274.54	156.74	280.12	120.02	277.33	138.38	288.15	201.51	723.37	333.12	201.79	711.66					749.45	749.45	4.45	4.59	0	0				
07/12/2018	3.3.2	Gaze Project	O4	3	M	Bilingual	G130	06/09/2018	89100	1280 x 720		Raw Data	Ord4_T1_R.avi	190	0	900	720									13371	10:16:02.391	1536226336165416															0	1281		Fixation	8	474	383	1.63	130.99	54.98																				1602			664	383	664	383	474	383			266.52	135.74						337.40	211.25	739.21						0.00		4.82	4	0				
07/12/2018	3.3.2	Gaze Project	O4	3	M	Bilingual	G130	06/09/2018	89100	1280 x 720		Raw Data	Ord4_T1_R.avi	190	0	900	720									13379	10:16:02.400	1536226336173773															0	1282		Fixation	8	512	385	1.19	356.98	225.99																				1603	699	486	702	385	700	435	510	435	280.58	94.22	281.81	135.02	281.19	114.62	288.10	198.99	715.53	333.02	201.63	711.29					741.22	741.22	4.69	4.56	0	0				
07/12/2018	3.3.2	Gaze Project	O4	3	M	Bilingual	G130	06/09/2018	89100	1280 x 720		Raw Data	Ord4_T1_R.avi	190	0	900	720									13387	10:16:02.408	1536226336182131															0	1283		Fixation	8	535	395	0.78	336.43	339.46																				1604	722	427	725	395	723	411	533	411	289.74	118.03	290.99	130.89	290.36	124.46	288.05	198.89	715.32	340.12	217.31	757.22					740.99	740.99	4.60	5.10	0	0				
07/12/2018	3.3.2	Gaze Project	O4	3	M	Bilingual	G130	06/09/2018	89100	1280 x 720		Raw Data	Ord4_T1_R.avi	190	0	900	720									13396	10:16:02.416	1536226336190400															0	1284		Fixation	8	485	414	1.65	200.87	224.43																				1605	700	427	675	414	687	420	497	420	280.87	118.13	271.06	123.36	275.97	120.75	288.01	198.99	715.28	332.94	201.60	711.35					740.99	740.99	4.74	4.65	0	0				
07/12/2018	3.3.2	Gaze Project	O4	3	M	Bilingual	G130	06/09/2018	89100	1280 x 720		Raw Data	Ord4_T1_R.avi	190	0	900	720									13404	10:16:02.425	1536226336198759															0	1285		Fixation	8	469	455	1.40	248.74	47.88																				1606	709	316	659	455	684	385	494	385	284.54	162.83	264.46	106.64	274.50	134.73	287.97	198.74	715.38	332.87	201.37	710.76					741.00	741.00	4.28	4.75	0	0				
07/12/2018	3.3.2	Gaze Project	O4	3	M	Bilingual	G130	06/09/2018	89100	1280 x 720		Raw Data	Ord4_T1_R.avi	190	0	900	720									13412	10:16:02.433	1536226336207085															0	1286		Fixation	8	484	460	0.50	341.51	92.77																				1607	695	396	674	460	684	428	494	428	278.86	130.51	270.65	104.57	274.75	117.54	287.91	198.71	715.02	333.66	206.18	725.45					740.65	740.65	4.62	4.87	0	0				
07/12/2018	3.3.2	Gaze Project	O4	3	M	Bilingual	G130	06/09/2018	89100	1280 x 720		Raw Data	Ord4_T1_R.avi	190	0	900	720									13421	10:16:02.441	1536226336215442															0	1287		Fixation	8	485	426	1.07	88.32	106.81																				1608	693	423	675	426	684	424	494	424	278.30	119.60	271.01	118.44	274.66	119.02	287.87	198.67	715.01	332.80	201.36	710.94					740.63	740.63	4.52	4.59	0	0				
07/12/2018	3.3.2	Gaze Project	O4	3	M	Bilingual	G130	06/09/2018	89100	1280 x 720		Raw Data	Ord4_T1_R.avi	190	0	900	720									13429	10:16:02.450	1536226336223788															0	1288		Fixation	8	476	395	1.02	106.14	17.82																				1609	720	432	666	395	693	413	503	413	289.11	115.96	267.48	130.94	278.30	123.45	289.13	203.44	729.02	333.46	205.37	723.26					755.46	755.46	4.93	4.69	0	0				
07/12/2018	3.3.2	Gaze Project	O4	3	M	Bilingual	G130	06/09/2018	89100	1280 x 720		Raw Data	Ord4_T1_R.avi	190	0	900	720									13437	10:16:02.458	1536226336232062															0	1289		Fixation	8	509	404	1.09	344.70	238.56																				1610	726	416	699	404	712	410	522	410	291.61	122.41	280.48	127.13	286.04	124.77	287.78	198.50	714.76	332.73	201.30	710.96					740.33	740.33	4.58	4.65	0	0				
07/12/2018	3.3.2	Gaze Project	O4	3	M	Bilingual	G130	06/09/2018	89100	1280 x 720		Raw Data	Ord4_T1_R.avi	190	0	900	720									13446	10:16:02.466	1536226336240406															0	1290		Fixation	8	523	394	0.55	35.63	50.93																				1611	716	472	713	394	714	433	524	433	287.53	99.68	286.13	131.41	286.83	115.55	287.73	198.48	714.84	332.68	201.26	710.97					740.40	740.40	4.75	4.53	0	0				
07/12/2018	3.3.2	Gaze Project	O4	3	M	Bilingual	G130	06/09/2018	89100	1280 x 720		Raw Data	Ord4_T1_R.avi	190	0	900	720									13454	10:16:02.475	1536226336248756															0	1291		Fixation	8	490	433	1.61	229.85	194.23																				1612	694	377	680	433	687	405	497	405	278.63	138.17	273.13	115.73	275.88	126.95	287.68	198.32	714.49	335.28	207.04	727.77					740.01	740.01	4.56	4.77	0	0				
07/12/2018	3.3.2	Gaze Project	O4	3	M	Bilingual	G130	06/09/2018	89100	1280 x 720		Raw Data	Ord4_T1_R.avi	190	0	900	720									13462	10:16:02.483	1536226336257113															0	1292		Fixation	8	506	389	1.47	70.08	200.22																				1613	729	456	696	389	712	422	522	422	292.76	106.23	279.32	133.21	286.04	119.72	287.62	198.31	714.61	332.57	201.07	710.67					740.12	740.12	4.80	4.61	0	0				
07/12/2018	3.3.2	Gaze Project	O4	3	M	Bilingual	G130	06/09/2018	89100	1280 x 720		Raw Data	Ord4_T1_R.avi	190	0	900	720									13471	10:16:02.491	1536226336265462															0	1293		Fixation	8	509	419	0.97	275.69	205.62																				1614	708	418	699	419	703	418	513	418	284.13	121.63	280.71	121.22	282.42	121.43	287.50	201.74	725.44	332.52	200.91	710.73					751.46	751.46	4.73	4.62	0	0				
07/12/2018	3.3.2	Gaze Project	O4	3	M	Bilingual	G130	06/09/2018	89100	1280 x 720		Raw Data	Ord4_T1_R.avi	190	0	900	720									13479	10:16:02.500	1536226336273729															0	1294		Fixation	8	471	474	2.12	235.45	319.75																				1615			661	474	661	474	471	474			265.46	98.90						332.47	200.98	710.67						0.00		4.75	4	0				
07/12/2018	3.3.2	Gaze Project	O4	3	M	Bilingual	G130	06/09/2018	89100	1280 x 720		Raw Data	Ord4_T1_R.avi	190	0	900	720									13487	10:16:02.508	1536226336282064															0	1295		Fixation	8	520	421	2.29	47.34	171.89																				1616	698	464	710	421	704	442	514	442	280.27	103.21	284.96	120.38	282.61	111.79	287.38	202.02	726.57	332.39	200.86	710.44					752.61	752.61	4.69	4.63	0	0				
07/12/2018	3.3.2	Gaze Project	O4	3	M	Bilingual	G130	06/09/2018	89100	1280 x 720		Raw Data	Ord4_T1_R.avi	190	0	900	720									13496	10:16:02.516	1536226336290425															0	1296		Fixation	8	524	219	6.45	88.87	41.53																				1617	722	467	714	219	718	343	528	343	289.66	101.99	286.54	201.88	288.10	151.94	287.40	198.05	714.40	333.12	205.42	724.44					739.83	739.83	4.68	4.11	0	0				
07/12/2018	3.3.2	Gaze Project	O4	3	M	Bilingual	G130	06/09/2018	89100	1280 x 720		Raw Data	Ord4_T1_R.avi	190	0	900	720									13504	10:16:02.525	1536226336298786															0	1297		Fixation	8	486	451	7.49	260.73	171.86																				1618	712	426	676	451	694	438	504	438	285.72	118.59	271.31	108.44	278.51	113.52	287.33	197.97	714.29	332.27	200.75	710.34					739.70	739.70	4.63	4.58	0	0				
07/12/2018	3.3.2	Gaze Project	O4	3	M	Bilingual	G130	06/09/2018	89100	1280 x 720		Raw Data	Ord4_T1_R.avi	190	0	900	720									13512	10:16:02.533	1536226336307054															0	1298		Fixation	8	516	352	3.20	73.19	172.47																				1619	721	425	706	352	713	388	523	388	289.45	118.67	283.30	148.29	286.38	133.48	287.26	197.92	714.28	339.17	216.07	755.35					739.67	739.67	4.60	4.75	0	0				
07/12/2018	3.3.2	Gaze Project	O4	3	M	Bilingual	G130	06/09/2018	89100	1280 x 720		Raw Data	Ord4_T1_R.avi	190	0	900	720									13521	10:16:02.541	1536226336315408															0	1299		Fixation	8	519	357	0.18	300.88	227.69																				1620	709	461	709	357	709	409	519	409	284.54	104.21	284.47	146.18	284.50	125.19	287.19	197.89	714.29	332.14	200.72	710.43					739.67	739.67	4.80	4.49	0	0				
07/12/2018	3.3.2	Gaze Project	O4	3	M	Bilingual	G130	06/09/2018	89100	1280 x 720		Raw Data	Ord4_T1_R.avi	190	0	900	720									13529	10:16:02.550	1536226336323738															0	1300		Fixation	8	503	386	1.06	241.19	300.31																				1621	662	403	693	386	677	394	487	394	265.82	127.56	278.02	134.34	271.92	130.95	286.99	203.07	730.37	332.06	200.58	710.48					756.54	756.54	4.65	4.57	0	0				
07/12/2018	3.3.2	Gaze Project	O4	3	M	Bilingual	G130	06/09/2018	89100	1280 x 720		Raw Data	Ord4_T1_R.avi	190	0	900	720									13537	10:16:02.558	1536226336332080															0	1301		Fixation	8	497	317	2.21	94.95	213.76																				1622	687	490	687	317	687	403	497	403	275.77	92.47	275.61	162.26	275.69	127.37	287.03	197.76	714.16	334.51	206.29	726.68					739.50	739.50	4.70	4.54	0	0				
07/12/2018	3.3.2	Gaze Project	O4	3	M	Bilingual	G130	06/09/2018	89100	1280 x 720		Raw Data	Ord4_T1_R.avi	190	0	900	720									13546	10:16:02.566	1536226336340452															0	1302		Fixation	8	494	378	1.92	267.19	172.24																				1623	713	434	684	378	698	406	508	406	286.22	115.12	274.66	137.55	280.44	126.33	286.95	197.73	714.18	332.68	205.32	724.66					739.50	739.50	4.68	4.77	0	0				
07/12/2018	3.3.2	Gaze Project	O4	3	M	Bilingual	G130	06/09/2018	89100	1280 x 720		Raw Data	Ord4_T1_R.avi	190	0	900	720									13554	10:16:02.575	1536226336348720															0	1303		Fixation	8	501	486	3.42	273.70	6.50																				1624	712	483	691	486	701	484	511	484	285.69	95.30	277.30	94.32	281.50	94.81	286.88	197.62	713.98	331.82	200.58	710.34					739.27	739.27	4.77	4.70	0	0				
07/12/2018	3.3.2	Gaze Project	O4	3	M	Bilingual	G130	06/09/2018	89100	1280 x 720		Raw Data	Ord4_T1_R.avi	190	0	900	720									13562	10:16:02.583	1536226336357050															0	1304		Fixation	8	527	460	1.16	45.09	131.40																				1625	733	515	717	460	725	487	535	487	294.22	82.36	287.82	104.66	291.02	93.51	286.69	202.50	729.31	331.73	200.53	710.31					755.34	755.34	4.74	4.63	0	0				
07/12/2018	3.3.2	Gaze Project	O4	3	M	Bilingual	G130	06/09/2018	89100	1280 x 720		Raw Data	Ord4_T1_R.avi	190	0	900	720									13571	10:16:02.591	1536226336365410															0	1305		Fixation	8	505	477	0.88	217.78	172.69																				1626	720	492	695	477	707	484	517	484	288.82	91.92	279.15	97.87	283.98	94.89	286.71	197.64	713.97	331.61	200.40	710.03					739.26	739.26	4.89	4.70	0	0				
07/12/2018	3.3.2	Gaze Project	O4	3	M	Bilingual	G130	06/09/2018	89100	1280 x 720		Raw Data	Ord4_T1_R.avi	190	0	900	720									13579	10:16:02.600	1536226336373768															0	1306		Fixation	8	581	476	2.43	0.76	142.97																				1627	717	496	771	476	744	486	554	486	287.76	90.40	309.37	98.42	298.57	94.41	286.60	197.52	714.17	331.46	200.51	709.99					739.41	739.41	4.74	4.65	0	0				
07/12/2018	3.3.2	Gaze Project	O4	3	M	Bilingual	G130	06/09/2018	89100	1280 x 720		Raw Data	Ord4_T1_R.avi	190	0	900	720									13587	10:16:02.608	1536226336382045															0	1307		Fixation	8	513	476	2.17	180.00	179.24																				1628	744	522	703	476	723	499	533	499	298.76	79.91	282.24	98.29	290.50	89.10	286.51	197.35	714.23	331.37	200.49	710.00					739.42	739.42	4.65	4.63	0	0				
07/12/2018	3.3.2	Gaze Project	O4	3	M	Bilingual	G130	06/09/2018	89100	1280 x 720		Raw Data	Ord4_T1_R.avi	190	0	900	720									13596	10:16:02.616	1536226336390384															0	1308		Fixation	8	515	412	2.04	88.22	268.22																				1629	713	437	705	412	709	424	519	424	286.24	113.78	282.92	124.11	284.58	118.95	286.40	197.37	713.99	331.31	200.32	709.96					739.18	739.18	4.58	4.54	0	0				
07/12/2018	3.3.2	Gaze Project	O4	3	M	Bilingual	G130	06/09/2018	89100	1280 x 720		Raw Data	Ord4_T1_R.avi	190	0	900	720									13604	10:16:02.625	1536226336398714															0	1309		Fixation	8	506	453	1.34	257.66	169.44																				1630	742	512	696	453	719	482	529	482	297.96	83.70	279.39	107.46	288.67	95.58	286.17	202.84	731.05	331.22	200.36	710.13					757.08	757.08	4.75	4.66	0	0				
07/12/2018	3.3.2	Gaze Project	O4	3	M	Bilingual	G130	06/09/2018	89100	1280 x 720		Raw Data	Ord4_T1_R.avi	190	0	900	720									13612	10:16:02.633	1536226336407079															0	1310		Fixation	8	502	483	0.96	262.43	4.77																				1631	721	482	692	483	706	482	516	482	289.47	95.88	277.96	95.48	283.71	95.68	286.20	197.30	714.07	331.10	200.27	709.93					739.24	739.24	4.78	4.79	0	0				
07/12/2018	3.3.2	Gaze Project	O4	3	M	Bilingual	G130	06/09/2018	89100	1280 x 720		Raw Data	Ord4_T1_R.avi	190	0	900	720									13621	10:16:02.641	1536226336415433															0	1311		Fixation	8	507	438	1.43	83.68	181.25																				1632	713	518	697	438	705	478	515	478	286.17	81.43	279.97	113.44	283.07	97.43	286.10	197.20	713.90	331.76	204.86	723.98					739.03	739.03	4.81	4.69	0	0				
07/12/2018	3.3.2	Gaze Project	O4	3	M	Bilingual	G130	06/09/2018	89100	1280 x 720		Raw Data	Ord4_T1_R.avi	190	0	900	720									13629	10:16:02.650	1536226336423704															0	1312		Fixation	8	543	432	1.14	9.49	285.81																				1633	736	495	733	432	734	463	544	463	295.45	90.75	294.11	116.01	294.78	103.38	286.00	197.20	714.04	331.79	205.66	726.39					739.17	739.17	4.88	4.71	0	0				
07/12/2018	3.3.2	Gaze Project	O4	3	M	Bilingual	G130	06/09/2018	89100	1280 x 720		Raw Data	Ord4_T1_R.avi	190	0	900	720									13637	10:16:02.658	1536226336432061															0	1313		Fixation	8	513	413	1.09	147.57	138.08																				1634	723	526	703	413	713	469	523	469	290.30	77.92	282.15	123.52	286.22	100.72	285.90	197.10	713.88	337.70	215.62	755.13					738.98	738.98	4.81	5.09	0	0				
07/12/2018	3.3.2	Gaze Project	O4	3	M	Bilingual	G130	06/09/2018	89100	1280 x 720		Raw Data	Ord4_T1_R.avi	190	0	900	720									13646	10:16:02.666	1536226336440387															0	1314		Fixation	8	544	469	1.99	298.89	151.32																				1635	711	366	734	469	722	417	532	417	285.55	142.49	294.74	100.92	290.14	121.70	285.68	201.49	727.67	330.66	200.33	709.90					753.43	753.43	4.49	4.69	0	0				
07/12/2018	3.3.2	Gaze Project	O4	3	M	Bilingual	G130	06/09/2018	89100	1280 x 720		Raw Data	Ord4_T1_R.avi	190	0	900	720									13654	10:16:02.675	1536226336448732															0	1315		Fixation	8	488	516	2.29	220.10	281.21																				1636	704	522	678	516	691	519	501	519	282.40	79.84	272.08	82.10	277.24	80.97	285.71	197.01	713.85	331.24	203.98	721.57					738.92	738.92	4.76	4.96	0	0				
07/12/2018	3.3.2	Gaze Project	O4	3	M	Bilingual	G130	06/09/2018	89100	1280 x 720		Raw Data	Ord4_T1_R.avi	190	0	900	720									13662	10:16:02.683	1536226336457102															0	1316		Fixation	8	540	326	6.18	74.74	214.64																				1637	710	512	730	326	720	419	530	419	285.06	83.91	293.17	158.49	289.11	121.20	285.62	196.96	713.83	331.21	204.41	722.90					738.88	738.88	4.72	4.50	0	0				
07/12/2018	3.3.2	Gaze Project	O4	3	M	Bilingual	G130	06/09/2018	89100	1280 x 720		Raw Data	Ord4_T1_R.avi	190	0	900	720									13671	10:16:02.691	1536226336465348															0	1317		Fixation	8	514	449	3.92	258.10	183.36																				1638	718	495	704	449	711	472	521	472	288.41	90.49	282.78	109.29	285.60	99.89	285.53	197.00	714.07	334.45	209.13	736.11					739.11	739.11	4.67	4.81	0	0				
07/12/2018	3.3.2	Gaze Project	O4	3	M	Bilingual	G130	06/09/2018	89100	1280 x 720		Raw Data	Ord4_T1_R.avi	190	0	900	720									13679	10:16:02.700	1536226336473698															0	1318		Fixation	8	561	475	1.64	330.97	72.87																				1639	732	492	751	475	741	483	551	483	293.94	91.93	301.37	98.54	297.65	95.24	285.32	200.91	726.41	337.18	215.35	754.58					752.04	752.04	4.75	5.43	0	0				
07/12/2018	3.3.2	Gaze Project	O4	3	M	Bilingual	G130	06/09/2018	89100	1280 x 720		Raw Data	Ord4_T1_R.avi	190	0	900	720									13687	10:16:02.708	1536226336482050															0	1319		Fixation	8	492	486	2.16	189.09	218.12																				1640	668	450	682	486	675	468	485	468	268.07	108.55	273.56	94.12	270.82	101.33	285.19	202.54	731.43	330.24	200.08	709.81					757.31	757.31	4.74	4.71	0	0				
07/12/2018	3.3.2	Gaze Project	O4	3	M	Bilingual	G130	06/09/2018	89100	1280 x 720		Raw Data	Ord4_T1_R.avi	190	0	900	720									13696	10:16:02.716	1536226336490415															0	1320		Fixation	8	516	425	2.08	68.59	239.50																				1641	696	498	706	425	701	461	511	461	279.36	89.23	283.48	118.96	281.42	104.10	285.27	196.74	713.60	330.16	200.01	709.66					738.58	738.58	4.68	4.62	0	0				
07/12/2018	3.3.2	Gaze Project	O4	3	M	Bilingual	G130	06/09/2018	89100	1280 x 720		Raw Data	Ord4_T1_R.avi	190	0	900	720									13704	10:16:02.725	1536226336498695															0	1321		Fixation	8	498	490	2.14	254.57	185.98																				1642	715	488	688	490	701	489	511	489	286.98	93.24	276.24	92.63	281.61	92.94	285.18	196.74	713.70	330.06	200.12	709.61					738.67	738.67	4.82	4.60	0	0				
07/12/2018	3.3.2	Gaze Project	O4	3	M	Bilingual	G130	06/09/2018	89100	1280 x 720		Raw Data	Ord4_T1_R.avi	190	0	900	720									13712	10:16:02.733	1536226336507031															0	1322		Fixation	8	506	498	0.36	314.91	60.34																				1643	711	508	696	498	703	503	513	503	285.21	85.54	279.42	89.48	282.31	87.51	285.10	196.66	713.54	329.99	200.00	709.65					738.49	738.49	4.74	4.65	0	0				
07/12/2018	3.3.2	Gaze Project	O4	3	M	Bilingual	G130	06/09/2018	89100	1280 x 720		Raw Data	Ord4_T1_R.avi	190	0	900	720									13721	10:16:02.741	1536226336515372															0	1323		Fixation	8	473	503	1.05	188.64	233.74																				1644	704	491	663	503	683	497	493	497	282.48	92.02	266.29	87.39	274.38	89.71	285.02	196.64	713.52	330.69	204.83	724.39					738.46	738.46	4.76	4.92	0	0				
07/12/2018	3.3.2	Gaze Project	O4	3	M	Bilingual	G130	06/09/2018	89100	1280 x 720		Raw Data	Ord4_T1_R.avi	190	0	900	720									13729	10:16:02.750	1536226336523729															0	1324		Fixation	8	516	451	2.11	50.50	221.86																				1645	726	502	706	451	716	476	526	476	291.32	87.61	283.39	108.32	287.35	97.97	284.93	196.69	713.73	329.82	199.90	709.41					738.67	738.67	4.69	4.70	0	0				
07/12/2018	3.3.2	Gaze Project	O4	3	M	Bilingual	G130	06/09/2018	89100	1280 x 720		Raw Data	Ord4_T1_R.avi	190	0	900	720									13737	10:16:02.758	1536226336532086															0	1325		Fixation	8	533	476	0.96	304.13	253.63																				1646	720	529	723	476	721	502	531	502	288.83	77.00	290.25	98.17	289.54	87.59	284.86	196.54	713.33	332.23	205.56	725.76					738.24	738.24	4.76	4.69	0	0				
07/12/2018	3.3.2	Gaze Project	O4	3	M	Bilingual	G130	06/09/2018	89100	1280 x 720		Raw Data	Ord4_T1_R.avi	190	0	900	720									13746	10:16:02.766	1536226336540355															0	1326		Fixation	8	501	479	1.01	185.37	241.24																				1647	717	522	691	479	704	500	514	500	287.73	79.88	277.52	96.99	282.63	88.43	284.78	196.52	713.31	329.66	199.83	709.23					738.21	738.21	4.71	4.73	0	0				
07/12/2018	3.3.2	Gaze Project	O4	3	M	Bilingual	G130	06/09/2018	89100	1280 x 720		Raw Data	Ord4_T1_R.avi	190	0	900	720									13754	10:16:02.775	1536226336548694															0	1327		Fixation	8	503	438	1.31	87.22	261.84																				1648	713	477	693	438	703	457	513	457	286.06	97.70	277.99	113.36	282.02	105.53	284.55	201.24	728.06	329.58	199.72	709.28					753.68	753.68	4.84	4.67	0	0				
07/12/2018	3.3.2	Gaze Project	O4	3	M	Bilingual	G130	06/09/2018	89100	1280 x 720		Raw Data	Ord4_T1_R.avi	190	0	900	720									13762	10:16:02.783	1536226336557042															0	1328		Fixation	8	492	508	2.25	261.10	173.88																				1649	712	470	682	508	697	489	507	489	285.90	100.71	273.70	85.40	279.80	93.05	284.62	196.46	713.23	329.51	199.81	709.18					738.11	738.11	4.66	4.76	0	0				
07/12/2018	3.3.2	Gaze Project	O4	3	M	Bilingual	G130	06/09/2018	89100	1280 x 720		Raw Data	Ord4_T1_R.avi	190	0	900	720									13771	10:16:02.791	1536226336565402															0	1329		Fixation	8	501	454	1.74	80.57	179.47																				1650	700	485	691	454	695	469	505	469	280.87	94.78	277.45	107.21	279.16	101.00	284.55	196.45	713.23	329.42	199.74	708.99					738.11	738.11	4.72	4.61	0	0				
07/12/2018	3.3.2	Gaze Project	O4	3	M	Bilingual	G130	06/09/2018	89100	1280 x 720		Raw Data	Ord4_T1_R.avi	190	0	900	720									13779	10:16:02.800	1536226336573755															0	1330		Fixation	8	519	409	1.55	68.26	347.69																				1651	698	497	709	409	703	453	513	453	279.99	89.70	284.78	125.16	282.38	107.43	284.48	196.40	713.10	329.36	199.70	708.91					737.96	737.96	4.77	4.62	0	0				
07/12/2018	3.3.2	Gaze Project	O4	3	M	Bilingual	G130	06/09/2018	89100	1280 x 720		Raw Data	Ord4_T1_R.avi	190	0	900	720									13787	10:16:02.808	1536226336582016															0	1331		Fixation	8	503	463	1.80	253.55	185.28																				1652	707	478	693	463	700	470	510	470	283.93	97.32	278.13	103.51	281.03	100.42	284.41	196.27	713.15	329.31	199.81	709.24					737.97	737.97	4.61	4.70	0	0				
07/12/2018	3.3.2	Gaze Project	O4	3	M	Bilingual	G130	06/09/2018	89100	1280 x 720		Raw Data	Ord4_T1_R.avi	190	0	900	720									13796	10:16:02.816	1536226336590346															0	1332		Fixation	8	539	419	1.81	50.80	157.26																				1653	699	476	729	419	714	447	524	447	280.58	98.44	292.71	121.10	286.65	109.77	284.20	200.37	725.58	329.23	199.69	709.29					751.05	751.05	4.71	4.66	0	0				
07/12/2018	3.3.2	Gaze Project	O4	3	M	Bilingual	G130	06/09/2018	89100	1280 x 720		Raw Data	Ord4_T1_R.avi	190	0	900	720									13804	10:16:02.825	1536226336598709															0			Unclassified	8																									1654	721	533			721	533	531	533	289.60	75.23					284.28	196.31	712.91		-34.01						737.75		4.81		0	4				
07/12/2018	3.3.2	Gaze Project	O4	3	M	Bilingual	G130	06/09/2018	89100	1280 x 720		Raw Data	Ord4_T1_R.avi	190	0	900	720									13812	10:16:02.833	1536226336607067															0	1333		Fixation	8	503	506	3.00	247.59	196.78																				1655	713	491	693	506	703	498	513	498	286.34	92.37	278.34	86.37	282.34	89.37	284.22	196.30	712.88	329.09	199.58	708.60					737.72	737.72	4.79	4.75	0	0				
07/12/2018	3.3.2	Gaze Project	O4	3	M	Bilingual	G130	06/09/2018	89100	1280 x 720		Raw Data	Ord4_T1_R.avi	190	0	900	720									13821	10:16:02.841	1536226336615346															0	1334		Fixation	8	522	437	2.28	74.65	187.07																				1656	713	520	712	437	712	478	522	478	286.28	80.47	285.61	114.00	285.94	97.24	284.15	196.24	712.72	329.03	199.58	708.62					737.54	737.54	4.89	4.58	0	0				
07/12/2018	3.3.2	Gaze Project	O4	3	M	Bilingual	G130	06/09/2018	89100	1280 x 720		Raw Data	Ord4_T1_R.avi	190	0	900	720									13829	10:16:02.850	1536226336623688															0	1335		Fixation	9	513	468	1.03	253.86	179.21																				1657	697	492	703	468	700	480	510	480	279.89	91.80	282.17	101.66	281.03	96.73	284.09	196.22	712.68	328.96	199.48	708.31					737.50	737.50	4.71	4.70	0	0				
07/12/2018	3.3.2	Gaze Project	O4	3	M	Bilingual	G130	06/09/2018	89100	1280 x 720		Raw Data	Ord4_T1_R.avi	190	0	900	720									13838	10:16:02.858	1536226336632020															0	1336		Fixation	9	493	519	1.73	248.65	354.79																				1658	720	506	683	519	701	512	511	512	288.87	86.14	274.15	80.79	281.51	83.46	284.05	196.19	712.58	328.86	199.59	708.27					737.39	737.39	4.72	4.80	0	0				
07/12/2018	3.3.2	Gaze Project	O4	3	M	Bilingual	G130	06/09/2018	89100	1280 x 720		Raw Data	Ord4_T1_R.avi	190	0	900	720									13846	10:16:02.867	1536226336640381															0			Unclassified	8																									1659	710	463			710	463	520	463	285.18	103.62					285.35	201.47	728.14		-34.01						753.86		4.97		0	4				
07/12/2018	3.3.2	Gaze Project	O4	3	M	Bilingual	G130	06/09/2018	89100	1280 x 720		Raw Data	Ord4_T1_R.avi	190	0	900	720									13854	10:16:02.875	1536226336648725															0	1337		Fixation	8	501	479	1.29	78.73	190.08																				1660	724	498	691	479	707	488	517	488	290.65	89.24	277.40	96.94	284.02	93.09	283.94	196.13	712.42	328.80	199.57	708.27					737.22	737.22	4.75	4.86	0	0				
07/12/2018	3.3.2	Gaze Project	O4	3	M	Bilingual	G130	06/09/2018	89100	1280 x 720		Raw Data	Ord4_T1_R.avi	190	0	900	720									13863	10:16:02.883	1536226336656991															0	1338		Fixation	8	533	382	3.27	71.80	353.07																				1661	723	503	723	382	723	442	533	442	290.36	87.36	290.30	136.07	290.33	111.72	283.90	196.12	712.41	328.78	199.40	708.22					737.20	737.20	4.66	4.63	0	0				
07/12/2018	3.3.2	Gaze Project	O4	3	M	Bilingual	G130	06/09/2018	89100	1280 x 720		Raw Data	Ord4_T1_R.avi	190	0	900	720									13871	10:16:02.892	1536226336665335															0	1339		Fixation	8	510	425	1.57	241.94	170.14																				1662	695	504	700	425	697	464	507	464	278.90	86.87	281.05	118.67	279.97	102.77	285.46	202.25	730.55	328.75	199.33	708.04					756.39	756.39	4.95	4.52	0	0				
07/12/2018	3.3.2	Gaze Project	O4	3	M	Bilingual	G130	06/09/2018	89100	1280 x 720		Raw Data	Ord4_T1_R.avi	190	0	900	720									13879	10:16:02.900	1536226336673698															0	1340		Fixation	8	497	442	0.68	232.68	350.75																				1663	711	507	687	442	699	474	509	474	285.60	85.90	275.92	111.92	280.76	98.91	283.83	196.01	712.14	328.72	199.34	708.14					736.91	736.91	4.71	4.70	0	0				
07/12/2018	3.3.2	Gaze Project	O4	3	M	Bilingual	G130	06/09/2018	89100	1280 x 720		Raw Data	Ord4_T1_R.avi	190	0	900	720									13888	10:16:02.908	1536226336682050															0	1341		Fixation	8	519	437	0.72	12.84	140.16																				1664	703	514	709	437	706	475	516	475	282.27	82.91	284.48	114.06	283.38	98.49	283.81	195.98	712.08	328.69	199.27	708.00					736.84	736.84	4.76	4.55	0	0				
07/12/2018	3.3.2	Gaze Project	O4	3	M	Bilingual	G130	06/09/2018	89100	1280 x 720		Raw Data	Ord4_T1_R.avi	190	0	900	720									13896	10:16:02.917	1536226336690410															0	1342		Fixation	8	524	421	0.54	72.70	59.85																				1665	684	508	714	421	699	464	509	464	274.57	85.34	286.54	120.34	280.56	102.84	283.78	195.92	711.95	328.67	199.14	708.05					736.69	736.69	4.62	4.55	0	0				
07/12/2018	3.3.2	Gaze Project	O4	3	M	Bilingual	G130	06/09/2018	89100	1280 x 720		Raw Data	Ord4_T1_R.avi	190	0	900	720									13904	10:16:02.925	1536226336698667															0	1343		Fixation	8	498	335	2.87	106.77	34.07																				1666	705	454	688	335	696	394	506	394	283.15	107.12	276.05	155.24	279.60	131.18	283.76	195.87	711.84	330.87	204.26	722.51					736.57	736.57	4.69	4.48	0	0				
07/12/2018	3.3.2	Gaze Project	O4	3	M	Bilingual	G130	06/09/2018	89100	1280 x 720		Raw Data	Ord4_T1_R.avi	190	0	900	720									13913	10:16:02.933	1536226336707002															0	1344		Fixation	8	555	375	2.23	324.85	218.08																				1667	688	499	745	375	716	437	526	437	276.20	89.16	299.02	139.07	287.61	114.12	283.74	195.82	711.76	328.62	199.09	708.07					736.48	736.48	4.63	4.41	0	0				
07/12/2018	3.3.2	Gaze Project	O4	3	M	Bilingual	G130	06/09/2018	89100	1280 x 720		Raw Data	Ord4_T1_R.avi	190	0	900	720									13921	10:16:02.942	1536226336715364															0	1345		Fixation	8	514	492	3.92	250.75	285.89																				1668			704	492	704	492	514	492			282.76	91.86						331.19	204.93	724.66						0.00		4.85	4	0				
07/12/2018	3.3.2	Gaze Project	O4	3	M	Bilingual	G130	06/09/2018	89100	1280 x 720		Raw Data	Ord4_T1_R.avi	190	0	900	720									13929	10:16:02.950	1536226336723719															0	1346		Fixation	8	499	419	2.36	101.58	210.83																				1669	712	513	689	419	700	466	510	466	285.66	83.28	276.66	121.26	281.16	102.27	283.71	195.92	711.72	328.62	199.28	708.00					736.47	736.47	4.92	4.67	0	0				
07/12/2018	3.3.2	Gaze Project	O4	3	M	Bilingual	G130	06/09/2018	89100	1280 x 720		Raw Data	Ord4_T1_R.avi	190	0	900	720									13938	10:16:02.958	1536226336731963															0	1347		Fixation	8	517	523	3.37	279.79	178.21																				1670	712	507	707	523	709	515	519	515	285.90	85.96	283.87	79.17	284.88	82.56	283.68	195.70	711.51	328.62	199.27	708.00					736.21	736.21	4.68	4.80	0	0				
07/12/2018	3.3.2	Gaze Project	O4	3	M	Bilingual	G130	06/09/2018	89100	1280 x 720		Raw Data	Ord4_T1_R.avi	190	0	900	720									13946	10:16:02.967	1536226336740321															0	1348		Fixation	8	476	459	2.39	122.56	202.77																				1671	740	525	666	459	703	492	513	492	296.90	78.46	267.37	104.96	282.14	91.71	283.47	201.00	727.98	332.24	207.28	731.83					753.49	753.49	4.70	4.81	0	0				
07/12/2018	3.3.2	Gaze Project	O4	3	M	Bilingual	G130	06/09/2018	89100	1280 x 720		Raw Data	Ord4_T1_R.avi	190	0	900	720									13954	10:16:02.975	1536226336748680															0	1349		Fixation	8	548	471	2.30	350.51	227.95																				1672	705	511	738	471	721	491	531	491	283.14	84.32	296.05	100.41	289.59	92.36	283.65	195.64	711.38	328.62	199.23	708.02					736.07	736.07	4.63	4.67	0	0				
07/12/2018	3.3.2	Gaze Project	O4	3	M	Bilingual	G130	06/09/2018	89100	1280 x 720		Raw Data	Ord4_T1_R.avi	190	0	900	720									13963	10:16:02.983	1536226336757017															0	1350		Fixation	8	497	469	1.64	177.75	187.24																				1673	719	523	687	469	703	496	513	496	288.71	79.33	275.82	101.00	282.27	90.16	283.64	195.59	711.24	328.53	198.81	707.20					735.92	735.92	4.72	4.68	0	0				
07/12/2018	3.3.2	Gaze Project	O4	3	M	Bilingual	G130	06/09/2018	89100	1280 x 720		Raw Data	Ord4_T1_R.avi	190	0	900	720									13971	10:16:02.992	1536226336765405															0	1351		Fixation	8	546	406	2.56	52.21	234.47																				1674	708	483	736	406	722	444	532	444	284.05	95.24	295.59	126.28	289.82	110.76	284.67	199.68	723.13	328.51	198.79	707.12					748.52	748.52	4.87	4.45	0	0				
07/12/2018	3.3.2	Gaze Project	O4	3	M	Bilingual	G130	06/09/2018	89100	1280 x 720		Raw Data	Ord4_T1_R.avi	190	0	900	720									13979	10:16:03.000	1536226336773655															0	1352		Fixation	8	535	313	3.04	96.72	44.51																				1675	681	430	725	313	703	371	513	371	273.43	116.84	290.95	163.93	282.19	140.39	283.61	195.61	711.08	328.46	198.79	706.97					735.77	735.77	4.67	4.36	0	0				
07/12/2018	3.3.2	Gaze Project	O4	3	M	Bilingual	G130	06/09/2018	89100	1280 x 720		Raw Data	Ord4_T1_R.avi	190	0	900	720									13988	10:16:03.008	1536226336781985															0	1353		Fixation	8	510	414	3.33	256.14	159.42																				1676	657	405	700	414	678	409	488	409	263.82	126.68	281.11	123.37	272.46	125.02	284.78	200.34	724.77	329.21	204.02	722.65					750.29	750.29	4.81	5.07	0	0				
07/12/2018	3.3.2	Gaze Project	O4	3	M	Bilingual	G130	06/09/2018	89100	1280 x 720		Raw Data	Ord4_T1_R.avi	190	0	900	720									13996	10:16:03.017	1536226336790350															0			Unclassified	8																									1677	675	399			675	399	485	399	270.93	129.08					283.56	195.70	711.03		-34.01						735.75		4.52		0	4				
07/12/2018	3.3.2	Gaze Project	O4	3	M	Bilingual	G130	06/09/2018	89100	1280 x 720		Raw Data	Ord4_T1_R.avi	190	0	900	720									14004	10:16:03.025	1536226336798707															0	1354		Fixation	8	524	227	5.96	85.73	189.59																				1678	679	328	714	227	696	277	506	277	272.69	157.92	286.53	198.53	279.61	178.22	283.53	195.66	710.84	328.95	202.72	718.74					735.55	735.55	4.39	4.34	0	0				
07/12/2018	3.3.2	Gaze Project	O4	3	M	Bilingual	G130	06/09/2018	89100	1280 x 720		Raw Data	Ord4_T1_R.avi	190	0	900	720									14013	10:16:03.033	1536226336806984															0			Unclassified	8																									1679	658	379			658	379	468	379	263.93	137.41					283.49	195.61	710.71		-34.01						735.41		4.46		0	4				
07/12/2018	3.3.2	Gaze Project	O4	3	M	Bilingual	G130	06/09/2018	89100	1280 x 720		Raw Data	Ord4_T1_R.avi	190	0	900	720									14021	10:16:03.042	1536226336815321															0	1355		Fixation	8	536	234	0.45	329.66	243.93																				1680	663	434	726	234	694	334	504	334	266.21	115.24	291.27	195.87	278.74	155.56	283.47	195.73	710.66	328.30	198.74	706.57					735.40	735.40	4.74	4.18	0	0				
07/12/2018	3.3.2	Gaze Project	O4	3	M	Bilingual	G130	06/09/2018	89100	1280 x 720		Raw Data	Ord4_T1_R.avi	190	0	900	720									14029	10:16:03.050	1536226336823657															0	1356		Fixation	8	535	281	1.51	268.79	299.12																				1681	691	319	725	281	708	300	518	300	277.40	161.29	290.89	176.92	284.14	169.10	283.44	195.58	710.59	330.85	204.61	723.54					735.29	735.29	4.48	4.44	0	0				
07/12/2018	3.3.2	Gaze Project	O4	3	M	Bilingual	G130	06/09/2018	89100	1280 x 720		Raw Data	Ord4_T1_R.avi	190	0	900	720									14038	10:16:03.058	1536226336832015															0	1357		Fixation	8	492	313	1.72	216.74	307.96																				1682	693	406	682	313	687	359	497	359	278.15	126.59	273.88	163.73	276.01	145.16	283.41	195.47	710.64	328.25	198.70	706.39					735.30	735.30	4.55	4.47	0	0				
07/12/2018	3.3.2	Gaze Project	O4	3	M	Bilingual	G130	06/09/2018	89100	1280 x 720		Raw Data	Ord4_T1_R.avi	190	0	900	720									14046	10:16:03.067	1536226336840372															0			Unclassified	8																									1683	673	406			673	406	483	406	270.00	126.34					284.37	199.47	721.83		-34.01						747.21		4.80		0	4				
07/12/2018	3.3.2	Gaze Project	O4	3	M	Bilingual	G130	06/09/2018	89100	1280 x 720		Raw Data	Ord4_T1_R.avi	190	0	900	720									14054	10:16:03.075	1536226336848638															0	1358		Fixation	8	512	250	2.15	72.44	215.70																				1684	676	375	702	250	689	312	499	312	271.15	139.12	281.81	189.13	276.48	164.12	283.35	195.54	710.35	328.20	198.60	706.43					735.05	735.05	4.55	4.15	0	0				
07/12/2018	3.3.2	Gaze Project	O4	3	M	Bilingual	G130	06/09/2018	89100	1280 x 720		Raw Data	Ord4_T1_R.avi	190	0	900	720									14063	10:16:03.083	1536226336856981															0	1359		Fixation	8	481	367	3.93	255.21	182.77																				1685	674	380	671	367	672	373	482	373	270.43	136.97	269.45	142.28	269.94	139.63	283.31	195.63	710.58	328.16	198.63	706.08					735.29	735.29	4.51	4.64	0	0				
07/12/2018	3.3.2	Gaze Project	O4	3	M	Bilingual	G130	06/09/2018	89100	1280 x 720		Raw Data	Ord4_T1_R.avi	190	0	900	720									14071	10:16:03.092	1536226336865317															0	1360		Fixation	8	514	354	1.14	21.56	126.36																				1686	681	354	704	354	692	354	502	354	273.40	147.36	282.64	147.32	278.02	147.34	283.30	195.76	710.53	328.14	198.66	706.11					735.28	735.28	4.61	4.67	0	0				
07/12/2018	3.3.2	Gaze Project	O4	3	M	Bilingual	G130	06/09/2018	89100	1280 x 720		Raw Data	Ord4_T1_R.avi	190	0	900	720									14079	10:16:03.100	1536226336873672															0	1361		Fixation	8	485	314	1.61	125.85	104.29																				1687	680	353	675	314	677	333	487	333	273.02	147.71	270.92	163.61	271.97	155.66	283.25	195.54	710.23	328.10	198.66	706.05					734.93	734.93	4.45	4.30	0	0				
07/12/2018	3.3.2	Gaze Project	O4	3	M	Bilingual	G130	06/09/2018	89100	1280 x 720		Raw Data	Ord4_T1_R.avi	190	0	900	720									14088	10:16:03.108	1536226336882042															0	1362		Fixation	8	486	379	2.11	270.88	145.02																				1688	698	375	676	379	687	377	497	377	280.19	139.13	271.16	137.38	275.67	138.26	283.21	195.45	709.94	328.06	198.62	705.92					734.62	734.62	4.42	4.68	0	0				
07/12/2018	3.3.2	Gaze Project	O4	3	M	Bilingual	G130	06/09/2018	89100	1280 x 720		Raw Data	Ord4_T1_R.avi	190	0	900	720									14096	10:16:03.117	1536226336890306															0	1363		Fixation	8	497	354	0.88	66.32	155.44																				1689			687	354	687	354	497	354			275.78	147.48						328.05	198.76	706.28						0.00		4.65	4	0				
07/12/2018	3.3.2	Gaze Project	O4	3	M	Bilingual	G130	06/09/2018	89100	1280 x 720		Raw Data	Ord4_T1_R.avi	190	0	900	720									14104	10:16:03.125	1536226336898638															0			Unclassified	8																									1690	688	292			688	292	498	292	276.33	172.41					283.13	195.48	710.00		-34.01						734.68		4.13		0	4				
07/12/2018	3.3.2	Gaze Project	O4	3	M	Bilingual	G130	06/09/2018	89100	1280 x 720		Raw Data	Ord4_T1_R.avi	190	0	900	720									14113	10:16:03.133	1536226336906986															0	1364		Fixation	8	532	315	1.70	48.19	341.87																				1691	669	305	722	315	695	310	505	310	268.67	167.25	289.90	162.93	279.29	165.09	283.08	195.54	710.18	327.95	198.65	705.92					734.87	734.87	4.17	4.23	0	0				
07/12/2018	3.3.2	Gaze Project	O4	3	M	Bilingual	G130	06/09/2018	89100	1280 x 720		Raw Data	Ord4_T1_R.avi	190	0	900	720									14121	10:16:03.142	1536226336915358															0	1365		Fixation	8	513	287	1.10	124.07	75.89																				1692	677	295	703	287	690	291	500	291	271.66	171.35	282.31	174.40	276.98	172.88	283.04	195.41	709.77	327.90	198.59	705.73					734.44	734.44	4.09	4.19	0	0				
07/12/2018	3.3.2	Gaze Project	O4	3	M	Bilingual	G130	06/09/2018	89100	1280 x 720		Raw Data	Ord4_T1_R.avi	190	0	900	720									14129	10:16:03.150	1536226336923629															0	1366		Fixation	8	518	281	0.25	50.29	286.21																				1693	720	243	708	281	714	262	524	262	288.93	192.08	284.02	176.81	286.48	184.45	283.01	195.53	709.72	330.45	204.52	722.91					734.43	734.43	3.67	4.57	0	0				
07/12/2018	3.3.2	Gaze Project	O4	3	M	Bilingual	G130	06/09/2018	89100	1280 x 720		Raw Data	Ord4_T1_R.avi	190	0	900	720									14138	10:16:03.158	1536226336931974															0	1367		Fixation	8	538	287	0.67	343.25	292.96																				1694	705	201	728	287	716	244	526	244	283.06	209.09	292.14	174.25	287.60	191.67	282.96	195.52	709.72	327.83	198.71	706.07					734.43	734.43	3.62	4.27	0	0				
07/12/2018	3.3.2	Gaze Project	O4	3	M	Bilingual	G130	06/09/2018	89100	1280 x 720		Raw Data	Ord4_T1_R.avi	190	0	900	720									14146	10:16:03.167	1536226336940310															0	1368		Fixation	8	537	280	0.23	98.10	114.85																				1695	682	300	727	280	704	290	514	290	273.71	169.32	291.68	177.08	282.70	173.20	284.18	200.45	724.66	332.71	209.90	738.83					750.19	750.19	4.59	4.72	0	0				
07/12/2018	3.3.2	Gaze Project	O4	3	M	Bilingual	G130	06/09/2018	89100	1280 x 720		Raw Data	Ord4_T1_R.avi	190	0	900	720									14154	10:16:03.175	1536226336948666															0			Unclassified	8																									1696	672	374			672	374	482	374	269.78	139.46					282.84	195.26	709.83		-34.01						734.44		4.38		0	4				
07/12/2018	3.3.2	Gaze Project	O4	3	M	Bilingual	G130	06/09/2018	89100	1280 x 720		Raw Data	Ord4_T1_R.avi	190	0	900	720									14163	10:16:03.183	1536226336957023															0	1369		Fixation	8	538	330	1.59	271.14	173.04																				1697	721	352	728	330	724	341	534	341	289.42	148.09	292.02	157.20	290.72	152.64	282.80	195.33	709.64	327.66	198.52	705.54					734.29	734.29	4.40	4.25	0	0				
07/12/2018	3.3.2	Gaze Project	O4	3	M	Bilingual	G130	06/09/2018	89100	1280 x 720		Raw Data	Ord4_T1_R.avi	190	0	900	720									14171	10:16:03.192	1536226336965293															0	1370		Fixation	8	483	378	2.36	221.20	310.06																				1698	656	354	673	378	664	366	474	366	263.41	147.31	270.10	137.59	266.75	142.45	282.79	195.44	709.60	327.61	198.49	705.44					734.28	734.28	4.50	4.65	0	0				
07/12/2018	3.3.2	Gaze Project	O4	3	M	Bilingual	G130	06/09/2018	89100	1280 x 720		Raw Data	Ord4_T1_R.avi	190	0	900	720									14179	10:16:03.200	1536226336973646															0	1371		Fixation	8	490	311	2.18	84.05	222.85																				1699	673	356	680	311	676	333	486	333	270.06	146.46	272.86	164.60	271.46	155.53	282.52	199.50	722.76	327.56	198.50	705.50					748.03	748.03	4.55	4.31	0	0				
07/12/2018	3.3.2	Gaze Project	O4	3	M	Bilingual	G130	06/09/2018	89100	1280 x 720		Raw Data	Ord4_T1_R.avi	190	0	900	720									14188	10:16:03.208	1536226336981981															0	1372		Fixation	8	553	263	2.55	37.39	313.34																				1700	668	296	743	263	705	279	515	279	268.15	170.59	298.29	183.87	283.22	177.23	282.65	195.24	709.48	328.10	202.37	717.38					734.10	734.10	4.09	4.24	0	0				
07/12/2018	3.3.2	Gaze Project	O4	3	M	Bilingual	G130	06/09/2018	89100	1280 x 720		Raw Data	Ord4_T1_R.avi	190	0	900	720									14196	10:16:03.217	1536226336990324															0			Unclassified	8																									1701	690	290			690	290	500	290	276.90	173.31					282.60	195.23	709.48		-34.01						734.10		4.01		0	4				
07/12/2018	3.3.2	Gaze Project	O4	3	M	Bilingual	G130	06/09/2018	89100	1280 x 720		Raw Data	Ord4_T1_R.avi	190	0	900	720									14204	10:16:03.225	1536226336998693															0	1373		Fixation	8	494	264	1.90	180.97	143.58																				1702	676	259	684	264	680	261	490	261	271.40	185.59	274.40	183.43	272.90	184.51	282.55	195.21	709.44	327.40	198.41	705.27					734.05	734.05	3.87	4.15	0	0				
07/12/2018	3.3.2	Gaze Project	O4	3	M	Bilingual	G130	06/09/2018	89100	1280 x 720		Raw Data	Ord4_T1_R.avi	190	0	900	720									14213	10:16:03.233	1536226337006956															0	1374		Fixation	8	511	177	2.87	78.98	258.00																				1703	703	296	701	177	702	236	512	236	282.32	170.92	281.36	218.55	281.84	194.73	282.50	195.22	709.47	327.87	201.78	715.65					734.08	734.08	4.08	4.03	0	0				
07/12/2018	3.3.2	Gaze Project	O4	3	M	Bilingual	G130	06/09/2018	89100	1280 x 720		Raw Data	Ord4_T1_R.avi	190	0	900	720									14221	10:16:03.242	1536226337015293															0	1375		Fixation	8	491	317	4.58	261.90	182.92																				1704	663	175	681	317	672	246	482	246	266.04	219.62	273.53	162.25	269.79	190.93	283.93	201.03	726.61	327.33	198.49	705.51					752.22	752.22	3.93	4.38	0	0				
07/12/2018	3.3.2	Gaze Project	O4	3	M	Bilingual	G130	06/09/2018	89100	1280 x 720		Raw Data	Ord4_T1_R.avi	190	0	900	720									14229	10:16:03.250	1536226337023649															0	1376		Fixation	8	543	297	1.81	21.10	119.20																				1705	681	357	733	297	707	327	517	327	273.47	146.32	294.07	170.29	283.77	158.30	282.42	195.20	709.43	327.29	198.45	705.40					734.04	734.04	4.46	4.22	0	0				
07/12/2018	3.3.2	Gaze Project	O4	3	M	Bilingual	G130	06/09/2018	89100	1280 x 720		Raw Data	Ord4_T1_R.avi	190	0	900	720									14238	10:16:03.258	1536226337032006															0	1377		Fixation	8	518	256	1.54	121.29	100.19																				1706	680	326	708	256	694	291	504	291	272.81	158.54	284.00	186.85	278.41	172.69	282.38	195.08	709.48	330.57	206.06	727.58					734.04	734.04	4.24	4.44	0	0				
07/12/2018	3.3.2	Gaze Project	O4	3	M	Bilingual	G130	06/09/2018	89100	1280 x 720		Raw Data	Ord4_T1_R.avi	190	0	900	720									14246	10:16:03.267	1536226337040278															0	1378		Fixation	8	535	218	1.32	65.97	304.68																				1707	694	236	725	218	709	227	519	227	278.52	194.92	290.82	202.30	284.67	198.61	282.34	195.22	709.51	330.40	205.74	726.66					734.11	734.11	3.89	4.39	0	0				
07/12/2018	3.3.2	Gaze Project	O4	3	M	Bilingual	G130	06/09/2018	89100	1280 x 720		Raw Data	Ord4_T1_R.avi	190	0	900	720									14254	10:16:03.275	1536226337048623															0	1379		Fixation	8	558	389	5.50	277.64	211.67																				1708	724	219	748	389	736	304	546	304	290.61	201.63	300.44	133.19	295.52	167.41	282.31	195.17	709.40	327.69	201.84	715.92					733.99	733.99	3.80	5.11	0	0				
07/12/2018	3.3.2	Gaze Project	O4	3	M	Bilingual	G130	06/09/2018	89100	1280 x 720		Raw Data	Ord4_T1_R.avi	190	0	900	720									14263	10:16:03.283	1536226337056965															0	1380		Fixation	8	488	404	2.28	192.13	274.50																				1709	662	260	678	404	670	332	480	332	265.74	185.25	272.11	127.33	268.93	156.29	282.28	195.17	709.42	327.66	201.79	715.78					734.01	734.01	4.00	5.00	0	0				
07/12/2018	3.3.2	Gaze Project	O4	3	M	Bilingual	G130	06/09/2018	89100	1280 x 720		Raw Data	Ord4_T1_R.avi	190	0	900	720									14271	10:16:03.292	1536226337065319															0	1381		Fixation	8	493	385	0.63	75.30	243.17																				1710	652	388	683	385	667	386	477	386	261.57	133.67	274.28	134.92	267.92	134.29	283.54	200.34	724.63	327.12	198.40	705.37					750.11	750.11	4.85	4.57	0	0				
07/12/2018	3.3.2	Gaze Project	O4	3	M	Bilingual	G130	06/09/2018	89100	1280 x 720		Raw Data	Ord4_T1_R.avi	190	0	900	720									14279	10:16:03.300	1536226337073677															0	1382		Fixation	8	477	388	0.52	190.65	115.35																				1711	676	339	667	388	671	363	481	363	271.22	153.60	267.90	133.62	269.56	143.61	282.22	195.14	709.38	327.09	198.40	705.39					733.96	733.96	4.46	4.68	0	0				
07/12/2018	3.3.2	Gaze Project	O4	3	M	Bilingual	G130	06/09/2018	89100	1280 x 720		Raw Data	Ord4_T1_R.avi	190	0	900	720									14288	10:16:03.308	1536226337081945															0	1383		Fixation	8	527	332	2.43	48.33	217.68																				1712	686	293	717	332	701	312	511	312	275.30	172.11	287.91	156.06	281.61	164.08	282.19	195.01	709.44	327.05	198.32	705.18					733.97	733.97	4.26	4.59	0	0				
07/12/2018	3.3.2	Gaze Project	O4	3	M	Bilingual	G130	06/09/2018	89100	1280 x 720		Raw Data	Ord4_T1_R.avi	190	0	900	720									14296	10:16:03.317	1536226337090300															0			Unclassified	8																									1713	671	339			671	339	481	339	269.53	153.52					282.15	195.12	709.37		-34.01						733.94		4.53		0	4				
07/12/2018	3.3.2	Gaze Project	O4	3	M	Bilingual	G130	06/09/2018	89100	1280 x 720		Raw Data	Ord4_T1_R.avi	190	0	900	720									14304	10:16:03.325	1536226337098635															0	1384		Fixation	8	515	292	1.36	106.65	58.32																				1714	689	324	705	292	697	308	507	308	276.66	159.38	283.03	172.44	279.84	165.91	282.12	195.15	709.52	326.99	198.32	705.24					734.09	734.09	4.25	4.57	0	0				
07/12/2018	3.3.2	Gaze Project	O4	3	M	Bilingual	G130	06/09/2018	89100	1280 x 720		Raw Data	Ord4_T1_R.avi	190	0	900	720									14313	10:16:03.333	1536226337106994															0	1385		Fixation	8	512	297	0.19	239.12	132.47																				1715	666	303	702	297	684	300	494	300	267.44	167.93	281.65	170.40	274.55	169.17	282.09	195.11	709.43	326.96	198.31	705.21					733.99	733.99	4.11	4.35	0	0				
07/12/2018	3.3.2	Gaze Project	O4	3	M	Bilingual	G130	06/09/2018	89100	1280 x 720		Raw Data	Ord4_T1_R.avi	190	0	900	720									14321	10:16:03.342	1536226337115345															0	1386		Fixation	8	495	391	3.10	259.78	20.66																				1716	663	230	685	391	674	310	484	310	266.05	197.44	274.83	132.55	270.44	164.99	282.09	195.23	709.38	326.93	198.30	705.21					733.99	733.99	3.78	4.58	0	0				
07/12/2018	3.3.2	Gaze Project	O4	3	M	Bilingual	G130	06/09/2018	89100	1280 x 720		Raw Data	Ord4_T1_R.avi	190	0	900	720									14329	10:16:03.350	1536226337123596															0	1387		Fixation	8	560	200	6.57	71.26	171.48																				1717	679	302	750	200	714	251	524	251	272.67	168.30	301.12	209.28	286.89	188.79	282.04	195.10	709.45	326.90	198.18	705.26					734.00	734.00	4.12	4.01	0	0				
07/12/2018	3.3.2	Gaze Project	O4	3	M	Bilingual	G130	06/09/2018	89100	1280 x 720		Raw Data	Ord4_T1_R.avi	190	0	900	720									14338	10:16:03.358	1536226337131941															0	1388		Fixation	8	515	279	2.97	240.41	169.15																				1718	665	275	705	279	685	277	495	277	267.07	179.02	283.05	177.50	275.06	178.26	282.02	195.10	709.48	326.88	198.32	705.28					734.03	734.03	4.06	4.40	0	0				
07/12/2018	3.3.2	Gaze Project	O4	3	M	Bilingual	G130	06/09/2018	89100	1280 x 720		Raw Data	Ord4_T1_R.avi	190	0	900	720									14346	10:16:03.367	1536226337140294															0	1389		Fixation	8	517	271	0.27	76.01	195.59																				1719	700	269	707	271	703	270	513	270	280.81	181.47	283.78	180.79	282.30	181.13	281.99	195.11	709.52	326.85	198.32	705.31					734.08	734.08	4.05	4.43	0	0				
07/12/2018	3.3.2	Gaze Project	O4	3	M	Bilingual	G130	06/09/2018	89100	1280 x 720		Raw Data	Ord4_T1_R.avi	190	0	900	720									14354	10:16:03.375	1536226337148659															0	1390		Fixation	8	536	297	1.05	306.07	230.06																				1720	680	375	726	297	703	336	513	336	272.87	139.07	291.54	170.36	282.21	154.71	281.98	195.22	709.47	326.83	198.35	705.41					734.07	734.07	4.60	4.31	0	0				
07/12/2018	3.3.2	Gaze Project	O4	3	M	Bilingual	G130	06/09/2018	89100	1280 x 720		Raw Data	Ord4_T1_R.avi	190	0	900	720									14363	10:16:03.383	1536226337156937															0			Unclassified	8																									1721	670	368			670	368	480	368	268.81	141.94					281.95	195.14	709.66		-34.01						734.22		4.53		0	4				
07/12/2018	3.3.2	Gaze Project	O4	3	M	Bilingual	G130	06/09/2018	89100	1280 x 720		Raw Data	Ord4_T1_R.avi	190	0	900	720									14371	10:16:03.392	1536226337165269															0	1391		Fixation	8	497	257	1.82	134.18	188.11																				1722	663	339	687	257	675	298	485	298	265.99	153.46	275.89	186.26	270.94	169.86	281.93	195.17	709.78	326.79	198.34	705.41					734.34	734.34	4.45	4.10	0	0				
07/12/2018	3.3.2	Gaze Project	O4	3	M	Bilingual	G130	06/09/2018	89100	1280 x 720		Raw Data	Ord4_T1_R.avi	190	0	900	720									14379	10:16:03.400	1536226337173614															0	1392		Fixation	8	535	279	1.43	329.85	195.67																				1723	665	421	725	279	695	350	505	350	266.90	120.57	290.84	177.65	278.87	149.11	283.16	200.15	724.42	326.77	198.34	705.39					749.84	749.84	4.80	4.31	0	0				
07/12/2018	3.3.2	Gaze Project	O4	3	M	Bilingual	G130	06/09/2018	89100	1280 x 720		Raw Data	Ord4_T1_R.avi	190	0	900	720									14388	10:16:03.408	1536226337181971															0	1393		Fixation	8	526	319	1.32	257.36	287.51																				1724	667	348	716	319	691	333	501	333	267.87	149.61	287.37	161.66	277.62	155.64	281.91	195.15	709.78	328.95	203.43	720.12					734.33	734.33	4.51	4.57	0	0				
07/12/2018	3.3.2	Gaze Project	O4	3	M	Bilingual	G130	06/09/2018	89100	1280 x 720		Raw Data	Ord4_T1_R.avi	190	0	900	720									14396	10:16:03.417	1536226337190332															0	1394		Fixation	8	523	279	1.29	94.28	196.92																				1725	691	415	713	279	702	347	512	347	277.57	122.68	286.03	177.48	281.80	150.08	281.79	198.28	719.71	326.77	198.35	705.46					744.73	744.73	4.56	4.28	0	0				
07/12/2018	3.3.2	Gaze Project	O4	3	M	Bilingual	G130	06/09/2018	89100	1280 x 720		Raw Data	Ord4_T1_R.avi	190	0	900	720									14404	10:16:03.425	1536226337198595															0	1395		Fixation	8	657	233	4.61	19.00	284.73																				1726	738	392	847	233	792	312	602	312	296.44	132.17	340.07	196.09	318.26	164.13	281.97	194.98	709.85	326.78	198.22	705.51					734.35	734.35	4.36	3.85	0	0				
07/12/2018	3.3.2	Gaze Project	O4	3	M	Bilingual	G130	06/09/2018	89100	1280 x 720		Raw Data	Ord4_T1_R.avi	190	0	900	720									14413	10:16:03.433	1536226337206939															0	1396		Fixation	8	497	468	9.22	235.84	216.83																				1727	700	324	687	468	693	396	503	396	280.97	159.42	275.59	101.29	278.28	130.35	282.00	194.96	709.86	326.82	198.32	705.55					734.35	734.35	4.21	4.80	0	0				
07/12/2018	3.3.2	Gaze Project	O4	3	M	Bilingual	G130	06/09/2018	89100	1280 x 720		Raw Data	Ord4_T1_R.avi	190	0	900	720									14421	10:16:03.442	1536226337215282															0	1397		Fixation	8	556	315	5.30	68.97	193.14																				1728	680	357	746	315	713	336	523	336	273.07	146.24	299.26	162.96	286.17	154.60	282.68	198.04	718.34	326.81	198.29	705.47					743.38	743.38	4.61	4.34	0	0				
07/12/2018	3.3.2	Gaze Project	O4	3	M	Bilingual	G130	06/09/2018	89100	1280 x 720		Raw Data	Ord4_T1_R.avi	190	0	900	720									14429	10:16:03.450	1536226337223640															0	1398		Fixation	8	505	330	1.69	196.44	127.47																				1729	713	217	695	330	704	273	514	273	286.19	202.40	278.83	157.21	282.51	179.81	281.98	195.20	710.21	330.78	207.53	732.50					734.75	734.75	3.84	4.63	0	0				
07/12/2018	3.3.2	Gaze Project	O4	3	M	Bilingual	G130	06/09/2018	89100	1280 x 720		Raw Data	Ord4_T1_R.avi	190	0	900	720									14438	10:16:03.458	1536226337231997															0	1399		Fixation	8	530	372	1.56	300.68	104.24																				1730	704	235	720	372	712	303	522	303	282.73	195.27	289.05	140.17	285.89	167.72	281.98	195.23	710.29	326.83	198.44	705.89					734.85	734.85	3.93	4.44	0	0				
07/12/2018	3.3.2	Gaze Project	O4	3	M	Bilingual	G130	06/09/2018	89100	1280 x 720		Raw Data	Ord4_T1_R.avi	190	0	900	720									14446	10:16:03.467	1536226337240261															0	1400		Fixation	8	518	397	0.90	244.43	303.75																				1731	699	283	708	397	703	340	513	340	280.61	175.83	284.19	130.03	282.40	152.93	282.00	195.13	710.33	326.83	198.46	705.92					734.85	734.85	4.06	4.54	0	0				
07/12/2018	3.3.2	Gaze Project	O4	3	M	Bilingual	G130	06/09/2018	89100	1280 x 720		Raw Data	Ord4_T1_R.avi	190	0	900	720									14454	10:16:03.475	1536226337248603															0	1401		Fixation	8	509	386	0.46	129.20	244.77																				1732	676	425	699	386	687	405	497	405	271.24	118.71	280.56	134.50	275.90	126.61	282.96	199.21	721.82	326.83	198.58	705.87					747.06	747.06	4.74	4.60	0	0				
07/12/2018	3.3.2	Gaze Project	O4	3	M	Bilingual	G130	06/09/2018	89100	1280 x 720		Raw Data	Ord4_T1_R.avi	190	0	900	720									14463	10:16:03.483	1536226337256953															0	1402		Fixation	8	571	257	4.65	64.40	295.20																				1733	719	466	761	257	740	361	550	361	288.50	102.11	305.54	186.32	297.02	144.21	281.99	195.30	710.45	326.81	198.58	705.87					735.02	735.02	4.67	4.08	0	0				
07/12/2018	3.3.2	Gaze Project	O4	3	M	Bilingual	G130	06/09/2018	89100	1280 x 720		Raw Data	Ord4_T1_R.avi	190	0	900	720									14471	10:16:03.492	1536226337265300															0	1403		Fixation	8	519	380	4.34	247.15	182.75																				1734	724	473	709	380	716	426	526	426	290.62	99.66	284.61	136.96	287.61	118.31	282.00	195.35	710.58	326.84	198.54	706.09					735.15	735.15	4.67	4.56	0	0				
07/12/2018	3.3.2	Gaze Project	O4	3	M	Bilingual	G130	06/09/2018	89100	1280 x 720		Raw Data	Ord4_T1_R.avi	190	0	900	720									14479	10:16:03.500	1536226337273589															0	1404		Fixation	8	529	342	1.27	75.30	188.15																				1735	712	425	719	342	715	383	525	383	285.75	118.98	288.78	152.23	287.27	135.61	282.00	195.37	710.64	326.84	198.51	706.00					735.21	735.21	4.56	4.49	0	0				
07/12/2018	3.3.2	Gaze Project	O4	3	M	Bilingual	G130	06/09/2018	89100	1280 x 720		Raw Data	Ord4_T1_R.avi	190	0	900	720									14488	10:16:03.508	1536226337281944															0			Unclassified	8																									1736	715	459			715	459	525	459	286.82	105.14					282.00	195.40	710.74		-34.01						735.32		4.71		0	4				
07/12/2018	3.3.2	Gaze Project	O4	3	M	Bilingual	G130	06/09/2018	89100	1280 x 720		Raw Data	Ord4_T1_R.avi	190	0	900	720									14496	10:16:03.517	1536226337290262															0	1405		Fixation	8	486	470	4.29	251.49	176.18																				1737	704	365	676	470	690	417	500	417	282.65	143.09	271.47	100.52	277.06	121.80	282.01	195.42	710.77	329.52	204.77	724.17					735.35	735.35	4.41	4.98	0	0				
07/12/2018	3.3.2	Gaze Project	O4	3	M	Bilingual	G130	06/09/2018	89100	1280 x 720		Raw Data	Ord4_T1_R.avi	190	0	900	720									14504	10:16:03.525	1536226337298625															0			Unclassified	8																									1738	700	468			700	468	510	468	281.14	101.44					282.92	199.15	721.59		-34.01						746.83		4.77		0	4				
07/12/2018	3.3.2	Gaze Project	O4	3	M	Bilingual	G130	06/09/2018	89100	1280 x 720		Raw Data	Ord4_T1_R.avi	190	0	900	720									14513	10:16:03.533	1536226337306978															0	1406		Fixation	8	540	307	5.46	71.73	180.24																				1739	730	376	730	307	730	341	540	341	293.17	138.69	292.91	166.40	293.04	152.54	282.01	195.46	710.89	326.84	198.63	706.30					735.49	735.49	4.44	4.31	0	0				
07/12/2018	3.3.2	Gaze Project	O4	3	M	Bilingual	G130	06/09/2018	89100	1280 x 720		Raw Data	Ord4_T1_R.avi	190	0	900	720									14521	10:16:03.542	1536226337315250															0	1407		Fixation	8	525	280	1.00	118.98	47.25																				1740	720	469	715	280	717	374	527	374	289.05	100.98	287.14	177.00	288.10	138.99	282.02	195.35	710.94	328.95	203.56	720.53					735.50	735.50	4.66	4.32	0	0				
07/12/2018	3.3.2	Gaze Project	O4	3	M	Bilingual	G130	06/09/2018	89100	1280 x 720		Raw Data	Ord4_T1_R.avi	190	0	900	720									14529	10:16:03.550	1536226337323577															0	1408		Fixation	8	545	371	3.00	282.36	163.38																				1741	710	314	735	371	722	342	532	342	285.11	163.61	295.04	140.57	290.08	152.09	282.01	195.52	711.06	326.85	198.69	706.47					735.67	735.67	4.10	4.47	0	0				
07/12/2018	3.3.2	Gaze Project	O4	3	M	Bilingual	G130	06/09/2018	89100	1280 x 720		Raw Data	Ord4_T1_R.avi	190	0	900	720									14538	10:16:03.558	1536226337331931															0	1409		Fixation	8	655	281	4.62	39.38	117.02																				1742	716	294	845	281	780	287	590	287	287.33	171.74	339.17	176.86	313.25	174.30	282.01	195.54	711.10	326.84	198.71	706.49					735.71	735.71	4.07	3.78	0	0				
07/12/2018	3.3.2	Gaze Project	O4	3	M	Bilingual	G130	06/09/2018	89100	1280 x 720		Raw Data	Ord4_T1_R.avi	190	0	900	720									14546	10:16:03.567	1536226337340281															0	1410		Fixation	8	537	413	5.74	228.30	188.92																				1743	716	348	727	413	721	380	531	380	287.26	149.76	292.02	123.79	289.64	136.77	282.00	195.57	711.16	326.84	198.74	706.58					735.78	735.78	4.24	4.63	0	0				
07/12/2018	3.3.2	Gaze Project	O4	3	M	Bilingual	G130	06/09/2018	89100	1280 x 720		Raw Data	Ord4_T1_R.avi	190	0	900	720									14554	10:16:03.575	1536226337348563															0	1411		Fixation	8	554	422	0.62	332.03	103.73																				1744	718	288	744	422	731	355	541	355	288.19	173.84	298.57	119.90	293.38	146.87	282.01	195.71	711.11	327.53	203.43	720.84					735.77	735.77	3.93	4.98	0	0				
07/12/2018	3.3.2	Gaze Project	O4	3	M	Bilingual	G130	06/09/2018	89100	1280 x 720		Raw Data	Ord4_T1_R.avi	190	0	900	720									14563	10:16:03.583	1536226337356913															0	1412		Fixation	8	525	284	4.48	101.83	129.80																				1745	729	258	715	284	722	271	532	271	292.44	185.89	286.85	175.41	289.64	180.65	282.00	195.66	711.42	327.50	203.26	720.32					736.05	736.05	3.93	4.34	0	0				
07/12/2018	3.3.2	Gaze Project	O4	3	M	Bilingual	G130	06/09/2018	89100	1280 x 720		Raw Data	Ord4_T1_R.avi	190	0	900	720									14571	10:16:03.592	1536226337365242															0	1413		Fixation	8	544	363	2.59	283.48	181.65																				1746	753	309	734	363	743	336	553	336	302.31	165.64	294.77	143.73	298.54	154.69	281.99	195.67	711.43	329.24	204.43	722.99					736.06	736.06	4.04	4.61	0	0				
07/12/2018	3.3.2	Gaze Project	O4	3	M	Bilingual	G130	06/09/2018	89100	1280 x 720		Raw Data	Ord4_T1_R.avi	190	0	900	720									14579	10:16:03.600	1536226337373607															0	1414		Fixation	8	512	417	2.00	239.43	315.95																				1747	748	314	702	417	725	365	535	365	300.33	163.37	281.73	122.10	291.03	142.74	281.99	195.72	711.56	326.82	198.84	706.79					736.20	736.20	4.13	4.75	0	0				
07/12/2018	3.3.2	Gaze Project	O4	3	M	Bilingual	G130	06/09/2018	89100	1280 x 720		Raw Data	Ord4_T1_R.avi	190	0	900	720									14588	10:16:03.608	1536226337381961															0			Unclassified	8																									1748																			-34.01										4	4				
07/12/2018	3.3.2	Gaze Project	O4	3	M	Bilingual	G130	06/09/2018	89100	1280 x 720		Raw Data	Ord4_T1_R.avi	190	0	900	720									14596	10:16:03.617	1536226337390231															0	1415		Fixation	8	593	194	7.70	70.10	190.67																				1749	714	191	783	194	748	192	558	192	286.50	213.04	314.25	212.00	300.37	212.52	282.00	195.87	711.50	326.80	198.74	706.83					736.19	736.19	3.67	3.69	0	0				
07/12/2018	3.3.2	Gaze Project	O4	3	M	Bilingual	G130	06/09/2018	89100	1280 x 720		Raw Data	Ord4_T1_R.avi	190	0	900	720									14604	10:16:03.625	1536226337398574															0	1416		Fixation	8	563	258	2.28	244.96	174.86																				1750			753	258	753	258	563	258			302.42	186.16						329.38	204.91	724.29						0.00		4.54	4	0				
07/12/2018	3.3.2	Gaze Project	O4	3	M	Bilingual	G130	06/09/2018	89100	1280 x 720		Raw Data	Ord4_T1_R.avi	190	0	900	720									14613	10:16:03.633	1536226337406920															0	1417		Fixation	8	527	375	3.85	252.95	7.99																				1751	709	359	717	375	713	367	523	367	284.40	145.52	287.86	138.84	286.13	142.18	281.96	195.82	711.75	330.72	208.03	733.51					736.41	736.41	4.33	4.75	0	0				
07/12/2018	3.3.2	Gaze Project	O4	3	M	Bilingual	G130	06/09/2018	89100	1280 x 720		Raw Data	Ord4_T1_R.avi	190	0	900	720									14621	10:16:03.642	1536226337415262															0	1418		Fixation	8	555	360	1.01	28.26	135.31																				1752	705	415	745	360	725	387	535	387	282.84	123.01	298.93	144.96	290.89	133.98	281.96	195.83	711.77	326.80	199.02	707.13					736.44	736.44	4.67	4.46	0	0				
07/12/2018	3.3.2	Gaze Project	O4	3	M	Bilingual	G130	06/09/2018	89100	1280 x 720		Raw Data	Ord4_T1_R.avi	190	0	900	720									14629	10:16:03.650	1536226337423634															0			Unclassified	8																									1753	733	405			733	405	543	405	294.06	126.72					283.08	200.43	725.19		-34.01						750.65		4.79		0	4				
07/12/2018	3.3.2	Gaze Project	O4	3	M	Bilingual	G130	06/09/2018	89100	1280 x 720		Raw Data	Ord4_T1_R.avi	190	0	900	720									14638	10:16:03.658	1536226337431893															0	1419		Fixation	8	522	371	1.12	198.49	170.23																				1754	711	391	712	371	711	381	521	381	285.21	132.50	285.88	140.43	285.54	136.47	281.95	195.92	711.97	326.80	199.07	707.21					736.65	736.65	4.60	4.47	0	0				
07/12/2018	3.3.2	Gaze Project	O4	3	M	Bilingual	G130	06/09/2018	89100	1280 x 720		Raw Data	Ord4_T1_R.avi	190	0	900	720									14646	10:16:03.667	1536226337440231															0	1420		Fixation	8	557	290	2.86	66.70	228.21																				1755	726	484	747	290	736	387	546	387	291.34	95.20	299.68	173.10	295.51	134.15	281.97	195.81	712.01	326.79	199.09	707.20					736.66	736.66	4.59	4.23	0	0				
07/12/2018	3.3.2	Gaze Project	O4	3	M	Bilingual	G130	06/09/2018	89100	1280 x 720		Raw Data	Ord4_T1_R.avi	190	0	900	720									14654	10:16:03.675	1536226337448587															0	1421		Fixation	8	597	358	2.56	300.39	233.69																				1756	741	247	787	358	764	302	574	302	297.48	190.62	315.76	145.58	306.62	168.10	281.95	195.97	712.09	326.80	199.12	707.26					736.78	736.78	3.89	4.49	0	0				
07/12/2018	3.3.2	Gaze Project	O4	3	M	Bilingual	G130	06/09/2018	89100	1280 x 720		Raw Data	Ord4_T1_R.avi	190	0	900	720									14663	10:16:03.683	1536226337456944															0	1422		Fixation	8	556	170	6.21	102.26	161.88																				1757	718	327	746	170	732	248	542	248	288.12	158.39	299.34	221.37	293.73	189.88	281.95	195.98	712.06	327.44	203.56	720.76					736.76	736.76	4.19	3.93	0	0				
07/12/2018	3.3.2	Gaze Project	O4	3	M	Bilingual	G130	06/09/2018	89100	1280 x 720		Raw Data	Ord4_T1_R.avi	190	0	900	720									14671	10:16:03.692	1536226337465223															0	1423		Fixation	8	567	298	4.11	274.90	172.63																				1758	715	318	757	298	736	308	546	308	287.20	161.89	303.98	170.03	295.59	165.96	281.95	196.02	712.13	328.62	203.48	719.66					736.84	736.84	4.07	4.57	0	0				
07/12/2018	3.3.2	Gaze Project	O4	3	M	Bilingual	G130	06/09/2018	89100	1280 x 720		Raw Data	Ord4_T1_R.avi	190	0	900	720									14679	10:16:03.700	1536226337473549															0			Unclassified	8																									1759	732	235			732	235	542	235	293.82	195.38					281.97	196.17	712.07		-34.01						736.83		3.89		0	4				
07/12/2018	3.3.2	Gaze Project	O4	3	M	Bilingual	G130	06/09/2018	89100	1280 x 720		Raw Data	Ord4_T1_R.avi	190	0	900	720									14688	10:16:03.708	1536226337481899															0	1424		Fixation	8	531	418	3.98	253.35	338.46																				1760	705	379	721	418	713	398	523	398	282.86	137.26	289.38	121.59	286.12	129.42	281.77	199.93	724.23	327.45	203.71	720.97					749.53	749.53	4.58	4.99	0	0				
07/12/2018	3.3.2	Gaze Project	O4	3	M	Bilingual	G130	06/09/2018	89100	1280 x 720		Raw Data	Ord4_T1_R.avi	190	0	900	720									14696	10:16:03.717	1536226337490255															0	1425		Fixation	8	529	406	0.39	99.43	206.08																				1761	709	269	719	406	714	337	524	337	284.69	181.64	288.64	126.45	286.66	154.05	281.95	196.10	712.17	326.80	199.29	707.41					736.90	736.90	4.13	4.80	0	0				
07/12/2018	3.3.2	Gaze Project	O4	3	M	Bilingual	G130	06/09/2018	89100	1280 x 720		Raw Data	Ord4_T1_R.avi	190	0	900	720									14704	10:16:03.725	1536226337498615															0	1426		Fixation	8	559	249	5.08	79.22	339.78																				1762	733	341	749	249	741	295	551	295	294.08	152.73	300.51	189.49	297.30	171.11	281.95	196.17	712.30	330.90	208.78	735.08					737.04	737.04	4.19	4.52	0	0				
07/12/2018	3.3.2	Gaze Project	O4	3	M	Bilingual	G130	06/09/2018	89100	1280 x 720		Raw Data	Ord4_T1_R.avi	190	0	900	720									14713	10:16:03.733	1536226337506885															0	1427		Fixation	8	596	278	1.50	321.82	242.61																				1763	758	429	786	278	772	353	582	353	304.26	117.34	315.62	177.88	309.94	147.61	281.86	199.60	723.09	326.84	199.32	707.48					748.36	748.36	4.75	4.26	0	0				
07/12/2018	3.3.2	Gaze Project	O4	3	M	Bilingual	G130	06/09/2018	89100	1280 x 720		Raw Data	Ord4_T1_R.avi	190	0	900	720									14721	10:16:03.742	1536226337515231															0	1428		Fixation	8	596	464	6.02	270.00	308.18																				1764	817	448	786	464	801	456	611	456	327.95	109.41	315.38	102.99	321.67	106.20	282.14	196.24	712.27	326.92	199.27	707.49					737.04	737.04	4.37	4.64	0	0				
07/12/2018	3.3.2	Gaze Project	O4	3	M	Bilingual	G130	06/09/2018	89100	1280 x 720		Raw Data	Ord4_T1_R.avi	190	0	900	720									14729	10:16:03.750	1536226337523571															0	1429		Fixation	8	721	544	4.69	327.30	57.30																				1765	852	434	911	544	881	489	691	489	341.99	115.16	365.65	71.07	353.82	93.11	282.30	196.00	712.21	327.71	203.79	721.50					736.92	736.92	4.20	4.82	0	0				
07/12/2018	3.3.2	Gaze Project	O4	3	M	Bilingual	G130	06/09/2018	89100	1280 x 720		Raw Data	Ord4_T1_R.avi	190	0	900	720									14738	10:16:03.758	1536226337531929															0	1430		Fixation	8	690	586	1.64	233.66	266.36																				1766	894	450	880	586	887	518	697	518	358.77	108.78	353.19	54.14	355.98	81.46	282.41	196.02	712.34	327.13	199.23	707.67					737.05	737.05	4.17	4.65	0	0				
07/12/2018	3.3.2	Gaze Project	O4	3	M	Bilingual	G130	06/09/2018	89100	1280 x 720		Raw Data	Ord4_T1_R.avi	190	0	900	720									14746	10:16:03.767	1536226337540282															0	1431		Fixation	8	804	613	3.69	346.63	112.98																				1767	900	629	994	613	947	621	757	621	361.19	36.66	398.85	43.21	380.02	39.94	282.47	196.12	712.30	327.18	199.17	707.61					737.04	737.04	4.54	4.39	0	0				
07/12/2018	3.3.2	Gaze Project	O4	3	M	Bilingual	G130	06/09/2018	89100	1280 x 720		Raw Data	Ord4_T1_R.avi	190	0	900	720									14754	10:16:03.775	1536226337548545															0	1432		Fixation	8	746	567	2.29	141.49	154.86																				1768	909	641	936	567	922	604	732	604	364.98	31.74	375.55	61.59	370.27	46.67	282.48	196.11	712.60	327.75	202.67	718.36					737.33	737.33	4.71	4.65	0	0				
07/12/2018	3.3.2	Gaze Project	O4	3	M	Bilingual	G130	06/09/2018	89100	1280 x 720		Raw Data	Ord4_T1_R.avi	190	0	900	720									14763	10:16:03.783	1536226337556882															0	1433		Fixation	8	720	654	2.81	253.41	111.92																				1769	910	622	910	654	910	638	720	638	365.10	39.62	365.16	26.41	365.13	33.01	282.31	200.40	725.95	327.28	199.25	707.80					751.34	751.34	4.69	4.62	0	0				
07/12/2018	3.3.2	Gaze Project	O4	3	M	Bilingual	G130	06/09/2018	89100	1280 x 720		Raw Data	Ord4_T1_R.avi	190	0	900	720									14771	10:16:03.792	1536226337565239															0	1434		Fixation	8	733	625	0.99	65.92	172.51																				1770	929	628	923	625	926	626	736	626	372.94	36.99	370.66	38.20	371.80	37.60	282.51	196.09	712.47	327.31	199.13	707.85					737.20	737.20	4.46	4.62	0	0				
07/12/2018	3.3.2	Gaze Project	O4	3	M	Bilingual	G130	06/09/2018	89100	1280 x 720		Raw Data	Ord4_T1_R.avi	190	0	900	720									14779	10:16:03.800	1536226337573601															0	1435		Fixation	8	680	680	2.39	226.15	160.23																				1771	899	644	870	680	884	662	694	662	361.02	30.58	349.10	16.17	355.06	23.38	282.53	196.12	712.56	327.31	199.36	707.76					737.30	737.30	4.70	4.88	0	0				
07/12/2018	3.3.2	Gaze Project	O4	3	M	Bilingual	G130	06/09/2018	89100	1280 x 720		Raw Data	Ord4_T1_R.avi	190	0	900	720									14788	10:16:03.808	1536226337581884															0	1436		Fixation	8	718	629	1.98	53.40	187.25																				1772	918	668	908	629	913	648	723	648	368.44	20.91	364.60	36.47	366.52	28.69	282.38	200.30	725.63	327.38	199.19	707.70					751.00	751.00	4.59	4.64	0	0				
07/12/2018	3.3.2	Gaze Project	O4	3	M	Bilingual	G130	06/09/2018	89100	1280 x 720		Raw Data	Ord4_T1_R.avi	190	0	900	720									14796	10:16:03.817	1536226337590212															0	1437		Fixation	8	739	646	0.84	320.92	267.52																				1773			929	646	929	646	739	646			372.98	29.66						327.43	199.26	707.95						0.00		4.59	4	0				
07/12/2018	3.3.2	Gaze Project	O4	3	M	Bilingual	G130	06/09/2018	89100	1280 x 720		Raw Data	Ord4_T1_R.avi	190	0	900	720									14804	10:16:03.825	1536226337598553															0	1438		Fixation	8	731	629	0.58	115.13	154.21																				1774	891	633	921	629	906	631	716	631	357.53	35.04	369.62	36.46	363.58	35.75	282.62	196.11	712.55	327.46	199.22	707.83					737.28	737.28	4.68	4.59	0	0				
07/12/2018	3.3.2	Gaze Project	O4	3	M	Bilingual	G130	06/09/2018	89100	1280 x 720		Raw Data	Ord4_T1_R.avi	190	0	900	720									14813	10:16:03.833	1536226337606914															0	1439		Fixation	8	714	643	0.69	219.56	104.43																				1775	926	635	904	643	915	639	725	639	371.65	34.07	363.04	30.96	367.34	32.52	282.65	196.10	712.52	327.49	199.18	707.74					737.26	737.26	4.68	4.73	0	0				
07/12/2018	3.3.2	Gaze Project	O4	3	M	Bilingual	G130	06/09/2018	89100	1280 x 720		Raw Data	Ord4_T1_R.avi	190	0	900	720									14821	10:16:03.842	1536226337615265															0	1440		Fixation	8	708	602	1.27	98.30	238.74																				1776	931	693	898	602	914	647	724	647	373.86	10.98	360.36	47.52	367.11	29.25	282.54	199.27	722.54	327.97	202.08	716.75					747.75	747.75	4.45	4.52	0	0				
07/12/2018	3.3.2	Gaze Project	O4	3	M	Bilingual	G130	06/09/2018	89100	1280 x 720		Raw Data	Ord4_T1_R.avi	190	0	900	720									14829	10:16:03.850	1536226337623537															0	1441		Fixation	8	729	663	1.96	288.94	190.64																				1777	923	615	919	663	921	639	731	639	370.54	42.08	368.74	22.99	369.64	32.53	282.69	196.12	712.58	328.02	202.19	717.10					737.32	737.32	4.51	4.49	0	0				
07/12/2018	3.3.2	Gaze Project	O4	3	M	Bilingual	G130	06/09/2018	89100	1280 x 720		Raw Data	Ord4_T1_R.avi	190	0	900	720									14838	10:16:03.858	1536226337631870															0	1442		Fixation	8	689	654	1.27	167.28	238.34																				1778	896	602	879	654	887	628	697	628	359.58	47.34	352.76	26.49	356.17	36.91	282.71	196.25	712.53	328.05	202.22	717.16					737.31	737.31	4.59	4.67	0	0				
07/12/2018	3.3.2	Gaze Project	O4	3	M	Bilingual	G130	06/09/2018	89100	1280 x 720		Raw Data	Ord4_T1_R.avi	190	0	900	720									14846	10:16:03.867	1536226337640218															0	1443		Fixation	8	702	627	0.92	64.36	257.08																				1779			892	627	892	627	702	627			358.20	37.35						328.05	202.12	716.84						0.00		4.66	4	0				
07/12/2018	3.3.2	Gaze Project	O4	3	M	Bilingual	G130	06/09/2018	89100	1280 x 720		Raw Data	Ord4_T1_R.avi	190	0	900	720									14854	10:16:03.875	1536226337648580															0	1444		Fixation	8	734	639	1.07	339.38	275.02																				1780	915	643	924	639	919	641	729	641	367.12	31.17	371.09	32.59	369.11	31.88	282.61	199.63	723.60	327.63	199.26	707.93					748.87	748.87	4.47	4.69	0	0				
07/12/2018	3.3.2	Gaze Project	O4	3	M	Bilingual	G130	06/09/2018	89100	1280 x 720		Raw Data	Ord4_T1_R.avi	190	0	900	720									14863	10:16:03.883	1536226337656935															0	1445		Fixation	8	698	635	1.13	173.64	194.26																				1781	908	664	888	635	898	649	708	649	364.62	22.60	356.36	34.10	360.49	28.35	282.76	196.14	712.56	328.14	202.46	717.76					737.31	737.31	4.61	4.57	0	0				
07/12/2018	3.3.2	Gaze Project	O4	3	M	Bilingual	G130	06/09/2018	89100	1280 x 720		Raw Data	Ord4_T1_R.avi	190	0	900	720									14871	10:16:03.892	1536226337665202															0	1446		Fixation	8	686	673	1.22	252.53	78.89																				1782	916	631	876	673	896	652	706	652	367.50	35.95	351.53	19.08	359.52	27.51	282.77	196.27	712.51	327.65	199.40	707.88					737.30	737.30	4.66	4.92	0	0				
07/12/2018	3.3.2	Gaze Project	O4	3	M	Bilingual	G130	06/09/2018	89100	1280 x 720		Raw Data	Ord4_T1_R.avi	190	0	900	720									14879	10:16:03.900	1536226337673533															0	1447		Fixation	8	683	622	1.57	93.36	200.83																				1783	918	660	873	622	895	641	705	641	368.53	24.06	350.53	39.41	359.53	31.73	282.79	196.18	712.64	327.67	199.18	707.97					737.40	737.40	4.54	4.45	0	0				
07/12/2018	3.3.2	Gaze Project	O4	3	M	Bilingual	G130	06/09/2018	89100	1280 x 720		Raw Data	Ord4_T1_R.avi	190	0	900	720									14888	10:16:03.908	1536226337681885															0	1448		Fixation	8	711	643	1.09	323.04	229.69																				1784	931	670	901	643	916	656	726	656	373.68	19.98	361.85	31.09	367.77	25.53	282.66	199.70	723.70	327.69	199.31	707.92					749.00	749.00	4.52	4.73	0	0				
07/12/2018	3.3.2	Gaze Project	O4	3	M	Bilingual	G130	06/09/2018	89100	1280 x 720		Raw Data	Ord4_T1_R.avi	190	0	900	720									14896	10:16:03.917	1536226337690252															0	1449		Fixation	8	732	658	0.80	324.38	1.33																				1785	906	648	922	658	914	653	724	653	363.57	29.02	370.01	25.06	366.79	27.04	282.81	196.33	712.58	327.70	199.31	707.88					737.39	737.39	4.67	4.68	0	0				
07/12/2018	3.3.2	Gaze Project	O4	3	M	Bilingual	G130	06/09/2018	89100	1280 x 720		Raw Data	Ord4_T1_R.avi	190	0	900	720									14904	10:16:03.925	1536226337698519															0	1450		Fixation	8	733	684	0.80	272.20	307.82																				1786	921	665	923	684	922	674	732	674	369.87	22.11	370.31	14.68	370.09	18.39	282.83	196.21	712.62	327.71	199.29	707.79					737.39	737.39	4.69	4.51	0	0				
07/12/2018	3.3.2	Gaze Project	O4	3	M	Bilingual	G130	06/09/2018	89100	1280 x 720		Raw Data	Ord4_T1_R.avi	190	0	900	720									14913	10:16:03.933	1536226337706873															0	1451		Fixation	8	714	630	1.75	109.33	197.13																				1787	925	663	904	630	914	646	724	646	371.16	23.10	362.70	36.24	366.93	29.67	282.85	196.23	712.63	327.73	199.20	707.83					737.40	737.40	4.53	4.46	0	0				
07/12/2018	3.3.2	Gaze Project	O4	3	M	Bilingual	G130	06/09/2018	89100	1280 x 720		Raw Data	Ord4_T1_R.avi	190	0	900	720									14921	10:16:03.942	1536226337715203															0	1452		Fixation	8	700	640	0.54	215.62	106.30																				1788	926	686	890	640	908	663	718	663	371.68	13.84	357.44	32.16	364.56	23.00	282.74	199.49	722.86	327.75	199.32	707.76					748.13	748.13	4.53	4.71	0	0				
07/12/2018	3.3.2	Gaze Project	O4	3	M	Bilingual	G130	06/09/2018	89100	1280 x 720		Raw Data	Ord4_T1_R.avi	190	0	900	720									14929	10:16:03.950	1536226337723561															0	1453		Fixation	8	713	625	0.62	49.18	193.55																				1789	923	680	903	625	913	652	723	652	370.63	16.14	362.53	38.21	366.58	27.18	282.89	196.38	712.57	327.78	199.22	707.80					737.39	737.39	4.56	4.49	0	0				
07/12/2018	3.3.2	Gaze Project	O4	3	M	Bilingual	G130	06/09/2018	89100	1280 x 720		Raw Data	Ord4_T1_R.avi	190	0	900	720									14938	10:16:03.958	1536226337731919															0			Unclassified	8																									1790	902	649			902	649	712	649	362.06	28.42					282.92	196.40	712.56		-34.01						737.39		4.60		0	4				
07/12/2018	3.3.2	Gaze Project	O4	3	M	Bilingual	G130	06/09/2018	89100	1280 x 720		Raw Data	Ord4_T1_R.avi	190	0	900	720									14946	10:16:03.967	1536226337740202															0	1454		Fixation	8	742	646	1.11	324.00	274.83																				1791	907	679	932	646	919	662	729	662	363.88	16.33	374.14	29.80	369.01	23.07	282.96	196.28	712.58	328.32	202.43	717.21					737.38	737.38	4.55	4.44	0	0				
07/12/2018	3.3.2	Gaze Project	O4	3	M	Bilingual	G130	06/09/2018	89100	1280 x 720		Raw Data	Ord4_T1_R.avi	190	0	900	720									14954	10:16:03.975	1536226337748536															0	1455		Fixation	8	722	604	1.42	115.39	151.39																				1792	925	683	912	604	918	643	728	643	371.43	15.06	366.08	46.72	368.75	30.89	282.99	196.33	712.68	328.35	202.39	717.06					737.49	737.49	4.50	4.49	0	0				
07/12/2018	3.3.2	Gaze Project	O4	3	M	Bilingual	G130	06/09/2018	89100	1280 x 720		Raw Data	Ord4_T1_R.avi	190	0	900	720									14963	10:16:03.983	1536226337756876															0	1456		Fixation	8	713	632	0.90	252.23	136.84																				1793	967	648	903	632	935	640	745	640	388.05	29.15	362.48	35.41	375.26	32.28	283.05	196.47	712.62	328.34	202.11	716.17					737.48	737.48	4.64	4.57	0	0				
07/12/2018	3.3.2	Gaze Project	O4	3	M	Bilingual	G130	06/09/2018	89100	1280 x 720		Raw Data	Ord4_T1_R.avi	190	0	900	720									14971	10:16:03.992	1536226337765232															0	1457		Fixation	8	704	646	0.52	237.35	345.11																				1794	918	648	894	646	906	647	716	647	368.44	28.96	359.04	29.64	363.74	29.30	283.08	196.35	712.61	327.95	199.32	707.51					737.43	737.43	4.47	4.70	0	0				
07/12/2018	3.3.2	Gaze Project	O4	3	M	Bilingual	G130	06/09/2018	89100	1280 x 720		Raw Data	Ord4_T1_R.avi	190	0	900	720									14979	10:16:04.000	1536226337773514															0	1458		Fixation	8	691	615	1.04	112.69	235.34																				1795	929	664	881	615	905	639	715	639	372.98	22.66	353.78	42.21	363.38	32.44	282.99	200.17	724.55	328.00	199.21	707.55					749.96	749.96	4.56	4.46	0	0				
07/12/2018	3.3.2	Gaze Project	O4	3	M	Bilingual	G130	06/09/2018	89100	1280 x 720		Raw Data	Ord4_T1_R.avi	190	0	900	720									14988	10:16:04.008	1536226337781854															0			Unclassified	8																									1796																			-34.01										4	4				
07/12/2018	3.3.2	Gaze Project	O4	3	M	Bilingual	G130	06/09/2018	89100	1280 x 720		Raw Data	Ord4_T1_R.avi	190	0	900	720									14996	10:16:04.017	1536226337790182															0	1459		Fixation	8	721	641	1.23	318.99	206.31																				1797	890	679	911	641	900	660	710	660	357.21	16.44	365.76	31.63	361.49	24.04	283.25	196.51	712.55	328.62	202.45	717.19					737.43	737.43	4.58	4.60	0	0				
07/12/2018	3.3.2	Gaze Project	O4	3	M	Bilingual	G130	06/09/2018	89100	1280 x 720		Raw Data	Ord4_T1_R.avi	190	0	900	720									15004	10:16:04.025	1536226337798543															0	1460		Fixation	8	703	645	0.58	192.57	233.57																				1798	929	662	893	645	911	653	721	653	372.95	23.55	358.60	30.15	365.78	26.85	283.33	196.38	712.54	328.19	199.21	707.21					737.39	737.39	4.60	4.70	0	0				
07/12/2018	3.3.2	Gaze Project	O4	3	M	Bilingual	G130	06/09/2018	89100	1280 x 720		Raw Data	Ord4_T1_R.avi	190	0	900	720									15013	10:16:04.033	1536226337806901															0	1461		Fixation	8	693	644	0.32	174.27	341.70																				1799	908	648	883	644	895	646	705	646	364.31	28.85	354.49	30.74	359.40	29.79	283.44	196.35	712.31	328.26	199.35	707.16					737.17	737.17	4.62	4.59	0	0				
07/12/2018	3.3.2	Gaze Project	O4	3	M	Bilingual	G130	06/09/2018	89100	1280 x 720		Raw Data	Ord4_T1_R.avi	190	0	900	720									15021	10:16:04.042	1536226337815167															0	1462		Fixation	8	751	580	2.72	47.91	233.64																				1800	946	628	941	580	943	604	753	604	379.80	37.12	377.61	56.33	378.71	46.72	284.97	201.94	728.59	328.41	199.15	707.24					754.41	754.41	4.83	4.54	0	0				
07/12/2018	3.3.2	Gaze Project	O4	3	M	Bilingual	G130	06/09/2018	89100	1280 x 720		Raw Data	Ord4_T1_R.avi	190	0	900	720									15029	10:16:04.050	1536226337823520															0	1463		Fixation	8	769	582	0.57	353.64	305.73																				1801	912	582	959	582	935	582	745	582	366.26	55.60	385.09	55.66	375.67	55.63	283.67	196.47	712.42	328.50	199.29	707.20					737.31	737.31	4.59	4.47	0	0				
07/12/2018	3.3.2	Gaze Project	O4	3	M	Bilingual	G130	06/09/2018	89100	1280 x 720		Raw Data	Ord4_T1_R.avi	190	0	900	720									15038	10:16:04.058	1536226337831843															0	1464		Fixation	8	793	605	1.03	316.13	322.49																				1802	925	581	983	605	954	593	764	593	371.18	55.78	394.61	46.16	382.90	50.97	283.77	196.46	712.32	328.59	199.39	707.16					737.22	737.22	4.60	4.53	0	0				
07/12/2018	3.3.2	Gaze Project	O4	3	M	Bilingual	G130	06/09/2018	89100	1280 x 720		Raw Data	Ord4_T1_R.avi	190	0	900	720									15046	10:16:04.067	1536226337840201															0	1465		Fixation	8	752	590	1.37	159.85	203.72																				1803	894	559	942	590	918	574	728	574	358.87	64.97	378.31	52.32	368.59	58.65	283.88	196.34	712.37	328.71	199.23	707.11					737.23	737.23	4.52	4.57	0	0				
07/12/2018	3.3.2	Gaze Project	O4	3	M	Bilingual	G130	06/09/2018	89100	1280 x 720		Raw Data	Ord4_T1_R.avi	190	0	900	720									15054	10:16:04.075	1536226337848571															0	1466		Fixation	8	731	581	0.72	156.73	356.89																				1804	927	588	921	581	924	584	734	584	372.28	53.26	369.51	55.88	370.89	54.57	283.99	196.39	712.06	328.82	199.15	706.90					736.96	736.96	4.56	4.64	0	0				
07/12/2018	3.3.2	Gaze Project	O4	3	M	Bilingual	G130	06/09/2018	89100	1280 x 720		Raw Data	Ord4_T1_R.avi	190	0	900	720									15063	10:16:04.083	1536226337856841															0	1467		Fixation	8	748	580	0.53	3.38	206.64																				1805	923	566	938	580	930	573	740	573	370.34	62.20	376.43	56.36	373.39	59.28	283.99	199.87	722.95	334.78	212.29	745.47					748.38	748.38	4.57	4.80	0	0				
07/12/2018	3.3.2	Gaze Project	O4	3	M	Bilingual	G130	06/09/2018	89100	1280 x 720		Raw Data	Ord4_T1_R.avi	190	0	900	720									15071	10:16:04.092	1536226337865165															0	1468		Fixation	8	743	504	2.33	93.75	90.37																				1806	924	569	933	504	928	536	738	536	370.98	60.96	374.63	87.03	372.81	74.00	284.14	199.16	720.76	329.09	199.16	707.00					746.09	746.09	4.53	4.41	0	0				
07/12/2018	3.3.2	Gaze Project	O4	3	M	Bilingual	G130	06/09/2018	89100	1280 x 720		Raw Data	Ord4_T1_R.avi	190	0	900	720									15079	10:16:04.100	1536226337873527															0	1469		Fixation	8	716	564	2.07	245.84	152.09																				1807	930	596	906	564	918	580	728	580	373.18	50.07	363.63	62.73	368.40	56.40	284.36	196.38	711.93	331.24	203.77	720.30					736.85	736.85	4.55	4.54	0	0				
07/12/2018	3.3.2	Gaze Project	O4	3	M	Bilingual	G130	06/09/2018	89100	1280 x 720		Raw Data	Ord4_T1_R.avi	190	0	900	720									15088	10:16:04.108	1536226337881892															0	1470		Fixation	8	769	584	1.77	339.26	93.42																				1808	928	556	959	584	943	570	753	570	372.67	66.16	384.75	54.83	378.71	60.50	284.38	199.52	721.79	329.35	199.07	706.83					747.18	747.18	4.62	4.48	0	0				
07/12/2018	3.3.2	Gaze Project	O4	3	M	Bilingual	G130	06/09/2018	89100	1280 x 720		Raw Data	Ord4_T1_R.avi	190	0	900	720									15096	10:16:04.117	1536226337890150															0	1471		Fixation	8	729	574	1.29	165.92	186.66																				1809	930	597	919	574	924	585	734	585	373.35	49.47	368.81	58.85	371.08	54.16	284.61	196.35	711.79	331.47	203.55	719.76					736.72	736.72	4.57	4.42	0	0				
07/12/2018	3.3.2	Gaze Project	O4	3	M	Bilingual	G130	06/09/2018	89100	1280 x 720		Raw Data	Ord4_T1_R.avi	190	0	900	720									15104	10:16:04.125	1536226337898503															0	1472		Fixation	8	746	610	1.23	295.21	129.29																				1810	945	597	936	610	940	603	750	603	379.33	49.65	375.81	44.12	377.57	46.88	284.74	196.31	711.64	329.62	198.99	706.70					736.56	736.56	4.50	4.52	0	0				
07/12/2018	3.3.2	Gaze Project	O4	3	M	Bilingual	G130	06/09/2018	89100	1280 x 720		Raw Data	Ord4_T1_R.avi	190	0	900	720									15113	10:16:04.133	1536226337906833															0	1473		Fixation	8	730	582	1.01	119.67	184.46																				1811			920	582	920	582	730	582			369.10	55.56						329.74	198.94	706.58						0.00		4.54	4	0				
07/12/2018	3.3.2	Gaze Project	O4	3	M	Bilingual	G130	06/09/2018	89100	1280 x 720		Raw Data	Ord4_T1_R.avi	190	0	900	720									15121	10:16:04.142	1536226337915194															0	1474		Fixation	8	729	614	0.99	268.22	148.55																				1812	930	565	919	614	924	589	734	589	373.18	62.22	368.78	42.51	370.98	52.37	284.87	200.40	724.33	330.51	202.83	718.52					749.89	749.89	4.53	4.73	0	0				
07/12/2018	3.3.2	Gaze Project	O4	3	M	Bilingual	G130	06/09/2018	89100	1280 x 720		Raw Data	Ord4_T1_R.avi	190	0	900	720									15129	10:16:04.150	1536226337923554															0	1475		Fixation	8	723	581	1.04	100.27	192.06																				1813	939	557	913	581	926	569	736	569	377.12	65.59	366.32	56.12	371.72	60.85	285.12	196.25	711.38	330.01	198.88	706.45					736.31	736.31	4.40	4.51	0	0				
07/12/2018	3.3.2	Gaze Project	O4	3	M	Bilingual	G130	06/09/2018	89100	1280 x 720		Raw Data	Ord4_T1_R.avi	190	0	900	720									15138	10:16:04.158	1536226337931819															0	1476		Fixation	8	753	557	1.21	38.75	298.48																				1814	918	599	943	557	930	578	740	578	368.39	48.85	378.54	65.54	373.46	57.19	285.25	196.24	711.31	332.64	204.49	722.71					736.25	736.25	4.54	4.52	0	0				
07/12/2018	3.3.2	Gaze Project	O4	3	M	Bilingual	G130	06/09/2018	89100	1280 x 720		Raw Data	Ord4_T1_R.avi	190	0	900	720									15146	10:16:04.167	1536226337940175															0	1477		Fixation	8	724	560	0.92	185.93	147.18																				1815	934	469	914	560	924	514	734	514	374.92	100.88	366.96	64.56	370.94	82.72	285.37	196.20	711.14	330.25	198.81	706.27					736.07	736.07	4.21	4.44	0	0				
07/12/2018	3.3.2	Gaze Project	O4	3	M	Bilingual	G130	06/09/2018	89100	1280 x 720		Raw Data	Ord4_T1_R.avi	190	0	900	720									15154	10:16:04.175	1536226337948505															0	1478		Fixation	8	708	565	0.54	197.41	11.48																				1816	944	511	898	565	921	538	731	538	379.13	84.04	360.29	62.51	369.71	73.28	285.48	196.29	711.34	330.37	198.79	706.20					736.30	736.30	4.30	4.48	0	0				
07/12/2018	3.3.2	Gaze Project	O4	3	M	Bilingual	G130	06/09/2018	89100	1280 x 720		Raw Data	Ord4_T1_R.avi	190	0	900	720									15163	10:16:04.183	1536226337956864															0	1479		Fixation	8	741	584	1.20	329.99	132.58																				1817	913	593	931	584	922	588	732	588	366.43	51.02	373.91	54.89	370.17	52.96	285.60	196.19	710.98	330.48	198.72	706.00					735.93	735.93	4.45	4.43	0	0				
07/12/2018	3.3.2	Gaze Project	O4	3	M	Bilingual	G130	06/09/2018	89100	1280 x 720		Raw Data	Ord4_T1_R.avi	190	0	900	720									15171	10:16:04.192	1536226337965221															0	1480		Fixation	8	734	581	0.24	156.73	186.75																				1818	950	551	924	581	937	566	747	566	381.25	68.20	370.76	55.82	376.01	62.01	285.71	196.18	710.88	331.30	203.01	719.08					735.84	735.84	4.44	4.68	0	0				
07/12/2018	3.3.2	Gaze Project	O4	3	M	Bilingual	G130	06/09/2018	89100	1280 x 720		Raw Data	Ord4_T1_R.avi	190	0	900	720									15179	10:16:04.200	1536226337973475															0	1481		Fixation	8	783	565	1.62	18.14	221.40																				1819	935	572	973	565	954	568	764	568	375.33	59.41	390.54	62.42	382.93	60.91	285.82	196.16	710.74	332.35	202.40	716.51					735.71	735.71	4.40	4.46	0	0				
07/12/2018	3.3.2	Gaze Project	O4	3	M	Bilingual	G130	06/09/2018	89100	1280 x 720		Raw Data	Ord4_T1_R.avi	190	0	900	720									15188	10:16:04.208	1536226337981819															0	1482		Fixation	8	757	573	0.86	197.15	179.02																				1820	915	509	947	573	931	541	741	541	367.37	84.79	380.17	59.32	373.77	72.06	286.38	197.93	715.59	331.32	201.59	714.90					740.88	740.88	4.40	4.32	0	0				
07/12/2018	3.3.2	Gaze Project	O4	3	M	Bilingual	G130	06/09/2018	89100	1280 x 720		Raw Data	Ord4_T1_R.avi	190	0	900	720									15196	10:16:04.217	1536226337990179															0	1483		Fixation	8	709	573	1.51	180.00	342.85																				1821	959	503	899	573	929	538	739	538	384.91	87.34	360.76	59.15	372.83	73.25	286.02	196.08	710.37	331.39	201.32	714.10					735.33	735.33	4.14	4.39	0	0				
07/12/2018	3.3.2	Gaze Project	O4	3	M	Bilingual	G130	06/09/2018	89100	1280 x 720		Raw Data	Ord4_T1_R.avi	190	0	900	720									15204	10:16:04.225	1536226337998524															0	1484		Fixation	8	735	580	0.85	344.89	164.89																				1822	958	536	925	580	941	558	751	558	384.63	74.09	371.24	56.53	377.94	65.31	286.12	196.07	710.27	331.03	198.59	705.61					735.24	735.24	4.23	4.48	0	0				
07/12/2018	3.3.2	Gaze Project	O4	3	M	Bilingual	G130	06/09/2018	89100	1280 x 720		Raw Data	Ord4_T1_R.avi	190	0	900	720									15213	10:16:04.233	1536226338006814															0	1485		Fixation	8	727	586	0.32	216.96	232.07																				1823	931	538	917	586	924	562	734	562	373.83	73.19	368.01	53.84	370.92	63.52	286.23	196.06	710.19	331.16	198.69	705.57					735.16	735.16	4.11	4.49	0	0				
07/12/2018	3.3.2	Gaze Project	O4	3	M	Bilingual	G130	06/09/2018	89100	1280 x 720		Raw Data	Ord4_T1_R.avi	190	0	900	720									15221	10:16:04.242	1536226338015153															0	1486		Fixation	8	731	611	0.79	279.06	62.10																				1824	936	576	921	611	928	593	738	593	375.65	57.80	369.66	44.01	372.65	50.90	286.33	196.01	710.02	331.27	198.69	705.57					734.99	734.99	4.25	4.64	0	0				
07/12/2018	3.3.2	Gaze Project	O4	3	M	Bilingual	G130	06/09/2018	89100	1280 x 720		Raw Data	Ord4_T1_R.avi	190	0	900	720									15229	10:16:04.250	1536226338023478															0	1487		Fixation	8	755	540	2.35	71.38	152.32																				1825	949	601	945	540	947	570	757	570	381.12	47.98	379.21	72.54	380.17	60.26	286.44	195.90	710.06	331.85	201.34	714.24					735.00	735.00	4.15	4.27	0	0				
07/12/2018	3.3.2	Gaze Project	O4	3	M	Bilingual	G130	06/09/2018	89100	1280 x 720		Raw Data	Ord4_T1_R.avi	190	0	900	720									15238	10:16:04.258	1536226338031848															0	1488		Fixation	8	746	578	1.23	256.72	185.34																				1826	965	538	936	578	950	558	760	558	387.52	73.21	375.66	57.03	381.59	65.12	286.54	195.95	709.77	331.45	198.37	705.10					734.75	734.75	4.05	4.33	0	0				
07/12/2018	3.3.2	Gaze Project	O4	3	M	Bilingual	G130	06/09/2018	89100	1280 x 720		Raw Data	Ord4_T1_R.avi	190	0	900	720									15246	10:16:04.267	1536226338040206															0			Unclassified	8																									1827	952	599			952	599	762	599	382.21	48.82					286.64	195.93	709.66		-34.01						734.63		4.27		0	4				
07/12/2018	3.3.2	Gaze Project	O4	3	M	Bilingual	G130	06/09/2018	89100	1280 x 720		Raw Data	Ord4_T1_R.avi	190	0	900	720									15254	10:16:04.275	1536226338048472															0	1489		Fixation	8	765	569	0.67	25.42	128.70																				1828	966	580	955	569	960	574	770	574	387.59	56.30	383.44	60.87	385.52	58.58	286.74	195.91	709.55	332.20	201.39	714.47					734.53	734.53	4.21	4.22	0	0				
07/12/2018	3.3.2	Gaze Project	O4	3	M	Bilingual	G130	06/09/2018	89100	1280 x 720		Raw Data	Ord4_T1_R.avi	190	0	900	720									15263	10:16:04.283	1536226338056832															0	1490		Fixation	8	747	578	0.64	206.64	181.22																				1829	949	455	937	578	943	516	753	516	380.75	106.65	375.99	57.25	378.37	81.95	286.78	198.87	718.89	331.76	198.22	704.72					744.32	744.32	3.96	4.32	0	0				
07/12/2018	3.3.2	Gaze Project	O4	3	M	Bilingual	G130	06/09/2018	89100	1280 x 720		Raw Data	Ord4_T1_R.avi	190	0	900	720									15271	10:16:04.292	1536226338065158															0	1491		Fixation	8	721	647	2.31	249.41	42.77																				1830	922	575	911	647	916	611	726	611	369.93	58.30	365.59	29.21	367.76	43.76	286.94	195.83	709.27	331.86	198.17	704.62					734.25	734.25	4.21	4.18	0	0				
07/12/2018	3.3.2	Gaze Project	O4	3	M	Bilingual	G130	06/09/2018	89100	1280 x 720		Raw Data	Ord4_T1_R.avi	190	0	900	720									15279	10:16:04.300	1536226338073517															0	1492		Fixation	8	743	601	1.60	64.51	175.10																				1831	944	532	933	601	938	566	748	566	379.08	75.67	374.70	47.82	376.89	61.74	287.04	195.82	709.18	331.95	198.29	704.57					734.17	734.17	4.25	4.31	0	0				
07/12/2018	3.3.2	Gaze Project	O4	3	M	Bilingual	G130	06/09/2018	89100	1280 x 720		Raw Data	Ord4_T1_R.avi	190	0	900	720									15288	10:16:04.308	1536226338081879															0	1493		Fixation	8	729	599	0.45	171.84	107.33																				1832	955	335	919	599	937	467	747	467	383.33	155.08	368.98	48.65	376.16	101.86	287.13	195.71	709.23	332.04	198.01	704.18					734.18	734.18	3.81	4.42	0	0				
07/12/2018	3.3.2	Gaze Project	O4	3	M	Bilingual	G130	06/09/2018	89100	1280 x 720		Raw Data	Ord4_T1_R.avi	190	0	900	720									15296	10:16:04.317	1536226338090131															0	1494		Fixation	8	727	595	0.14	116.49	304.65																				1833	955	470	917	595	936	532	746	532	383.22	100.84	367.93	50.37	375.58	75.61	287.21	195.75	708.94	332.13	198.01	704.23					733.92	733.92	3.93	4.36	0	0				
07/12/2018	3.3.2	Gaze Project	O4	3	M	Bilingual	G130	06/09/2018	89100	1280 x 720		Raw Data	Ord4_T1_R.avi	190	0	900	720									15304	10:16:04.325	1536226338098471															0	1495		Fixation	8	746	567	1.07	55.93	299.43																				1834	946	430	936	567	941	498	751	498	379.66	116.90	375.58	61.63	377.62	89.26	287.29	195.71	708.81	332.20	197.91	703.96					733.79	733.79	3.90	4.25	0	0				
07/12/2018	3.3.2	Gaze Project	O4	3	M	Bilingual	G130	06/09/2018	89100	1280 x 720		Raw Data	Ord4_T1_R.avi	190	0	900	720									15313	10:16:04.333	1536226338106816															0	1496		Fixation	8	751	570	0.18	328.95	273.03																				1835	941	512	941	570	941	541	751	541	377.85	83.77	377.56	60.39	377.71	72.08	287.38	195.68	708.71	332.28	197.86	703.85					733.69	733.69	4.19	4.30	0	0				
07/12/2018	3.3.2	Gaze Project	O4	3	M	Bilingual	G130	06/09/2018	89100	1280 x 720		Raw Data	Ord4_T1_R.avi	190	0	900	720									15321	10:16:04.342	1536226338115189															0	1497		Fixation	8	734	588	0.79	226.73	257.77																				1836	923	616	924	588	923	602	733	602	370.36	41.82	370.98	53.28	370.67	47.55	287.44	195.64	708.58	332.36	197.82	703.79					733.55	733.55	4.30	4.44	0	0				
07/12/2018	3.3.2	Gaze Project	O4	3	M	Bilingual	G130	06/09/2018	89100	1280 x 720		Raw Data	Ord4_T1_R.avi	190	0	900	720									15329	10:16:04.350	1536226338123455															0	1498		Fixation	8	738	558	0.96	82.43	215.70																				1837	953	551	928	558	940	554	750	554	382.38	68.15	372.70	65.37	377.54	66.76	287.52	195.62	708.53	332.42	197.73	703.59					733.50	733.50	4.14	4.26	0	0				
07/12/2018	3.3.2	Gaze Project	O4	3	M	Bilingual	G130	06/09/2018	89100	1280 x 720		Raw Data	Ord4_T1_R.avi	190	0	900	720									15338	10:16:04.358	1536226338131796															0	1499		Fixation	8	752	550	0.52	29.82	307.40																				1838	950	462	942	550	946	506	756	506	381.48	103.78	378.16	68.42	379.82	86.10	287.58	195.58	708.43	332.49	197.70	703.54					733.40	733.40	3.98	4.28	0	0				
07/12/2018	3.3.2	Gaze Project	O4	3	M	Bilingual	G130	06/09/2018	89100	1280 x 720		Raw Data	Ord4_T1_R.avi	190	0	900	720									15346	10:16:04.367	1536226338140141															0	1500		Fixation	8	745	563	0.47	241.78	211.95																				1839	909	538	935	563	922	550	732	550	364.90	73.35	375.43	63.40	370.16	68.37	287.60	198.10	716.44	332.58	197.80	703.50					741.79	741.79	4.29	4.27	0	0				
07/12/2018	3.3.2	Gaze Project	O4	3	M	Bilingual	G130	06/09/2018	89100	1280 x 720		Raw Data	Ord4_T1_R.avi	190	0	900	720									15354	10:16:04.375	1536226338148502															0	1501		Fixation	8	739	572	0.34	236.39	354.62																				1840	940	524	929	572	934	548	744	548	377.45	78.80	373.09	59.79	375.27	69.29	287.72	195.51	708.22	332.63	197.62	703.38					733.19	733.19	3.99	4.26	0	0				
07/12/2018	3.3.2	Gaze Project	O4	3	M	Bilingual	G130	06/09/2018	89100	1280 x 720		Raw Data	Ord4_T1_R.avi	190	0	900	720									15363	10:16:04.383	1536226338156859															0	1502		Fixation	8	748	560	0.48	53.22	176.82																				1841	1017	521	938	560	977	540	787	540	408.31	80.29	376.37	64.60	392.34	72.45	287.78	195.48	708.11	332.69	197.54	703.20					733.08	733.08	3.74	4.14	0	0				
07/12/2018	3.3.2	Gaze Project	O4	3	M	Bilingual	G130	06/09/2018	89100	1280 x 720		Raw Data	Ord4_T1_R.avi	190	0	900	720									15371	10:16:04.392	1536226338165126															0	1503		Fixation	8	739	575	0.56	239.12	185.90																				1842	965	517	929	575	947	546	757	546	387.40	81.59	372.93	58.40	380.17	70.00	287.84	195.47	708.07	332.74	197.49	703.05					733.03	733.03	3.94	4.32	0	0				
07/12/2018	3.3.2	Gaze Project	O4	3	M	Bilingual	G130	06/09/2018	89100	1280 x 720		Raw Data	Ord4_T1_R.avi	190	0	900	720									15379	10:16:04.400	1536226338173486															0	1504		Fixation	8	770	572	1.00	5.55	126.43																				1843	964	455	960	572	962	513	772	513	386.85	106.55	385.55	59.50	386.20	83.02	287.90	195.43	707.92	332.81	197.47	702.98					732.88	732.88	3.78	4.19	0	0				
07/12/2018	3.3.2	Gaze Project	O4	3	M	Bilingual	G130	06/09/2018	89100	1280 x 720		Raw Data	Ord4_T1_R.avi	190	0	900	720									15388	10:16:04.408	1536226338181811															0	1505		Fixation	8	764	530	1.34	98.10	92.56																				1844	948	518	954	530	951	524	761	524	380.34	81.25	382.88	76.65	381.61	78.95	287.96	195.42	707.85	332.87	197.46	702.91					732.81	732.81	4.00	4.14	0	0				
07/12/2018	3.3.2	Gaze Project	O4	3	M	Bilingual	G130	06/09/2018	89100	1280 x 720		Raw Data	Ord4_T1_R.avi	190	0	900	720									15396	10:16:04.417	1536226338190167															0	1506		Fixation	8	765	582	1.65	271.10	172.99																				1845	948	578	955	582	951	580	761	580	380.58	57.30	383.41	55.50	381.99	56.40	288.02	195.41	707.77	332.92	197.58	702.86					732.74	732.74	3.98	4.07	0	0				
07/12/2018	3.3.2	Gaze Project	O4	3	M	Bilingual	G130	06/09/2018	89100	1280 x 720		Raw Data	Ord4_T1_R.avi	190	0	900	720									15404	10:16:04.425	1536226338198527															0	1507		Fixation	8	733	593	1.08	199.03	287.93																				1846	973	415	923	593	948	504	758	504	390.70	122.71	370.41	51.18	380.56	86.95	288.08	195.39	707.64	332.99	197.45	702.80					732.61	732.61	3.66	4.35	0	0				
07/12/2018	3.3.2	Gaze Project	O4	3	M	Bilingual	G130	06/09/2018	89100	1280 x 720		Raw Data	Ord4_T1_R.avi	190	0	900	720									15413	10:16:04.433	1536226338206787															0	1508		Fixation	8	767	552	1.70	50.42	211.40																				1847	929	584	957	552	943	568	753	568	372.89	54.91	384.34	67.67	378.62	61.29	288.14	195.39	707.59	333.04	197.41	702.64					732.57	732.57	4.18	4.08	0	0				
07/12/2018	3.3.2	Gaze Project	O4	3	M	Bilingual	G130	06/09/2018	89100	1280 x 720		Raw Data	Ord4_T1_R.avi	190	0	900	720									15421	10:16:04.442	1536226338215120															0	1509		Fixation	8	759	561	0.39	228.46	178.04																				1848	933	574	949	561	941	567	751	567	374.70	58.97	380.99	63.90	377.84	61.44	288.19	195.40	707.55	333.09	197.43	702.62					732.53	732.53	4.20	4.10	0	0				
07/12/2018	3.3.2	Gaze Project	O4	3	M	Bilingual	G130	06/09/2018	89100	1280 x 720		Raw Data	Ord4_T1_R.avi	190	0	900	720									15429	10:16:04.450	1536226338223475															0	1510		Fixation	8	769	586	0.85	291.74	63.28																				1849	940	571	959	586	949	578	759	578	377.16	60.19	385.03	54.09	381.10	57.14	288.24	195.39	707.45	333.15	197.41	702.52					732.44	732.44	4.24	4.16	0	0				
07/12/2018	3.3.2	Gaze Project	O4	3	M	Bilingual	G130	06/09/2018	89100	1280 x 720		Raw Data	Ord4_T1_R.avi	190	0	900	720									15438	10:16:04.458	1536226338231840															0	1511		Fixation	8	758	551	1.16	107.39	175.66																				1850	918	643	948	551	933	597	743	597	368.35	30.96	380.62	68.13	374.48	49.55	288.25	198.01	715.70	333.19	197.40	702.46					741.09	741.09	4.28	4.16	0	0				
07/12/2018	3.3.2	Gaze Project	O4	3	M	Bilingual	G130	06/09/2018	89100	1280 x 720		Raw Data	Ord4_T1_R.avi	190	0	900	720									15446	10:16:04.467	1536226338240081															0	1512		Fixation	8	734	570	0.98	218.46	111.06																				1851	971	446	924	570	947	508	757	508	389.81	110.15	370.94	60.42	380.38	85.29	288.34	195.39	707.33	333.26	197.49	702.68					732.33	732.33	3.77	4.14	0	0				
07/12/2018	3.3.2	Gaze Project	O4	3	M	Bilingual	G130	06/09/2018	89100	1280 x 720		Raw Data	Ord4_T1_R.avi	190	0	900	720									15454	10:16:04.475	1536226338248454															0	1513		Fixation	8	731	585	0.48	258.73	40.27																				1852	948	515	921	585	934	550	744	550	380.65	82.49	369.59	54.37	375.12	68.43	288.38	195.37	707.24	333.29	197.38	702.34					732.24	732.24	4.01	4.25	0	0				
07/12/2018	3.3.2	Gaze Project	O4	3	M	Bilingual	G130	06/09/2018	89100	1280 x 720		Raw Data	Ord4_T1_R.avi	190	0	900	720									15463	10:16:04.483	1536226338256799															0	1514		Fixation	8	750	538	1.61	68.05	169.33																				1853	958	416	940	538	949	477	759	477	384.46	122.54	377.47	73.37	380.96	97.95	288.43	195.38	707.24	333.34	197.41	702.42					732.25	732.25	3.61	4.07	0	0				
07/12/2018	3.3.2	Gaze Project	O4	3	M	Bilingual	G130	06/09/2018	89100	1280 x 720		Raw Data	Ord4_T1_R.avi	190	0	900	720									15471	10:16:04.492	1536226338265141															0	1515		Fixation	8	724	563	1.16	223.97	155.92																				1854	962	498	914	563	938	530	748	530	386.29	89.50	366.86	63.15	376.58	76.32	288.47	195.37	707.18	333.38	197.42	702.47					732.18	732.18	3.95	4.25	0	0				
07/12/2018	3.3.2	Gaze Project	O4	3	M	Bilingual	G130	06/09/2018	89100	1280 x 720		Raw Data	Ord4_T1_R.avi	190	0	900	720									15479	10:16:04.500	1536226338273509															0	1516		Fixation	8	746	600	1.36	300.65	76.69																				1855	939	547	936	600	937	573	747	573	376.94	69.61	375.73	48.51	376.33	59.06	288.50	195.37	707.17	333.41	197.35	702.31					732.18	732.18	4.16	4.20	0	0				
07/12/2018	3.3.2	Gaze Project	O4	3	M	Bilingual	G130	06/09/2018	89100	1280 x 720		Raw Data	Ord4_T1_R.avi	190	0	900	720									15488	10:16:04.508	1536226338281767															0	1517		Fixation	8	719	576	1.14	138.27	197.62																				1856	947	480	909	576	928	528	738	528	380.31	96.55	364.69	58.10	372.50	77.32	288.54	195.35	707.15	333.44	197.31	702.23					732.16	732.16	3.99	4.22	0	0				
07/12/2018	3.3.2	Gaze Project	O4	3	M	Bilingual	G130	06/09/2018	89100	1280 x 720		Raw Data	Ord4_T1_R.avi	190	0	900	720									15496	10:16:04.517	1536226338290114															0	1518		Fixation	8	718	583	0.22	261.90	123.62																				1857	926	579	908	583	917	581	727	581	371.87	56.72	364.63	54.98	368.25	55.85	288.57	195.33	707.11	333.47	197.28	702.22					732.11	732.11	4.00	4.19	0	0				
07/12/2018	3.3.2	Gaze Project	O4	3	M	Bilingual	G130	06/09/2018	89100	1280 x 720		Raw Data	Ord4_T1_R.avi	190	0	900	720									15504	10:16:04.525	1536226338298461															0	1519		Fixation	8	746	554	1.29	46.10	144.20																				1858	987	436	936	554	961	495	771	495	396.01	114.17	375.64	66.69	385.82	90.43	288.60	195.32	707.10	333.50	197.26	702.20					732.10	732.10	3.56	4.10	0	0				
07/12/2018	3.3.2	Gaze Project	O4	3	M	Bilingual	G130	06/09/2018	89100	1280 x 720		Raw Data	Ord4_T1_R.avi	190	0	900	720									15513	10:16:04.533	1536226338306822															0	1520		Fixation	8	723	568	0.86	211.41	165.31																				1859	995	432	913	568	954	500	764	500	399.59	115.95	366.33	61.12	382.96	88.53	288.63	195.28	707.03	333.54	197.23	702.20					732.02	732.02	3.62	4.21	0	0				
07/12/2018	3.3.2	Gaze Project	O4	3	M	Bilingual	G130	06/09/2018	89100	1280 x 720		Raw Data	Ord4_T1_R.avi	190	0	900	720									15521	10:16:04.542	1536226338315100															0	1521		Fixation	8	738	552	0.70	46.94	195.53																				1860	963	461	928	552	945	506	755	506	386.67	104.49	372.69	67.78	379.68	86.13	288.65	195.28	707.06	333.57	197.21	702.20					732.05	732.05	3.66	4.19	0	0				
07/12/2018	3.3.2	Gaze Project	O4	3	M	Bilingual	G130	06/09/2018	89100	1280 x 720		Raw Data	Ord4_T1_R.avi	190	0	900	720									15529	10:16:04.550	1536226338323429															0	1522		Fixation	8	733	571	0.62	255.30	208.36																				1861	945	532	923	571	934	551	744	551	379.46	75.87	370.61	60.01	375.03	67.94	288.68	195.26	707.09	333.61	197.30	702.53					732.08	732.08	4.20	4.20	0	0				
07/12/2018	3.3.2	Gaze Project	O4	3	M	Bilingual	G130	06/09/2018	89100	1280 x 720		Raw Data	Ord4_T1_R.avi	190	0	900	720									15538	10:16:04.558	1536226338331770															0	1523		Fixation	8	787	571	1.73	0.00	104.70																				1862	935	547	977	571	956	559	766	559	375.48	69.55	392.24	59.99	383.86	64.77	288.70	195.25	707.10	333.62	197.17	702.58					732.08	732.08	4.14	4.12	0	0				
07/12/2018	3.3.2	Gaze Project	O4	3	M	Bilingual	G130	06/09/2018	89100	1280 x 720		Raw Data	Ord4_T1_R.avi	190	0	900	720									15546	10:16:04.567	1536226338340137															0	1524		Fixation	8	725	585	2.04	192.76	192.76																				1863	939	627	915	585	927	606	737	606	376.82	37.52	367.43	54.54	372.13	46.03	288.71	195.22	707.06	333.63	197.17	702.26					732.04	732.04	4.29	4.24	0	0				
07/12/2018	3.3.2	Gaze Project	O4	3	M	Bilingual	G130	06/09/2018	89100	1280 x 720		Raw Data	Ord4_T1_R.avi	190	0	900	720									15554	10:16:04.575	1536226338348490															0	1525		Fixation	8	743	597	0.69	326.22	133.46																				1864	986	446	933	597	959	521	769	521	395.83	110.21	374.62	49.57	385.22	79.89	288.68	198.11	716.25	333.65	197.20	702.40					741.65	741.65	3.55	4.11	0	0				
07/12/2018	3.3.2	Gaze Project	O4	3	M	Bilingual	G130	06/09/2018	89100	1280 x 720		Raw Data	Ord4_T1_R.avi	190	0	900	720									15563	10:16:04.583	1536226338356755															0	1526		Fixation	8	753	594	0.33	16.75	50.53																				1865	970	482	943	594	956	538	766	538	389.45	95.69	378.69	50.85	384.07	73.27	288.73	195.17	706.98	333.66	197.16	702.34					731.94	731.94	3.83	4.10	0	0				
07/12/2018	3.3.2	Gaze Project	O4	3	M	Bilingual	G130	06/09/2018	89100	1280 x 720		Raw Data	Ord4_T1_R.avi	190	0	900	720									15571	10:16:04.592	1536226338365100															0	1527		Fixation	8	741	527	2.15	100.12	83.37																				1866	943	492	931	527	937	509	747	509	378.53	91.67	373.74	77.74	376.13	84.71	288.71	198.17	716.48	333.67	197.04	702.39					741.90	741.90	3.83	3.86	0	0				
07/12/2018	3.3.2	Gaze Project	O4	3	M	Bilingual	G130	06/09/2018	89100	1280 x 720		Raw Data	Ord4_T1_R.avi	190	0	900	720									15579	10:16:04.600	1536226338373446															0	1528		Fixation	8	755	558	1.08	294.24	194.11																				1867	969	598	945	558	957	578	767	578	388.95	49.32	379.16	65.20	384.06	57.26	288.76	195.17	707.05	333.68	197.04	702.40					732.01	732.01	3.96	3.92	0	0				
07/12/2018	3.3.2	Gaze Project	O4	3	M	Bilingual	G130	06/09/2018	89100	1280 x 720		Raw Data	Ord4_T1_R.avi	190	0	900	720									15588	10:16:04.608	1536226338381793															0	1529		Fixation	8	740	548	0.57	146.22	211.99																				1868	985	484	930	548	957	516	767	516	395.25	94.89	373.20	69.11	384.22	82.00	288.77	195.18	707.10	333.70	197.20	702.52					732.06	732.06	3.64	3.92	0	0				
07/12/2018	3.3.2	Gaze Project	O4	3	M	Bilingual	G130	06/09/2018	89100	1280 x 720		Raw Data	Ord4_T1_R.avi	190	0	900	720									15596	10:16:04.617	1536226338390162															0	1530		Fixation	8	751	563	0.58	306.17	159.94																				1869	1002	356	941	563	971	459	781	459	402.33	146.72	377.56	63.15	389.95	104.93	288.75	197.62	714.86	334.28	200.35	712.23					740.18	740.18	3.21	4.02	0	0				
07/12/2018	3.3.2	Gaze Project	O4	3	M	Bilingual	G130	06/09/2018	89100	1280 x 720		Raw Data	Ord4_T1_R.avi	190	0	900	720									15604	10:16:04.625	1536226338398413															0	1531		Fixation	8	750	558	0.16	101.27	155.11																				1870	956	529	940	558	948	543	758	543	383.81	76.79	377.19	65.38	380.50	71.09	288.78	195.20	707.16	333.71	197.10	702.57					732.13	732.13	3.86	3.90	0	0				
07/12/2018	3.3.2	Gaze Project	O4	3	M	Bilingual	G130	06/09/2018	89100	1280 x 720		Raw Data	Ord4_T1_R.avi	190	0	900	720									15613	10:16:04.633	1536226338406751															0	1532		Fixation	8	706	585	1.65	211.62	110.34																				1871	958	544	896	585	927	564	737	564	384.56	70.97	359.57	54.54	372.06	62.75	288.79	195.21	707.21	333.73	197.26	702.68					732.18	732.18	3.93	4.16	0	0				
07/12/2018	3.3.2	Gaze Project	O4	3	M	Bilingual	G130	06/09/2018	89100	1280 x 720		Raw Data	Ord4_T1_R.avi	190	0	900	720									15621	10:16:04.642	1536226338415112															0	1533		Fixation	8	742	559	1.42	35.93	184.31																				1872	988	554	932	559	960	556	770	556	396.57	67.04	374.10	64.70	385.34	65.87	288.80	195.24	707.28	333.73	197.29	702.77					732.26	732.26	3.90	4.18	0	0				
07/12/2018	3.3.2	Gaze Project	O4	3	M	Bilingual	G130	06/09/2018	89100	1280 x 720		Raw Data	Ord4_T1_R.avi	190	0	900	720									15629	10:16:04.650	1536226338423476															0	1534		Fixation	8	727	589	1.07	243.51	207.58																				1873	973	547	917	589	945	568	755	568	390.51	69.79	367.96	52.64	379.23	61.22	288.79	195.25	707.31	333.73	197.32	702.82					732.28	732.28	3.88	4.16	0	0				
07/12/2018	3.3.2	Gaze Project	O4	3	M	Bilingual	G130	06/09/2018	89100	1280 x 720		Raw Data	Ord4_T1_R.avi	190	0	900	720									15638	10:16:04.658	1536226338431752															0	1535		Fixation	8	724	593	0.16	233.22	349.71																				1874	967	429	914	593	940	511	750	511	388.09	117.33	366.75	51.02	377.42	84.17	288.79	195.27	707.36	333.71	197.44	702.77					732.33	732.33	3.59	4.38	0	0				
07/12/2018	3.3.2	Gaze Project	O4	3	M	Bilingual	G130	06/09/2018	89100	1280 x 720		Raw Data	Ord4_T1_R.avi	190	0	900	720									15646	10:16:04.667	1536226338440093															0	1536		Fixation	8	758	591	1.09	3.38	130.16																				1875	964	581	948	591	956	586	766	586	387.14	55.94	380.66	51.84	383.90	53.89	288.78	195.29	707.40	333.73	197.40	703.01					732.39	732.39	3.97	3.94	0	0				
07/12/2018	3.3.2	Gaze Project	O4	3	M	Bilingual	G130	06/09/2018	89100	1280 x 720		Raw Data	Ord4_T1_R.avi	190	0	900	720									15654	10:16:04.675	1536226338448433															0	1537		Fixation	8	747	589	0.36	169.66	166.29																				1876	950	490	937	589	943	539	753	539	381.41	92.60	376.23	52.83	378.82	72.72	288.77	195.32	707.47	333.72	197.43	703.10					732.45	732.45	3.89	4.13	0	0				
07/12/2018	3.3.2	Gaze Project	O4	3	M	Bilingual	G130	06/09/2018	89100	1280 x 720		Raw Data	Ord4_T1_R.avi	190	0	900	720									15663	10:16:04.683	1536226338456788															0	1538		Fixation	8	748	581	0.25	82.90	273.24																				1877	983	528	938	581	960	554	770	554	394.55	77.35	376.49	55.98	385.52	66.66	288.76	195.36	707.59	333.71	197.46	703.15					732.59	732.59	3.90	4.17	0	0				
07/12/2018	3.3.2	Gaze Project	O4	3	M	Bilingual	G130	06/09/2018	89100	1280 x 720		Raw Data	Ord4_T1_R.avi	190	0	900	720									15671	10:16:04.692	1536226338465144															0	1539		Fixation	8	725	598	0.91	216.56	133.66																				1878	932	498	915	598	923	548	733	548	374.11	89.53	367.32	48.93	370.71	69.23	288.74	195.38	707.63	333.70	197.52	703.31					732.63	732.63	3.95	4.29	0	0				
07/12/2018	3.3.2	Gaze Project	O4	3	M	Bilingual	G130	06/09/2018	89100	1280 x 720		Raw Data	Ord4_T1_R.avi	190	0	900	720									15679	10:16:04.700	1536226338473422															0	1540		Fixation	8	759	532	2.35	62.82	206.26																				1879	953	561	949	532	951	546	761	546	382.62	64.12	380.76	75.81	381.69	69.96	288.72	195.41	707.70	334.17	200.22	711.67					732.70	732.70	3.87	4.13	0	0				
07/12/2018	3.3.2	Gaze Project	O4	3	M	Bilingual	G130	06/09/2018	89100	1280 x 720		Raw Data	Ord4_T1_R.avi	190	0	900	720									15688	10:16:04.708	1536226338481765															0	1541		Fixation	8	712	576	2.05	223.20	160.38																				1880	964	572	902	576	933	574	743	574	386.91	59.76	361.98	58.19	374.45	58.97	288.71	195.46	707.83	333.66	197.56	703.41					732.84	732.84	4.05	4.21	0	0				
07/12/2018	3.3.2	Gaze Project	O4	3	M	Bilingual	G130	06/09/2018	89100	1280 x 720		Raw Data	Ord4_T1_R.avi	190	0	900	720									15696	10:16:04.717	1536226338490102															0	1542		Fixation	8	764	559	1.75	18.16	154.95																				1881	992	482	954	559	973	520	783	520	398.10	95.93	383.05	64.88	390.57	80.40	288.68	195.47	707.87	333.64	197.60	703.51					732.88	732.88	3.64	4.14	0	0				
07/12/2018	3.3.2	Gaze Project	O4	3	M	Bilingual	G130	06/09/2018	89100	1280 x 720		Raw Data	Ord4_T1_R.avi	190	0	900	720									15704	10:16:04.725	1536226338498459															0	1543		Fixation	8	750	565	0.49	203.27	185.11																				1882	956	500	940	565	948	532	758	532	383.89	88.71	377.44	62.57	380.67	75.64	288.67	195.51	707.98	333.61	197.49	703.56					733.00	733.00	3.74	3.90	0	0				
07/12/2018	3.3.2	Gaze Project	O4	3	M	Bilingual	G130	06/09/2018	89100	1280 x 720		Raw Data	Ord4_T1_R.avi	190	0	900	720									15713	10:16:04.733	1536226338506813															0	1544		Fixation	8	763	561	0.44	17.15	173.89																				1883	960	506	953	561	956	533	766	533	385.36	86.18	382.65	64.22	384.00	75.20	288.64	195.53	708.06	333.59	197.49	703.56					733.08	733.08	3.91	4.05	0	0				
07/12/2018	3.3.2	Gaze Project	O4	3	M	Bilingual	G130	06/09/2018	89100	1280 x 720		Raw Data	Ord4_T1_R.avi	190	0	900	720									15721	10:16:04.742	1536226338515075															0	1545		Fixation	8	740	590	1.18	231.67	214.52																				1884	962	542	930	590	946	566	756	566	386.28	71.65	373.29	52.24	379.78	61.94	288.63	195.57	708.21	333.59	197.74	703.93					733.23	733.23	3.90	4.18	0	0				
07/12/2018	3.3.2	Gaze Project	O4	3	M	Bilingual	G130	06/09/2018	89100	1280 x 720		Raw Data	Ord4_T1_R.avi	190	0	900	720									15729	10:16:04.750	1536226338523409															0	1546		Fixation	8	752	592	0.39	350.51	118.84																				1885	954	481	942	592	948	536	758	536	383.04	96.21	378.27	51.60	380.65	73.90	288.60	195.58	708.25	333.56	197.75	703.96					733.28	733.28	3.68	4.19	0	0				
07/12/2018	3.3.2	Gaze Project	O4	3	M	Bilingual	G130	06/09/2018	89100	1280 x 720		Raw Data	Ord4_T1_R.avi	190	0	900	720									15738	10:16:04.758	1536226338531771															0			Unclassified	8																									1886	960	632			960	632	770	632	385.20	35.26					288.58	195.61	708.35		-34.01						733.38		4.30		0	4				
07/12/2018	3.3.2	Gaze Project	O4	3	M	Bilingual	G130	06/09/2018	89100	1280 x 720		Raw Data	Ord4_T1_R.avi	190	0	900	720									15746	10:16:04.767	1536226338540127															0	1547		Fixation	8	765	544	1.56	74.89	84.38																				1887	988	573	955	544	971	558	781	558	396.73	59.31	383.23	70.74	389.98	65.03	288.57	195.66	708.53	334.04	200.63	712.93					733.57	733.57	4.16	4.02	0	0				
07/12/2018	3.3.2	Gaze Project	O4	3	M	Bilingual	G130	06/09/2018	89100	1280 x 720		Raw Data	Ord4_T1_R.avi	190	0	900	720									15754	10:16:04.775	1536226338548388															0	1548		Fixation	8	783	572	1.03	302.65	227.76																				1888	966	490	973	572	969	531	779	531	387.76	92.58	390.76	59.48	389.26	76.03	288.55	195.68	708.61	333.95	200.29	711.91					733.64	733.64	3.72	4.15	0	0				
07/12/2018	3.3.2	Gaze Project	O4	3	M	Bilingual	G130	06/09/2018	89100	1280 x 720		Raw Data	Ord4_T1_R.avi	190	0	900	720									15763	10:16:04.783	1536226338556750															0	1549		Fixation	8	738	592	1.56	204.03	261.38																				1889	967	482	928	592	947	537	757	537	388.30	95.76	372.61	51.68	380.45	73.72	288.53	195.72	708.74	333.49	197.89	704.42					733.77	733.77	3.66	4.20	0	0				
07/12/2018	3.3.2	Gaze Project	O4	3	M	Bilingual	G130	06/09/2018	89100	1280 x 720		Raw Data	Ord4_T1_R.avi	190	0	900	720									15771	10:16:04.792	1536226338565081															0			Unclassified	8																									1890	954	587			954	587	764	587	382.88	53.74					288.52	195.76	708.89		-34.01						733.93		4.20		0	4				
07/12/2018	3.3.2	Gaze Project	O4	3	M	Bilingual	G130	06/09/2018	89100	1280 x 720		Raw Data	Ord4_T1_R.avi	190	0	900	720									15779	10:16:04.800	1536226338573445															0	1550		Fixation	8	760	554	1.39	60.01	215.98																				1891	952	604	950	554	951	579	761	579	382.06	46.84	381.47	66.75	381.76	56.80	288.50	195.77	708.93	333.45	197.78	704.47					733.97	733.97	4.20	3.99	0	0				
07/12/2018	3.3.2	Gaze Project	O4	3	M	Bilingual	G130	06/09/2018	89100	1280 x 720		Raw Data	Ord4_T1_R.avi	190	0	900	720									15788	10:16:04.808	1536226338581792															0	1551		Fixation	8	754	590	1.15	260.57	200.56																				1892	956	556	944	590	950	573	760	573	383.60	65.91	378.99	52.43	381.30	59.17	288.49	195.81	709.07	333.46	198.02	704.80					734.12	734.12	4.19	4.23	0	0				
07/12/2018	3.3.2	Gaze Project	O4	3	M	Bilingual	G130	06/09/2018	89100	1280 x 720		Raw Data	Ord4_T1_R.avi	190	0	900	720									15796	10:16:04.817	1536226338590063															0			Unclassified	8																									1893	1000	503			1000	503	810	503	401.33	87.46					288.48	195.84	709.17		-34.01						734.23		3.99		0	4				
07/12/2018	3.3.2	Gaze Project	O4	3	M	Bilingual	G130	06/09/2018	89100	1280 x 720		Raw Data	Ord4_T1_R.avi	190	0	900	720									15804	10:16:04.825	1536226338598393															0	1552		Fixation	8	745	583	0.36	142.04	241.47																				1894	967	457	935	583	951	520	761	520	388.14	106.03	375.34	55.23	381.74	80.63	288.47	195.87	709.28	333.42	197.92	704.85					734.33	734.33	3.76	3.95	0	0				
07/12/2018	3.3.2	Gaze Project	O4	3	M	Bilingual	G130	06/09/2018	89100	1280 x 720		Raw Data	Ord4_T1_R.avi	190	0	900	720									15813	10:16:04.833	1536226338606747															0	1553		Fixation	8	760	585	0.48	352.38	210.35																				1895	934	454	950	585	942	519	752	519	374.97	106.95	381.39	54.20	378.18	80.57	288.46	195.74	709.33	333.89	200.73	713.20					734.34	734.34	3.60	4.14	0	0				
07/12/2018	3.3.2	Gaze Project	O4	3	M	Bilingual	G130	06/09/2018	89100	1280 x 720		Raw Data	Ord4_T1_R.avi	190	0	900	720									15821	10:16:04.842	1536226338615107															0	1554		Fixation	8	788	554	1.31	48.00	55.62																				1896	965	483	978	554	971	518	781	518	387.18	95.37	392.62	66.73	389.90	81.05	288.45	195.95	709.54	333.89	200.83	713.49					734.60	734.60	3.90	4.02	0	0				
07/12/2018	3.3.2	Gaze Project	O4	3	M	Bilingual	G130	06/09/2018	89100	1280 x 720		Raw Data	Ord4_T1_R.avi	190	0	900	720									15829	10:16:04.850	1536226338623464															0	1555		Fixation	8	765	589	1.31	236.77	188.77																				1897	941	512	955	589	948	550	758	550	377.72	83.93	383.30	52.66	380.51	68.30	288.40	198.58	717.91	333.90	200.95	713.86					743.37	743.37	3.88	4.11	0	0				
07/12/2018	3.3.2	Gaze Project	O4	3	M	Bilingual	G130	06/09/2018	89100	1280 x 720		Raw Data	Ord4_T1_R.avi	190	0	900	720									15838	10:16:04.858	1536226338631729															0	1556		Fixation	8	734	588	0.98	178.15	301.37																				1898	947	561	924	588	935	574	745	574	380.15	64.01	370.74	53.30	375.45	58.66	288.44	196.03	709.82	333.40	198.27	705.54					734.90	734.90	3.97	4.10	0	0				
07/12/2018	3.3.2	Gaze Project	O4	3	M	Bilingual	G130	06/09/2018	89100	1280 x 720		Raw Data	Ord4_T1_R.avi	190	0	900	720									15846	10:16:04.867	1536226338640062															0	1557		Fixation	8	762	539	1.79	60.33	242.19																				1899	940	624	952	539	946	581	756	581	377.43	38.68	382.11	72.86	379.77	55.77	288.41	196.15	709.77	333.39	198.32	705.70					734.89	734.89	4.33	3.83	0	0				
07/12/2018	3.3.2	Gaze Project	O4	3	M	Bilingual	G130	06/09/2018	89100	1280 x 720		Raw Data	Ord4_T1_R.avi	190	0	900	720									15854	10:16:04.875	1536226338648421															0	1558		Fixation	8	775	520	0.74	55.71	355.37																				1900			965	520	965	520	775	520			387.21	80.44						333.39	198.36	705.83						0.00		3.87	4	0				
07/12/2018	3.3.2	Gaze Project	O4	3	M	Bilingual	G130	06/09/2018	89100	1280 x 720		Raw Data	Ord4_T1_R.avi	190	0	900	720									15863	10:16:04.883	1536226338656776															0	1559		Fixation	8	795	477	1.52	65.13	9.42																				1901	973	492	985	477	979	484	789	484	390.77	91.94	395.21	97.84	392.99	94.89	288.42	196.14	710.17	333.39	198.41	705.97					735.26	735.26	3.87	3.69	0	0				
07/12/2018	3.3.2	Gaze Project	O4	3	M	Bilingual	G130	06/09/2018	89100	1280 x 720		Raw Data	Ord4_T1_R.avi	190	0	900	720									15871	10:16:04.892	1536226338665048															0	1560		Fixation	8	744	547	2.77	234.01	168.89																				1902	960	542	934	547	947	544	757	544	385.41	71.58	374.92	69.68	380.16	70.63	288.41	196.17	710.26	333.39	198.46	706.13					735.36	735.36	3.96	3.89	0	0				
07/12/2018	3.3.2	Gaze Project	O4	3	M	Bilingual	G130	06/09/2018	89100	1280 x 720		Raw Data	Ord4_T1_R.avi	190	0	900	720									15879	10:16:04.900	1536226338673390															0	1561		Fixation	8	792	529	1.64	20.62	146.61																				1903	989	551	982	529	985	540	795	540	397.01	67.89	394.10	77.05	395.56	72.47	288.40	196.29	710.21	333.38	198.49	706.25					735.35	735.35	4.14	3.87	0	0				
07/12/2018	3.3.2	Gaze Project	O4	3	M	Bilingual	G130	06/09/2018	89100	1280 x 720		Raw Data	Ord4_T1_R.avi	190	0	900	720									15888	10:16:04.908	1536226338681730															0	1562		Fixation	8	776	510	0.78	130.01	109.39																				1904	976	441	966	510	971	475	781	475	391.60	112.20	387.57	84.47	389.59	98.34	288.41	196.26	710.53	333.39	198.54	706.41					735.64	735.64	3.61	3.74	0	0				
07/12/2018	3.3.2	Gaze Project	O4	3	M	Bilingual	G130	06/09/2018	89100	1280 x 720		Raw Data	Ord4_T1_R.avi	190	0	900	720									15896	10:16:04.917	1536226338690077															0	1563		Fixation	8	762	575	2.10	257.88	127.87																				1905	938	429	952	575	945	502	755	502	376.42	117.24	381.96	58.53	379.19	87.89	288.41	196.29	710.63	333.38	198.57	706.50					735.74	735.74	3.64	4.13	0	0				
07/12/2018	3.3.2	Gaze Project	O4	3	M	Bilingual	G130	06/09/2018	89100	1280 x 720		Raw Data	Ord4_T1_R.avi	190	0	900	720									15904	10:16:04.925	1536226338698445															0			Unclassified	8																									1906	952	580			952	580	762	580	382.12	56.22					288.41	196.34	710.77		-34.01						735.89		4.02		0	4				
07/12/2018	3.3.2	Gaze Project	O4	3	M	Bilingual	G130	06/09/2018	89100	1280 x 720		Raw Data	Ord4_T1_R.avi	190	0	900	720									15912	10:16:04.933	1536226338706707															0	1564		Fixation	8	749	567	0.48	148.31	250.43																				1907	965	520	939	567	952	543	762	543	387.37	80.53	376.92	61.55	382.15	71.04	288.40	196.37	710.89	333.37	198.61	706.70					736.01	736.01	3.90	4.19	0	0				
07/12/2018	3.3.2	Gaze Project	O4	3	M	Bilingual	G130	06/09/2018	89100	1280 x 720		Raw Data	Ord4_T1_R.avi	190	0	900	720									15921	10:16:04.942	1536226338715048															0	1565		Fixation	8	773	573	0.78	345.92	197.61																				1908	956	449	963	573	959	511	769	511	383.77	109.16	386.44	59.04	385.11	84.10	288.40	196.38	710.95	333.37	198.48	706.75					736.07	736.07	3.47	4.02	0	0				
07/12/2018	3.3.2	Gaze Project	O4	3	M	Bilingual	G130	06/09/2018	89100	1280 x 720		Raw Data	Ord4_T1_R.avi	190	0	900	720									15929	10:16:04.950	1536226338723402															0	1566		Fixation	8	709	404	5.75	110.68	124.76																				1909	968	378	899	404	933	391	743	391	388.38	137.70	360.70	127.24	374.54	132.47	288.40	196.42	711.10	333.37	198.67	706.98					736.23	736.23	3.61	3.52	0	0				
07/12/2018	3.3.2	Gaze Project	O4	3	M	Bilingual	G130	06/09/2018	89100	1280 x 720		Raw Data	Ord4_T1_R.avi	190	0	900	720									15938	10:16:04.958	1536226338731761															0	1567		Fixation	8	736	520	3.81	283.06	172.38																				1910	980	468	926	520	953	494	763	494	393.20	101.61	371.88	80.42	382.54	91.02	288.40	196.46	711.25	333.35	198.76	706.94					736.39	736.39	3.79	4.03	0	0				
07/12/2018	3.3.2	Gaze Project	O4	3	M	Bilingual	G130	06/09/2018	89100	1280 x 720		Raw Data	Ord4_T1_R.avi	190	0	900	720									15946	10:16:04.967	1536226338740115															0	1568		Fixation	8	776	516	1.29	5.73	82.67																				1911	953	580	966	516	959	548	769	548	382.71	56.51	387.66	82.28	385.19	69.39	288.40	196.50	711.41	333.36	198.51	707.04					736.55	736.55	4.14	3.96	0	0				
07/12/2018	3.3.2	Gaze Project	O4	3	M	Bilingual	G130	06/09/2018	89100	1280 x 720		Raw Data	Ord4_T1_R.avi	190	0	900	720									15954	10:16:04.975	1536226338748377															0	1569		Fixation	8	741	587	2.51	243.83	238.10																				1912	951	563	931	587	941	575	751	575	381.56	63.11	373.56	53.64	377.56	58.38	288.40	196.51	711.50	333.31	198.70	706.96					736.63	736.63	4.06	4.52	0	0				
07/12/2018	3.3.2	Gaze Project	O4	3	M	Bilingual	G130	06/09/2018	89100	1280 x 720		Raw Data	Ord4_T1_R.avi	190	0	900	720									15963	10:16:04.983	1536226338756722															0	1570		Fixation	8	768	564	1.13	40.52	156.69																				1913	957	598	958	564	957	581	767	581	384.11	49.09	384.48	62.98	384.29	56.04	288.40	196.55	711.70	333.39	198.78	707.67					736.85	736.85	4.22	4.16	0	0				
07/12/2018	3.3.2	Gaze Project	O4	3	M	Bilingual	G130	06/09/2018	89100	1280 x 720		Raw Data	Ord4_T1_R.avi	190	0	900	720									15971	10:16:04.992	1536226338765072															0	1571		Fixation	8	766	561	0.11	123.61	83.09																				1914	959	589	956	561	957	575	767	575	384.77	52.95	383.63	64.16	384.20	58.56	288.40	196.57	711.82	333.38	198.74	707.66					736.96	736.96	4.18	4.24	0	0				
07/12/2018	3.3.2	Gaze Project	O4	3	M	Bilingual	G130	06/09/2018	89100	1280 x 720		Raw Data	Ord4_T1_R.avi	190	0	900	720									15979	10:16:05.000	1536226338773433															0	1572		Fixation	8	758	479	2.60	95.55	331.95																				1915	947	473	948	479	947	476	757	476	379.93	99.36	380.36	96.88	380.15	98.12	288.41	196.60	712.00	333.38	198.76	707.81					737.14	737.14	3.82	3.83	0	0				
07/12/2018	3.3.2	Gaze Project	O4	3	M	Bilingual	G130	06/09/2018	89100	1280 x 720		Raw Data	Ord4_T1_R.avi	190	0	900	720									15987	10:16:05.008	1536226338781696															0			Unclassified	8																									1916	953	551			953	551	763	551	382.43	68.04					288.41	196.60	712.09		-34.01						737.23		4.15		0	4				
07/12/2018	3.3.2	Gaze Project	O4	3	M	Bilingual	G130	06/09/2018	89100	1280 x 720		Raw Data	Ord4_T1_R.avi	190	0	900	720									15996	10:16:05.017	1536226338790047															0	1573		Fixation	8	750	548	2.20	263.41	167.85																				1917	955	570	940	548	947	559	757	559	383.22	60.46	377.49	69.08	380.35	64.77	288.42	196.61	712.19	333.41	198.83	708.24					737.32	737.32	4.05	4.09	0	0				
07/12/2018	3.3.2	Gaze Project	O4	3	M	Bilingual	G130	06/09/2018	89100	1280 x 720		Raw Data	Ord4_T1_R.avi	190	0	900	720									16004	10:16:05.025	1536226338798382															0	1574		Fixation	8	777	555	0.88	345.42	82.01																				1918	912	570	967	555	939	562	749	562	366.08	60.42	388.27	66.39	377.17	63.40	288.43	196.67	712.47	333.39	198.91	708.21					737.61	737.61	4.18	4.43	0	0				
07/12/2018	3.3.2	Gaze Project	O4	3	M	Bilingual	G130	06/09/2018	89100	1280 x 720		Raw Data	Ord4_T1_R.avi	190	0	900	720									16013	10:16:05.033	1536226338806727															0	1575		Fixation	8	766	558	0.36	195.30	209.88																				1919	945	553	956	558	950	555	760	555	379.34	67.12	383.91	65.34	381.63	66.23	288.46	196.74	712.73	333.43	198.82	708.41					737.88	737.88	4.14	4.19	0	0				
07/12/2018	3.3.2	Gaze Project	O4	3	M	Bilingual	G130	06/09/2018	89100	1280 x 720		Raw Data	Ord4_T1_R.avi	190	0	900	720									16021	10:16:05.042	1536226338815099															0	1576		Fixation	8	765	567	0.28	263.68	68.38																				1920	975	433	955	567	965	500	775	500	391.33	115.45	383.53	61.48	387.43	88.47	288.47	196.72	712.73	333.45	198.87	708.69					737.88	737.88	3.84	4.22	0	0				
07/12/2018	3.3.2	Gaze Project	O4	3	M	Bilingual	G130	06/09/2018	89100	1280 x 720		Raw Data	Ord4_T1_R.avi	190	0	900	720									16029	10:16:05.050	1536226338823366															0	1577		Fixation	8	800	534	1.53	43.41	139.73																				1921	931	594	990	534	960	564	770	564	373.61	50.90	397.59	74.97	385.60	62.94	288.50	196.77	712.93	333.47	198.90	708.86					738.08	738.08	4.40	4.19	0	0				
07/12/2018	3.3.2	Gaze Project	O4	3	M	Bilingual	G130	06/09/2018	89100	1280 x 720		Raw Data	Ord4_T1_R.avi	190	0	900	720									16037	10:16:05.058	1536226338831701															0	1578		Fixation	8	780	564	1.14	236.39	192.99																				1922	930	589	970	564	950	576	760	576	373.45	52.88	389.31	62.73	381.38	57.80	288.51	196.63	712.99	333.50	198.88	708.89					738.09	738.09	4.25	4.14	0	0				
07/12/2018	3.3.2	Gaze Project	O4	3	M	Bilingual	G130	06/09/2018	89100	1280 x 720		Raw Data	Ord4_T1_R.avi	190	0	900	720									16046	10:16:05.067	1536226338840057															0	1579		Fixation	8	760	575	0.73	208.89	332.49																				1923	954	502	950	575	952	538	762	538	382.97	87.94	381.45	58.57	382.21	73.25	288.54	196.83	713.18	333.52	198.90	709.02					738.34	738.34	3.89	4.33	0	0				
07/12/2018	3.3.2	Gaze Project	O4	3	M	Bilingual	G130	06/09/2018	89100	1280 x 720		Raw Data	Ord4_T1_R.avi	190	0	900	720									16054	10:16:05.075	1536226338848412															0	1580		Fixation	8	778	542	1.19	61.47	212.58																				1924	929	530	968	542	948	536	758	536	373.08	76.52	388.59	71.74	380.84	74.13	288.57	196.88	713.36	333.56	198.96	709.26					738.52	738.52	4.03	4.23	0	0				
07/12/2018	3.3.2	Gaze Project	O4	3	M	Bilingual	G130	06/09/2018	89100	1280 x 720		Raw Data	Ord4_T1_R.avi	190	0	900	720									16062	10:16:05.083	1536226338856688															0	1581		Fixation	8	732	592	2.15	227.48	166.01																				1925	923	623	922	592	922	607	732	607	370.63	39.24	369.98	51.35	370.31	45.30	288.60	196.93	713.50	333.59	199.01	709.43					738.67	738.67	4.41	4.36	0	0				
07/12/2018	3.3.2	Gaze Project	O4	3	M	Bilingual	G130	06/09/2018	89100	1280 x 720		Raw Data	Ord4_T1_R.avi	190	0	900	720									16071	10:16:05.092	1536226338865031															0	1582		Fixation	8	785	565	1.86	27.07	159.59																				1926	930	579	975	565	952	572	762	572	373.29	56.71	391.47	62.51	382.38	59.61	288.63	196.98	713.64	337.35	207.15	733.30					738.82	738.82	4.33	4.44	0	0				
07/12/2018	3.3.2	Gaze Project	O4	3	M	Bilingual	G130	06/09/2018	89100	1280 x 720		Raw Data	Ord4_T1_R.avi	190	0	900	720									16079	10:16:05.100	1536226338873361															0	1583		Fixation	8	747	555	1.22	165.21	138.14																				1927	953	560	937	555	945	557	755	557	382.41	64.28	376.29	66.38	379.35	65.33	288.67	197.08	713.92	333.66	199.12	709.83					739.12	739.12	4.30	4.28	0	0				
07/12/2018	3.3.2	Gaze Project	O4	3	M	Bilingual	G130	06/09/2018	89100	1280 x 720		Raw Data	Ord4_T1_R.avi	190	0	900	720									16088	10:16:05.108	1536226338881732															0			Unclassified	8																									1928	939	461			939	461	749	461	377.09	104.17					288.70	197.12	714.02		-34.01						739.23		3.94		0	4				
07/12/2018	3.3.2	Gaze Project	O4	3	M	Bilingual	G130	06/09/2018	89100	1280 x 720		Raw Data	Ord4_T1_R.avi	190	0	900	720									16096	10:16:05.117	1536226338890085															0	1584		Fixation	8	791	538	1.50	21.19	215.98																				1929	988	397	981	538	984	467	794	467	396.73	130.10	393.91	73.38	395.32	101.74	288.73	197.12	714.02	333.70	198.99	709.88					739.23	739.23	3.67	4.29	0	0				
07/12/2018	3.3.2	Gaze Project	O4	3	M	Bilingual	G130	06/09/2018	89100	1280 x 720		Raw Data	Ord4_T1_R.avi	190	0	900	720									16104	10:16:05.125	1536226338898350															0	1585		Fixation	8	759	547	1.06	195.76	174.57																				1930	922	559	949	547	935	553	745	553	370.28	64.67	380.92	69.70	375.60	67.18	288.76	197.00	714.06	333.73	198.99	709.88					739.24	739.24	4.22	4.14	0	0				
07/12/2018	3.3.2	Gaze Project	O4	3	M	Bilingual	G130	06/09/2018	89100	1280 x 720		Raw Data	Ord4_T1_R.avi	190	0	900	720									16113	10:16:05.133	1536226338906700															0	1586		Fixation	8	719	587	1.79	225.09	29.34																				1931	902	600	909	587	905	593	715	593	362.07	48.21	365.06	53.66	363.56	50.93	288.76	200.04	723.23	333.81	199.32	710.55					748.89	748.89	4.41	4.42	0	0				
07/12/2018	3.3.2	Gaze Project	O4	3	M	Bilingual	G130	06/09/2018	89100	1280 x 720		Raw Data	Ord4_T1_R.avi	190	0	900	720									16121	10:16:05.142	1536226338915028															0	1587		Fixation	8	739	537	1.69	68.26	203.17																				1932	964	524	929	537	946	530	756	530	386.91	78.98	372.80	73.89	379.86	76.44	288.83	197.25	714.39	333.81	199.43	710.51					739.63	739.63	4.42	4.35	0	0				
07/12/2018	3.3.2	Gaze Project	O4	3	M	Bilingual	G130	06/09/2018	89100	1280 x 720		Raw Data	Ord4_T1_R.avi	190	0	900	720									16129	10:16:05.150	1536226338923394															0	1588		Fixation	8	765	575	1.44	304.29	236.03																				1933	921	613	955	575	938	594	748	594	369.68	42.93	383.24	58.41	376.46	50.67	288.87	197.31	714.56	333.89	199.41	710.87					739.81	739.81	4.50	4.24	0	0				
07/12/2018	3.3.2	Gaze Project	O4	3	M	Bilingual	G130	06/09/2018	89100	1280 x 720		Raw Data	Ord4_T1_R.avi	190	0	900	720									16138	10:16:05.158	1536226338931751															0	1589		Fixation	8	750	549	0.94	119.90	175.61																				1934	947	585	940	549	943	567	753	567	380.03	54.56	377.44	68.74	378.73	61.65	288.90	197.35	714.68	333.91	199.39	710.85					739.94	739.94	4.43	4.27	0	0				
07/12/2018	3.3.2	Gaze Project	O4	3	M	Bilingual	G130	06/09/2018	89100	1280 x 720		Raw Data	Ord4_T1_R.avi	190	0	900	720									16146	10:16:05.167	1536226338940012															0	1590		Fixation	8	773	542	0.76	16.98	257.08																				1935	965	600	963	542	964	571	774	571	387.49	48.17	386.63	71.61	387.06	59.89	288.93	197.39	714.83	333.95	199.43	711.02					740.10	740.10	4.47	4.33	0	0				
07/12/2018	3.3.2	Gaze Project	O4	3	M	Bilingual	G130	06/09/2018	89100	1280 x 720		Raw Data	Ord4_T1_R.avi	190	0	900	720									16154	10:16:05.175	1536226338948342															0	1591		Fixation	8	790	562	0.82	310.27	293.29																				1936	945	623	980	562	962	592	772	592	379.53	39.08	393.29	63.52	386.41	51.30	288.96	197.43	714.96	334.00	199.53	711.38					740.24	740.24	4.47	4.27	0	0				
07/12/2018	3.3.2	Gaze Project	O4	3	M	Bilingual	G130	06/09/2018	89100	1280 x 720		Raw Data	Ord4_T1_R.avi	190	0	900	720									16163	10:16:05.183	1536226338956705															0	1592		Fixation	8	763	579	1.01	212.28	262.01																				1937	973	563	953	579	963	571	773	571	390.38	63.07	382.60	56.69	386.49	59.88	289.00	197.46	715.07	334.02	199.50	711.37					740.35	740.35	4.29	4.32	0	0				
07/12/2018	3.3.2	Gaze Project	O4	3	M	Bilingual	G130	06/09/2018	89100	1280 x 720		Raw Data	Ord4_T1_R.avi	190	0	900	720									16171	10:16:05.192	1536226338965062															0	1593		Fixation	8	795	533	1.77	55.26	202.98																				1938	962	558	985	533	973	545	783	545	386.33	65.40	395.49	75.38	390.91	70.39	289.03	197.47	715.12	334.06	199.54	711.54					740.40	740.40	4.30	4.25	0	0				
07/12/2018	3.3.2	Gaze Project	O4	3	M	Bilingual	G130	06/09/2018	89100	1280 x 720		Raw Data	Ord4_T1_R.avi	190	0	900	720									16179	10:16:05.200	1536226338973342															0	1594		Fixation	8	772	566	1.27	235.21	179.95																				1939	933	593	962	566	947	579	757	579	374.39	51.16	386.27	62.11	380.33	56.64	289.07	197.51	715.29	334.09	199.51	711.55					740.58	740.58	4.44	4.22	0	0				
07/12/2018	3.3.2	Gaze Project	O4	3	M	Bilingual	G130	06/09/2018	89100	1280 x 720		Raw Data	Ord4_T1_R.avi	190	0	900	720									16187	10:16:05.208	1536226338981680															0	1595		Fixation	8	734	583	1.32	204.17	328.96																				1940	941	570	924	583	932	576	742	576	377.65	60.31	370.92	55.29	374.28	57.80	289.10	197.51	715.35	334.13	199.53	711.68					740.63	740.63	4.38	4.43	0	0				
07/12/2018	3.3.2	Gaze Project	O4	3	M	Bilingual	G130	06/09/2018	89100	1280 x 720		Raw Data	Ord4_T1_R.avi	190	0	900	720									16196	10:16:05.217	1536226338990013															0	1596		Fixation	8	716	564	0.81	133.36	289.19																				1941			906	564	906	564	716	564			363.82	62.69						334.76	202.84	722.04						0.00		4.31	4	0				
07/12/2018	3.3.2	Gaze Project	O4	3	M	Bilingual	G130	06/09/2018	89100	1280 x 720		Raw Data	Ord4_T1_R.avi	190	0	900	720									16204	10:16:05.225	1536226338998379															0			Unclassified	8																									1942	988	593			988	593	798	593	396.45	51.21					289.11	201.02	726.48		-34.01						752.29		4.16		0	4				
07/12/2018	3.3.2	Gaze Project	O4	3	M	Bilingual	G130	06/09/2018	89100	1280 x 720		Raw Data	Ord4_T1_R.avi	190	0	900	720									16213	10:16:05.233	1536226339006730															0	1597		Fixation	8	735	586	0.90	310.72	177.36																				1943	967	515	925	586	946	550	756	550	388.20	82.65	371.37	54.01	379.78	68.33	289.19	197.55	715.62	334.23	199.59	712.10					740.91	740.91	4.04	4.29	0	0				
07/12/2018	3.3.2	Gaze Project	O4	3	M	Bilingual	G130	06/09/2018	89100	1280 x 720		Raw Data	Ord4_T1_R.avi	190	0	900	720									16221	10:16:05.242	1536226339014992															0	1598		Fixation	8	748	544	1.38	72.85	122.13																				1944	967	598	938	544	952	571	762	571	388.19	49.32	376.64	71.07	382.42	60.19	289.22	197.57	715.68	334.24	199.69	712.06					740.97	740.97	4.22	3.97	0	0				
07/12/2018	3.3.2	Gaze Project	O4	3	M	Bilingual	G130	06/09/2018	89100	1280 x 720		Raw Data	Ord4_T1_R.avi	190	0	900	720									16229	10:16:05.250	1536226339023356															0	1599		Fixation	8	749	578	1.05	271.68	198.83																				1945	964	599	939	578	951	588	761	588	386.82	48.61	376.93	57.08	381.88	52.85	289.26	197.61	715.79	334.84	202.54	721.35					741.09	741.09	4.16	4.28	0	0				
07/12/2018	3.3.2	Gaze Project	O4	3	M	Bilingual	G130	06/09/2018	89100	1280 x 720		Raw Data	Ord4_T1_R.avi	190	0	900	720									16237	10:16:05.258	1536226339031689															0	1600		Fixation	8	771	576	0.69	5.21	93.53																				1946	988	559	961	576	974	567	784	567	396.43	64.96	385.58	58.01	391.00	61.48	289.31	197.63	715.85	334.35	199.67	712.40					741.15	741.15	4.19	4.32	0	0				
07/12/2018	3.3.2	Gaze Project	O4	3	M	Bilingual	G130	06/09/2018	89100	1280 x 720		Raw Data	Ord4_T1_R.avi	190	0	900	720									16246	10:16:05.267	1536226339040049															0	1601		Fixation	8	771	576	0.00	0.00	354.79																				1947	957	573	961	576	959	574	769	574	384.01	59.19	385.70	57.96	384.86	58.58	289.36	197.51	715.89	334.38	199.71	712.49					741.16	741.16	4.23	4.36	0	0				
07/12/2018	3.3.2	Gaze Project	O4	3	M	Bilingual	G130	06/09/2018	89100	1280 x 720		Raw Data	Ord4_T1_R.avi	190	0	900	720									16254	10:16:05.275	1536226339048402															0	1602		Fixation	8	760	577	0.35	185.21	185.21																				1948	986	540	950	577	968	558	778	558	395.66	72.63	381.18	57.64	388.42	65.13	289.39	197.69	715.99	334.97	202.73	721.88					741.31	741.31	4.22	4.26	0	0				
07/12/2018	3.3.2	Gaze Project	O4	3	M	Bilingual	G130	06/09/2018	89100	1280 x 720		Raw Data	Ord4_T1_R.avi	190	0	900	720									16262	10:16:05.283	1536226339056669															0			Unclassified	8																									1949	956	520			956	520	766	520	383.72	80.49					289.42	197.72	716.04		-34.01						741.37		4.11		0	4				
07/12/2018	3.3.2	Gaze Project	O4	3	M	Bilingual	G130	06/09/2018	89100	1280 x 720		Raw Data	Ord4_T1_R.avi	190	0	900	720									16271	10:16:05.292	1536226339065003															0	1603		Fixation	8	754	600	0.73	255.42	70.21																				1950	976	577	944	600	960	588	770	588	391.72	57.38	378.81	48.24	385.27	52.81	289.46	197.77	716.12	334.98	202.38	720.79					741.46	741.46	4.22	4.31	0	0				
07/12/2018	3.3.2	Gaze Project	O4	3	M	Bilingual	G130	06/09/2018	89100	1280 x 720		Raw Data	Ord4_T1_R.avi	190	0	900	720									16279	10:16:05.300	1536226339073357															0	1604		Fixation	8	730	550	1.71	115.57	220.15																				1951	966	578	920	550	943	564	753	564	387.57	57.09	369.26	68.46	378.42	62.78	289.50	197.80	716.14	334.54	199.87	712.88					741.49	741.49	4.20	4.05	0	0				
07/12/2018	3.3.2	Gaze Project	O4	3	M	Bilingual	G130	06/09/2018	89100	1280 x 720		Raw Data	Ord4_T1_R.avi	190	0	900	720									16288	10:16:05.308	1536226339081715															0	1605		Fixation	8	758	535	1.01	28.26	272.69																				1952	948	587	948	535	948	561	758	561	380.39	53.67	380.36	74.60	380.38	64.13	289.55	197.95	716.07	334.58	199.78	712.91					741.48	741.48	4.44	4.25	0	0				
07/12/2018	3.3.2	Gaze Project	O4	3	M	Bilingual	G130	06/09/2018	89100	1280 x 720		Raw Data	Ord4_T1_R.avi	190	0	900	720									16296	10:16:05.317	1536226339089984															0	1606		Fixation	8	739	578	1.48	246.23	217.97																				1953	922	513	929	578	925	545	735	545	370.01	83.20	373.09	57.05	371.55	70.13	289.58	197.73	716.17	334.64	199.96	713.03					741.50	741.50	4.16	4.30	0	0				
07/12/2018	3.3.2	Gaze Project	O4	3	M	Bilingual	G130	06/09/2018	89100	1280 x 720		Raw Data	Ord4_T1_R.avi	190	0	900	720									16304	10:16:05.325	1536226339098332															0	1607		Fixation	8	758	554	0.96	51.72	165.49																				1954	920	545	948	554	934	549	744	549	369.30	70.64	380.64	66.98	374.97	68.81	289.61	197.76	716.15	334.68	200.05	713.22					741.50	741.50	4.27	4.35	0	0				
07/12/2018	3.3.2	Gaze Project	O4	3	M	Bilingual	G130	06/09/2018	89100	1280 x 720		Raw Data	Ord4_T1_R.avi	190	0	900	720									16312	10:16:05.333	1536226339106673															0	1608		Fixation	8	707	559	1.62	185.62	133.90																				1955	942	535	897	559	919	547	729	547	378.02	74.65	360.09	64.73	369.05	69.69	289.65	197.79	716.14	334.70	200.19	713.16					741.50	741.50	4.23	4.29	0	0				
07/12/2018	3.3.2	Gaze Project	O4	3	M	Bilingual	G130	06/09/2018	89100	1280 x 720		Raw Data	Ord4_T1_R.avi	190	0	900	720									16321	10:16:05.342	1536226339115028															0			Unclassified	8																									1956	957	410			957	410	767	410	384.34	124.66					289.69	198.05	716.42		-34.01						741.84		3.86		0	4				
07/12/2018	3.3.2	Gaze Project	O4	3	M	Bilingual	G130	06/09/2018	89100	1280 x 720		Raw Data	Ord4_T1_R.avi	190	0	900	720									16329	10:16:05.350	1536226339123384															0	1609		Fixation	8	712	567	0.29	301.92	116.31																				1957	941	436	902	567	921	501	731	501	377.81	114.25	362.17	61.70	369.99	87.98	289.72	198.05	716.33	334.79	200.11	713.20					741.76	741.76	3.93	4.46	0	0				
07/12/2018	3.3.2	Gaze Project	O4	3	M	Bilingual	G130	06/09/2018	89100	1280 x 720		Raw Data	Ord4_T1_R.avi	190	0	900	720									16337	10:16:05.358	1536226339131644															0	1610		Fixation	8	762	537	1.85	31.05	89.12																				1958	963	450	952	537	957	493	767	493	386.56	108.69	381.96	73.57	384.26	91.13	289.76	198.11	716.42	334.81	200.08	713.03					741.86	741.86	3.86	4.37	0	0				
07/12/2018	3.3.2	Gaze Project	O4	3	M	Bilingual	G130	06/09/2018	89100	1280 x 720		Raw Data	Ord4_T1_R.avi	190	0	900	720									16346	10:16:05.367	1536226339139984															0	1611		Fixation	8	791	541	0.92	352.12	321.08																				1959	961	456	981	541	971	498	781	498	385.75	106.42	393.78	71.97	389.77	89.20	289.79	198.11	716.31	334.85	200.13	713.12					741.76	741.76	3.77	4.21	0	0				
07/12/2018	3.3.2	Gaze Project	O4	3	M	Bilingual	G130	06/09/2018	89100	1280 x 720		Raw Data	Ord4_T1_R.avi	190	0	900	720									16354	10:16:05.375	1536226339148340															0			Unclassified	8																									1960	933	567			933	567	743	567	374.35	61.78					289.82	198.01	716.35		-34.01						741.77		4.34		0	4				
07/12/2018	3.3.2	Gaze Project	O4	3	M	Bilingual	G130	06/09/2018	89100	1280 x 720		Raw Data	Ord4_T1_R.avi	190	0	900	720									16363	10:16:05.383	1536226339156697															0	1612		Fixation	8	737	552	1.74	191.55	199.43																				1961	925	492	927	552	926	522	736	522	371.38	91.83	371.93	67.75	371.65	79.79	289.85	198.24	716.55	334.93	200.31	713.55					742.03	742.03	4.04	4.39	0	0				
07/12/2018	3.3.2	Gaze Project	O4	3	M	Bilingual	G130	06/09/2018	89100	1280 x 720		Raw Data	Ord4_T1_R.avi	190	0	900	720									16371	10:16:05.392	1536226339165054															0	1613		Fixation	8	743	563	0.39	298.53	106.98																				1962	942	498	933	563	937	530	747	530	377.98	89.29	374.66	63.23	376.32	76.26	289.88	198.21	716.41	334.95	200.23	713.28					741.89	741.89	4.06	4.30	0	0				
07/12/2018	3.3.2	Gaze Project	O4	3	M	Bilingual	G130	06/09/2018	89100	1280 x 720		Raw Data	Ord4_T1_R.avi	190	0	900	720									16379	10:16:05.400	1536226339173312															0	1614		Fixation	8	750	562	0.22	8.16	69.62																				1963	956	490	940	562	948	526	758	526	383.81	92.71	377.16	63.71	380.48	78.21	289.90	198.23	716.41	334.97	200.23	713.22					741.90	741.90	3.99	4.35	0	0				
07/12/2018	3.3.2	Gaze Project	O4	3	M	Bilingual	G130	06/09/2018	89100	1280 x 720		Raw Data	Ord4_T1_R.avi	190	0	900	720									16387	10:16:05.408	1536226339181648															0	1615		Fixation	8	755	566	0.20	321.25	313.09																				1964	941	495	945	566	943	530	753	530	377.81	90.64	379.16	62.05	378.49	76.35	289.92	198.21	716.27	334.99	200.24	713.23					741.76	741.76	4.00	4.41	0	0				
07/12/2018	3.3.2	Gaze Project	O4	3	M	Bilingual	G130	06/09/2018	89100	1280 x 720		Raw Data	Ord4_T1_R.avi	190	0	900	720									16396	10:16:05.417	1536226339190009															0	1616		Fixation	8	796	541	1.49	31.46	70.20																				1965	960	510	986	541	973	525	783	525	385.44	84.74	395.71	72.21	390.57	78.48	289.94	198.10	716.31	339.35	209.60	740.62					741.77	741.77	4.18	4.48	0	0				
07/12/2018	3.3.2	Gaze Project	O4	3	M	Bilingual	G130	06/09/2018	89100	1280 x 720		Raw Data	Ord4_T1_R.avi	190	0	900	720									16404	10:16:05.425	1536226339198368															0	1617		Fixation	8	765	554	1.04	202.82	171.36																				1966	950	452	955	554	952	503	762	503	381.49	108.08	383.52	66.94	382.50	87.51	289.97	198.21	716.16	335.04	200.20	713.06					741.66	741.66	3.98	4.29	0	0				
07/12/2018	3.3.2	Gaze Project	O4	3	M	Bilingual	G130	06/09/2018	89100	1280 x 720		Raw Data	Ord4_T1_R.avi	190	0	900	720									16412	10:16:05.433	1536226339206645															0	1618		Fixation	8	733	552	1.01	176.41	333.60																				1967	928	599	923	552	925	575	735	575	372.60	48.89	370.57	67.78	371.58	58.33	289.99	198.22	716.16	334.97	200.33	713.01					741.66	741.66	4.22	4.31	0	0				
07/12/2018	3.3.2	Gaze Project	O4	3	M	Bilingual	G130	06/09/2018	89100	1280 x 720		Raw Data	Ord4_T1_R.avi	190	0	900	720									16421	10:16:05.442	1536226339215000															0	1619		Fixation	8	718	570	0.74	230.29	53.87																				1968	990	286	908	570	949	428	759	428	397.56	174.93	364.54	60.48	381.05	117.71	291.54	203.71	732.19	335.09	200.29	713.26					758.66	758.66	3.53	4.40	0	0				
07/12/2018	3.3.2	Gaze Project	O4	3	M	Bilingual	G130	06/09/2018	89100	1280 x 720		Raw Data	Ord4_T1_R.avi	190	0	900	720									16429	10:16:05.450	1536226339223323															0	1620		Fixation	8	714	586	0.51	256.01	25.72																				1969	942	492	904	586	923	539	733	539	378.31	91.93	362.72	53.96	370.52	72.95	290.03	198.13	715.78	335.11	200.32	713.30					741.28	741.28	4.06	4.52	0	0				
07/12/2018	3.3.2	Gaze Project	O4	3	M	Bilingual	G130	06/09/2018	89100	1280 x 720		Raw Data	Ord4_T1_R.avi	190	0	900	720									16437	10:16:05.458	1536226339231666															0	1621		Fixation	8	755	575	1.34	15.06	119.06																				1970	910	615	945	575	927	595	737	595	365.27	42.45	379.41	58.51	372.34	50.48	290.04	198.24	716.05	335.10	200.19	712.89					741.57	741.57	4.24	4.31	0	0				
07/12/2018	3.3.2	Gaze Project	O4	3	M	Bilingual	G130	06/09/2018	89100	1280 x 720		Raw Data	Ord4_T1_R.avi	190	0	900	720									16446	10:16:05.467	1536226339240034															0	1622		Fixation	8	767	522	1.70	77.28	62.22																				1971	946	527	957	522	951	524	761	524	379.74	77.84	384.16	79.68	381.95	78.76	290.06	198.28	716.11	335.13	200.22	712.94					741.64	741.64	4.07	4.18	0	0				
07/12/2018	3.3.2	Gaze Project	O4	3	M	Bilingual	G130	06/09/2018	89100	1280 x 720		Raw Data	Ord4_T1_R.avi	190	0	900	720									16454	10:16:05.475	1536226339248279															0	1623		Fixation	8	759	555	1.07	256.42	179.13																				1972	943	501	949	555	946	528	756	528	378.43	88.00	380.75	66.31	379.59	77.15	290.07	198.27	716.01	335.15	200.24	712.95					741.55	741.55	3.98	4.40	0	0				
07/12/2018	3.3.2	Gaze Project	O4	3	M	Bilingual	G130	06/09/2018	89100	1280 x 720		Raw Data	Ord4_T1_R.avi	190	0	900	720									16462	10:16:05.483	1536226339256623															0	1624		Fixation	8	760	554	0.04	45.09	148.68																				1973	970	279	950	554	960	416	770	416	389.20	177.79	381.23	66.84	385.22	122.32	290.08	198.25	715.91	335.16	200.21	712.81					741.44	741.44	3.52	4.36	0	0				
07/12/2018	3.3.2	Gaze Project	O4	3	M	Bilingual	G130	06/09/2018	89100	1280 x 720		Raw Data	Ord4_T1_R.avi	190	0	900	720									16471	10:16:05.492	1536226339264993															0			Unclassified	8																									1974	962	481			962	481	772	481	386.32	96.25					290.08	198.25	715.84		-34.01						741.37		3.89		0	4				
07/12/2018	3.3.2	Gaze Project	O4	3	M	Bilingual	G130	06/09/2018	89100	1280 x 720		Raw Data	Ord4_T1_R.avi	190	0	900	720									16479	10:16:05.500	1536226339273350															0	1625		Fixation	8	778	564	0.64	330.87	285.78																				1975	953	502	968	564	960	533	770	533	382.49	87.98	388.63	62.80	385.56	75.39	290.07	200.77	723.81	335.17	200.21	712.72					749.72	749.72	3.96	4.42	0	0				
07/12/2018	3.3.2	Gaze Project	O4	3	M	Bilingual	G130	06/09/2018	89100	1280 x 720		Raw Data	Ord4_T1_R.avi	190	0	900	720									16487	10:16:05.508	1536226339281630															0			Unclassified	8																									1976	981	557			981	557	791	557	393.75	65.69					290.09	198.24	715.69		-34.01						741.23		4.16		0	4				
07/12/2018	3.3.2	Gaze Project	O4	3	M	Bilingual	G130	06/09/2018	89100	1280 x 720		Raw Data	Ord4_T1_R.avi	190	0	900	720									16496	10:16:05.517	1536226339289971															0	1626		Fixation	8	752	568	0.83	188.77	217.91																				1977	983	586	942	568	962	577	772	577	394.54	53.92	377.98	61.14	386.26	57.53	290.10	198.25	715.67	335.74	203.16	721.78					741.21	741.21	4.21	4.15	0	0				
07/12/2018	3.3.2	Gaze Project	O4	3	M	Bilingual	G130	06/09/2018	89100	1280 x 720		Raw Data	Ord4_T1_R.avi	190	0	900	720									16504	10:16:05.525	1536226339298301															0	1627		Fixation	8	759	558	0.38	55.09	226.32																				1978	934	573	949	558	941	565	751	565	374.96	59.37	380.99	65.18	377.98	62.28	290.09	198.24	715.55	335.17	200.23	712.60					741.10	741.10	4.24	4.37	0	0				
07/12/2018	3.3.2	Gaze Project	O4	3	M	Bilingual	G130	06/09/2018	89100	1280 x 720		Raw Data	Ord4_T1_R.avi	190	0	900	720									16512	10:16:05.533	1536226339306663															0	1628		Fixation	8	691	534	2.28	160.50	105.41																				1979	929	430	881	534	905	482	715	482	372.87	116.84	353.68	74.74	363.27	95.79	290.03	198.46	715.46	335.08	200.29	712.51					741.08	741.08	4.89	4.37	0	0				
07/12/2018	3.3.2	Gaze Project	O4	3	M	Bilingual	G130	06/09/2018	89100	1280 x 720		Raw Data	Ord4_T1_R.avi	190	0	900	720									16521	10:16:05.542	1536226339315019															0	1629		Fixation	8	620	431	3.97	124.49	323.99																				1980	814	293	810	431	812	362	622	362	326.62	171.81	324.99	116.31	325.80	144.06	289.96	198.51	715.66	334.94	200.40	712.51					741.28	741.28	3.86	4.32	0	0				
07/12/2018	3.3.2	Gaze Project	O4	3	M	Bilingual	G130	06/09/2018	89100	1280 x 720		Raw Data	Ord4_T1_R.avi	190	0	900	720									16529	10:16:05.550	1536226339323287															0	1630		Fixation	8	602	361	2.32	104.38	339.88																				1981	792	303	792	361	792	332	602	332	318.02	167.84	318.00	144.64	318.01	156.24	289.88	198.57	715.55	334.83	200.58	712.43					741.19	741.19	3.76	4.37	0	0				
07/12/2018	3.3.2	Gaze Project	O4	3	M	Bilingual	G130	06/09/2018	89100	1280 x 720		Raw Data	Ord4_T1_R.avi	190	0	900	720									16537	10:16:05.558	1536226339331648															0	1631		Fixation	8	483	200	6.46	126.38	22.00																				1982	738	354	673	200	705	277	515	277	296.21	147.34	270.08	209.59	283.15	178.47	289.81	198.67	715.57	334.74	200.66	712.40					741.24	741.24	3.99	3.23	0	0				
07/12/2018	3.3.2	Gaze Project	O4	3	M	Bilingual	G130	06/09/2018	89100	1280 x 720		Raw Data	Ord4_T1_R.avi	190	0	900	720									16546	10:16:05.567	1536226339339973															0	1632		Fixation	8	528	270	2.68	302.65	176.27																				1983	690	298	718	270	704	284	514	284	276.99	170.11	288.40	181.26	282.69	175.69	289.76	198.83	715.50	334.68	200.72	712.38					741.22	741.22	4.05	4.47	0	0				
07/12/2018	3.3.2	Gaze Project	O4	3	M	Bilingual	G130	06/09/2018	89100	1280 x 720		Raw Data	Ord4_T1_R.avi	190	0	900	720									16554	10:16:05.575	1536226339348322															0	1633		Fixation	8	509	240	1.14	122.26	179.61																				1984	718	225	699	240	708	232	518	232	288.07	199.22	280.75	193.12	284.41	196.17	289.73	198.69	715.37	335.21	203.56	721.42					741.05	741.05	3.73	3.89	0	0				
07/12/2018	3.3.2	Gaze Project	O4	3	M	Bilingual	G130	06/09/2018	89100	1280 x 720		Raw Data	Ord4_T1_R.avi	190	0	900	720									16563	10:16:05.583	1536226339356688															0	1634		Fixation	8	512	291	1.64	273.36	151.09																				1985	719	327	702	291	710	309	520	309	288.65	158.23	281.79	172.86	285.22	165.54	289.71	198.65	715.18	334.65	200.51	711.86					740.86	740.86	4.40	4.23	0	0				
07/12/2018	3.3.2	Gaze Project	O4	3	M	Bilingual	G130	06/09/2018	89100	1280 x 720		Raw Data	Ord4_T1_R.avi	190	0	900	720									16571	10:16:05.592	1536226339364944															0	1635		Fixation	8	538	330	1.51	303.61	30.25																				1986	725	322	728	330	726	326	536	326	291.17	160.27	292.06	156.93	291.62	158.60	289.69	198.68	715.16	334.65	200.60	711.97					740.84	740.84	3.88	4.20	0	0				
07/12/2018	3.3.2	Gaze Project	O4	3	M	Bilingual	G130	06/09/2018	89100	1280 x 720		Raw Data	Ord4_T1_R.avi	190	0	900	720									16579	10:16:05.600	1536226339373288															0	1636		Fixation	8	516	336	0.73	195.30	251.70																				1987	707	204	706	336	706	270	516	270	283.75	207.67	283.55	154.51	283.65	181.09	289.62	201.98	725.36	334.62	200.60	711.81					751.56	751.56	3.17	4.31	0	0				
07/12/2018	3.3.2	Gaze Project	O4	3	M	Bilingual	G130	06/09/2018	89100	1280 x 720		Raw Data	Ord4_T1_R.avi	190	0	900	720									16587	10:16:05.608	1536226339381645															0	1637		Fixation	8	485	359	1.23	216.66	21.36																				1988	722	237	675	359	698	298	508	298	289.71	194.53	271.10	145.18	280.40	169.85	289.61	198.67	714.89	334.58	200.59	711.63					740.58	740.58	3.59	4.32	0	0				
07/12/2018	3.3.2	Gaze Project	O4	3	M	Bilingual	G130	06/09/2018	89100	1280 x 720		Raw Data	Ord4_T1_R.avi	190	0	900	720									16596	10:16:05.617	1536226339390003															0	1638		Fixation	8	495	311	1.55	78.27	221.61																				1989	734	236	685	311	709	273	519	273	294.59	195.08	274.83	164.64	284.71	179.86	289.57	198.71	714.88	337.95	208.04	733.19					740.58	740.58	3.49	4.54	0	0				
07/12/2018	3.3.2	Gaze Project	O4	3	M	Bilingual	G130	06/09/2018	89100	1280 x 720		Raw Data	Ord4_T1_R.avi	190	0	900	720									16604	10:16:05.625	1536226339398279															0	1639		Fixation	8	534	349	1.73	315.65	237.38																				1990	723	275	724	349	723	312	533	312	290.27	179.14	290.79	149.31	290.53	164.22	289.53	198.73	714.83	334.49	200.60	711.35					740.54	740.54	3.79	4.35	0	0				
07/12/2018	3.3.2	Gaze Project	O4	3	M	Bilingual	G130	06/09/2018	89100	1280 x 720		Raw Data	Ord4_T1_R.avi	190	0	900	720									16612	10:16:05.633	1536226339406618															0	1640		Fixation	8	568	288	2.25	60.94	105.29																				1991	742	199	758	288	750	243	560	243	297.85	209.72	304.43	173.93	301.14	191.83	289.48	198.88	714.77	334.46	200.68	711.47					740.53	740.53	3.51	4.09	0	0				
07/12/2018	3.3.2	Gaze Project	O4	3	M	Bilingual	G130	06/09/2018	89100	1280 x 720		Raw Data	Ord4_T1_R.avi	190	0	900	720									16621	10:16:05.642	1536226339414950															0	1641		Fixation	8	492	391	4.11	233.67	172.72																				1992	721	255	682	391	701	323	511	323	289.51	187.36	273.59	132.60	281.55	159.98	289.42	198.79	714.80	334.39	200.61	711.13					740.53	740.53	3.66	4.42	0	0				
07/12/2018	3.3.2	Gaze Project	O4	3	M	Bilingual	G130	06/09/2018	89100	1280 x 720		Raw Data	Ord4_T1_R.avi	190	0	900	720									16629	10:16:05.650	1536226339423312															0	1642		Fixation	8	519	302	2.95	73.17	199.51																				1993	743	293	709	302	726	297	536	297	298.22	171.79	284.71	168.45	291.47	170.12	289.37	198.77	714.65	335.31	206.05	727.45					740.38	740.38	3.71	4.34	0	0				
07/12/2018	3.3.2	Gaze Project	O4	3	M	Bilingual	G130	06/09/2018	89100	1280 x 720		Raw Data	Ord4_T1_R.avi	190	0	900	720									16638	10:16:05.658	1536226339431669															0	1643		Fixation	8	524	333	1.00	279.13	205.96																				1994	716	275	714	333	715	304	525	304	287.29	179.02	286.50	155.82	286.90	167.42	289.32	198.86	714.81	334.30	200.63	710.97					740.55	740.55	3.91	4.30	0	0				
07/12/2018	3.3.2	Gaze Project	O4	3	M	Bilingual	G130	06/09/2018	89100	1280 x 720		Raw Data	Ord4_T1_R.avi	190	0	900	720									16646	10:16:05.667	1536226339439932															0	1644		Fixation	8	531	338	0.28	324.38	45.24																				1995	676	220	721	338	698	279	508	279	271.27	201.31	289.47	153.81	280.37	177.56	289.27	198.76	714.43	334.26	200.66	710.96					740.16	740.16	3.66	4.28	0	0				
07/12/2018	3.3.2	Gaze Project	O4	3	M	Bilingual	G130	06/09/2018	89100	1280 x 720		Raw Data	Ord4_T1_R.avi	190	0	900	720									16654	10:16:05.675	1536226339448295															0	1645		Fixation	8	526	324	0.48	109.60	145.22																				1996	751	263	716	324	733	293	543	293	301.46	184.15	287.23	159.46	294.35	171.81	290.77	204.45	731.00	334.19	200.59	710.99					757.73	757.73	3.90	4.28	0	0				
07/12/2018	3.3.2	Gaze Project	O4	3	M	Bilingual	G130	06/09/2018	89100	1280 x 720		Raw Data	Ord4_T1_R.avi	190	0	900	720									16662	10:16:05.683	1536226339456629															0	1646		Fixation	8	527	365	1.32	271.39	161.80																				1997	717	242	717	365	717	303	527	303	287.88	192.31	287.84	143.11	287.86	167.71	289.18	198.80	714.43	334.17	200.65	710.74					740.17	740.17	3.78	4.35	0	0				
07/12/2018	3.3.2	Gaze Project	O4	3	M	Bilingual	G130	06/09/2018	89100	1280 x 720		Raw Data	Ord4_T1_R.avi	190	0	900	720									16671	10:16:05.692	1536226339464973															0	1647		Fixation	8	487	406	1.83	225.80	314.41																				1998	755	257	677	406	716	331	526	331	302.88	186.43	271.62	126.33	287.25	156.38	289.14	198.80	714.35	334.13	200.62	710.57					740.09	740.09	3.62	4.41	0	0				
07/12/2018	3.3.2	Gaze Project	O4	3	M	Bilingual	G130	06/09/2018	89100	1280 x 720		Raw Data	Ord4_T1_R.avi	190	0	900	720									16679	10:16:05.700	1536226339473329															0	1648		Fixation	8	523	333	2.61	63.82	198.02																				1999	733	259	713	333	723	296	533	296	294.11	185.77	286.19	155.75	290.15	170.76	289.11	198.80	714.29	334.10	200.67	710.65					740.04	740.04	3.66	4.26	0	0				
07/12/2018	3.3.2	Gaze Project	O4	3	M	Bilingual	G130	06/09/2018	89100	1280 x 720		Raw Data	Ord4_T1_R.avi	190	0	900	720									16687	10:16:05.708	1536226339481594															0	1649		Fixation	8	502	388	1.89	249.16	185.34																				2000	728	243	692	388	710	315	520	315	292.10	192.23	277.61	133.70	284.86	162.97	289.08	198.77	714.17	334.06	200.59	710.38					739.91	739.91	3.65	4.38	0	0				
07/12/2018	3.3.2	Gaze Project	O4	3	M	Bilingual	G130	06/09/2018	89100	1280 x 720		Raw Data	Ord4_T1_R.avi	190	0	900	720									16696	10:16:05.717	1536226339489937															0	1650		Fixation	8	491	385	0.37	164.70	275.53																				2001	714	296	681	385	697	340	507	340	286.75	170.93	273.27	134.80	280.01	152.86	289.05	198.76	714.09	334.01	200.51	710.41					739.82	739.82	3.90	4.44	0	0				
07/12/2018	3.3.2	Gaze Project	O4	3	M	Bilingual	G130	06/09/2018	89100	1280 x 720		Raw Data	Ord4_T1_R.avi	190	0	900	720									16704	10:16:05.725	1536226339498296															0	1651		Fixation	8	536	366	1.56	22.96	218.26																				2002	727	312	726	366	726	339	536	339	291.79	164.26	291.33	142.66	291.56	153.46	289.03	198.74	713.98	334.01	200.74	710.32					739.71	739.71	3.84	4.29	0	0				
07/12/2018	3.3.2	Gaze Project	O4	3	M	Bilingual	G130	06/09/2018	89100	1280 x 720		Raw Data	Ord4_T1_R.avi	190	0	900	720									16712	10:16:05.733	1536226339506653															0	1652		Fixation	8	531	346	0.67	103.99	81.04																				2003	720	226	721	346	720	286	530	286	289.06	198.78	289.36	150.46	289.21	174.62	289.01	198.80	714.13	333.98	200.54	710.40					739.88	739.88	3.59	4.29	0	0				
07/12/2018	3.3.2	Gaze Project	O4	3	M	Bilingual	G130	06/09/2018	89100	1280 x 720		Raw Data	Ord4_T1_R.avi	190	0	900	720									16721	10:16:05.742	1536226339514921															0	1653		Fixation	8	487	334	1.47	164.70	60.71																				2004	744	215	677	334	710	274	520	274	298.84	203.19	271.79	155.46	285.32	179.33	288.98	198.72	713.88	334.00	200.76	710.31					739.61	739.61	3.26	4.22	0	0				
07/12/2018	3.3.2	Gaze Project	O4	3	M	Bilingual	G130	06/09/2018	89100	1280 x 720		Raw Data	Ord4_T1_R.avi	190	0	900	720									16729	10:16:05.750	1536226339523276															0	1654		Fixation	8	493	373	1.27	278.72	114.02																				2005	702	230	683	373	692	301	502	301	281.95	197.25	274.33	139.89	278.14	168.57	288.97	198.71	713.85	333.98	200.61	710.24					739.58	739.58	3.57	4.42	0	0				
07/12/2018	3.3.2	Gaze Project	O4	3	M	Bilingual	G130	06/09/2018	89100	1280 x 720		Raw Data	Ord4_T1_R.avi	190	0	900	720									16737	10:16:05.758	1536226339531603															0	1655		Fixation	8	530	312	2.29	58.84	140.12																				2006	707	199	720	312	713	255	523	255	283.60	209.91	289.17	164.20	286.38	187.06	290.94	205.86	734.82	333.96	200.74	710.19					761.80	761.80	3.72	4.18	0	0				
07/12/2018	3.3.2	Gaze Project	O4	3	M	Bilingual	G130	06/09/2018	89100	1280 x 720		Raw Data	Ord4_T1_R.avi	190	0	900	720									16746	10:16:05.767	1536226339539971															0	1656		Fixation	8	524	346	1.11	260.02	201.18																				2007	713	295	714	346	713	320	523	320	286.38	171.24	286.67	150.73	286.52	160.99	288.94	198.68	713.72	333.94	200.54	709.94					739.45	739.45	3.77	4.32	0	0				
07/12/2018	3.3.2	Gaze Project	O4	3	M	Bilingual	G130	06/09/2018	89100	1280 x 720		Raw Data	Ord4_T1_R.avi	190	0	900	720									16754	10:16:05.775	1536226339548323															0	1657		Fixation	8	511	351	0.45	201.10	301.08																				2008	722	267	701	351	711	309	521	309	289.62	182.30	281.52	148.71	285.57	165.50	288.92	198.65	713.59	333.90	200.66	709.89					739.32	739.32	3.68	4.25	0	0				
07/12/2018	3.3.2	Gaze Project	O4	3	M	Bilingual	G130	06/09/2018	89100	1280 x 720		Raw Data	Ord4_T1_R.avi	190	0	900	720									16762	10:16:05.783	1536226339556593															0	1658		Fixation	8	514	341	0.34	73.35	232.25																				2009	737	230	704	341	720	285	530	285	296.03	197.51	282.72	152.63	289.37	175.07	288.91	198.78	713.54	333.91	200.52	709.84					739.31	739.31	3.57	4.20	0	0				
07/12/2018	3.3.2	Gaze Project	O4	3	M	Bilingual	G130	06/09/2018	89100	1280 x 720		Raw Data	Ord4_T1_R.avi	190	0	900	720									16771	10:16:05.792	1536226339564935															0	1659		Fixation	8	516	264	2.45	88.52	15.17																				2010	718	290	706	264	712	277	522	277	288.16	173.25	283.51	183.46	285.83	178.36	288.88	198.76	713.88	337.70	208.82	733.94					739.62	739.62	3.81	4.44	0	0				
07/12/2018	3.3.2	Gaze Project	O4	3	M	Bilingual	G130	06/09/2018	89100	1280 x 720		Raw Data	Ord4_T1_R.avi	190	0	900	720									16779	10:16:05.800	1536226339573277															0	1660		Fixation	8	494	329	2.18	251.36	162.84																				2011	723	291	684	329	703	310	513	310	290.23	172.76	274.54	157.45	282.39	165.11	288.87	198.65	713.53	333.89	200.61	710.03					739.25	739.25	3.79	4.28	0	0				
07/12/2018	3.3.2	Gaze Project	O4	3	M	Bilingual	G130	06/09/2018	89100	1280 x 720		Raw Data	Ord4_T1_R.avi	190	0	900	720									16787	10:16:05.808	1536226339581635															0	1661		Fixation	8	509	329	0.48	0.00	108.64																				2012	698	364	699	329	698	346	508	346	280.00	143.49	280.71	157.39	280.35	150.44	288.84	198.62	713.41	333.87	200.62	710.00					739.13	739.13	4.01	4.22	0	0				
07/12/2018	3.3.2	Gaze Project	O4	3	M	Bilingual	G130	06/09/2018	89100	1280 x 720		Raw Data	Ord4_T1_R.avi	190	0	900	720									16796	10:16:05.817	1536226339589993															0	1662		Fixation	8	517	346	0.61	295.13	295.13																				2013	745	243	707	346	726	294	536	294	298.95	192.22	283.62	150.60	291.29	171.41	288.81	198.67	713.54	333.84	200.56	709.80					739.27	739.27	3.57	4.26	0	0				
07/12/2018	3.3.2	Gaze Project	O4	3	M	Bilingual	G130	06/09/2018	89100	1280 x 720		Raw Data	Ord4_T1_R.avi	190	0	900	720									16804	10:16:05.825	1536226339598254															0	1663		Fixation	8	505	327	0.73	122.19	187.06																				2014	693	270	695	327	694	298	504	298	278.09	181.23	278.80	158.28	278.44	169.75	288.78	198.55	713.18	333.79	200.49	709.54					738.89	738.89	3.68	4.24	0	0				
07/12/2018	3.3.2	Gaze Project	O4	3	M	Bilingual	G130	06/09/2018	89100	1280 x 720		Raw Data	Ord4_T1_R.avi	190	0	900	720									16812	10:16:05.833	1536226339606584															0	1664		Fixation	8	507	304	0.75	85.05	322.85																				2015	715	354	697	304	706	329	516	329	287.15	147.29	279.75	167.70	283.45	157.50	288.75	198.55	713.15	333.76	200.51	709.56					738.86	738.86	3.96	4.31	0	0				
07/12/2018	3.3.2	Gaze Project	O4	3	M	Bilingual	G130	06/09/2018	89100	1280 x 720		Raw Data	Ord4_T1_R.avi	190	0	900	720									16821	10:16:05.842	1536226339614946															0			Unclassified	8																									2016	714	300			714	300	524	300	286.43	169.27					288.71	198.60	713.29		-34.01						739.01		3.86		0	4				
07/12/2018	3.3.2	Gaze Project	O4	3	M	Bilingual	G130	06/09/2018	89100	1280 x 720		Raw Data	Ord4_T1_R.avi	190	0	900	720									16829	10:16:05.850	1536226339623309															0	1665		Fixation	8	505	363	1.91	268.06	183.02																				2017	724	203	695	363	709	283	519	283	290.60	208.36	278.98	143.68	284.79	176.02	288.70	198.73	713.24	333.66	200.44	709.58					739.00	739.00	3.40	4.34	0	0				
07/12/2018	3.3.2	Gaze Project	O4	3	M	Bilingual	G130	06/09/2018	89100	1280 x 720		Raw Data	Ord4_T1_R.avi	190	0	900	720									16837	10:16:05.858	1536226339631571															0	1666		Fixation	8	533	289	2.52	69.34	161.27																				2018	713	251	723	289	718	270	528	270	286.31	188.78	290.29	173.67	288.30	181.22	288.62	198.54	713.10	336.22	206.21	725.89					738.80	738.80	3.76	4.37	0	0				
07/12/2018	3.3.2	Gaze Project	O4	3	M	Bilingual	G130	06/09/2018	89100	1280 x 720		Raw Data	Ord4_T1_R.avi	190	0	900	720									16846	10:16:05.867	1536226339639922															0	1667		Fixation	8	477	386	3.56	240.08	170.75																				2019	708	232	667	386	687	309	497	309	284.24	196.52	267.93	134.34	276.09	165.43	288.57	198.50	712.98	333.58	200.50	709.35					738.68	738.68	3.70	4.27	0	0				
07/12/2018	3.3.2	Gaze Project	O4	3	M	Bilingual	G130	06/09/2018	89100	1280 x 720		Raw Data	Ord4_T1_R.avi	190	0	900	720									16854	10:16:05.875	1536226339648258															0	1668		Fixation	8	495	338	1.65	69.50	189.42																				2020	711	230	685	338	698	284	508	284	285.25	197.20	274.80	153.85	280.03	175.53	288.52	198.55	713.12	333.54	200.57	709.52					738.82	738.82	3.70	4.32	0	0				
07/12/2018	3.3.2	Gaze Project	O4	3	M	Bilingual	G130	06/09/2018	89100	1280 x 720		Raw Data	Ord4_T1_R.avi	190	0	900	720									16862	10:16:05.883	1536226339656616															0	1669		Fixation	8	525	325	1.05	23.50	313.99																				2021	709	248	715	325	712	286	522	286	284.68	190.04	286.90	159.14	285.79	174.59	288.47	198.53	713.04	333.49	200.57	709.46					738.73	738.73	3.71	4.30	0	0				
07/12/2018	3.3.2	Gaze Project	O4	3	M	Bilingual	G130	06/09/2018	89100	1280 x 720		Raw Data	Ord4_T1_R.avi	190	0	900	720									16871	10:16:05.892	1536226339664976															0	1670		Fixation	8	534	342	0.62	297.82	274.32																				2022	716	201	724	342	720	271	530	271	287.23	209.05	290.51	152.24	288.87	180.65	288.41	198.50	712.95	333.35	200.70	709.41					738.64	738.64	3.56	4.29	0	0				
07/12/2018	3.3.2	Gaze Project	O4	3	M	Bilingual	G130	06/09/2018	89100	1280 x 720		Raw Data	Ord4_T1_R.avi	190	0	900	720									16879	10:16:05.900	1536226339673246															0	1671		Fixation	8	510	354	0.86	206.64	268.82																				2023	683	277	700	354	691	315	501	315	274.05	178.53	281.17	147.30	277.61	162.92	288.36	198.48	712.88	333.36	200.51	709.18					738.56	738.56	3.86	4.33	0	0				
07/12/2018	3.3.2	Gaze Project	O4	3	M	Bilingual	G130	06/09/2018	89100	1280 x 720		Raw Data	Ord4_T1_R.avi	190	0	900	720									16887	10:16:05.908	1536226339681570															0	1672		Fixation	8	569	287	2.83	48.72	202.09																				2024	691	360	759	287	725	323	535	323	277.29	144.98	304.72	174.39	291.00	159.69	288.30	198.49	712.91	336.83	208.30	731.75					738.59	738.59	4.18	4.46	0	0				
07/12/2018	3.3.2	Gaze Project	O4	3	M	Bilingual	G130	06/09/2018	89100	1280 x 720		Raw Data	Ord4_T1_R.avi	190	0	900	720									16896	10:16:05.917	1536226339689937															0	1673		Fixation	8	492	375	3.71	228.91	180.18																				2025	721	270	682	375	701	322	511	322	289.43	181.03	273.64	139.10	281.54	160.06	288.23	198.47	712.84	333.24	200.53	709.14					738.51	738.51	3.82	4.25	0	0				
07/12/2018	3.3.2	Gaze Project	O4	3	M	Bilingual	G130	06/09/2018	89100	1280 x 720		Raw Data	Ord4_T1_R.avi	190	0	900	720									16904	10:16:05.925	1536226339698286															0	1674		Fixation	8	512	310	2.16	72.95	204.04																				2026	681	353	702	310	691	331	501	331	273.41	147.92	281.60	165.01	277.51	156.46	288.18	198.36	712.88	334.14	206.15	726.00					738.52	738.52	4.09	4.28	0	0				
07/12/2018	3.3.2	Gaze Project	O4	3	M	Bilingual	G130	06/09/2018	89100	1280 x 720		Raw Data	Ord4_T1_R.avi	190	0	900	720									16912	10:16:05.933	1536226339706647															0	1675		Fixation	8	516	345	1.13	276.50	203.55																				2027	723	316	706	345	714	330	524	330	290.29	162.52	283.23	150.90	286.76	156.71	288.05	201.54	722.41	333.12	200.58	709.15					748.55	748.55	4.18	4.22	0	0				
07/12/2018	3.3.2	Gaze Project	O4	3	M	Bilingual	G130	06/09/2018	89100	1280 x 720		Raw Data	Ord4_T1_R.avi	190	0	900	720									16921	10:16:05.941	1536226339714906															0	1676		Fixation	8	503	388	1.45	253.23	336.73																				2028	724	236	693	388	708	312	518	312	290.80	195.04	278.28	133.71	284.54	164.38	288.05	198.48	712.80	333.04	200.52	708.91					738.47	738.47	3.63	4.31	0	0				
07/12/2018	3.3.2	Gaze Project	O4	3	M	Bilingual	G130	06/09/2018	89100	1280 x 720		Raw Data	Ord4_T1_R.avi	190	0	900	720									16929	10:16:05.950	1536226339723240															0	1677		Fixation	8	530	321	2.33	68.12	174.89																				2029	744	304	720	321	732	312	542	312	298.76	167.39	289.18	160.56	293.97	163.97	287.99	198.46	712.68	332.95	200.44	708.94					738.35	738.35	3.88	4.13	0	0				
07/12/2018	3.3.2	Gaze Project	O4	3	M	Bilingual	G130	06/09/2018	89100	1280 x 720		Raw Data	Ord4_T1_R.avi	190	0	900	720									16937	10:16:05.958	1536226339731599															0	1678		Fixation	8	520	346	0.87	248.26	180.15																				2030	709	267	710	346	709	306	519	306	284.65	182.34	285.03	150.62	284.84	166.48	287.93	198.47	712.67	332.93	200.63	709.07					738.35	738.35	3.80	4.26	0	0				
07/12/2018	3.3.2	Gaze Project	O4	3	M	Bilingual	G130	06/09/2018	89100	1280 x 720		Raw Data	Ord4_T1_R.avi	190	0	900	720									16946	10:16:05.967	1536226339739959															0	1679		Fixation	8	512	224	3.90	93.74	205.48																				2031	712	284	702	224	707	254	517	254	285.69	175.59	281.92	199.77	283.81	187.68	287.86	198.48	712.67	336.58	208.79	732.68					738.34	738.34	3.90	4.27	0	0				
07/12/2018	3.3.2	Gaze Project	O4	3	M	Bilingual	G130	06/09/2018	89100	1280 x 720		Raw Data	Ord4_T1_R.avi	190	0	900	720									16954	10:16:05.975	1536226339748208															0	1680		Fixation	8	511	375	4.72	269.62	175.88																				2032	708	274	701	375	704	324	514	324	284.24	179.72	281.25	138.99	282.75	159.36	287.81	198.47	712.59	336.65	209.05	733.39					738.27	738.27	3.76	4.46	0	0				
07/12/2018	3.3.2	Gaze Project	O4	3	M	Bilingual	G130	06/09/2018	89100	1280 x 720		Raw Data	Ord4_T1_R.avi	190	0	900	720									16962	10:16:05.983	1536226339756578															0	1681		Fixation	8	479	385	1.04	197.41	287.78																				2033	783	176	669	385	726	280	536	280	314.25	219.02	268.69	135.06	291.47	177.04	287.77	198.59	712.54	333.58	205.49	723.59					738.26	738.26	3.29	4.49	0	0				
07/12/2018	3.3.2	Gaze Project	O4	3	M	Bilingual	G130	06/09/2018	89100	1280 x 720		Raw Data	Ord4_T1_R.avi	190	0	900	720									16971	10:16:05.992	1536226339764910															0	1682		Fixation	8	525	306	2.86	59.87	222.46																				2034	717	258	715	306	716	282	526	282	287.82	185.96	286.85	166.71	287.33	176.33	287.69	198.48	712.59	336.37	208.76	732.40					738.26	738.26	3.77	4.34	0	0				
07/12/2018	3.3.2	Gaze Project	O4	3	M	Bilingual	G130	06/09/2018	89100	1280 x 720		Raw Data	Ord4_T1_R.avi	190	0	900	720									16979	10:16:06.000	1536226339773259															0	1683		Fixation	8	482	391	3.01	243.24	183.37																				2035	709	240	672	391	690	315	500	315	284.69	193.39	269.81	132.34	277.25	162.87	287.63	198.44	712.45	332.62	200.55	708.52					738.12	738.12	3.84	4.56	0	0				
07/12/2018	3.3.2	Gaze Project	O4	3	M	Bilingual	G130	06/09/2018	89100	1280 x 720		Raw Data	Ord4_T1_R.avi	190	0	900	720									16987	10:16:06.008	1536226339781626															0	1684		Fixation	8	499	391	0.55	0.00	116.76																				2036	719	351	689	391	704	371	514	371	288.44	148.65	276.66	132.57	282.55	140.61	287.57	198.42	712.40	332.56	200.59	708.62					738.06	738.06	4.22	4.49	0	0				
07/12/2018	3.3.2	Gaze Project	O4	3	M	Bilingual	G130	06/09/2018	89100	1280 x 720		Raw Data	Ord4_T1_R.avi	190	0	900	720									16996	10:16:06.016	1536226339789891															0	1685		Fixation	8	496	360	0.99	95.51	95.51																				2037	716	326	686	360	701	343	511	343	287.41	158.66	275.32	145.15	281.36	151.90	287.51	198.36	712.32	333.22	204.73	721.31					737.96	737.96	3.85	4.36	0	0				
07/12/2018	3.3.2	Gaze Project	O4	3	M	Bilingual	G130	06/09/2018	89100	1280 x 720		Raw Data	Ord4_T1_R.avi	190	0	900	720									17004	10:16:06.025	1536226339798232															0	1686		Fixation	8	530	316	1.78	52.39	316.89																				2038	694	362	720	316	707	339	517	339	278.73	144.29	289.12	162.74	283.92	153.52	287.46	198.33	712.25	332.46	200.68	708.59					737.88	737.88	4.31	4.15	0	0				
07/12/2018	3.3.2	Gaze Project	O4	3	M	Bilingual	G130	06/09/2018	89100	1280 x 720		Raw Data	Ord4_T1_R.avi	190	0	900	720									17012	10:16:06.033	1536226339806590															0	1687		Fixation	8	527	334	0.58	260.57	208.17																				2039	686	329	717	334	701	331	511	331	275.39	157.53	287.67	155.62	281.53	156.58	287.32	202.17	724.16	336.63	209.87	735.66					750.38	750.38	4.17	4.51	0	0				
07/12/2018	3.3.2	Gaze Project	O4	3	M	Bilingual	G130	06/09/2018	89100	1280 x 720		Raw Data	Ord4_T1_R.avi	190	0	900	720									17021	10:16:06.042	1536226339814942															0	1688		Fixation	8	528	318	0.49	86.44	185.87																				2040	735	339	718	318	726	328	536	328	294.92	153.54	288.19	162.01	291.56	157.78	287.38	198.46	712.20	338.75	214.63	749.68					737.87	737.87	4.36	4.69	0	0				
07/12/2018	3.3.2	Gaze Project	O4	3	M	Bilingual	G130	06/09/2018	89100	1280 x 720		Raw Data	Ord4_T1_R.avi	190	0	900	720									17029	10:16:06.050	1536226339823209															0	1689		Fixation	8	521	351	1.06	258.06	171.63																				2041	703	372	711	351	707	361	517	361	282.28	140.15	285.45	148.51	283.87	144.33	287.29	198.28	712.13	332.26	200.44	708.15					737.75	737.75	4.30	4.21	0	0				
07/12/2018	3.3.2	Gaze Project	O4	3	M	Bilingual	G130	06/09/2018	89100	1280 x 720		Raw Data	Ord4_T1_R.avi	190	0	900	720									17037	10:16:06.058	1536226339831562															0	1690		Fixation	8	527	364	0.46	294.71	36.64																				2042	715	389	717	364	716	376	526	376	287.03	133.38	287.65	143.48	287.34	138.43	287.24	198.27	712.13	332.22	200.49	708.25					737.74	737.74	4.26	4.34	0	0				
07/12/2018	3.3.2	Gaze Project	O4	3	M	Bilingual	G130	06/09/2018	89100	1280 x 720		Raw Data	Ord4_T1_R.avi	190	0	900	720									17046	10:16:06.066	1536226339839894															0	1691		Fixation	8	504	394	1.21	232.61	297.91																				2043	700	323	694	394	697	358	507	358	281.14	159.96	278.44	131.13	279.79	145.55	287.19	198.27	712.12	332.17	200.51	708.26					737.73	737.73	4.17	4.36	0	0				
07/12/2018	3.3.2	Gaze Project	O4	3	M	Bilingual	G130	06/09/2018	89100	1280 x 720		Raw Data	Ord4_T1_R.avi	190	0	900	720									17054	10:16:06.075	1536226339848251															0	1692		Fixation	8	507	356	1.22	85.50	212.89																				2044			697	356	697	356	507	356			279.70	146.66						334.19	205.17	721.59						0.00		4.34	4	0				
07/12/2018	3.3.2	Gaze Project	O4	3	M	Bilingual	G130	06/09/2018	89100	1280 x 720		Raw Data	Ord4_T1_R.avi	190	0	900	720									17062	10:16:06.083	1536226339856607															0	1693		Fixation	8	529	239	3.77	79.38	353.88																				2045	695	316	719	239	707	277	517	277	279.10	162.76	288.79	193.71	283.95	178.24	287.09	198.21	711.96	334.77	206.53	725.54					737.56	737.56	4.14	4.21	0	0				
07/12/2018	3.3.2	Gaze Project	O4	3	M	Bilingual	G130	06/09/2018	89100	1280 x 720		Raw Data	Ord4_T1_R.avi	190	0	900	720									17071	10:16:06.091	1536226339864887															0	1694		Fixation	8	522	345	3.40	266.23	186.85																				2046	721	345	712	345	716	345	526	345	289.45	151.09	285.74	151.08	287.59	151.08	287.04	198.20	711.95	332.02	200.49	708.07					737.54	737.54	4.09	4.22	0	0				
07/12/2018	3.3.2	Gaze Project	O4	3	M	Bilingual	G130	06/09/2018	89100	1280 x 720		Raw Data	Ord4_T1_R.avi	190	0	900	720									17079	10:16:06.100	1536226339873237															0	1695		Fixation	8	516	376	1.02	259.08	352.85																				2047	701	374	706	376	703	375	513	375	281.57	139.14	283.33	138.49	282.45	138.81	287.02	198.35	711.89	331.98	200.52	708.09					737.53	737.53	4.29	4.24	0	0				
07/12/2018	3.3.2	Gaze Project	O4	3	M	Bilingual	G130	06/09/2018	89100	1280 x 720		Raw Data	Ord4_T1_R.avi	190	0	900	720									17087	10:16:06.108	1536226339881562															0	1696		Fixation	8	526	365	0.48	47.82	148.74																				2048	670	328	716	365	693	346	503	346	269.09	157.87	287.21	143.09	278.15	150.48	286.95	198.20	711.89	331.92	200.48	707.92					737.48	737.48	4.16	4.36	0	0				
07/12/2018	3.3.2	Gaze Project	O4	3	M	Bilingual	G130	06/09/2018	89100	1280 x 720		Raw Data	Ord4_T1_R.avi	190	0	900	720									17096	10:16:06.117	1536226339889929															0	1697		Fixation	8	544	311	1.79	71.62	23.80																				2049	695	347	734	311	714	329	524	329	278.88	150.09	294.63	164.83	286.76	157.46	286.91	198.19	711.82	337.98	214.00	747.36					737.40	737.40	4.27	4.66	0	0				
07/12/2018	3.3.2	Gaze Project	O4	3	M	Bilingual	G130	06/09/2018	89100	1280 x 720		Raw Data	Ord4_T1_R.avi	190	0	900	720									17104	10:16:06.125	1536226339898276															0	1698		Fixation	8	469	433	4.47	238.50	166.88																				2050			659	433	659	433	469	433			264.54	115.75						331.83	200.47	707.78						0.00		4.44	4	0				
07/12/2018	3.3.2	Gaze Project	O4	3	M	Bilingual	G130	06/09/2018	89100	1280 x 720		Raw Data	Ord4_T1_R.avi	190	0	900	720									17112	10:16:06.133	1536226339906534															0	1699		Fixation	8	523	309	4.31	66.54	188.03																				2051	685	308	713	309	699	308	509	308	275.12	166.07	286.11	165.59	280.62	165.83	286.75	201.30	721.39	332.50	204.68	720.48					747.46	747.46	4.13	4.33	0	0				
07/12/2018	3.3.2	Gaze Project	O4	3	M	Bilingual	G130	06/09/2018	89100	1280 x 720		Raw Data	Ord4_T1_R.avi	190	0	900	720									17121	10:16:06.141	1536226339914875															0	1700		Fixation	8	481	422	3.81	249.67	183.14																				2052	696	262	671	422	683	342	493	342	279.54	184.62	269.27	119.93	274.40	152.28	286.78	198.16	711.58	333.81	205.11	720.95					737.17	737.17	3.79	4.64	0	0				
07/12/2018	3.3.2	Gaze Project	O4	3	M	Bilingual	G130	06/09/2018	89100	1280 x 720		Raw Data	Ord4_T1_R.avi	190	0	900	720									17129	10:16:06.150	1536226339923234															0	1701		Fixation	8	526	293	4.36	70.83	181.16																				2053	667	347	716	293	691	320	501	320	267.84	150.30	287.26	171.83	277.55	161.07	286.74	198.27	711.86	331.71	200.51	707.70					737.46	737.46	4.08	4.11	0	0				
07/12/2018	3.3.2	Gaze Project	O4	3	M	Bilingual	G130	06/09/2018	89100	1280 x 720		Raw Data	Ord4_T1_R.avi	190	0	900	720									17137	10:16:06.158	1536226339931588															0	1702		Fixation	8	525	335	1.36	268.64	197.81																				2054	699	271	715	335	707	303	517	303	280.69	180.62	286.92	154.92	283.80	167.77	286.70	198.24	711.73	331.67	200.43	707.74					737.33	737.33	3.80	4.26	0	0				
07/12/2018	3.3.2	Gaze Project	O4	3	M	Bilingual	G130	06/09/2018	89100	1280 x 720		Raw Data	Ord4_T1_R.avi	190	0	900	720									17146	10:16:06.166	1536226339939860															0	1703		Fixation	8	488	359	1.41	213.05	304.41																				2055	693	297	678	359	685	328	495	328	277.99	170.34	272.17	145.49	275.08	157.91	286.66	198.17	711.47	332.32	204.59	719.98					737.06	737.06	3.89	4.40	0	0				
07/12/2018	3.3.2	Gaze Project	O4	3	M	Bilingual	G130	06/09/2018	89100	1280 x 720		Raw Data	Ord4_T1_R.avi	190	0	900	720									17154	10:16:06.175	1536226339948210															0	1704		Fixation	8	495	355	0.26	29.82	176.77																				2056	716	436	685	355	700	395	510	395	287.60	114.50	274.77	147.18	281.18	130.84	286.63	198.21	711.54	331.61	200.53	707.56					737.13	737.13	4.26	4.28	0	0				
07/12/2018	3.3.2	Gaze Project	O4	3	M	Bilingual	G130	06/09/2018	89100	1280 x 720		Raw Data	Ord4_T1_R.avi	190	0	900	720									17162	10:16:06.183	1536226339956538															0	1705		Fixation	8	511	312	1.48	69.65	39.83																				2057	702	303	701	312	701	307	511	307	281.72	168.10	281.55	164.13	281.63	166.11	286.59	198.20	711.45	331.58	200.59	707.64					737.05	737.05	3.90	4.15	0	0				
07/12/2018	3.3.2	Gaze Project	O4	3	M	Bilingual	G130	06/09/2018	89100	1280 x 720		Raw Data	Ord4_T1_R.avi	190	0	900	720									17171	10:16:06.192	1536226339964905															0	1706		Fixation	8	502	397	2.76	263.98	194.32																				2058	696	269	692	397	694	333	504	333	279.41	181.46	277.64	130.04	278.52	155.75	286.56	198.18	711.39	331.54	200.57	707.54					736.99	736.99	3.75	4.38	0	0				
07/12/2018	3.3.2	Gaze Project	O4	3	M	Bilingual	G130	06/09/2018	89100	1280 x 720		Raw Data	Ord4_T1_R.avi	190	0	900	720									17179	10:16:06.200	1536226339973260															0	1707		Fixation	8	527	330	2.31	69.60	165.62																				2059	709	453	717	330	713	391	523	391	284.60	107.39	287.85	157.09	286.23	132.24	286.54	198.09	711.43	331.50	200.56	707.44					736.99	736.99	4.69	4.33	0	0				
07/12/2018	3.3.2	Gaze Project	O4	3	M	Bilingual	G130	06/09/2018	89100	1280 x 720		Raw Data	Ord4_T1_R.avi	190	0	900	720									17187	10:16:06.208	1536226339981531															0	1708		Fixation	8	524	309	0.69	98.10	28.51																				2060	697	393	714	309	705	351	515	351	279.82	131.85	286.74	165.55	283.28	148.70	286.51	198.10	711.43	331.47	200.55	707.36					736.99	736.99	4.38	4.28	0	0				
07/12/2018	3.3.2	Gaze Project	O4	3	M	Bilingual	G130	06/09/2018	89100	1280 x 720		Raw Data	Ord4_T1_R.avi	190	0	900	720									17196	10:16:06.216	1536226339989868															0	1709		Fixation	8	540	290	0.80	49.99	311.89																				2061	720	407	730	290	725	348	535	348	289.17	125.91	292.97	173.15	291.07	149.53	286.50	198.35	711.33	331.45	200.61	707.49					736.97	736.97	4.47	4.15	0	0				
07/12/2018	3.3.2	Gaze Project	O4	3	M	Bilingual	G130	06/09/2018	89100	1280 x 720		Raw Data	Ord4_T1_R.avi	190	0	900	720									17204	10:16:06.225	1536226339998221															0	1710		Fixation	8	507	374	2.89	248.61	198.62																				2062	714	432	697	374	705	403	515	403	286.64	115.99	279.61	139.30	283.12	127.65	286.43	198.16	711.19	332.11	204.81	720.17					736.78	736.78	4.49	4.53	0	0				
07/12/2018	3.3.2	Gaze Project	O4	3	M	Bilingual	G130	06/09/2018	89100	1280 x 720		Raw Data	Ord4_T1_R.avi	190	0	900	720									17212	10:16:06.233	1536226340006560															0	1711		Fixation	8	493	366	0.52	150.18	261.56																				2063	707	324	683	366	695	345	505	345	283.64	159.37	274.35	142.66	278.99	151.01	286.40	198.15	711.16	331.37	200.59	707.29					736.74	736.74	4.29	4.32	0	0				
07/12/2018	3.3.2	Gaze Project	O4	3	M	Bilingual	G130	06/09/2018	89100	1280 x 720		Raw Data	Ord4_T1_R.avi	190	0	900	720									17221	10:16:06.242	1536226340014931															0	1712		Fixation	8	498	370	0.20	321.25	171.07																				2064	702	289	688	370	695	329	505	329	281.93	173.50	276.32	141.06	279.12	157.28	286.37	198.16	711.18	332.23	205.94	723.38					736.77	736.77	4.04	4.46	0	0				
07/12/2018	3.3.2	Gaze Project	O4	3	M	Bilingual	G130	06/09/2018	89100	1280 x 720		Raw Data	Ord4_T1_R.avi	190	0	900	720									17229	10:16:06.250	1536226340023187															0	1713		Fixation	8	506	375	0.30	327.91	6.66																				2065	726	356	696	375	711	365	521	365	291.40	146.75	279.24	138.80	285.32	142.77	286.33	198.14	711.10	331.31	200.59	707.17					736.68	736.68	4.06	4.36	0	0				
07/12/2018	3.3.2	Gaze Project	O4	3	M	Bilingual	G130	06/09/2018	89100	1280 x 720		Raw Data	Ord4_T1_R.avi	190	0	900	720									17237	10:16:06.258	1536226340031527															0	1714		Fixation	8	490	366	0.58	150.56	182.65																				2066	735	194	680	366	707	280	517	280	294.90	211.88	273.01	142.41	283.95	177.14	286.33	198.28	711.04	335.13	209.22	732.15					736.67	736.67	3.33	4.46	0	0				
07/12/2018	3.3.2	Gaze Project	O4	3	M	Bilingual	G130	06/09/2018	89100	1280 x 720		Raw Data	Ord4_T1_R.avi	190	0	900	720									17246	10:16:06.266	1536226340039888															0	1715		Fixation	8	552	367	1.97	359.07	208.51																				2067	698	261	742	367	720	314	530	314	280.38	184.90	297.71	142.10	289.05	163.50	286.28	198.08	710.89	331.26	200.65	707.20					736.47	736.47	3.67	4.27	0	0				
07/12/2018	3.3.2	Gaze Project	O4	3	M	Bilingual	G130	06/09/2018	89100	1280 x 720		Raw Data	Ord4_T1_R.avi	190	0	900	720									17254	10:16:06.275	1536226340048242															0	1716		Fixation	8	552	326	1.29	90.00	90.93																				2068	697	343	742	326	719	334	529	334	279.92	151.97	298.01	158.69	288.96	155.33	286.27	197.98	710.94	337.33	214.25	746.79					736.48	736.48	4.13	4.66	0	0				
07/12/2018	3.3.2	Gaze Project	O4	3	M	Bilingual	G130	06/09/2018	89100	1280 x 720		Raw Data	Ord4_T1_R.avi	190	0	900	720									17262	10:16:06.283	1536226340056521															0	1717		Fixation	8	523	384	2.04	243.51	153.51																				2069	691	293	713	384	702	338	512	338	277.52	171.95	286.25	135.23	281.88	153.59	286.25	197.98	710.94	331.21	200.69	707.19					736.47	736.47	4.10	4.35	0	0				
07/12/2018	3.3.2	Gaze Project	O4	3	M	Bilingual	G130	06/09/2018	89100	1280 x 720		Raw Data	Ord4_T1_R.avi	190	0	900	720									17271	10:16:06.291	1536226340064855															0	1718		Fixation	8	518	317	2.18	94.25	210.75																				2070	709	304	708	317	708	310	518	310	284.41	167.72	284.18	162.26	284.30	164.99	286.21	198.10	710.94	331.19	200.76	707.34					736.51	736.51	4.15	4.20	0	0				
07/12/2018	3.3.2	Gaze Project	O4	3	M	Bilingual	G130	06/09/2018	89100	1280 x 720		Raw Data	Ord4_T1_R.avi	190	0	900	720									17279	10:16:06.300	1536226340073184															0	1719		Fixation	8	508	378	2.00	260.72	166.47																				2071	712	386	698	378	705	382	515	382	285.89	134.46	280.09	137.63	282.99	136.04	286.17	198.05	710.81	331.15	200.64	706.96					736.38	736.38	4.32	4.24	0	0				
07/12/2018	3.3.2	Gaze Project	O4	3	M	Bilingual	G130	06/09/2018	89100	1280 x 720		Raw Data	Ord4_T1_R.avi	190	0	900	720									17287	10:16:06.308	1536226340081559															0	1720		Fixation	8	547	363	1.35	21.10	120.38																				2072	725	395	737	363	731	379	541	379	291.20	130.94	295.71	143.68	293.45	137.31	286.18	198.02	710.82	331.12	200.51	707.01					736.38	736.38	4.23	4.28	0	0				
07/12/2018	3.3.2	Gaze Project	O4	3	M	Bilingual	G130	06/09/2018	89100	1280 x 720		Raw Data	Ord4_T1_R.avi	190	0	900	720									17296	10:16:06.317	1536226340089912															0	1721		Fixation	8	535	424	2.00	258.91	237.81																				2073	735	487	725	424	730	455	540	455	294.88	93.69	290.87	119.23	292.87	106.46	286.17	197.98	710.81	331.12	200.68	707.17					736.35	736.35	4.36	4.33	0	0				
07/12/2018	3.3.2	Gaze Project	O4	3	M	Bilingual	G130	06/09/2018	89100	1280 x 720		Raw Data	Ord4_T1_R.avi	190	0	900	720									17304	10:16:06.325	1536226340098184															0	1722		Fixation	8	531	507	2.65	267.25	8.34																				2074			721	507	721	507	531	507			289.33	85.88						331.07	200.78	707.13						0.00		4.54	4	0				
07/12/2018	3.3.2	Gaze Project	O4	3	M	Bilingual	G130	06/09/2018	89100	1280 x 720		Raw Data	Ord4_T1_R.avi	190	0	900	720									17312	10:16:06.333	1536226340106528															0	1723		Fixation	8	510	453	1.85	111.19	203.94																				2075	723	457	700	453	711	455	521	455	290.07	105.81	281.08	107.61	285.57	106.71	286.11	197.97	710.87	331.06	200.62	707.06					736.40	736.40	4.35	4.39	0	0				
07/12/2018	3.3.2	Gaze Project	O4	3	M	Bilingual	G130	06/09/2018	89100	1280 x 720		Raw Data	Ord4_T1_R.avi	190	0	900	720									17321	10:16:06.341	1536226340114866															0	1724		Fixation	8	528	421	1.17	60.72	309.53																				2076	725	492	718	421	721	456	531	456	291.11	91.62	288.26	120.43	289.69	106.03	286.07	197.98	710.93	331.02	200.60	707.01					736.46	736.46	4.37	4.28	0	0				
07/12/2018	3.3.2	Gaze Project	O4	3	M	Bilingual	G130	06/09/2018	89100	1280 x 720		Raw Data	Ord4_T1_R.avi	190	0	900	720									17329	10:16:06.350	1536226340123226															0	1725		Fixation	8	567	418	1.26	4.41	303.69																				2077	716	403	757	418	736	410	546	410	287.58	127.59	303.78	121.79	295.68	124.69	286.04	198.10	710.88	330.99	200.49	707.06					736.45	736.45	4.29	4.22	0	0				
07/12/2018	3.3.2	Gaze Project	O4	3	M	Bilingual	G130	06/09/2018	89100	1280 x 720		Raw Data	Ord4_T1_R.avi	190	0	900	720									17337	10:16:06.358	1536226340131583															0	1726		Fixation	8	508	443	2.06	203.03	198.62																				2078	708	530	698	443	703	486	513	486	284.02	76.38	280.35	111.45	282.18	93.92	286.02	197.95	710.88	330.97	200.59	707.01					736.41	736.41	4.48	4.38	0	0				
07/12/2018	3.3.2	Gaze Project	O4	3	M	Bilingual	G130	06/09/2018	89100	1280 x 720		Raw Data	Ord4_T1_R.avi	190	0	900	720									17346	10:16:06.366	1536226340139846															0	1727		Fixation	8	559	442	1.64	1.13	158.10																				2079	715	485	749	442	732	463	542	463	287.10	94.45	300.78	111.86	293.94	103.16	285.99	197.96	710.96	330.88	200.71	706.96					736.49	736.49	4.30	4.34	0	0				
07/12/2018	3.3.2	Gaze Project	O4	3	M	Bilingual	G130	06/09/2018	89100	1280 x 720		Raw Data	Ord4_T1_R.avi	190	0	900	720									17354	10:16:06.375	1536226340148179															0	1728		Fixation	8	515	433	1.45	168.40	167.28																				2080	696	479	705	433	700	456	510	456	279.23	96.91	282.88	115.76	281.06	106.33	285.83	203.01	726.51	330.92	200.63	707.13					752.81	752.81	4.32	4.30	0	0				
07/12/2018	3.3.2	Gaze Project	O4	3	M	Bilingual	G130	06/09/2018	89100	1280 x 720		Raw Data	Ord4_T1_R.avi	190	0	900	720									17362	10:16:06.383	1536226340156538															0	1729		Fixation	8	550	409	1.36	34.53	226.12																				2081	728	419	740	409	734	414	544	414	292.15	121.08	297.08	125.26	294.62	123.17	285.93	197.90	710.83	330.86	200.74	707.09					736.33	736.33	4.27	4.11	0	0				
07/12/2018	3.3.2	Gaze Project	O4	3	M	Bilingual	G130	06/09/2018	89100	1280 x 720		Raw Data	Ord4_T1_R.avi	190	0	900	720									17371	10:16:06.392	1536226340164895															0	1730		Fixation	8	501	457	2.20	224.50	189.98																				2082	726	461	691	457	708	459	518	459	291.33	104.17	277.52	105.71	284.42	104.94	285.91	197.88	710.79	330.86	200.60	707.06					736.29	736.29	4.31	4.37	0	0				
07/12/2018	3.3.2	Gaze Project	O4	3	M	Bilingual	G130	06/09/2018	89100	1280 x 720		Raw Data	Ord4_T1_R.avi	190	0	900	720									17379	10:16:06.400	1536226340173164															0	1731		Fixation	8	505	436	0.68	79.25	214.75																				2083	712	399	695	436	703	417	513	417	285.84	129.14	279.12	114.48	282.48	121.81	285.76	202.52	725.15	330.83	200.58	707.02					751.36	751.36	4.28	4.34	0	0				
07/12/2018	3.3.2	Gaze Project	O4	3	M	Bilingual	G130	06/09/2018	89100	1280 x 720		Raw Data	Ord4_T1_R.avi	190	0	900	720									17387	10:16:06.408	1536226340181520															0	1732		Fixation	8	543	463	1.50	324.52	245.27																				2084	736	394	733	463	734	428	544	428	295.33	131.46	294.38	103.50	294.85	117.48	285.85	197.89	710.89	330.79	200.46	707.07					736.39	736.39	3.69	4.26	0	0				
07/12/2018	3.3.2	Gaze Project	O4	3	M	Bilingual	G130	06/09/2018	89100	1280 x 720		Raw Data	Ord4_T1_R.avi	190	0	900	720									17396	10:16:06.416	1536226340189839															0	1733		Fixation	8	563	351	3.63	79.91	115.39																				2085	711	364	753	351	732	357	542	357	285.44	143.43	302.10	148.57	293.77	146.00	285.82	197.89	710.91	331.53	205.20	721.07					736.41	736.41	3.82	4.17	0	0				
07/12/2018	3.3.2	Gaze Project	O4	3	M	Bilingual	G130	06/09/2018	89100	1280 x 720		Raw Data	Ord4_T1_R.avi	190	0	900	720									17404	10:16:06.425	1536226340198209															0	1734		Fixation	8	519	462	3.80	248.44	168.53																				2086	725	418	709	462	717	440	527	440	290.84	121.47	284.57	103.81	287.71	112.64	285.80	197.88	710.93	330.75	200.64	707.25					736.42	736.42	3.98	4.42	0	0				
07/12/2018	3.3.2	Gaze Project	O4	3	M	Bilingual	G130	06/09/2018	89100	1280 x 720		Raw Data	Ord4_T1_R.avi	190	0	900	720									17412	10:16:06.433	1536226340206568															0	1735		Fixation	8	546	432	1.29	48.10	159.66																				2087			736	432	736	432	546	432			295.32	116.15						330.71	200.52	707.29						0.00		4.29	4	0				
07/12/2018	3.3.2	Gaze Project	O4	3	M	Bilingual	G130	06/09/2018	89100	1280 x 720		Raw Data	Ord4_T1_R.avi	190	0	900	720									17421	10:16:06.441	1536226340214831															0	1736		Fixation	8	547	384	1.55	88.81	40.71																				2088			737	384	737	384	547	384			295.77	135.41						330.68	200.60	707.16						0.00		4.08	4	0				
07/12/2018	3.3.2	Gaze Project	O4	3	M	Bilingual	G130	06/09/2018	89100	1280 x 720		Raw Data	Ord4_T1_R.avi	190	0	900	720									17429	10:16:06.450	1536226340223167															0	1737		Fixation	8	493	455	2.86	232.83	144.02																				2089	753	383	683	455	718	419	528	419	302.34	135.59	274.24	106.66	288.29	121.13	287.03	202.91	725.71	330.67	200.75	707.58					752.06	752.06	4.50	4.31	0	0				
07/12/2018	3.3.2	Gaze Project	O4	3	M	Bilingual	G130	06/09/2018	89100	1280 x 720		Raw Data	Ord4_T1_R.avi	190	0	900	720									17437	10:16:06.458	1536226340231526															0	1738		Fixation	8	535	394	2.35	55.54	182.70																				2090	724	489	725	394	724	441	534	441	290.57	93.09	291.19	131.38	290.88	112.24	285.66	197.84	710.99	331.25	204.52	719.10					736.46	736.46	4.33	4.24	0	0				
07/12/2018	3.3.2	Gaze Project	O4	3	M	Bilingual	G130	06/09/2018	89100	1280 x 720		Raw Data	Ord4_T1_R.avi	190	0	900	720									17446	10:16:06.467	1536226340239879															0	1739		Fixation	8	520	429	1.21	246.87	191.33																				2091	724	510	710	429	717	469	527	469	290.66	84.71	284.83	117.26	287.74	100.98	285.51	201.93	723.70	330.58	200.68	707.37					749.80	749.80	4.45	4.25	0	0				
07/12/2018	3.3.2	Gaze Project	O4	3	M	Bilingual	G130	06/09/2018	89100	1280 x 720		Raw Data	Ord4_T1_R.avi	190	0	900	720									17454	10:16:06.475	1536226340248232															0	1740		Fixation	8	511	372	1.86	98.94	212.08																				2092			701	372	701	372	511	372			281.22	140.15						330.54	200.68	707.36						0.00		4.06	4	0				
07/12/2018	3.3.2	Gaze Project	O4	3	M	Bilingual	G130	06/09/2018	89100	1280 x 720		Raw Data	Ord4_T1_R.avi	190	0	900	720									17462	10:16:06.483	1536226340256494															0	1741		Fixation	8	532	438	2.23	287.60	188.65																				2093	734	553	722	438	728	495	538	495	294.47	67.38	289.93	113.64	292.20	90.51	285.55	197.94	711.38	330.50	200.67	707.30					736.86	736.86	4.42	4.27	0	0				
07/12/2018	3.3.2	Gaze Project	O4	3	M	Bilingual	G130	06/09/2018	89100	1280 x 720		Raw Data	Ord4_T1_R.avi	190	0	900	720									17471	10:16:06.491	1536226340264829															0	1742		Fixation	8	531	420	0.58	93.17	165.57																				2094	713	473	721	420	717	446	527	446	286.17	99.38	289.33	120.79	287.75	110.08	285.51	197.88	711.28	330.47	200.73	707.47					736.74	736.74	4.34	4.17	0	0				
07/12/2018	3.3.2	Gaze Project	O4	3	M	Bilingual	G130	06/09/2018	89100	1280 x 720		Raw Data	Ord4_T1_R.avi	190	0	900	720									17479	10:16:06.500	1536226340273188															0	1743		Fixation	8	520	433	0.55	229.85	136.68																				2095	692	536	710	433	701	484	511	484	277.60	73.93	284.90	115.48	281.25	94.70	285.48	197.88	711.28	330.42	200.67	707.32					736.74	736.74	4.51	4.27	0	0				
07/12/2018	3.3.2	Gaze Project	O4	3	M	Bilingual	G130	06/09/2018	89100	1280 x 720		Raw Data	Ord4_T1_R.avi	190	0	900	720									17487	10:16:06.508	1536226340281546															0	1744		Fixation	8	506	451	0.73	232.21	2.36																				2096	721	478	696	451	708	464	518	464	289.47	97.58	279.28	108.29	284.37	102.94	285.45	197.89	711.36	330.39	200.75	707.55					736.82	736.82	4.37	4.34	0	0				
07/12/2018	3.3.2	Gaze Project	O4	3	M	Bilingual	G130	06/09/2018	89100	1280 x 720		Raw Data	Ord4_T1_R.avi	190	0	900	720									17496	10:16:06.516	1536226340289825															0	1745		Fixation	8	517	468	0.65	302.82	70.61																				2097	737	466	707	468	722	467	532	467	295.88	102.21	283.86	101.42	289.87	101.82	285.28	202.21	724.79	330.35	200.75	707.54					750.90	750.90	4.31	4.40	0	0				
07/12/2018	3.3.2	Gaze Project	O4	3	M	Bilingual	G130	06/09/2018	89100	1280 x 720		Raw Data	Ord4_T1_R.avi	190	0	900	720									17504	10:16:06.525	1536226340298160															0	1746		Fixation	8	516	470	0.07	243.51	300.69																				2098	704	414	706	470	705	442	515	442	282.47	123.08	283.27	100.72	282.87	111.90	285.20	203.80	729.60	330.33	200.83	707.78					755.97	755.97	4.24	4.42	0	0				
07/12/2018	3.3.2	Gaze Project	O4	3	M	Bilingual	G130	06/09/2018	89100	1280 x 720		Raw Data	Ord4_T1_R.avi	190	0	900	720									17512	10:16:06.533	1536226340306501															0	1747		Fixation	8	506	440	1.01	108.38	224.87																				2099	711	490	696	440	703	465	513	465	285.47	92.57	279.53	112.92	282.50	102.75	285.34	197.84	711.35	330.29	200.77	707.62					736.78	736.78	4.42	4.32	0	0				
07/12/2018	3.3.2	Gaze Project	O4	3	M	Bilingual	G130	06/09/2018	89100	1280 x 720		Raw Data	Ord4_T1_R.avi	190	0	900	720									17521	10:16:06.541	1536226340314857															0	1748		Fixation	8	535	430	0.98	19.08	270.70																				2100	715	508	725	430	720	469	530	469	286.99	85.22	290.87	116.79	288.93	101.01	285.31	197.86	711.45	330.27	200.88	707.92					736.89	736.89	4.43	4.28	0	0				
07/12/2018	3.3.2	Gaze Project	O4	3	M	Bilingual	G130	06/09/2018	89100	1280 x 720		Raw Data	Ord4_T1_R.avi	190	0	900	720									17529	10:16:06.550	1536226340323215															0	1749		Fixation	8	532	423	0.25	113.13	94.05																				2101	723	479	722	423	722	451	532	451	290.08	96.99	289.85	119.64	289.97	108.31	285.28	197.87	711.50	330.22	200.86	707.87					736.94	736.94	4.47	4.24	0	0				
07/12/2018	3.3.2	Gaze Project	O4	3	M	Bilingual	G130	06/09/2018	89100	1280 x 720		Raw Data	Ord4_T1_R.avi	190	0	900	720									17537	10:16:06.558	1536226340331483															0	1750		Fixation	8	516	464	1.41	248.74	135.61																				2102	719	557	706	464	712	510	522	510	288.52	65.51	283.32	102.98	285.92	84.25	285.24	197.97	711.46	330.20	200.96	708.12					736.93	736.93	4.58	4.34	0	0				
07/12/2018	3.3.2	Gaze Project	O4	3	M	Bilingual	G130	06/09/2018	89100	1280 x 720		Raw Data	Ord4_T1_R.avi	190	0	900	720									17546	10:16:06.566	1536226340339812															0	1751		Fixation	8	505	433	1.06	109.48	220.73																				2103	707	461	695	433	701	447	511	447	283.77	104.36	278.98	115.54	281.37	109.95	285.21	197.90	711.70	330.15	200.91	707.99					737.13	737.13	4.24	4.28	0	0				
07/12/2018	3.3.2	Gaze Project	O4	3	M	Bilingual	G130	06/09/2018	89100	1280 x 720		Raw Data	Ord4_T1_R.avi	190	0	900	720									17554	10:16:06.575	1536226340348166															0	1752		Fixation	8	519	454	0.81	303.61	194.13																				2104	701	446	709	454	705	450	515	450	281.46	110.26	284.57	107.05	283.01	108.65	285.17	197.88	711.69	330.12	200.99	708.22					737.12	737.12	4.45	4.32	0	0				
07/12/2018	3.3.2	Gaze Project	O4	3	M	Bilingual	G130	06/09/2018	89100	1280 x 720		Raw Data	Ord4_T1_R.avi	190	0	900	720									17562	10:16:06.583	1536226340356530															0	1753		Fixation	8	501	445	0.65	153.36	209.76																				2105	712	475	691	445	701	460	511	460	285.66	98.59	277.34	110.63	281.50	104.61	285.12	197.99	711.64	330.08	200.99	708.21					737.11	737.11	4.62	4.29	0	0				
07/12/2018	3.3.2	Gaze Project	O4	3	M	Bilingual	G130	06/09/2018	89100	1280 x 720		Raw Data	Ord4_T1_R.avi	190	0	900	720									17571	10:16:06.591	1536226340364770															0	1754		Fixation	8	510	477	1.06	285.66	132.30																				2106	720	570	700	477	710	523	520	523	289.06	60.51	280.96	97.69	285.01	79.10	285.09	197.95	711.98	330.04	201.05	708.36					737.41	737.41	4.53	4.34	0	0				
07/12/2018	3.3.2	Gaze Project	O4	3	M	Bilingual	G130	06/09/2018	89100	1280 x 720		Raw Data	Ord4_T1_R.avi	190	0	900	720									17579	10:16:06.600	1536226340373150															0	1755		Fixation	8	498	461	0.64	126.78	201.12																				2107	699	404	688	461	693	432	503	432	280.63	127.10	276.26	104.20	278.45	115.65	285.04	197.82	712.03	329.99	201.13	708.54					737.42	737.42	4.10	4.31	0	0				
07/12/2018	3.3.2	Gaze Project	O4	3	M	Bilingual	G130	06/09/2018	89100	1280 x 720		Raw Data	Ord4_T1_R.avi	190	0	900	720									17587	10:16:06.608	1536226340381479															0	1756		Fixation	8	536	364	3.34	68.67	301.89																				2108	727	520	726	364	726	442	536	442	291.84	80.42	291.51	143.51	291.67	111.97	284.85	202.43	725.88	329.94	201.13	708.52					751.99	751.99	4.58	3.99	0	0				
07/12/2018	3.3.2	Gaze Project	O4	3	M	Bilingual	G130	06/09/2018	89100	1280 x 720		Raw Data	Ord4_T1_R.avi	190	0	900	720									17596	10:16:06.616	1536226340389840															0	1757		Fixation	8	506	453	3.01	251.43	182.76																				2109	714	410	696	453	705	431	515	431	286.51	124.67	279.24	107.50	282.88	116.08	284.94	197.97	712.09	329.90	201.22	708.75					737.52	737.52	4.09	4.32	0	0				
07/12/2018	3.3.2	Gaze Project	O4	3	M	Bilingual	G130	06/09/2018	89100	1280 x 720		Raw Data	Ord4_T1_R.avi	190	0	900	720									17604	10:16:06.625	1536226340398188															0	1758		Fixation	8	492	474	0.80	236.39	344.97																				2110	699	483	682	474	690	478	500	478	280.69	95.54	273.59	99.20	277.14	97.37	284.89	198.12	712.57	329.79	201.34	708.70					738.01	738.01	4.39	4.35	0	0				
07/12/2018	3.3.2	Gaze Project	O4	3	M	Bilingual	G130	06/09/2018	89100	1280 x 720		Raw Data	Ord4_T1_R.avi	190	0	900	720									17612	10:16:06.633	1536226340406468															0	1759		Fixation	8	528	455	1.30	27.90	151.51																				2111	711	494	718	455	714	474	524	474	285.34	90.82	288.19	106.71	286.77	98.77	284.84	198.09	712.50	329.79	201.24	708.81					737.94	737.94	4.48	4.26	0	0				
07/12/2018	3.3.2	Gaze Project	O4	3	M	Bilingual	G130	06/09/2018	89100	1280 x 720		Raw Data	Ord4_T1_R.avi	190	0	900	720									17621	10:16:06.641	1536226340414812															0	1760		Fixation	8	527	405	1.60	91.14	63.24																				2112	725	499	717	405	721	452	531	452	290.93	89.01	287.93	126.86	289.43	107.94	284.79	198.08	712.49	329.75	201.31	709.01					737.92	737.92	4.47	4.23	0	0				
07/12/2018	3.3.2	Gaze Project	O4	3	M	Bilingual	G130	06/09/2018	89100	1280 x 720		Raw Data	Ord4_T1_R.avi	190	0	900	720									17629	10:16:06.650	1536226340423154															0	1761		Fixation	8	570	328	2.84	60.90	329.76																				2113			760	328	760	328	570	328			305.01	158.02						329.69	201.34	709.11						0.00		3.93	4	0				
07/12/2018	3.3.2	Gaze Project	O4	3	M	Bilingual	G130	06/09/2018	89100	1280 x 720		Raw Data	Ord4_T1_R.avi	190	0	900	720									17637	10:16:06.658	1536226340431516															0	1762		Fixation	8	492	460	4.92	239.50	178.60																				2114	723	385	682	460	702	422	512	422	290.19	135.03	273.80	104.75	282.00	119.89	284.69	198.10	712.63	329.64	201.35	709.15					738.06	738.06	3.87	4.41	0	0				
07/12/2018	3.3.2	Gaze Project	O4	3	M	Bilingual	G130	06/09/2018	89100	1280 x 720		Raw Data	Ord4_T1_R.avi	190	0	900	720									17646	10:16:06.667	1536226340439869															0	1763		Fixation	8	524	432	1.35	41.28	161.78																				2115	708	423	714	432	711	427	521	427	284.34	119.74	286.46	115.98	285.40	117.86	284.64	198.14	712.81	329.61	201.47	709.54					738.24	738.24	4.00	4.28	0	0				
07/12/2018	3.3.2	Gaze Project	O4	3	M	Bilingual	G130	06/09/2018	89100	1280 x 720		Raw Data	Ord4_T1_R.avi	190	0	900	720									17654	10:16:06.675	1536226340448136															0	1764		Fixation	8	512	430	0.39	170.51	129.23																				2116	740	576	702	430	721	503	531	503	297.09	58.14	281.85	116.70	289.47	87.42	284.59	198.00	712.87	330.22	205.67	722.31					738.25	738.25	4.44	4.59	0	0				
07/12/2018	3.3.2	Gaze Project	O4	3	M	Bilingual	G130	06/09/2018	89100	1280 x 720		Raw Data	Ord4_T1_R.avi	190	0	900	720									17662	10:16:06.683	1536226340456467															0	1765		Fixation	8	538	399	1.27	50.10	239.60																				2117	713	502	728	399	720	450	530	450	286.27	87.62	292.22	129.26	289.24	108.44	284.55	198.18	713.04	330.17	205.73	722.53					738.47	738.47	4.43	4.35	0	0				
07/12/2018	3.3.2	Gaze Project	O4	3	M	Bilingual	G130	06/09/2018	89100	1280 x 720		Raw Data	Ord4_T1_R.avi	190	0	900	720									17671	10:16:06.691	1536226340464823															0	1766		Fixation	8	516	471	2.38	253.06	202.96																				2118	710	478	706	471	708	474	518	474	285.08	97.42	283.28	100.30	284.18	98.86	284.50	198.19	713.12	329.46	201.50	709.72					738.54	738.54	4.37	4.38	0	0				
07/12/2018	3.3.2	Gaze Project	O4	3	M	Bilingual	G130	06/09/2018	89100	1280 x 720		Raw Data	Ord4_T1_R.avi	190	0	900	720									17679	10:16:06.700	1536226340473166															0	1767		Fixation	8	506	463	0.41	141.25	248.19																				2119	719	498	696	463	707	480	517	480	288.65	89.27	279.40	103.36	284.03	96.32	284.46	198.22	713.28	329.42	201.57	709.99					738.70	738.70	4.43	4.41	0	0				
07/12/2018	3.3.2	Gaze Project	O4	3	M	Bilingual	G130	06/09/2018	89100	1280 x 720		Raw Data	Ord4_T1_R.avi	190	0	900	720									17687	10:16:06.708	1536226340481462															0	1768		Fixation	8	524	435	1.06	57.35	276.10																				2120	709	530	714	435	711	482	521	482	284.49	76.66	286.49	114.75	285.49	95.71	284.41	198.26	713.45	329.37	201.60	710.11					738.87	738.87	4.45	4.27	0	0				
07/12/2018	3.3.2	Gaze Project	O4	3	M	Bilingual	G130	06/09/2018	89100	1280 x 720		Raw Data	Ord4_T1_R.avi	190	0	900	720									17696	10:16:06.716	1536226340489801															0	1769		Fixation	8	560	377	2.19	58.26	0.91																				2121	729	286	750	377	739	331	549	331	292.58	174.68	301.06	138.31	296.82	156.49	284.22	202.32	726.14	329.31	201.48	710.16					752.18	752.18	3.97	4.30	0	0				
07/12/2018	3.3.2	Gaze Project	O4	3	M	Bilingual	G130	06/09/2018	89100	1280 x 720		Raw Data	Ord4_T1_R.avi	190	0	900	720									17704	10:16:06.725	1536226340498138															0	1770		Fixation	8	524	432	2.11	236.88	178.62																				2122	733	464	714	432	723	448	533	448	294.27	102.92	286.73	115.80	290.50	109.36	284.32	198.32	713.73	329.27	201.61	710.21					739.16	739.16	4.55	4.30	0	0				
07/12/2018	3.3.2	Gaze Project	O4	3	M	Bilingual	G130	06/09/2018	89100	1280 x 720		Raw Data	Ord4_T1_R.avi	190	0	900	720									17712	10:16:06.733	1536226340506493															0	1771		Fixation	8	519	478	1.47	263.82	26.94																				2123	697	361	709	478	703	419	513	419	279.61	144.65	284.61	97.51	282.11	121.08	284.11	203.22	728.95	329.24	201.70	710.51					755.13	755.13	4.06	4.46	0	0				
07/12/2018	3.3.2	Gaze Project	O4	3	M	Bilingual	G130	06/09/2018	89100	1280 x 720		Raw Data	Ord4_T1_R.avi	190	0	900	720									17721	10:16:06.741	1536226340514848															0	1772		Fixation	8	510	472	0.35	146.22	242.41																				2124	693	490	700	472	696	481	506	481	278.14	92.72	280.89	99.69	279.51	96.21	284.23	198.38	714.05	329.19	201.72	710.59					739.48	739.48	4.42	4.51	0	0				
07/12/2018	3.3.2	Gaze Project	O4	3	M	Bilingual	G130	06/09/2018	89100	1280 x 720		Raw Data	Ord4_T1_R.avi	190	0	900	720									17729	10:16:06.750	1536226340523117															0	1773		Fixation	8	528	459	0.70	35.93	249.70																				2125	728	530	718	459	723	494	533	494	292.20	76.35	288.34	105.26	290.27	90.81	284.19	198.48	714.37	329.14	201.74	710.67					739.81	739.81	4.49	4.43	0	0				
07/12/2018	3.3.2	Gaze Project	O4	3	M	Bilingual	G130	06/09/2018	89100	1280 x 720		Raw Data	Ord4_T1_R.avi	190	0	900	720									17737	10:16:06.758	1536226340531481															0	1774		Fixation	8	512	437	0.87	125.94	90.01																				2126	726	536	702	437	714	486	524	486	291.31	73.94	281.87	113.83	286.59	93.88	284.14	198.48	714.42	329.11	201.85	711.03					739.86	739.86	4.50	4.36	0	0				
07/12/2018	3.3.2	Gaze Project	O4	3	M	Bilingual	G130	06/09/2018	89100	1280 x 720		Raw Data	Ord4_T1_R.avi	190	0	900	720									17746	10:16:06.766	1536226340539806															0	1775		Fixation	8	500	453	0.63	233.22	107.28																				2127	701	521	690	453	695	487	505	487	281.23	80.30	276.93	107.61	279.08	93.96	284.09	198.35	714.47	329.08	201.94	711.31					739.87	739.87	4.26	4.36	0	0				
07/12/2018	3.3.2	Gaze Project	O4	3	M	Bilingual	G130	06/09/2018	89100	1280 x 720		Raw Data	Ord4_T1_R.avi	190	0	900	720									17754	10:16:06.775	1536226340548165															0	1776		Fixation	8	506	415	1.23	81.06	207.84																				2128	715	367	696	415	705	391	515	391	286.96	142.10	279.49	122.92	283.23	132.51	284.05	198.57	714.73	329.01	201.88	711.14					740.17	740.17	3.94	4.22	0	0				
07/12/2018	3.3.2	Gaze Project	O4	3	M	Bilingual	G130	06/09/2018	89100	1280 x 720		Raw Data	Ord4_T1_R.avi	190	0	900	720									17762	10:16:06.783	1536226340556521															0	1777		Fixation	8	517	445	1.02	290.08	209.02																				2129	733	374	707	445	720	409	530	409	294.13	139.21	283.69	110.72	288.91	124.97	284.01	198.63	714.94	329.01	202.11	711.81					740.40	740.40	3.81	4.40	0	0				
07/12/2018	3.3.2	Gaze Project	O4	3	M	Bilingual	G130	06/09/2018	89100	1280 x 720		Raw Data	Ord4_T1_R.avi	190	0	900	720									17771	10:16:06.791	1536226340564789															0	1778		Fixation	8	524	404	1.33	80.34	150.26																				2130	738	357	714	404	726	380	536	380	296.37	146.27	286.79	127.28	291.58	136.78	283.98	198.69	715.12	328.94	201.96	711.35					740.58	740.58	3.78	4.24	0	0				
07/12/2018	3.3.2	Gaze Project	O4	3	M	Bilingual	G130	06/09/2018	89100	1280 x 720		Raw Data	Ord4_T1_R.avi	190	0	900	720									17779	10:16:06.800	1536226340573116															0	1779		Fixation	8	565	347	2.23	54.36	334.02																				2131	754	371	755	347	754	359	564	359	302.54	140.51	303.02	150.39	302.78	145.45	283.96	198.72	715.20	329.55	205.97	723.53					740.67	740.67	3.71	4.25	0	0				
07/12/2018	3.3.2	Gaze Project	O4	3	M	Bilingual	G130	06/09/2018	89100	1280 x 720		Raw Data	Ord4_T1_R.avi	190	0	900	720									17787	10:16:06.808	1536226340581474															0	1780		Fixation	8	645	414	3.30	319.96	265.60																				2132	804	395	835	414	819	404	629	404	322.83	130.69	335.00	123.30	328.92	127.00	284.07	198.64	715.11	329.70	206.62	725.51					740.55	740.55	3.83	4.31	0	0				
07/12/2018	3.3.2	Gaze Project	O4	3	M	Bilingual	G130	06/09/2018	89100	1280 x 720		Raw Data	Ord4_T1_R.avi	190	0	900	720									17796	10:16:06.816	1536226340589832															0	1781		Fixation	8	724	483	3.27	318.77	358.81																				2133	852	507	914	483	883	495	693	495	341.93	85.95	366.85	95.31	354.39	90.63	284.25	198.46	715.18	329.94	207.45	728.14					740.57	740.57	4.21	4.28	0	0				
07/12/2018	3.3.2	Gaze Project	O4	3	M	Bilingual	G130	06/09/2018	89100	1280 x 720		Raw Data	Ord4_T1_R.avi	190	0	900	720									17804	10:16:06.825	1536226340598101															0	1782		Fixation	8	739	583	3.08	278.50	319.73																				2134	900	593	929	583	914	588	724	588	361.40	51.32	372.76	55.36	367.08	53.34	284.26	202.78	728.26	332.82	210.50	736.45					754.34	754.34	4.80	4.58	0	0				
07/12/2018	3.3.2	Gaze Project	O4	3	M	Bilingual	G130	06/09/2018	89100	1280 x 720		Raw Data	Ord4_T1_R.avi	190	0	900	720									17812	10:16:06.833	1536226340606457															0	1783		Fixation	8	809	622	2.44	330.80	52.29																				2135			999	622	999	622	809	622			401.10	39.48						329.33	202.38	713.03						0.00		4.25	4	0				
07/12/2018	3.3.2	Gaze Project	O4	3	M	Bilingual	G130	06/09/2018	89100	1280 x 720		Raw Data	Ord4_T1_R.avi	190	0	900	720									17821	10:16:06.841	1536226340614788															0	1784		Fixation	8	805	658	1.10	263.68	292.88																				2136	996	642	995	658	995	650	805	650	399.89	31.49	399.49	24.91	399.69	28.20	284.51	198.77	715.94	330.10	207.07	727.28					741.40	741.40	4.54	4.61	0	0				
07/12/2018	3.3.2	Gaze Project	O4	3	M	Bilingual	G130	06/09/2018	89100	1280 x 720		Raw Data	Ord4_T1_R.avi	190	0	900	720									17829	10:16:06.850	1536226340623150															0	1785		Fixation	8	875	672	2.13	348.65	84.97																				2137	1026	586	1065	672	1045	629	855	629	411.92	53.97	427.54	19.16	419.73	36.57	284.50	198.66	715.98	333.72	212.39	742.11					741.41	741.41	4.26	4.49	0	0				
07/12/2018	3.3.2	Gaze Project	O4	3	M	Bilingual	G130	06/09/2018	89100	1280 x 720		Raw Data	Ord4_T1_R.avi	190	0	900	720									17837	10:16:06.858	1536226340631501															0	1786		Fixation	8	828	666	1.43	172.70	184.05																				2138	996	606	1018	666	1007	636	817	636	399.98	45.94	408.47	21.56	404.22	33.75	284.50	198.93	716.40	329.43	202.59	713.69					741.89	741.89	4.14	4.46	0	0				
07/12/2018	3.3.2	Gaze Project	O4	3	M	Bilingual	G130	06/09/2018	89100	1280 x 720		Raw Data	Ord4_T1_R.avi	190	0	900	720									17846	10:16:06.866	1536226340639759															0	1787		Fixation	8	802	645	1.01	140.98	328.28																				2139	1054	633	992	645	1023	639	833	639	422.99	35.16	398.38	30.13	410.68	32.64	284.50	198.95	716.48	330.04	206.46	725.49					741.97	741.97	4.11	4.58	0	0				
07/12/2018	3.3.2	Gaze Project	O4	3	M	Bilingual	G130	06/09/2018	89100	1280 x 720		Raw Data	Ord4_T1_R.avi	190	0	900	720									17854	10:16:06.875	1536226340648120															0	1788		Fixation	8	822	649	0.62	348.65	207.67																				2140			1012	649	1012	649	822	649			406.23	28.40						329.46	202.69	714.00						0.00		4.41	4	0				
07/12/2018	3.3.2	Gaze Project	O4	3	M	Bilingual	G130	06/09/2018	89100	1280 x 720		Raw Data	Ord4_T1_R.avi	190	0	900	720									17862	10:16:06.883	1536226340656461															0	1789		Fixation	8	776	659	1.47	192.30	203.65																				2141	982	642	966	659	974	650	784	650	394.09	31.48	387.56	24.75	390.82	28.12	284.51	199.07	716.84	329.45	202.81	713.95					742.35	742.35	4.52	4.50	0	0				
07/12/2018	3.3.2	Gaze Project	O4	3	M	Bilingual	G130	06/09/2018	89100	1280 x 720		Raw Data	Ord4_T1_R.avi	190	0	900	720									17871	10:16:06.891	1536226340664818															0	1790		Fixation	8	812	624	1.56	44.29	211.98																				2142			1002	624	1002	624	812	624			402.15	38.72						329.47	202.56	714.05						0.00		4.45	4	0				
07/12/2018	3.3.2	Gaze Project	O4	3	M	Bilingual	G130	06/09/2018	89100	1280 x 720		Raw Data	Ord4_T1_R.avi	190	0	900	720									17879	10:16:06.900	1536226340673173															0	1791		Fixation	8	814	650	0.79	274.38	230.10																				2143	970	617	1004	650	987	633	797	633	389.36	41.56	402.83	28.24	396.10	34.90	284.39	203.31	729.98	329.49	202.76	714.26					756.15	756.15	4.44	4.40	0	0				
07/12/2018	3.3.2	Gaze Project	O4	3	M	Bilingual	G130	06/09/2018	89100	1280 x 720		Raw Data	Ord4_T1_R.avi	190	0	900	720									17887	10:16:06.908	1536226340681434															0			Unclassified	8																									2144	999	634			999	634	809	634	400.87	34.68					284.41	203.01	729.08		-34.01						755.20		4.37		0	4				
07/12/2018	3.3.2	Gaze Project	O4	3	M	Bilingual	G130	06/09/2018	89100	1280 x 720		Raw Data	Ord4_T1_R.avi	190	0	900	720									17896	10:16:06.916	1536226340689767															0			Unclassified	8																									2145	975	674			975	674	785	674	391.32	18.33					284.47	199.20	716.79		-34.01						742.34		4.26		0	4				
07/12/2018	3.3.2	Gaze Project	O4	3	M	Bilingual	G130	06/09/2018	89100	1280 x 720		Raw Data	Ord4_T1_R.avi	190	0	900	720									17904	10:16:06.925	1536226340698128															0	1792		Fixation	8	859	639	1.44	13.78	99.39																				2146	1032	566	1049	639	1040	602	850	602	414.45	62.19	421.20	32.65	417.82	47.42	284.54	199.32	717.60	329.51	202.92	714.78					743.15	743.15	4.01	4.35	0	0				
07/12/2018	3.3.2	Gaze Project	O4	3	M	Bilingual	G130	06/09/2018	89100	1280 x 720		Raw Data	Ord4_T1_R.avi	190	0	900	720									17912	10:16:06.933	1536226340706485															0	1793		Fixation	8	826	626	1.08	158.44	144.66																				2147	998	653	1016	626	1007	639	817	639	400.40	26.85	407.67	37.79	404.04	32.32	284.53	199.37	717.73	329.54	203.12	715.42					743.29	743.29	4.31	4.40	0	0				
07/12/2018	3.3.2	Gaze Project	O4	3	M	Bilingual	G130	06/09/2018	89100	1280 x 720		Raw Data	Ord4_T1_R.avi	190	0	900	720									17921	10:16:06.941	1536226340714754															0	1794		Fixation	8	816	651	0.83	248.26	89.83																				2148	990	666	1006	651	998	658	808	658	397.27	21.80	403.67	27.90	400.47	24.85	284.52	199.25	717.78	329.53	203.14	715.48					743.30	743.30	4.37	4.48	0	0				
07/12/2018	3.3.2	Gaze Project	O4	3	M	Bilingual	G130	06/09/2018	89100	1280 x 720		Raw Data	Ord4_T1_R.avi	190	0	900	720									17929	10:16:06.950	1536226340723101															0	1795		Fixation	8	786	674	1.17	217.57	329.30																				2149	1008	636	976	674	992	655	802	655	404.45	33.84	391.71	18.43	398.08	26.13	284.46	199.49	717.68	329.50	203.10	715.37					743.28	743.28	4.52	4.53	0	0				
07/12/2018	3.3.2	Gaze Project	O4	3	M	Bilingual	G130	06/09/2018	89100	1280 x 720		Raw Data	Ord4_T1_R.avi	190	0	900	720									17937	10:16:06.958	1536226340731439															0	1796		Fixation	8	887	619	3.53	28.65	171.08																				2150	969	698	1077	619	1023	658	833	658	389.07	8.98	432.21	40.62	410.64	24.80	284.44	199.49	717.68	330.32	208.45	731.54					743.28	743.28	4.44	4.59	0	0				
07/12/2018	3.3.2	Gaze Project	O4	3	M	Bilingual	G130	06/09/2018	89100	1280 x 720		Raw Data	Ord4_T1_R.avi	190	0	900	720									17946	10:16:06.966	1536226340739800															0			Unclassified	8																									2151	973	636			973	636	783	636	390.65	33.64					284.49	199.25	717.78		-34.01						743.30		4.48		0	4				
07/12/2018	3.3.2	Gaze Project	O4	3	M	Bilingual	G130	06/09/2018	89100	1280 x 720		Raw Data	Ord4_T1_R.avi	190	0	900	720									17954	10:16:06.975	1536226340748156															0	1797		Fixation	8	851	660	1.65	228.81	200.16																				2152	983	650	1041	660	1012	655	822	655	394.52	28.37	417.83	24.16	406.18	26.27	284.47	199.69	718.71	330.34	208.83	732.65					744.31	744.31	4.47	4.61	0	0				
07/12/2018	3.3.2	Gaze Project	O4	3	M	Bilingual	G130	06/09/2018	89100	1280 x 720		Raw Data	Ord4_T1_R.avi	190	0	900	720									17962	10:16:06.983	1536226340756420															0	1798		Fixation	8	829	640	0.89	137.63	268.83																				2153	985	611	1019	640	1002	625	812	625	395.58	44.04	409.21	32.26	402.39	38.15	285.46	203.74	730.45	329.46	203.43	716.32					756.77	756.77	4.44	4.41	0	0				
07/12/2018	3.3.2	Gaze Project	O4	3	M	Bilingual	G130	06/09/2018	89100	1280 x 720		Raw Data	Ord4_T1_R.avi	190	0	900	720									17971	10:16:06.991	1536226340764758															0	1799		Fixation	8	819	640	0.31	180.00	42.37																				2154	994	463	1009	640	1001	551	811	551	399.11	103.57	404.82	32.27	401.96	67.92	284.37	199.81	718.66	330.12	207.86	729.76					744.30	744.30	3.90	4.58	0	0				
07/12/2018	3.3.2	Gaze Project	O4	3	M	Bilingual	G130	06/09/2018	89100	1280 x 720		Raw Data	Ord4_T1_R.avi	190	0	900	720									17979	10:16:07.000	1536226340773111															0	1800		Fixation	8	801	647	0.59	201.31	21.31																				2155	985	620	991	647	988	633	798	633	395.41	40.45	397.62	29.57	396.51	35.01	284.40	199.87	719.28	330.12	208.06	730.35					744.92	744.92	4.51	4.69	0	0				
07/12/2018	3.3.2	Gaze Project	O4	3	M	Bilingual	G130	06/09/2018	89100	1280 x 720		Raw Data	Ord4_T1_R.avi	190	0	900	720									17987	10:16:07.008	1536226340781471															0	1801		Fixation	8	770	645	0.94	176.30	334.98																				2156	987	656	960	645	973	650	783	650	396.01	25.72	385.39	30.22	390.70	27.97	284.20	204.75	734.37	330.23	209.05	733.25					760.75	760.75	4.58	4.65	0	0				
07/12/2018	3.3.2	Gaze Project	O4	3	M	Bilingual	G130	06/09/2018	89100	1280 x 720		Raw Data	Ord4_T1_R.avi	190	0	900	720									17996	10:16:07.016	1536226340789824															0	1802		Fixation	8	808	614	1.49	39.30	223.00																				2157	992	641	998	614	995	627	805	627	398.28	31.76	400.78	42.58	399.53	37.17	284.34	199.97	719.62	330.20	209.13	733.47					745.26	745.26	4.47	4.67	0	0				
07/12/2018	3.3.2	Gaze Project	O4	3	M	Bilingual	G130	06/09/2018	89100	1280 x 720		Raw Data	Ord4_T1_R.avi	190	0	900	720									18004	10:16:07.025	1536226340798090															0	1803		Fixation	8	841	633	1.13	329.99	290.69																				2158	1017	602	1031	633	1024	617	834	617	408.24	47.42	414.01	34.86	411.12	41.14	284.17	204.38	733.28	331.84	209.54	733.86					759.60	759.60	4.53	4.50	0	0				
07/12/2018	3.3.2	Gaze Project	O4	3	M	Bilingual	G130	06/09/2018	89100	1280 x 720		Raw Data	Ord4_T1_R.avi	190	0	900	720									18012	10:16:07.033	1536226340806419															0	1804		Fixation	8	812	640	0.91	193.61	223.62																				2159	1011	631	1002	640	1006	635	816	635	405.64	35.73	402.32	32.15	403.98	33.94	284.16	203.57	730.86	329.30	203.81	717.32					757.06	757.06	4.61	4.50	0	0				
07/12/2018	3.3.2	Gaze Project	O4	3	M	Bilingual	G130	06/09/2018	89100	1280 x 720		Raw Data	Ord4_T1_R.avi	190	0	900	720									18021	10:16:07.041	1536226340814781															0	1805		Fixation	8	812	667	0.81	270.00	76.39																				2160	928	610	1002	667	965	638	775	638	372.70	44.21	402.37	21.25	387.54	32.73	285.16	203.81	730.75	329.28	204.00	717.84					757.06	757.06	4.27	4.46	0	0				
07/12/2018	3.3.2	Gaze Project	O4	3	M	Bilingual	G130	06/09/2018	89100	1280 x 720		Raw Data	Ord4_T1_R.avi	190	0	900	720									18029	10:16:07.050	1536226340823137															0	1806		Fixation	8	830	643	0.92	53.22	143.22																				2161	1009	632	1020	643	1014	637	824	637	405.01	35.38	409.58	30.96	407.29	33.17	284.22	200.23	720.43	329.23	203.89	717.89					746.11	746.11	4.47	4.63	0	0				
07/12/2018	3.3.2	Gaze Project	O4	3	M	Bilingual	G130	06/09/2018	89100	1280 x 720		Raw Data	Ord4_T1_R.avi	190	0	900	720									18037	10:16:07.058	1536226340831405															0	1807		Fixation	8	789	641	1.27	177.20	123.98																				2162	976	631	979	641	977	636	787	636	391.61	35.73	393.14	31.93	392.37	33.83	284.19	200.27	720.59	329.20	203.90	717.89					746.28	746.28	4.55	4.48	0	0				
07/12/2018	3.3.2	Gaze Project	O4	3	M	Bilingual	G130	06/09/2018	89100	1280 x 720		Raw Data	Ord4_T1_R.avi	190	0	900	720									18046	10:16:07.066	1536226340839744															0	1808		Fixation	8	817	654	0.94	335.02	157.83																				2163	1017	572	1007	654	1012	613	822	613	408.38	59.41	404.30	26.67	406.34	43.04	284.15	200.15	720.64	329.18	204.17	718.28					746.29	746.29	4.44	4.59	0	0				
07/12/2018	3.3.2	Gaze Project	O4	3	M	Bilingual	G130	06/09/2018	89100	1280 x 720		Raw Data	Ord4_T1_R.avi	190	0	900	720									18054	10:16:07.075	1536226340848091															0	1809		Fixation	8	823	640	0.47	66.87	91.84																				2164	984	593	1013	640	998	616	808	616	395.18	50.99	406.46	32.33	400.82	41.66	284.12	200.14	720.65	329.14	204.05	718.33					746.29	746.29	4.43	4.56	0	0				
07/12/2018	3.3.2	Gaze Project	O4	3	M	Bilingual	G130	06/09/2018	89100	1280 x 720		Raw Data	Ord4_T1_R.avi	190	0	900	720									18062	10:16:07.083	1536226340856440															0			Unclassified	8																									2165	994	644			994	644	804	644	399.05	30.65					284.10	200.43	721.17		-34.01						746.87		4.48		0	4				
07/12/2018	3.3.2	Gaze Project	O4	3	M	Bilingual	G130	06/09/2018	89100	1280 x 720		Raw Data	Ord4_T1_R.avi	190	0	900	720									18071	10:16:07.091	1536226340864806															0	1810		Fixation	8	850	626	0.93	27.48	320.61																				2166			1040	626	1040	626	850	626			417.45	37.76						329.78	208.77	732.26						0.00		4.68	4	0				
07/12/2018	3.3.2	Gaze Project	O4	3	M	Bilingual	G130	06/09/2018	89100	1280 x 720		Raw Data	Ord4_T1_R.avi	190	0	900	720									18079	10:16:07.100	1536226340873076															0			Unclassified	8																									2167	985	626			985	626	795	626	395.43	37.66					285.21	205.10	734.87		-34.01						761.37		4.61		0	4				
07/12/2018	3.3.2	Gaze Project	O4	3	M	Bilingual	G130	06/09/2018	89100	1280 x 720		Raw Data	Ord4_T1_R.avi	190	0	900	720									18087	10:16:07.108	1536226340881406															0			Unclassified	8																									2168	985	599			985	599	795	599	395.49	48.65					283.86	204.87	735.06		-34.01						761.43		4.57		0	4				
07/12/2018	3.3.2	Gaze Project	O4	3	M	Bilingual	G130	06/09/2018	89100	1280 x 720		Raw Data	Ord4_T1_R.avi	190	0	900	720									18096	10:16:07.116	1536226340889763															0			Unclassified	8																									2169	971	598			971	598	781	598	389.95	49.03					283.78	205.20	735.94		-34.01						762.37		4.45		0	4				
07/12/2018	3.3.2	Gaze Project	O4	3	M	Bilingual	G130	06/09/2018	89100	1280 x 720		Raw Data	Ord4_T1_R.avi	190	0	900	720									18104	10:16:07.125	1536226340898121															0	1811		Fixation	8	764	615	2.65	172.69	145.20																				2170	906	542	954	615	930	578	740	578	363.54	71.73	382.94	42.43	373.24	57.08	283.90	200.67	721.93	328.88	204.47	719.07					747.66	747.66	4.50	4.73	0	0				
07/12/2018	3.3.2	Gaze Project	O4	3	M	Bilingual	G130	06/09/2018	89100	1280 x 720		Raw Data	Ord4_T1_R.avi	190	0	900	720									18112	10:16:07.133	1536226340906400															0	1812		Fixation	8	748	604	0.60	145.41	332.72																				2171	927	620	938	604	932	612	742	612	372.22	40.21	376.34	46.60	374.28	43.40	283.73	204.42	733.59	328.83	204.56	719.30					759.89	759.89	4.49	4.57	0	0				
07/12/2018	3.3.2	Gaze Project	O4	3	M	Bilingual	G130	06/09/2018	89100	1280 x 720		Raw Data	Ord4_T1_R.avi	190	0	900	720									18121	10:16:07.141	1536226340914737															0	1813		Fixation	8	774	576	1.19	47.21	261.81																				2172	927	496	964	576	945	536	755	536	372.02	90.31	386.90	57.96	379.46	74.14	283.70	204.94	735.16	328.79	204.45	719.35					761.54	761.54	4.42	4.48	0	0				
07/12/2018	3.3.2	Gaze Project	O4	3	M	Bilingual	G130	06/09/2018	89100	1280 x 720		Raw Data	Ord4_T1_R.avi	190	0	900	720									18129	10:16:07.150	1536226340923074															0	1814		Fixation	8	736	593	1.30	204.17	156.96																				2173	927	559	926	593	926	576	736	576	372.02	64.76	371.60	51.26	371.81	58.01	283.69	204.63	734.28	328.77	204.43	719.36					760.62	760.62	4.52	4.46	0	0				
07/12/2018	3.3.2	Gaze Project	O4	3	M	Bilingual	G130	06/09/2018	89100	1280 x 720		Raw Data	Ord4_T1_R.avi	190	0	900	720									18137	10:16:07.158	1536226340931433															0			Unclassified	8																									2174	942	473			942	473	752	473	377.96	99.29					283.81	200.99	722.95		-34.01						748.73		4.09		0	4				
07/12/2018	3.3.2	Gaze Project	O4	3	M	Bilingual	G130	06/09/2018	89100	1280 x 720		Raw Data	Ord4_T1_R.avi	190	0	900	720									18146	10:16:07.166	1536226340939790															0	1815		Fixation	8	773	565	1.45	37.21	193.03																				2175	1058	414	963	565	1010	489	820	489	424.61	123.29	386.62	62.32	405.62	92.81	283.74	201.11	722.91	328.78	204.76	720.02					748.72	748.72	3.88	4.52	0	0				
07/12/2018	3.3.2	Gaze Project	O4	3	M	Bilingual	G130	06/09/2018	89100	1280 x 720		Raw Data	Ord4_T1_R.avi	190	0	900	720									18154	10:16:07.175	1536226340948050															0	1816		Fixation	8	768	604	1.21	262.72	225.51																				2176	948	561	958	604	953	582	763	582	380.49	64.02	384.54	46.58	382.52	55.30	283.77	201.01	723.07	328.73	204.88	719.97					748.84	748.84	4.39	4.58	0	0				
07/12/2018	3.3.2	Gaze Project	O4	3	M	Bilingual	G130	06/09/2018	89100	1280 x 720		Raw Data	Ord4_T1_R.avi	190	0	900	720									18162	10:16:07.183	1536226340956395															0	1817		Fixation	8	790	564	1.41	61.27	158.55																				2177	937	501	980	564	958	532	768	532	376.18	88.00	393.56	62.88	384.87	75.44	283.58	205.82	738.01	328.74	204.77	720.10					764.52	764.52	4.45	4.48	0	0				
07/12/2018	3.3.2	Gaze Project	O4	3	M	Bilingual	G130	06/09/2018	89100	1280 x 720		Raw Data	Ord4_T1_R.avi	190	0	900	720									18171	10:16:07.191	1536226340964743															0			Unclassified	8																									2178	929	477			929	477	739	477	373.00	97.78					283.55	206.50	740.07		-34.01						766.69		4.52		0	4				
07/12/2018	3.3.2	Gaze Project	O4	3	M	Bilingual	G130	06/09/2018	89100	1280 x 720		Raw Data	Ord4_T1_R.avi	190	0	900	720									18179	10:16:07.200	1536226340973101															0	1818		Fixation	8	780	597	1.06	253.19	191.93																				2179			970	597	970	597	780	597			389.22	49.37						328.65	204.85	720.07						0.00		4.65	4	0				
07/12/2018	3.3.2	Gaze Project	O4	3	M	Bilingual	G130	06/09/2018	89100	1280 x 720		Raw Data	Ord4_T1_R.avi	190	0	900	720									18187	10:16:07.208	1536226340981460															0	1819		Fixation	8	816	547	1.89	54.33	161.14																				2180	950	520	1006	547	978	533	788	533	381.44	80.60	403.67	69.47	392.55	75.03	283.73	201.28	724.01	329.55	210.31	736.99					749.82	749.82	4.55	4.63	0	0				
07/12/2018	3.3.2	Gaze Project	O4	3	M	Bilingual	G130	06/09/2018	89100	1280 x 720		Raw Data	Ord4_T1_R.avi	190	0	900	720									18196	10:16:07.216	1536226340989719															0	1820		Fixation	8	814	583	1.08	266.83	212.50																				2181	937	605	1004	583	970	594	780	594	375.96	46.37	402.85	55.23	389.40	50.80	283.73	201.18	723.76	329.49	209.92	735.86					749.55	749.55	4.53	4.49	0	0				
07/12/2018	3.3.2	Gaze Project	O4	3	M	Bilingual	G130	06/09/2018	89100	1280 x 720		Raw Data	Ord4_T1_R.avi	190	0	900	720									18204	10:16:07.225	1536226340998052															0	1821		Fixation	8	750	541	2.31	146.64	239.81																				2182	941	598	940	541	940	569	750	569	377.92	49.14	377.44	72.13	377.68	60.63	283.74	201.19	723.81	329.46	209.73	735.36					749.61	749.61	4.54	4.64	0	0				
07/12/2018	3.3.2	Gaze Project	O4	3	M	Bilingual	G130	06/09/2018	89100	1280 x 720		Raw Data	Ord4_T1_R.avi	190	0	900	720									18212	10:16:07.233	1536226341006415															0	1822		Fixation	8	735	602	1.92	256.23	109.59																				2183			925	602	925	602	735	602			371.11	47.41						328.73	204.90	720.74						0.00		4.59	4	0				
07/12/2018	3.3.2	Gaze Project	O4	3	M	Bilingual	G130	06/09/2018	89100	1280 x 720		Raw Data	Ord4_T1_R.avi	190	0	900	720									18221	10:16:07.241	1536226341014775															0	1823		Fixation	8	752	568	1.17	63.51	167.28																				2184	958	574	942	568	950	571	760	571	384.66	58.60	378.17	61.27	381.42	59.94	283.76	201.30	724.15	328.76	205.05	721.19					749.96	749.96	4.48	4.52	0	0				
07/12/2018	3.3.2	Gaze Project	O4	3	M	Bilingual	G130	06/09/2018	89100	1280 x 720		Raw Data	Ord4_T1_R.avi	190	0	900	720									18229	10:16:07.250	1536226341023041															0	1824		Fixation	8	766	553	0.64	47.07	343.56																				2185	931	560	956	553	943	556	753	556	373.58	64.43	383.85	67.42	378.72	65.93	283.77	201.31	724.17	328.77	205.08	721.29					749.98	749.98	4.59	4.59	0	0				
07/12/2018	3.3.2	Gaze Project	O4	3	M	Bilingual	G130	06/09/2018	89100	1280 x 720		Raw Data	Ord4_T1_R.avi	190	0	900	720									18237	10:16:07.258	1536226341031387															0	1825		Fixation	8	813	586	1.74	324.84	277.77																				2186	922	514	1003	586	962	550	772	550	370.11	82.80	402.65	54.05	386.38	68.42	283.78	201.19	724.22	329.50	209.83	735.69					749.99	749.99	4.45	4.57	0	0				
07/12/2018	3.3.2	Gaze Project	O4	3	M	Bilingual	G130	06/09/2018	89100	1280 x 720		Raw Data	Ord4_T1_R.avi	190	0	900	720									18246	10:16:07.266	1536226341039723															0	1826		Fixation	8	737	605	2.41	194.08	229.24																				2187	941	527	927	605	934	566	744	566	377.74	77.82	372.03	46.50	374.89	62.16	283.79	201.40	724.40	328.78	205.03	721.13					750.23	750.23	4.44	4.65	0	0				
07/12/2018	3.3.2	Gaze Project	O4	3	M	Bilingual	G130	06/09/2018	89100	1280 x 720		Raw Data	Ord4_T1_R.avi	190	0	900	720									18254	10:16:07.275	1536226341048070															0	1827		Fixation	8	765	558	1.69	59.30	225.22																				2188	899	605	955	558	927	581	737	581	360.93	46.48	383.24	65.13	372.09	55.80	283.81	201.28	724.45	328.79	204.91	721.18					750.24	750.24	4.52	4.50	0	0				
07/12/2018	3.3.2	Gaze Project	O4	3	M	Bilingual	G130	06/09/2018	89100	1280 x 720		Raw Data	Ord4_T1_R.avi	190	0	900	720									18262	10:16:07.283	1536226341056439															0			Unclassified	8																									2189	910	546			910	546	720	546	365.23	69.87					283.83	201.29	724.45		-34.01						750.24		4.41		0	4				
07/12/2018	3.3.2	Gaze Project	O4	3	M	Bilingual	G130	06/09/2018	89100	1280 x 720		Raw Data	Ord4_T1_R.avi	190	0	900	720									18265	10:16:07.285										6	MovieEnd	Ord4_T1_R.avi							Unclassified	8																																																											
07/12/2018	3.3.2	Gaze Project	O4	3	M	Bilingual	G130	06/09/2018	89100	1280 x 720		Raw Data														18271	10:16:07.291	1536226341064711															0	1828		Fixation	8			1.59	231.43	172.13																				2190	924	522	923	598	923	560			370.97	79.59	370.54	48.93	370.76	64.26	283.86	201.53	724.77	328.83	204.92	721.17					750.62	750.62	4.44	4.54	0	0				
07/12/2018	3.3.2	Gaze Project	O4	3	M	Bilingual	G130	06/09/2018	89100	1280 x 720		Raw Data														18279	10:16:07.300	1536226341073068															0	1829		Fixation	8			0.56	56.39	184.96																				2191			933	583	933	583					374.68	55.00						328.75	205.15	721.08						0.00		4.60	4	0				
07/12/2018	3.3.2	Gaze Project	O4	3	M	Bilingual	G130	06/09/2018	89100	1280 x 720		Raw Data														18287	10:16:07.308	1536226341081396															0	1830		Fixation	8			1.19	272.93	216.53																				2192	962	540	935	622	948	581			386.00	72.49	375.45	39.47	380.73	55.98	283.91	201.41	724.82	328.73	205.15	721.08					750.63	750.63	4.63	4.75	0	0				
07/12/2018	3.3.2	Gaze Project	O4	3	M	Bilingual	G130	06/09/2018	89100	1280 x 720		Raw Data														18296	10:16:07.316	1536226341089753															0	1831		Fixation	8			2.46	50.65	137.72																				2193	908	554	986	560	947	557			364.41	66.84	395.83	64.57	380.12	65.71	283.93	201.40	724.82	329.64	209.77	735.55					750.63	750.63	4.47	4.52	0	0				
07/12/2018	3.3.2	Gaze Project	O4	3	M	Bilingual	G130	06/09/2018	89100	1280 x 720		Raw Data														18304	10:16:07.325	1536226341098113															0	1832		Fixation	8			3.15	121.45	70.80																				2194	938	427	932	472	935	449			376.50	117.83	374.11	99.85	375.30	108.84	283.96	201.55	724.88	328.97	205.32	722.08					750.73	750.73	3.96	3.95	0	0				
07/12/2018	3.3.2	Gaze Project	O4	3	M	Bilingual	G130	06/09/2018	89100	1280 x 720		Raw Data														18312	10:16:07.333	1536226341106374															0			Unclassified	8																									2195	956	578			956	578			383.60	57.29					283.98	201.66	724.83		-34.01						750.73		4.40		0	4				
07/12/2018	3.3.2	Gaze Project	O4	3	M	Bilingual	G130	06/09/2018	89100	1280 x 720		Raw Data														18321	10:16:07.341	1536226341114706															0	1833		Fixation	8			3.00	270.59	149.14																				2196	916	555	933	569	924	562			367.67	66.27	374.49	60.74	371.08	63.50	284.01	201.53	724.87	329.02	205.18	722.14					750.72	750.72	4.29	4.31	0	0				
07/12/2018	3.3.2	Gaze Project	O4	3	M	Bilingual	G130	06/09/2018	89100	1280 x 720		Raw Data														18329	10:16:07.350	1536226341123070															0	1834		Fixation	8			0.60	231.43	320.84																				2197			921	584	921	584					369.84	54.85						329.05	205.17	722.14						0.00		4.24	4	0				
07/12/2018	3.3.2	Gaze Project	O4	3	M	Bilingual	G130	06/09/2018	89100	1280 x 720		Raw Data														18337	10:16:07.358	1536226341131423															0			Unclassified	8																									2198	970	505			970	505			389.54	86.66					284.07	201.55	724.97		-34.01						750.83		4.25		0	4				
07/12/2018	3.3.2	Gaze Project	O4	3	M	Bilingual	G130	06/09/2018	89100	1280 x 720		Raw Data														18346	10:16:07.366	1536226341139665															0	1835		Fixation	8			1.84	43.73	172.30																				2199	948	337	964	543	956	440			380.53	154.04	386.77	71.21	383.65	112.62	284.09	201.54	724.96	329.60	208.39	731.73					750.82	750.82	3.71	4.33	0	0				
07/12/2018	3.3.2	Gaze Project	O4	3	M	Bilingual	G130	06/09/2018	89100	1280 x 720		Raw Data														18354	10:16:07.375	1536226341148045															0	1836		Fixation	8			1.03	281.94	238.21																				2200	957	586	971	576	964	581			383.96	54.14	389.86	58.04	386.91	56.09	284.12	201.56	725.02	329.14	205.33	722.34					750.88	750.88	4.29	4.17	0	0				
07/12/2018	3.3.2	Gaze Project	O4	3	M	Bilingual	G130	06/09/2018	89100	1280 x 720		Raw Data														18362	10:16:07.383	1536226341156379															0			Unclassified	8																									2201	948	565			948	565			380.39	62.38					284.14	201.56	725.03		-34.01						750.89		4.34		0	4				
07/12/2018	3.3.2	Gaze Project	O4	3	M	Bilingual	G130	06/09/2018	89100	1280 x 720		Raw Data														18371	10:16:07.391	1536226341164742															0	1837		Fixation	8			3.26	126.46	204.52																				2202	922	563	908	491	915	527			370.01	63.39	364.62	92.28	367.32	77.84	284.17	201.44	725.09	329.19	205.33	722.39					750.90	750.90	4.23	4.15	0	0				
07/12/2018	3.3.2	Gaze Project	O4	3	M	Bilingual	G130	06/09/2018	89100	1280 x 720		Raw Data														18379	10:16:07.400	1536226341173092															0	1838		Fixation	8			2.69	293.56	167.10																				2203	921	484	943	571	932	527			369.52	94.96	378.41	59.84	373.96	77.40	284.18	201.53	724.96	329.20	205.21	722.44					750.82	750.82	4.08	4.32	0	0				
07/12/2018	3.3.2	Gaze Project	O4	3	M	Bilingual	G130	06/09/2018	89100	1280 x 720		Raw Data														18387	10:16:07.408	1536226341181362															0	1839		Fixation	8			3.07	15.91	82.35																				2204	938	579	1038	544	988	561			376.60	56.62	416.86	70.70	396.73	63.66	284.20	201.55	725.03	329.21	205.45	722.35					750.89	750.89	4.31	3.85	0	0				
07/12/2018	3.3.2	Gaze Project	O4	3	M	Bilingual	G130	06/09/2018	89100	1280 x 720		Raw Data														18396	10:16:07.416	1536226341189689															0	1840		Fixation	8			2.68	206.94	191.02																				2205	935	574	961	583	948	578			375.14	58.78	385.64	55.28	380.39	57.03	284.22	201.55	725.03	329.24	205.20	722.45					750.89	750.89	4.32	4.27	0	0				
07/12/2018	3.3.2	Gaze Project	O4	3	M	Bilingual	G130	06/09/2018	89100	1280 x 720		Raw Data														18404	10:16:07.425	1536226341198049															0			Unclassified	8																									2206	953	568			953	568			382.56	61.28					284.12	205.05	735.99		-34.01						762.38		4.22		0	4				
07/12/2018	3.3.2	Gaze Project	O4	3	M	Bilingual	G130	06/09/2018	89100	1280 x 720		Raw Data														18412	10:16:07.433	1536226341206404															0	1841		Fixation	8			3.28	94.30	247.37																				2207	936	455	953	477	944	466			375.57	106.86	382.56	97.94	379.06	102.40	284.24	201.55	724.99	329.28	205.36	722.50					750.85	750.85	4.08	4.02	0	0				
07/12/2018	3.3.2	Gaze Project	O4	3	M	Bilingual	G130	06/09/2018	89100	1280 x 720		Raw Data														18421	10:16:07.441	1536226341214764															0	1842		Fixation	8			3.09	255.59	161.29																				2208			928	574	928	574					372.38	58.87						329.71	207.99	730.65						0.00		4.31	4	0				
07/12/2018	3.3.2	Gaze Project	O4	3	M	Bilingual	G130	06/09/2018	89100	1280 x 720		Raw Data														18429	10:16:07.450	1536226341223023															0	1843		Fixation	8			6.94	162.96	267.37																				2209	901	563	712	508	806	535			361.65	63.29	285.92	85.33	323.79	74.31	284.26	201.69	724.94	284.15	204.90	735.44					750.84	750.84	4.23	4.18	0	0				
07/12/2018	3.3.2	Gaze Project	O4	3	M	Bilingual	G130	06/09/2018	89100	1280 x 720		Raw Data														18437	10:16:07.458	1536226341231359															0	1844		Fixation	8			2.57	229.93	66.98																				2210			658	572	658	572					263.93	59.42						284.27	201.57	724.98						0.00		4.30	4	0				
07/12/2018	3.3.2	Gaze Project	O4	3	M	Bilingual	G130	06/09/2018	89100	1280 x 720		Raw Data														18446	10:16:07.466	1536226341239718															0	1845		Fixation	8			8.21	355.45	125.52																				2211	941	559	923	593	932	576			377.85	64.65	370.42	51.29	374.13	57.97	284.28	201.56	724.92	329.76	208.19	731.13					750.79	750.79	4.20	4.31	0	0				
07/12/2018	3.3.2	Gaze Project	O4	3	M	Bilingual	G130	06/09/2018	89100	1280 x 720		Raw Data														18454	10:16:07.475	1536226341248076															0	1846		Fixation	8			0.67	60.01	64.56																				2212	937	535	934	574	935	554			376.03	74.54	374.96	58.89	375.50	66.71	284.28	201.55	724.86	329.80	208.38	731.61					750.73	750.73	4.12	4.32	0	0				
07/12/2018	3.3.2	Gaze Project	O4	3	M	Bilingual	G130	06/09/2018	89100	1280 x 720		Raw Data														18462	10:16:07.483	1536226341256346															0			Unclassified	8																									2213	930	613			930	613			373.24	43.25					284.29	201.56	724.87		-34.01						750.74		4.25		0	4				
07/12/2018	3.3.2	Gaze Project	O4	3	M	Bilingual	G130	06/09/2018	89100	1280 x 720		Raw Data														18471	10:16:07.491	1536226341264686															0	1847		Fixation	8			1.75	74.79	14.78																				2214	945	586	949	519	947	552			379.16	54.02	380.78	80.91	379.97	67.47	284.30	201.55	724.83	329.34	205.40	722.39					750.70	750.70	4.23	4.12	0	0				
07/12/2018	3.3.2	Gaze Project	O4	3	M	Bilingual	G130	06/09/2018	89100	1280 x 720		Raw Data														18479	10:16:07.500	1536226341273032															0	1848		Fixation	8			1.43	261.37	186.58																				2215	935	454	942	565	938	509			375.31	107.10	378.06	62.35	376.68	84.73	284.30	201.43	724.88	329.78	208.13	730.84					750.71	750.71	4.05	4.16	0	0				
07/12/2018	3.3.2	Gaze Project	O4	3	M	Bilingual	G130	06/09/2018	89100	1280 x 720		Raw Data														18487	10:16:07.508	1536226341281373															0	1849		Fixation	8			0.76	274.56	13.18																				2216	907	533	944	590	925	561			363.94	75.20	379.08	52.44	371.51	63.82	284.31	201.43	724.88	329.34	205.29	722.43					750.71	750.71	4.25	4.47	0	0				
07/12/2018	3.3.2	Gaze Project	O4	3	M	Bilingual	G130	06/09/2018	89100	1280 x 720		Raw Data														18496	10:16:07.516	1536226341289745															0	1850		Fixation	8			0.59	222.97	308.41																				2217	911	592	930	603	920	597			365.80	51.47	373.25	47.07	369.52	49.27	284.32	201.54	724.83	329.36	205.33	722.19					750.70	750.70	4.56	4.45	0	0				
07/12/2018	3.3.2	Gaze Project	O4	3	M	Bilingual	G130	06/09/2018	89100	1280 x 720		Raw Data														18504	10:16:07.525	1536226341298009															0	1851		Fixation	8			2.04	11.35	148.37																				2218	942	582	995	590	968	586			378.16	55.70	399.36	52.15	388.76	53.92	284.15	206.64	740.64	329.88	208.63	732.32					767.30	767.30	4.65	4.56	0	0				
07/12/2018	3.3.2	Gaze Project	O4	3	M	Bilingual	G130	06/09/2018	89100	1280 x 720		Raw Data														18512	10:16:07.533	1536226341306343															0			Unclassified	8																									2219	954	475			954	475			382.76	98.81					284.33	201.65	724.79		-34.01						750.70		3.91		0	4				
07/12/2018	3.3.2	Gaze Project	O4	3	M	Bilingual	G130	06/09/2018	89100	1280 x 720		Raw Data														18521	10:16:07.541	1536226341314700															0	1852		Fixation	8			2.28	190.13	178.78																				2220	933	525	922	603	927	564			374.69	78.52	369.96	47.29	372.32	62.90	284.33	201.38	724.45	329.39	205.42	722.15					750.29	750.29	4.07	4.51	0	0				
07/12/2018	3.3.2	Gaze Project	O4	3	M	Bilingual	G130	06/09/2018	89100	1280 x 720		Raw Data														18529	10:16:07.550	1536226341323057															0	1853		Fixation	8			2.26	73.79	243.66																				2221	1000	466	943	531	971	498			401.28	102.15	378.71	75.98	389.99	89.06	284.32	201.50	724.41	333.72	215.22	751.09					750.29	750.29	3.75	4.55	0	0				
07/12/2018	3.3.2	Gaze Project	O4	3	M	Bilingual	G130	06/09/2018	89100	1280 x 720		Raw Data														18537	10:16:07.558	1536226341331339															0			Unclassified	8																									2222	938	508			938	508			376.42	85.34					284.35	201.36	724.47		-34.01						750.30		4.09		0	4				
07/12/2018	3.3.2	Gaze Project	O4	3	M	Bilingual	G130	06/09/2018	89100	1280 x 720		Raw Data														18546	10:16:07.566	1536226341339675															0	1854		Fixation	8			3.46	54.84	341.06																				2223	942	507	1008	439	975	473			378.03	85.80	404.61	113.28	391.32	99.54	284.36	201.31	724.38	329.38	205.03	721.59					750.20	750.20	4.05	3.82	0	0				
07/12/2018	3.3.2	Gaze Project	O4	3	M	Bilingual	G130	06/09/2018	89100	1280 x 720		Raw Data														18554	10:16:07.575	1536226341348004															0	1855		Fixation	8			2.60	248.39	193.54																				2224	965	323	977	517	971	420			387.29	159.93	392.33	81.68	389.81	120.80	284.37	201.30	724.35	330.21	210.33	737.66					750.17	750.17	3.55	4.46	0	0				
07/12/2018	3.3.2	Gaze Project	O4	3	M	Bilingual	G130	06/09/2018	89100	1280 x 720		Raw Data														18562	10:16:07.583	1536226341356371															0	1856		Fixation	8			3.48	241.71	353.32																				2225	975	405	923	617	949	511			391.37	126.95	370.38	41.55	380.88	84.25	285.72	206.60	739.88	329.36	205.14	721.55					766.61	766.61	3.61	4.39	0	0				
07/12/2018	3.3.2	Gaze Project	O4	3	M	Bilingual	G130	06/09/2018	89100	1280 x 720		Raw Data														18564	10:16:07.585										7	InstructionStart	Instruction Element					1856		Fixation	8			3.48	241.71	353.32																																																						
07/12/2018	3.3.2	Gaze Project	O4	3	M	Bilingual	G130	06/09/2018	89100	1280 x 720		Raw Data														18571	10:16:07.591	1536226341364728															0	1857		Fixation	8			3.04	49.18	167.47																				2226	946	448	988	542	967	495			379.77	109.35	396.60	71.79	388.18	90.57	284.39	201.27	724.26	330.23	210.25	737.43					750.08	750.08	3.85	4.36	0	0				
07/12/2018	3.3.2	Gaze Project	O4	3	M	Bilingual	G130	06/09/2018	89100	1280 x 720		Raw Data														18579	10:16:07.600	1536226341372991															0			Unclassified	8																									2227	941	421			941	421			377.74	120.61					284.38	201.20	724.06		-34.01						749.87		3.71		0	4				
07/12/2018	3.3.2	Gaze Project	O4	3	M	Bilingual	G130	06/09/2018	89100	1280 x 720		Raw Data														18587	10:16:07.608	1536226341381334															0	1858		Fixation	8			2.21	205.57	156.39																				2228	939	560	923	573	931	566			377.03	64.25	370.35	59.05	373.69	61.65	284.39	201.15	723.87	329.93	207.98	730.80					749.67	749.67	4.06	4.23	0	0				
07/12/2018	3.3.2	Gaze Project	O4	3	M	Bilingual	G130	06/09/2018	89100	1280 x 720		Raw Data														18596	10:16:07.616	1536226341389679															0	1859		Fixation	8			0.48	270.00	64.43																				2229	948	502	923	589	935	545			380.54	87.60	370.32	52.90	375.43	70.25	284.41	201.16	723.84	329.91	207.80	730.22					749.64	749.64	4.19	4.22	0	0				
07/12/2018	3.3.2	Gaze Project	O4	3	M	Bilingual	G130	06/09/2018	89100	1280 x 720		Raw Data														18604	10:16:07.625	1536226341398041															0	1860		Fixation	8			3.89	82.28	172.28																				2230	948	558	940	464	944	511			380.59	65.39	377.33	102.99	378.96	84.19	284.42	201.13	723.70	329.47	204.91	721.28					749.51	749.51	4.11	3.91	0	0				
07/12/2018	3.3.2	Gaze Project	O4	3	M	Bilingual	G130	06/09/2018	89100	1280 x 720		Raw Data														18612	10:16:07.633	1536226341406396															0			Unclassified	8																									2231	910	610			910	610			365.23	44.11					284.43	201.16	723.72		-34.01						749.53		4.23		0	4				
07/12/2018	3.3.2	Gaze Project	O4	3	M	Bilingual	G130	06/09/2018	89100	1280 x 720		Raw Data														18621	10:16:07.641	1536226341414658															0			Unclassified	8																									2232	967	473			967	473			388.29	99.56					284.44	201.13	723.56		-34.01						749.37		3.86		0	4				
07/12/2018	3.3.2	Gaze Project	O4	3	M	Bilingual	G130	06/09/2018	89100	1280 x 720		Raw Data														18629	10:16:07.650	1536226341422996															0	1861		Fixation	8			4.37	275.25	192.97																				2233	948	584	953	605	950	594			380.61	54.87	382.58	46.38	381.59	50.62	284.46	201.14	723.52	329.53	204.83	721.31					749.34	749.34	4.14	4.14	0	0				
07/12/2018	3.3.2	Gaze Project	O4	3	M	Bilingual	G130	06/09/2018	89100	1280 x 720		Raw Data														18637	10:16:07.658	1536226341431353															0	1862		Fixation	8			1.63	98.56	183.31																				2234	941	553	945	552	943	552			377.83	67.37	379.13	67.82	378.48	67.59	284.39	203.79	731.82	329.94	207.40	728.86					758.04	758.04	3.99	4.29	0	0				
07/12/2018	3.3.2	Gaze Project	O4	3	M	Bilingual	G130	06/09/2018	89100	1280 x 720		Raw Data														18646	10:16:07.666	1536226341439709															0	1863		Fixation	8			3.94	106.82	8.26																				2235	921	453	908	430	914	441			369.89	107.61	364.59	116.63	367.24	112.12	284.49	201.11	723.30	329.61	205.09	721.21					749.12	749.12	3.63	3.87	0	0				
07/12/2018	3.3.2	Gaze Project	O4	3	M	Bilingual	G130	06/09/2018	89100	1280 x 720		Raw Data														18654	10:16:07.675	1536226341447970															0			Unclassified	8																									2236	915	575			915	575			367.41	58.26					284.51	201.26	723.24		-34.01						749.11		4.28		0	4				
07/12/2018	3.3.2	Gaze Project	O4	3	M	Bilingual	G130	06/09/2018	89100	1280 x 720		Raw Data														18662	10:16:07.683	1536226341456325															0			Unclassified	8																									2237	1004	583			1004	583			402.85	55.12					284.52	201.03	723.33		-34.01						749.12		4.04		0	4				
07/12/2018	3.3.2	Gaze Project	O4	3	M	Bilingual	G130	06/09/2018	89100	1280 x 720		Raw Data														18671	10:16:07.691	1536226341464659															0	1864		Fixation	8			4.18	286.36	179.54																				2238	886	572	946	559	916	565			355.64	59.62	379.59	64.69	367.61	62.16	284.54	201.07	722.94	329.60	204.77	720.50					748.77	748.77	4.36	4.47	0	0				
07/12/2018	3.3.2	Gaze Project	O4	3	M	Bilingual	G130	06/09/2018	89100	1280 x 720		Raw Data														18679	10:16:07.700	1536226341473023															0	1865		Fixation	8			1.78	230.03	303.67																				2239	927	571	909	603	918	587			371.97	59.99	364.91	47.16	368.44	53.58	284.56	201.10	722.98	329.62	204.78	720.50					748.82	748.82	4.28	4.42	0	0				
07/12/2018	3.3.2	Gaze Project	O4	3	M	Bilingual	G130	06/09/2018	89100	1280 x 720		Raw Data														18687	10:16:07.708	1536226341481369															0	1866		Fixation	8			2.58	32.24	162.21																				2240			979	559	979	559					392.98	64.70						329.60	204.92	720.45						0.00		4.50	4	0				
07/12/2018	3.3.2	Gaze Project	O4	3	M	Bilingual	G130	06/09/2018	89100	1280 x 720		Raw Data														18696	10:16:07.716	1536226341489648															0	1867		Fixation	8			2.38	237.84	205.61																				2241	927	575	938	624	932	599			372.02	58.31	376.41	38.83	374.21	48.57	284.58	201.00	723.02	329.63	204.92	720.44					748.82	748.82	4.45	4.33	0	0				
07/12/2018	3.3.2	Gaze Project	O4	3	M	Bilingual	G130	06/09/2018	89100	1280 x 720		Raw Data														18704	10:16:07.725	1536226341498006															0	1868		Fixation	8			1.84	38.30	160.46																				2242	930	415	985	587	957	501			373.20	122.77	395.39	53.53	384.29	88.15	284.61	201.17	723.09	330.45	209.69	735.33					748.94	748.94	3.60	4.60	0	0				
07/12/2018	3.3.2	Gaze Project	O4	3	M	Bilingual	G130	06/09/2018	89100	1280 x 720		Raw Data														18712	10:16:07.733	1536226341506334															0	1869		Fixation	8			1.55	145.29	106.99																				2243	958	370	943	558	950	464			384.51	141.09	378.45	65.38	381.48	103.23	284.65	201.29	723.04	329.67	204.59	719.90					748.93	748.93	3.51	4.34	0	0				
07/12/2018	3.3.2	Gaze Project	O4	3	M	Bilingual	G130	06/09/2018	89100	1280 x 720		Raw Data														18721	10:16:07.741	1536226341514693															0	1870		Fixation	8			1.76	217.16	71.87																				2244	950	578	898	592	924	585			381.22	57.31	360.64	51.44	370.93	54.37	284.65	201.07	722.80	329.70	204.58	719.91					748.64	748.64	4.25	4.50	0	0				
07/12/2018	3.3.2	Gaze Project	O4	3	M	Bilingual	G130	06/09/2018	89100	1280 x 720		Raw Data														18729	10:16:07.750	1536226341523047															0			Unclassified	8																									2245	937	543			937	543			376.19	71.22					284.68	201.04	722.77		-34.01						748.60		4.20		0	4				
07/12/2018	3.3.2	Gaze Project	O4	3	M	Bilingual	G130	06/09/2018	89100	1280 x 720		Raw Data														18737	10:16:07.758	1536226341531313															0			Unclassified	8																									2246	936	525			936	525			375.53	78.68					284.71	200.91	722.42		-34.01						748.23		4.28		0	4				
07/12/2018	3.3.2	Gaze Project	O4	3	M	Bilingual	G130	06/09/2018	89100	1280 x 720		Raw Data														18746	10:16:07.766	1536226341539646															0	1871		Fixation	8			1.22	5.87	148.71																				2247	953	594	937	588	945	591			382.73	50.77	375.96	53.15	379.35	51.96	284.73	200.86	722.31	329.79	204.42	719.98					748.11	748.11	4.40	4.54	0	0				
07/12/2018	3.3.2	Gaze Project	O4	3	M	Bilingual	G130	06/09/2018	89100	1280 x 720		Raw Data														18754	10:16:07.775	1536226341548004															0	1872		Fixation	8			0.89	190.16	184.28																				2248	948	526	909	593	928	559			380.34	77.98	365.03	51.27	372.68	64.62	284.77	200.86	722.36	329.83	204.64	719.89					748.16	748.16	4.34	4.43	0	0				
07/12/2018	3.3.2	Gaze Project	O4	3	M	Bilingual	G130	06/09/2018	89100	1280 x 720		Raw Data														18762	10:16:07.783	1536226341556361															0	1873		Fixation	8			2.32	30.78	200.62																				2249	922	549	973	555	947	552			370.16	68.97	390.61	66.36	380.39	67.67	284.81	200.82	722.31	329.86	204.38	719.99					748.10	748.10	4.31	4.34	0	0				
07/12/2018	3.3.2	Gaze Project	O4	3	M	Bilingual	G130	06/09/2018	89100	1280 x 720		Raw Data														18771	10:16:07.791	1536226341564630															0	1874		Fixation	8			2.07	202.02	171.24																				2250	943	572	911	580	927	576			378.67	59.67	365.49	56.44	372.08	58.05	284.84	200.69	722.36	330.63	209.00	733.73					748.11	748.11	4.17	4.68	0	0				
07/12/2018	3.3.2	Gaze Project	O4	3	M	Bilingual	G130	06/09/2018	89100	1280 x 720		Raw Data														18779	10:16:07.800	1536226341572975															0	1875		Fixation	8			1.07	48.60	206.57																				2251			934	554	934	554					375.07	66.93						329.95	204.32	719.59						0.00		4.42	4	0				
07/12/2018	3.3.2	Gaze Project	O4	3	M	Bilingual	G130	06/09/2018	89100	1280 x 720		Raw Data														18787	10:16:07.808	1536226341581313															0	1876		Fixation	8			1.16	261.06	212.46																				2252	990	578	928	592	959	585			397.27	57.06	372.47	51.58	384.87	54.32	287.85	212.06	755.82	333.78	212.93	744.66					783.54	783.54	4.73	4.78	0	0				
07/12/2018	3.3.2	Gaze Project	O4	3	M	Bilingual	G130	06/09/2018	89100	1280 x 720		Raw Data														18796	10:16:07.816	1536226341589682															0	1877		Fixation	8			2.83	68.15	167.09																				2253	973	587	963	505	968	546			390.37	53.70	386.40	86.60	388.39	70.15	284.84	204.38	733.63	330.86	209.52	735.47					759.96	759.96	4.30	4.40	0	0				
07/12/2018	3.3.2	Gaze Project	O4	3	M	Bilingual	G130	06/09/2018	89100	1280 x 720		Raw Data														18804	10:16:07.825	1536226341598033															0	1878		Fixation	8			1.51	220.95	152.80																				2254	885	565	926	537	905	551			355.19	62.33	371.73	73.86	363.46	68.09	284.94	200.68	722.07	330.53	207.54	729.63					747.84	747.84	4.41	4.48	0	0				
07/12/2018	3.3.2	Gaze Project	O4	3	M	Bilingual	G130	06/09/2018	89100	1280 x 720		Raw Data														18812	10:16:07.833	1536226341606299															0	1879		Fixation	8			3.39	152.43	291.48																				2255	801	563	828	486	814	524			321.64	63.02	332.42	94.16	327.03	78.59	284.84	200.56	721.63	330.88	210.77	739.14					747.38	747.38	4.53	4.74	0	0				
07/12/2018	3.3.2	Gaze Project	O4	3	M	Bilingual	G130	06/09/2018	89100	1280 x 720		Raw Data														18821	10:16:07.841	1536226341614643															0	1880		Fixation	8			3.52	188.66	36.23																				2256			716	503	716	503					287.42	87.25						329.68	204.13	719.13						0.00		4.45	4	0				
07/12/2018	3.3.2	Gaze Project	O4	3	M	Bilingual	G130	06/09/2018	89100	1280 x 720		Raw Data														18829	10:16:07.850	1536226341622984															0	1881		Fixation	8			1.67	168.02	339.36																				2257	707	561	664	492	685	526			283.99	64.08	266.59	91.89	275.29	77.99	284.62	200.45	721.67	329.54	204.07	718.95					747.37	747.37	4.37	4.44	0	0				
07/12/2018	3.3.2	Gaze Project	O4	3	M	Bilingual	G130	06/09/2018	89100	1280 x 720		Raw Data														18837	10:16:07.858	1536226341631344															0	1882		Fixation	8			1.38	214.13	46.11																				2258	658	527	627	517	642	522			264.03	77.90	251.68	81.77	257.86	79.83	284.58	200.65	721.98	329.49	204.09	718.99					747.73	747.73	4.48	4.50	0	0				
07/12/2018	3.3.2	Gaze Project	O4	3	M	Bilingual	G130	06/09/2018	89100	1280 x 720		Raw Data														18846	10:16:07.866	1536226341639701															0	1883		Fixation	8			1.18	45.09	190.96																				2259	669	485	654	490	661	487			268.71	94.83	262.50	92.56	265.60	93.70	284.54	200.65	722.13	329.45	204.01	718.76					747.87	747.87	4.36	4.44	0	0				
07/12/2018	3.3.2	Gaze Project	O4	3	M	Bilingual	G130	06/09/2018	89100	1280 x 720		Raw Data														18854	10:16:07.875	1536226341647961															0	1884		Fixation	8			3.94	89.12	44.03																				2260	622	523	656	360	639	441			249.62	79.43	263.15	144.86	256.38	112.15	284.31	206.13	739.11	337.70	222.94	774.13					765.69	765.69	4.45	4.87	0	0				
07/12/2018	3.3.2	Gaze Project	O4	3	M	Bilingual	G130	06/09/2018	89100	1280 x 720		Raw Data														18862	10:16:07.883	1536226341656301															0	1885		Fixation	8			3.91	267.79	178.67																				2261	677	555	651	489	664	522			271.57	66.34	261.21	93.08	266.39	79.71	284.40	200.49	722.20	329.33	203.96	718.51					747.87	747.87	4.46	4.57	0	0				
07/12/2018	3.3.2	Gaze Project	O4	3	M	Bilingual	G130	06/09/2018	89100	1280 x 720		Raw Data														18871	10:16:07.891	1536226341664658															0	1886		Fixation	8			0.44	184.10	276.31																				2262	685	542	637	490	661	516			274.87	71.68	255.85	92.58	265.36	82.13	284.32	200.48	722.20	329.23	203.90	718.26					747.87	747.87	4.33	4.55	0	0				
07/12/2018	3.3.2	Gaze Project	O4	3	M	Bilingual	G130	06/09/2018	89100	1280 x 720		Raw Data														18879	10:16:07.900	1536226341673014															0	1887		Fixation	8			1.61	45.88	221.78																				2263	673	417	673	453	673	435			270.05	121.97	270.01	107.43	270.03	114.70	284.23	200.40	721.54	329.12	203.82	718.30					747.22	747.22	3.73	4.36	0	0				
07/12/2018	3.3.2	Gaze Project	O4	3	M	Bilingual	G130	06/09/2018	89100	1280 x 720		Raw Data														18887	10:16:07.908	1536226341681282															0	1888		Fixation	8			1.08	226.26	180.38																				2264	673	458	649	478	661	468			270.33	105.50	260.65	97.56	265.49	101.53	283.94	206.02	738.87	329.01	203.84	718.29					765.42	765.42	4.46	4.55	0	0				
07/12/2018	3.3.2	Gaze Project	O4	3	M	Bilingual	G130	06/09/2018	89100	1280 x 720		Raw Data														18896	10:16:07.916	1536226341689629															0	1889		Fixation	8			0.76	330.18	103.91																				2265	680	493	670	490	675	491			272.76	91.56	269.12	92.59	270.94	92.07	284.01	200.52	721.91	328.89	203.82	717.76					747.60	747.60	4.26	4.56	0	0				
07/12/2018	3.3.2	Gaze Project	O4	3	M	Bilingual	G130	06/09/2018	89100	1280 x 720		Raw Data														18904	10:16:07.925	1536226341697973															0	1890		Fixation	8			2.91	75.86	105.68																				2266	658	439	693	399	675	419			264.25	113.31	278.19	129.09	271.22	121.20	283.91	200.47	721.74	329.82	210.66	738.24					747.41	747.41	4.18	4.63	0	0				
07/12/2018	3.3.2	Gaze Project	O4	3	M	Bilingual	G130	06/09/2018	89100	1280 x 720		Raw Data														18912	10:16:07.933	1536226341706311															0	1891		Fixation	8			1.36	260.78	184.92																				2267	703	508	686	442	694	475			282.00	85.45	275.32	111.91	278.66	98.68	283.78	200.35	721.78	328.66	203.76	717.78					747.42	747.42	4.28	4.42	0	0				
07/12/2018	3.3.2	Gaze Project	O4	3	M	Bilingual	G130	06/09/2018	89100	1280 x 720		Raw Data														18921	10:16:07.941	1536226341714685															0			Unclassified	8																									2268	664	454			664	454			266.68	107.08					283.71	200.50	721.80		-34.01						747.47		4.00		0	4				
07/12/2018	3.3.2	Gaze Project	O4	3	M	Bilingual	G130	06/09/2018	89100	1280 x 720		Raw Data														18929	10:16:07.950	1536226341722936															0	1892		Fixation	8			1.16	86.92	186.13																				2269	660	416	688	405	674	410			264.77	122.57	276.04	127.02	270.41	124.79	283.63	200.50	721.78	329.23	208.76	732.37					747.46	747.46	3.95	4.52	0	0				
07/12/2018	3.3.2	Gaze Project	O4	3	M	Bilingual	G130	06/09/2018	89100	1280 x 720		Raw Data														18937	10:16:07.958	1536226341731269															0	1893		Fixation	8			1.98	234.65	147.74																				2270	634	435	651	457	642	446			254.49	114.83	261.50	105.82	258.00	110.33	286.83	213.54	760.50	328.41	203.85	717.42					788.41	788.41	4.51	4.54	0	0				
07/12/2018	3.3.2	Gaze Project	O4	3	M	Bilingual	G130	06/09/2018	89100	1280 x 720		Raw Data														18946	10:16:07.966	1536226341739639															0	1894		Fixation	8			2.08	68.10	193.45																				2271	694	563	676	395	685	479			278.62	63.13	271.22	131.07	274.92	97.10	283.51	200.63	722.09	329.01	208.24	730.72					747.78	747.78	4.59	4.49	0	0				
07/12/2018	3.3.2	Gaze Project	O4	3	M	Bilingual	G130	06/09/2018	89100	1280 x 720		Raw Data														18954	10:16:07.975	1536226341747998															0	1895		Fixation	8			3.19	277.64	209.54																				2272	650	502	690	499	670	500			261.04	87.79	276.80	89.01	268.92	88.40	283.47	200.55	721.84	334.15	217.46	757.02					747.52	747.52	4.22	4.74	0	0				
07/12/2018	3.3.2	Gaze Project	O4	3	M	Bilingual	G130	06/09/2018	89100	1280 x 720		Raw Data														18962	10:16:07.983	1536226341756355															0	1896		Fixation	8			1.72	82.90	165.26																				2273	671	485	697	443	684	464			269.54	94.63	279.70	111.40	274.62	103.02	283.46	200.56	721.85	328.31	203.90	717.50					747.53	747.53	4.27	4.49	0	0				
07/12/2018	3.3.2	Gaze Project	O4	3	M	Bilingual	G130	06/09/2018	89100	1280 x 720		Raw Data														18971	10:16:07.991	1536226341764619															0	1897		Fixation	8			1.15	151.94	69.05																				2274	678	497	665	426	671	461			271.96	89.78	267.07	118.37	269.52	104.08	283.47	200.55	721.81	328.32	203.86	717.40					747.50	747.50	4.36	4.45	0	0				
07/12/2018	3.3.2	Gaze Project	O4	3	M	Bilingual	G130	06/09/2018	89100	1280 x 720		Raw Data														18979	10:16:08.000	1536226341772950															0	1898		Fixation	8			1.35	245.29	93.35																				2275	638	499	647	465	642	482			256.10	88.84	259.52	102.60	257.81	95.72	283.50	200.61	721.99	328.32	203.72	717.02					747.68	747.68	4.23	4.52	0	0				
07/12/2018	3.3.2	Gaze Project	O4	3	M	Bilingual	G130	06/09/2018	89100	1280 x 720		Raw Data														18987	10:16:08.008	1536226341781313															0	1899		Fixation	8			0.91	239.12	353.82																				2276	682	543	632	490	657	516			273.67	71.36	253.89	92.57	263.78	81.96	283.54	200.53	721.76	328.38	203.76	717.17					747.44	747.44	4.34	4.63	0	0				
07/12/2018	3.3.2	Gaze Project	O4	3	M	Bilingual	G130	06/09/2018	89100	1280 x 720		Raw Data														18996	10:16:08.016	1536226341789665															0	1900		Fixation	8			2.87	61.02	181.91																				2277	704	551	677	409	690	480			282.45	68.20	271.61	125.10	277.03	96.65	283.61	200.58	721.91	329.32	209.48	734.51					747.60	747.60	4.54	4.55	0	0				
07/12/2018	3.3.2	Gaze Project	O4	3	M	Bilingual	G130	06/09/2018	89100	1280 x 720		Raw Data														19004	10:16:08.025	1536226341797932															0	1901		Fixation	8			0.47	180.00	118.98																				2278	667	506	662	409	664	457			267.92	86.02	265.90	125.40	266.91	105.71	283.69	200.60	721.97	328.52	203.67	717.02					747.66	747.66	4.45	4.46	0	0				
07/12/2018	3.3.2	Gaze Project	O4	3	M	Bilingual	G130	06/09/2018	89100	1280 x 720		Raw Data														19012	10:16:08.033	1536226341806279															0	1902		Fixation	8			1.59	245.53	65.53																				2279	664	466	641	455	652	460			266.43	102.19	257.48	106.57	261.96	104.38	283.77	200.53	721.77	328.61	203.67	717.11					747.46	747.46	4.29	4.46	0	0				
07/12/2018	3.3.2	Gaze Project	O4	3	M	Bilingual	G130	06/09/2018	89100	1280 x 720		Raw Data														19021	10:16:08.041	1536226341814627															0	1903		Fixation	8			2.30	303.17	57.64																				2280	687	539	681	516	684	527			275.71	73.06	273.40	81.96	274.56	77.51	283.86	200.41	721.82	328.74	203.70	717.26					747.48	747.48	4.44	4.60	0	0				
07/12/2018	3.3.2	Gaze Project	O4	3	M	Bilingual	G130	06/09/2018	89100	1280 x 720		Raw Data														19029	10:16:08.050	1536226341822984															0	1904		Fixation	8			1.50	99.63	156.46																				2281	659	443	673	469	666	456			264.58	111.52	270.21	101.25	267.40	106.38	283.99	200.53	721.80	328.85	203.68	717.29					747.50	747.50	4.17	4.44	0	0				
07/12/2018	3.3.2	Gaze Project	O4	3	M	Bilingual	G130	06/09/2018	89100	1280 x 720		Raw Data														19037	10:16:08.058	1536226341831334															0	1905		Fixation	8			1.41	239.55	139.92																				2282	683	526	650	508	666	517			274.23	78.15	261.06	85.33	267.65	81.74	283.90	206.64	740.60	328.96	203.54	716.99					767.25	767.25	4.58	4.65	0	0				
07/12/2018	3.3.2	Gaze Project	O4	3	M	Bilingual	G130	06/09/2018	89100	1280 x 720		Raw Data														19046	10:16:08.066	1536226341839601															0	1906		Fixation	8			0.22	98.10	218.55																				2283	694	527	649	501	671	514			278.58	77.91	260.36	88.07	269.47	82.99	284.23	200.44	721.55	329.07	203.40	717.05					747.24	747.24	4.57	4.64	0	0				
07/12/2018	3.3.2	Gaze Project	O4	3	M	Bilingual	G130	06/09/2018	89100	1280 x 720		Raw Data														19054	10:16:08.075	1536226341847938															0	1907		Fixation	8			1.30	35.30	297.20																				2284	661	507	683	477	672	492			265.46	85.84	274.23	98.01	269.84	91.93	284.14	206.78	741.04	329.10	203.62	716.96					767.72	767.72	4.59	4.53	0	0				
07/12/2018	3.3.2	Gaze Project	O4	3	M	Bilingual	G130	06/09/2018	89100	1280 x 720		Raw Data														19062	10:16:08.083	1536226341856292															0	1908		Fixation	8			1.17	103.99	68.69																				2285	689	552	674	441	681	496			276.54	67.65	270.44	112.38	273.49	90.02	284.48	200.53	721.80	329.35	203.55	717.26					747.51	747.51	4.40	4.62	0	0				
07/12/2018	3.3.2	Gaze Project	O4	3	M	Bilingual	G130	06/09/2018	89100	1280 x 720		Raw Data														19071	10:16:08.091	1536226341864648															0	1909		Fixation	8			2.29	271.56	167.57																				2286	690	419	676	514	683	466			277.08	121.35	271.29	83.03	274.19	102.19	284.59	200.43	721.47	329.46	203.42	717.32					747.17	747.17	4.09	4.64	0	0				
07/12/2018	3.3.2	Gaze Project	O4	3	M	Bilingual	G130	06/09/2018	89100	1280 x 720		Raw Data														19079	10:16:08.100	1536226341872916															0	1910		Fixation	8			1.62	97.79	186.23																				2287	643	521	669	463	656	492			258.08	79.97	268.72	103.52	263.40	91.75	284.55	205.38	736.73	329.59	203.41	717.32					763.20	763.20	4.56	4.46	0	0				
07/12/2018	3.3.2	Gaze Project	O4	3	M	Bilingual	G130	06/09/2018	89100	1280 x 720		Raw Data														19087	10:16:08.108	1536226341881264															0	1911		Fixation	8			0.80	295.49	197.70																				2288	680	538	680	486	680	512			272.84	73.32	272.81	94.32	272.83	83.82	284.81	200.44	721.44	329.72	203.57	717.46					747.16	747.16	4.44	4.66	0	0				
07/12/2018	3.3.2	Gaze Project	O4	3	M	Bilingual	G130	06/09/2018	89100	1280 x 720		Raw Data														19096	10:16:08.116	1536226341889595															0	1912		Fixation	8			1.60	123.61	188.12																				2289	673	468	652	444	662	456			270.04	101.54	261.73	111.02	265.89	106.28	284.92	200.37	721.20	329.81	203.54	717.40					746.91	746.91	4.24	4.64	0	0				
07/12/2018	3.3.2	Gaze Project	O4	3	M	Bilingual	G130	06/09/2018	89100	1280 x 720		Raw Data														19104	10:16:08.125	1536226341897962															0	1913		Fixation	8			1.65	278.72	155.11																				2290	696	403	660	496	678	449			279.34	127.83	265.02	90.04	272.18	108.93	285.00	200.43	721.33	329.91	203.56	717.48					747.06	747.06	4.13	4.58	0	0				
07/12/2018	3.3.2	Gaze Project	O4	3	M	Bilingual	G130	06/09/2018	89100	1280 x 720		Raw Data														19112	10:16:08.133	1536226341906318															0	1914		Fixation	8			0.57	209.44	290.72																				2291	664	403	644	505	654	454			266.60	127.54	258.58	86.50	262.59	107.02	285.08	200.43	721.33	329.97	203.46	717.22					747.06	747.06	4.12	4.72	0	0				
07/12/2018	3.3.2	Gaze Project	O4	3	M	Bilingual	G130	06/09/2018	89100	1280 x 720		Raw Data														19121	10:16:08.141	1536226341914590															0	1915		Fixation	8			2.00	102.68	253.25																				2292	668	493	630	443	649	468			268.03	91.31	252.96	111.62	260.49	101.46	285.14	200.38	721.16	330.05	203.59	717.59					746.88	746.88	4.31	4.55	0	0				
07/12/2018	3.3.2	Gaze Project	O4	3	M	Bilingual	G130	06/09/2018	89100	1280 x 720		Raw Data														19129	10:16:08.150	1536226341922939															0	1916		Fixation	8			1.04	90.00	347.32																				2293	586	304	630	410	608	357			235.31	167.56	252.93	124.64	244.12	146.10	285.17	200.50	721.47	329.97	203.72	717.54					747.22	747.22	3.97	4.45	0	0				
07/12/2018	3.3.2	Gaze Project	O4	3	M	Bilingual	G130	06/09/2018	89100	1280 x 720		Raw Data														19137	10:16:08.158	1536226341931273															0	1917		Fixation	8			1.66	259.15	169.15																				2294	620	400	620	462	620	431			248.93	129.00	249.01	103.94	248.97	116.47	285.18	200.39	721.06	330.06	203.65	717.69					746.79	746.79	4.25	4.73	0	0				
07/12/2018	3.3.2	Gaze Project	O4	3	M	Bilingual	G130	06/09/2018	89100	1280 x 720		Raw Data														19146	10:16:08.166	1536226341939633															0	1918		Fixation	8			2.44	65.81	166.66																				2295	645	418	652	391	648	404			259.06	121.68	261.76	132.52	260.41	127.10	285.19	200.41	721.11	330.06	203.66	717.72					746.84	746.84	4.19	4.52	0	0				
07/12/2018	3.3.2	Gaze Project	O4	3	M	Bilingual	G130	06/09/2018	89100	1280 x 720		Raw Data														19154	10:16:08.175	1536226341947988															0	1919		Fixation	8			1.35	244.10	178.29																				2296	633	514	633	430	633	472			253.91	82.83	254.08	116.94	253.99	99.89	285.20	200.29	721.16	330.75	207.99	730.88					746.85	746.85	4.48	4.70	0	0				
07/12/2018	3.3.2	Gaze Project	O4	3	M	Bilingual	G130	06/09/2018	89100	1280 x 720		Raw Data														19162	10:16:08.183	1536226341956257															0	1920		Fixation	8			3.15	80.66	196.56																				2297	659	518	650	327	654	422			264.45	81.16	260.77	158.07	262.61	119.61	285.17	200.45	721.29	338.40	222.62	773.25					747.03	747.03	4.53	4.77	0	0				
07/12/2018	3.3.2	Gaze Project	O4	3	M	Bilingual	G130	06/09/2018	89100	1280 x 720		Raw Data														19171	10:16:08.191	1536226341964584															0	1921		Fixation	8			1.72	72.58	351.92																				2298	657	520	667	273	662	396			263.75	80.59	267.74	179.87	265.74	130.23	285.13	200.62	721.83	330.85	209.02	733.89					747.59	747.59	4.61	4.27	0	0				
07/12/2018	3.3.2	Gaze Project	O4	3	M	Bilingual	G130	06/09/2018	89100	1280 x 720		Raw Data														19179	10:16:08.200	1536226341972946															0	1922		Fixation	8			5.44	251.62	179.04																				2299	640	478	612	438	626	458			257.05	97.65	245.85	113.59	251.45	105.62	285.09	200.58	721.70	329.97	203.70	717.78					747.46	747.46	4.68	4.65	0	0				
07/12/2018	3.3.2	Gaze Project	O4	3	M	Bilingual	G130	06/09/2018	89100	1280 x 720		Raw Data														19187	10:16:08.208	1536226341981300															0	1923		Fixation	8			0.78	23.57	131.95																				2300	626	493	635	428	630	460			251.41	91.54	255.00	117.50	253.20	104.52	284.90	205.40	736.61	329.82	203.83	717.72					763.11	763.11	4.68	4.50	0	0				
07/12/2018	3.3.2	Gaze Project	O4	3	M	Bilingual	G130	06/09/2018	89100	1280 x 720		Raw Data														19196	10:16:08.216	1536226341989567															0	1924		Fixation	8			0.33	228.91	205.34																				2301	650	383	628	436	639	409			260.87	135.79	251.94	114.41	256.40	125.10	284.99	200.51	721.55	329.85	203.68	717.65					747.29	747.29	4.22	4.54	0	0				
07/12/2018	3.3.2	Gaze Project	O4	3	M	Bilingual	G130	06/09/2018	89100	1280 x 720		Raw Data														19204	10:16:08.225	1536226341997913															0	1925		Fixation	8			5.10	61.47	192.56																				2302	640	500	706	293	673	396			256.74	88.75	283.53	172.13	270.14	130.44	284.94	200.39	721.60	330.53	208.44	732.08					747.30	747.30	4.52	4.47	0	0				
07/12/2018	3.3.2	Gaze Project	O4	3	M	Bilingual	G130	06/09/2018	89100	1280 x 720		Raw Data														19212	10:16:08.233	1536226342006252															0	1926		Fixation	8			3.49	240.97	179.51																				2303	644	501	652	390	648	445			258.62	88.06	261.61	133.01	260.12	110.53	284.87	200.62	721.95	329.75	203.90	718.23					747.70	747.70	4.57	4.55	0	0				
07/12/2018	3.3.2	Gaze Project	O4	3	M	Bilingual	G130	06/09/2018	89100	1280 x 720		Raw Data														19221	10:16:08.241	1536226342014618															0	1927		Fixation	8			1.99	226.37	345.39																				2304	636	489	608	436	622	462			255.31	92.87	244.16	114.44	249.74	103.65	284.80	200.55	721.73	329.68	203.87	718.11					747.46	747.46	4.57	4.54	0	0				
07/12/2018	3.3.2	Gaze Project	O4	3	M	Bilingual	G130	06/09/2018	89100	1280 x 720		Raw Data														19229	10:16:08.250	1536226342022969															0	1928		Fixation	8			1.80	353.97	127.61																				2305	651	555	665	442	658	498			261.36	66.49	266.92	112.00	264.14	89.24	284.75	200.58	721.86	329.63	203.77	718.15					747.59	747.59	4.44	4.49	0	0				
07/12/2018	3.3.2	Gaze Project	O4	3	M	Bilingual	G130	06/09/2018	89100	1280 x 720		Raw Data														19237	10:16:08.258	1536226342031237															0	1929		Fixation	8			1.84	145.41	151.43																				2306	635	509	617	409	626	459			254.75	84.96	247.47	125.16	251.11	105.06	284.59	204.15	733.03	329.58	203.96	718.28					759.31	759.31	4.63	4.48	0	0				
07/12/2018	3.3.2	Gaze Project	O4	3	M	Bilingual	G130	06/09/2018	89100	1280 x 720		Raw Data														19246	10:16:08.266	1536226342039591															0	1930		Fixation	8			0.92	97.83	312.42																				2307	624	454	613	380	618	417			250.35	107.04	245.98	136.77	248.16	121.91	284.66	200.67	722.18	330.10	207.65	729.53					747.92	747.92	4.24	4.54	0	0				
07/12/2018	3.3.2	Gaze Project	O4	3	M	Bilingual	G130	06/09/2018	89100	1280 x 720		Raw Data														19254	10:16:08.275	1536226342047925															0	1931		Fixation	8			6.57	72.31	334.48																				2308	630	501	677	180	653	340			252.70	88.02	271.79	217.41	262.25	152.72	284.63	200.54	722.23	330.13	208.21	731.16					747.93	747.93	4.40	3.82	0	0				
07/12/2018	3.3.2	Gaze Project	O4	3	M	Bilingual	G130	06/09/2018	89100	1280 x 720		Raw Data														19262	10:16:08.283	1536226342056283															0			Unclassified	8																									2309	657	251			657	251			263.68	188.99					284.58	200.72	722.42		-34.01						748.17		3.61		0	4				
07/12/2018	3.3.2	Gaze Project	O4	3	M	Bilingual	G130	06/09/2018	89100	1280 x 720		Raw Data														19271	10:16:08.291	1536226342064640															0	1932		Fixation	8			8.29	259.96	187.65																				2310	637	464	631	439	634	451			255.70	103.18	253.31	113.12	254.50	108.15	284.54	200.69	722.34	329.39	204.00	718.31					748.08	748.08	4.76	4.61	0	0				
07/12/2018	3.3.2	Gaze Project	O4	3	M	Bilingual	G130	06/09/2018	89100	1280 x 720		Raw Data														19279	10:16:08.300	1536226342072901															0	1933		Fixation	8			3.99	70.62	170.66																				2311	630	441	673	320	651	380			252.82	112.29	270.02	161.11	261.42	136.70	284.52	200.70	722.41	329.35	203.96	718.22					748.14	748.14	4.47	4.20	0	0				
07/12/2018	3.3.2	Gaze Project	O4	3	M	Bilingual	G130	06/09/2018	89100	1280 x 720		Raw Data														19287	10:16:08.308	1536226342081232															0			Unclassified	8																									2312	642	481			642	481			257.60	96.05					284.52	200.57	722.46		-34.01						748.15		4.38		0	4				
07/12/2018	3.3.2	Gaze Project	O4	3	M	Bilingual	G130	06/09/2018	89100	1280 x 720		Raw Data														19296	10:16:08.316	1536226342089598															0	1934		Fixation	8			6.04	262.53	191.91																				2313	621	478	648	510	634	494			249.29	97.34	260.08	84.60	254.69	90.97	284.49	200.83	722.88	329.33	204.07	718.57					748.64	748.64	4.62	4.86	0	0				
07/12/2018	3.3.2	Gaze Project	O4	3	M	Bilingual	G130	06/09/2018	89100	1280 x 720		Raw Data														19304	10:16:08.325	1536226342097953															0	1935		Fixation	8			3.37	88.44	185.91																				2314	631	311	651	400	641	355			253.17	164.84	261.23	128.89	257.20	146.87	284.33	205.08	736.11	334.53	216.07	753.55					762.51	762.51	4.33	5.00	0	0				
07/12/2018	3.3.2	Gaze Project	O4	3	M	Bilingual	G130	06/09/2018	89100	1280 x 720		Raw Data														19312	10:16:08.333	1536226342106228															0	1936		Fixation	8			2.48	245.39	156.95																				2315	643	452	617	474	630	463			257.91	108.05	247.80	99.06	252.85	103.56	284.35	204.58	734.64	329.27	204.18	718.53					760.97	760.97	4.58	4.68	0	0				
07/12/2018	3.3.2	Gaze Project	O4	3	M	Bilingual	G130	06/09/2018	89100	1280 x 720		Raw Data														19321	10:16:08.341	1536226342114581															0	1937		Fixation	8			2.32	64.54	179.15																				2316	646	415	649	407	647	411			259.24	122.75	260.58	126.10	259.91	124.42	284.47	200.84	723.00	329.33	204.25	719.13					748.75	748.75	4.11	4.53	0	0				
07/12/2018	3.3.2	Gaze Project	O4	3	M	Bilingual	G130	06/09/2018	89100	1280 x 720		Raw Data														19329	10:16:08.350	1536226342122901															0	1938		Fixation	8			0.87	303.03	238.49																				2317	642	497	664	430	653	463			257.78	89.77	266.59	116.92	262.19	103.35	284.47	200.96	723.39	329.24	204.38	719.08					749.16	749.16	4.66	4.65	0	0				
07/12/2018	3.3.2	Gaze Project	O4	3	M	Bilingual	G130	06/09/2018	89100	1280 x 720		Raw Data														19337	10:16:08.358	1536226342131254															0	1939		Fixation	8			1.78	146.51	203.48																				2318	644	469	617	399	630	434			258.69	100.91	247.75	129.34	253.22	115.13	284.33	205.43	737.27	329.33	204.28	719.22					763.72	763.72	4.55	4.58	0	0				
07/12/2018	3.3.2	Gaze Project	O4	3	M	Bilingual	G130	06/09/2018	89100	1280 x 720		Raw Data														19346	10:16:08.366	1536226342139624															0	1940		Fixation	8			2.19	339.67	193.17																				2319	674	457	682	423	678	440			270.70	105.85	273.82	119.57	272.26	112.71	284.48	201.01	723.58	329.25	204.41	719.17					749.35	749.35	4.35	4.59	0	0				
07/12/2018	3.3.2	Gaze Project	O4	3	M	Bilingual	G130	06/09/2018	89100	1280 x 720		Raw Data														19354	10:16:08.375	1536226342147881															0	1941		Fixation	8			0.70	243.51	263.83																				2320	649	404	672	443	660	423			260.38	127.28	269.89	111.49	265.13	119.39	284.49	201.02	723.62	329.26	204.41	719.17					749.39	749.39	4.18	4.71	0	0				
07/12/2018	3.3.2	Gaze Project	O4	3	M	Bilingual	G130	06/09/2018	89100	1280 x 720		Raw Data														19362	10:16:08.383	1536226342156222															0	1942		Fixation	8			2.58	119.32	235.81																				2321	635	387	632	372	633	379			254.92	134.27	253.66	140.06	254.29	137.17	284.49	201.06	723.74	329.34	204.34	719.39					749.52	749.52	4.16	4.52	0	0				
07/12/2018	3.3.2	Gaze Project	O4	3	M	Bilingual	G130	06/09/2018	89100	1280 x 720		Raw Data														19371	10:16:08.391	1536226342164577															0	1943		Fixation	8			1.22	16.61	257.29																				2322	649	466	669	361	659	413			260.52	102.44	268.46	144.38	264.49	123.41	284.50	201.08	723.79	329.35	204.35	719.42					749.57	749.57	4.57	4.46	0	0				
07/12/2018	3.3.2	Gaze Project	O4	3	M	Bilingual	G130	06/09/2018	89100	1280 x 720		Raw Data														19379	10:16:08.400	1536226342172937															0	1944		Fixation	8			2.01	247.93	231.32																				2323	677	441	645	420	661	430			271.91	112.32	258.99	120.86	265.45	116.59	284.50	201.10	723.85	329.34	204.35	719.42					749.64	749.64	4.84	4.49	0	0				
07/12/2018	3.3.2	Gaze Project	O4	3	M	Bilingual	G130	06/09/2018	89100	1280 x 720		Raw Data														19387	10:16:08.408	1536226342181278															0	1945		Fixation	8			1.35	252.46	4.53																				2324			632	461	632	461					253.79	104.45						329.27	204.47	719.37						0.00		4.76	4	0				
07/12/2018	3.3.2	Gaze Project	O4	3	M	Bilingual	G130	06/09/2018	89100	1280 x 720		Raw Data														19396	10:16:08.416	1536226342189553															0	1946		Fixation	8			2.15	46.86	154.40																				2325	686	518	679	411	682	464			275.52	81.48	272.64	124.34	274.08	102.91	284.49	201.14	723.99	329.35	204.53	719.96					749.79	749.79	4.67	4.57	0	0				
07/12/2018	3.3.2	Gaze Project	O4	3	M	Bilingual	G130	06/09/2018	89100	1280 x 720		Raw Data														19404	10:16:08.425	1536226342197895															0	1947		Fixation	8			1.31	201.10	154.24																				2326	631	311	640	426	635	368			253.43	164.79	256.81	118.38	255.12	141.58	284.36	204.99	735.99	329.35	204.55	720.03					762.37	762.37	4.10	4.54	0	0				
07/12/2018	3.3.2	Gaze Project	O4	3	M	Bilingual	G130	06/09/2018	89100	1280 x 720		Raw Data														19412	10:16:08.433	1536226342206234															0	1948		Fixation	8			1.15	350.51	149.41																				2327	638	459	676	432	657	445			256.26	104.99	271.19	115.95	263.72	110.47	284.34	205.31	736.96	329.27	204.66	719.99					763.40	763.40	4.52	4.66	0	0				
07/12/2018	3.3.2	Gaze Project	O4	3	M	Bilingual	G130	06/09/2018	89100	1280 x 720		Raw Data														19421	10:16:08.441	1536226342214600															0	1949		Fixation	8			1.36	111.74	121.23																				2328	669	319	660	392	664	355			268.58	161.40	264.90	132.04	266.74	146.72	284.47	201.22	724.29	329.33	204.69	720.51					750.09	750.09	3.96	4.46	0	0				
07/12/2018	3.3.2	Gaze Project	O4	3	M	Bilingual	G130	06/09/2018	89100	1280 x 720		Raw Data														19429	10:16:08.450	1536226342222884															0	1950		Fixation	8			0.40	231.43	119.69																				2329	636	433	652	402	644	417			255.21	115.62	261.53	128.19	258.37	121.91	284.45	201.20	724.27	329.23	204.81	720.46					750.06	750.06	4.24	4.51	0	0				
07/12/2018	3.3.2	Gaze Project	O4	3	M	Bilingual	G130	06/09/2018	89100	1280 x 720		Raw Data														19437	10:16:08.458	1536226342231227															0	1951		Fixation	8			0.31	185.73	314.30																				2330	643	429	642	403	642	416			257.90	117.02	257.74	127.55	257.82	122.29	284.41	201.26	724.49	329.86	208.49	732.18					750.29	750.29	4.33	4.68	0	0				
07/12/2018	3.3.2	Gaze Project	O4	3	M	Bilingual	G130	06/09/2018	89100	1280 x 720		Raw Data														19446	10:16:08.466	1536226342239559															0	1952		Fixation	8			1.76	252.58	66.85																				2331	645	491	625	457	635	474			258.76	92.33	250.77	105.94	254.76	99.13	284.39	201.25	724.51	329.24	204.68	720.57					750.30	750.30	4.38	4.69	0	0				
07/12/2018	3.3.2	Gaze Project	O4	3	M	Bilingual	G130	06/09/2018	89100	1280 x 720		Raw Data														19454	10:16:08.475	1536226342247901															0	1953		Fixation	8			3.31	49.31	156.74																				2332	667	356	694	377	680	366			267.77	146.68	278.71	138.24	273.24	142.46	284.35	201.29	724.67	329.05	204.79	720.53					750.47	750.47	3.89	4.37	0	0				
07/12/2018	3.3.2	Gaze Project	O4	3	M	Bilingual	G130	06/09/2018	89100	1280 x 720		Raw Data														19462	10:16:08.483	1536226342256273															0	1954		Fixation	8			2.08	200.41	151.10																				2333	651	453	632	400	641	426			261.14	107.34	253.67	129.03	257.40	118.19	284.31	201.34	724.89	329.16	204.75	720.86					750.69	750.69	4.37	4.52	0	0				
07/12/2018	3.3.2	Gaze Project	O4	3	M	Bilingual	G130	06/09/2018	89100	1280 x 720		Raw Data														19471	10:16:08.491	1536226342264540															0			Unclassified	8																									2334	658	493			658	493			264.25	91.41					284.27	201.43	725.21		-34.01						751.03		4.61		0	4				
07/12/2018	3.3.2	Gaze Project	O4	3	M	Bilingual	G130	06/09/2018	89100	1280 x 720		Raw Data														19479	10:16:08.500	1536226342272868															0	1955		Fixation	8			2.33	86.30	245.88																				2335	640	518	637	323	638	420			256.73	81.51	255.59	159.81	256.16	120.66	284.27	201.31	725.26	338.19	225.92	782.92					751.04	751.04	4.58	5.01	0	0				
07/12/2018	3.3.2	Gaze Project	O4	3	M	Bilingual	G130	06/09/2018	89100	1280 x 720		Raw Data														19487	10:16:08.508	1536226342281218															0	1956		Fixation	8			1.09	336.94	250.65																				2336	637	402	670	337	653	369			255.68	128.25	269.03	154.06	262.36	141.16	284.18	201.44	725.29	329.00	204.63	720.91					751.10	751.10	4.27	4.33	0	0				
07/12/2018	3.3.2	Gaze Project	O4	3	M	Bilingual	G130	06/09/2018	89100	1280 x 720		Raw Data														19496	10:16:08.516	1536226342289586															0	1957		Fixation	8			1.69	138.62	161.68																				2337			629	301	629	301					252.38	168.62						334.50	217.75	758.80						0.00		4.74	4	0				
07/12/2018	3.3.2	Gaze Project	O4	3	M	Bilingual	G130	06/09/2018	89100	1280 x 720		Raw Data														19504	10:16:08.525	1536226342297864															0	1958		Fixation	8			2.54	306.50	167.88																				2338	656	497	678	367	667	432			263.37	89.89	272.11	142.24	267.74	116.07	283.93	206.45	740.85	328.95	205.10	721.88					767.43	767.43	4.68	4.50	0	0				
07/12/2018	3.3.2	Gaze Project	O4	3	M	Bilingual	G130	06/09/2018	89100	1280 x 720		Raw Data														19512	10:16:08.533	1536226342306203															0	1959		Fixation	8			2.38	64.48	117.98																				2339	621	388	712	296	666	342			249.39	133.86	285.87	170.95	267.63	152.40	284.06	201.59	725.84	338.91	228.16	789.50					751.66	751.66	4.31	4.97	0	0				
07/12/2018	3.3.2	Gaze Project	O4	3	M	Bilingual	G130	06/09/2018	89100	1280 x 720		Raw Data														19521	10:16:08.541	1536226342314536															0			Unclassified	8																									2340	648	425			648	425			260.21	118.65					284.01	201.60	725.93		-34.01						751.75		4.35		0	4				
07/12/2018	3.3.2	Gaze Project	O4	3	M	Bilingual	G130	06/09/2018	89100	1280 x 720		Raw Data														19529	10:16:08.550	1536226342322897															0	1960		Fixation	8			0.86	190.16	125.67																				2341	635	366	684	301	659	333			254.76	142.57	274.47	168.56	264.61	155.56	283.98	201.71	726.30	328.81	204.98	721.93					752.14	752.14	4.07	4.28	0	0				
07/12/2018	3.3.2	Gaze Project	O4	3	M	Bilingual	G130	06/09/2018	89100	1280 x 720		Raw Data														19537	10:16:08.558	1536226342331254															0	1961		Fixation	8			5.21	105.75	275.60																				2342	637	410	639	142	638	276			255.76	124.99	256.54	232.67	256.15	178.83	283.95	201.69	726.29	329.42	209.40	734.99					752.11	752.11	4.23	3.75	0	0				
07/12/2018	3.3.2	Gaze Project	O4	3	M	Bilingual	G130	06/09/2018	89100	1280 x 720		Raw Data														19546	10:16:08.566	1536226342339520															0	1962		Fixation	8			1.05	270.00	164.25																				2343	607	475	639	177	623	326			243.84	98.47	256.48	218.59	250.16	158.53	283.92	201.61	726.12	339.05	229.00	791.99					751.93	751.93	4.48	4.66	0	0				
07/12/2018	3.3.2	Gaze Project	O4	3	M	Bilingual	G130	06/09/2018	89100	1280 x 720		Raw Data														19554	10:16:08.575	1536226342347869															0	1963		Fixation	8			3.55	266.20	356.20																				2344	649	359	631	297	640	328			260.38	145.18	253.44	170.28	256.91	157.73	283.90	201.79	726.71	334.31	218.29	760.41					752.55	752.55	4.20	4.94	0	0				
07/12/2018	3.3.2	Gaze Project	O4	3	M	Bilingual	G130	06/09/2018	89100	1280 x 720		Raw Data														19562	10:16:08.583	1536226342356205															0	1964		Fixation	8			1.07	85.12	178.92																				2345	619	469	634	262	626	365			248.29	100.91	254.60	184.47	251.44	142.69	283.90	201.66	726.76	329.67	211.72	741.86					752.56	752.56	4.56	4.62	0	0				
07/12/2018	3.3.2	Gaze Project	O4	3	M	Bilingual	G130	06/09/2018	89100	1280 x 720		Raw Data														19571	10:16:08.591	1536226342364568															0	1965		Fixation	8			4.02	269.58	184.46																				2346	632	445	633	397	632	421			253.71	110.70	254.21	130.18	253.96	120.44	283.65	207.49	744.37	338.44	228.01	789.13					771.08	771.08	4.68	5.29	0	0				
07/12/2018	3.3.2	Gaze Project	O4	3	M	Bilingual	G130	06/09/2018	89100	1280 x 720		Raw Data														19579	10:16:08.600	1536226342372924															0	1966		Fixation	8			2.11	79.36	169.79																				2347	640	448	646	328	643	388			256.75	109.65	259.32	157.78	258.04	133.71	283.64	207.43	744.25	328.66	205.39	722.83					770.95	770.95	4.67	4.51	0	0				
07/12/2018	3.3.2	Gaze Project	O4	3	M	Bilingual	G130	06/09/2018	89100	1280 x 720		Raw Data														19587	10:16:08.608	1536226342381178															0	1967		Fixation	8			1.17	342.96	263.59																				2348	628	417	682	339	655	378			251.97	121.95	273.74	153.42	262.86	137.68	283.59	208.29	746.92	329.70	212.45	744.10					773.75	773.75	4.74	4.67	0	0				
07/12/2018	3.3.2	Gaze Project	O4	3	M	Bilingual	G130	06/09/2018	89100	1280 x 720		Raw Data														19596	10:16:08.616	1536226342389530															0			Unclassified	8																									2349	669	493			669	493			268.39	91.55					283.81	201.97	727.51		-34.01						753.36		4.79		0	4				
07/12/2018	3.3.2	Gaze Project	O4	3	M	Bilingual	G130	06/09/2018	89100	1280 x 720		Raw Data														19604	10:16:08.625	1536226342397887															0	1968		Fixation	8			1.96	283.77	300.81																				2350	660	530	697	400	678	465			264.90	76.59	279.85	128.81	272.37	102.70	283.79	201.83	727.56	328.60	205.24	722.89					753.37	753.37	4.67	4.68	0	0				
07/12/2018	3.3.2	Gaze Project	O4	3	M	Bilingual	G130	06/09/2018	89100	1280 x 720		Raw Data														19612	10:16:08.633	1536226342406239															0	1969		Fixation	8			4.17	130.51	206.74																				2351	668	505	607	295	637	400			268.16	86.72	243.50	171.27	255.83	129.00	283.76	201.95	727.61	338.60	228.80	791.67					753.45	753.45	4.73	5.25	0	0				
07/12/2018	3.3.2	Gaze Project	O4	3	M	Bilingual	G130	06/09/2018	89100	1280 x 720		Raw Data														19621	10:16:08.641	1536226342414506															0	1970		Fixation	8			0.34	48.46	277.95																				2352	644	494	615	286	629	390			258.67	90.91	247.01	174.90	252.84	132.90	283.75	202.05	727.57	338.96	229.64	794.19					753.44	753.44	4.80	4.97	0	0				
07/12/2018	3.3.2	Gaze Project	O4	3	M	Bilingual	G130	06/09/2018	89100	1280 x 720		Raw Data														19629	10:16:08.650	1536226342422853															0			Unclassified	8																									2353	625	505			625	505			250.75	86.71					283.76	201.78	727.68		-34.01						753.46		4.59		0	4				
07/12/2018	3.3.2	Gaze Project	O4	3	M	Bilingual	G130	06/09/2018	89100	1280 x 720		Raw Data														19637	10:16:08.658	1536226342431186															0	1971		Fixation	8			1.63	81.75	33.29																				2354	620	502	623	231	621	366			248.96	87.84	250.00	196.91	249.48	142.37	283.76	201.76	727.69	335.01	220.72	767.91					753.46	753.46	4.61	4.94	0	0				
07/12/2018	3.3.2	Gaze Project	O4	3	M	Bilingual	G130	06/09/2018	89100	1280 x 720		Raw Data														19646	10:16:08.666	1536226342439551															0	1972		Fixation	8			6.71	270.00	188.25																				2355	644	475	623	451	633	463			258.39	98.79	250.15	108.43	254.27	103.61	283.51	207.79	745.96	328.55	205.73	724.11					772.69	772.69	4.71	4.88	0	0				
07/12/2018	3.3.2	Gaze Project	O4	3	M	Bilingual	G130	06/09/2018	89100	1280 x 720		Raw Data														19654	10:16:08.675	1536226342447908															0	1973		Fixation	8			4.06	68.83	158.83																				2356	645	313	670	330	657	321			259.00	164.04	268.86	156.87	263.93	160.45	283.67	201.96	727.61	328.57	205.90	724.62					753.44	753.44	4.11	4.45	0	0				
07/12/2018	3.3.2	Gaze Project	O4	3	M	Bilingual	G130	06/09/2018	89100	1280 x 720		Raw Data														19662	10:16:08.683	1536226342456175															0			Unclassified	8																									2357	628	230			628	230			252.00	197.38					285.68	209.89	751.59		-34.01						778.76		3.98		0	4				
07/12/2018	3.3.2	Gaze Project	O4	3	M	Bilingual	G130	06/09/2018	89100	1280 x 720		Raw Data														19671	10:16:08.691	1536226342464503															0	1974		Fixation	8			1.45	213.78	144.94																				2358	645	360	631	356	638	358			258.80	145.05	253.10	146.58	255.95	145.82	283.71	202.07	728.51	329.39	211.45	741.48					754.34	754.34	4.32	4.72	0	0				
07/12/2018	3.3.2	Gaze Project	O4	3	M	Bilingual	G130	06/09/2018	89100	1280 x 720		Raw Data														19679	10:16:08.700	1536226342472863															0	1975		Fixation	8			0.82	245.45	31.67																				2359	642	352	620	380	631	366			257.65	148.36	248.90	136.89	253.28	142.62	283.70	202.11	728.71	328.55	205.89	724.65					754.54	754.54	4.20	4.77	0	0				
07/12/2018	3.3.2	Gaze Project	O4	3	M	Bilingual	G130	06/09/2018	89100	1280 x 720		Raw Data														19687	10:16:08.708	1536226342481223															0	1976		Fixation	8			2.27	38.38	152.93																				2360	663	323	677	335	670	329			266.13	159.69	271.58	155.22	268.86	157.45	283.71	202.13	728.83	328.44	206.01	724.60					754.66	754.66	4.07	4.66	0	0				
07/12/2018	3.3.2	Gaze Project	O4	3	M	Bilingual	G130	06/09/2018	89100	1280 x 720		Raw Data														19696	10:16:08.716	1536226342489576															0	1977		Fixation	8			0.27	69.50	31.12																				2361	647	449	680	327	663	388			259.65	108.98	272.85	158.45	266.25	133.72	283.73	202.02	728.57	328.57	206.06	725.17					754.38	754.38	4.42	4.62	0	0				
07/12/2018	3.3.2	Gaze Project	O4	3	M	Bilingual	G130	06/09/2018	89100	1280 x 720		Raw Data														19704	10:16:08.725	1536226342497819															0			Unclassified	8																									2362	640	477			640	477			256.91	97.86					283.74	202.04	728.66		-34.01						754.48		4.77		0	4				
07/12/2018	3.3.2	Gaze Project	O4	3	M	Bilingual	G130	06/09/2018	89100	1280 x 720		Raw Data														19712	10:16:08.733	1536226342506172															0	1978		Fixation	8			2.99	216.03	146.53																				2363			600	385	600	385					240.94	134.80						335.27	221.65	770.78						0.00		5.33	4	0				
07/12/2018	3.3.2	Gaze Project	O4	3	M	Bilingual	G130	06/09/2018	89100	1280 x 720		Raw Data														19721	10:16:08.741	1536226342514530															0	1979		Fixation	8			4.66	67.02	210.99																				2364	635	538	660	244	647	391			255.07	73.31	264.77	191.63	259.92	132.47	283.83	201.91	728.72	328.61	206.01	725.05					754.49	754.49	4.72	4.39	0	0				
07/12/2018	3.3.2	Gaze Project	O4	3	M	Bilingual	G130	06/09/2018	89100	1280 x 720		Raw Data														19729	10:16:08.750	1536226342522888															0	1980		Fixation	8			1.71	259.91	192.89																				2365	640	496	650	300	645	398			257.00	90.20	260.96	169.04	258.98	129.62	283.79	202.14	728.63	338.97	230.05	795.63					754.47	754.47	5.02	5.33	0	0				
07/12/2018	3.3.2	Gaze Project	O4	3	M	Bilingual	G130	06/09/2018	89100	1280 x 720		Raw Data														19737	10:16:08.758	1536226342531169															0			Unclassified	8																									2366	654	500			654	500			262.39	88.71					283.87	201.88	728.73		-34.01						754.49		4.71		0	4				
07/12/2018	3.3.2	Gaze Project	O4	3	M	Bilingual	G130	06/09/2018	89100	1280 x 720		Raw Data														19746	10:16:08.766	1536226342539508															0	1981		Fixation	8			0.85	238.08	338.17																				2367			635	324	635	324					254.81	159.39						328.67	205.84	724.59						0.00		4.48	4	0				
07/12/2018	3.3.2	Gaze Project	O4	3	M	Bilingual	G130	06/09/2018	89100	1280 x 720		Raw Data														19754	10:16:08.775	1536226342547845															0	1982		Fixation	8			2.14	73.76	195.68																				2368	620	419	654	259	637	339			248.82	121.20	262.39	185.57	255.60	153.39	283.92	202.18	729.29	328.57	205.96	724.55					755.12	755.12	4.43	4.46	0	0				
07/12/2018	3.3.2	Gaze Project	O4	3	M	Bilingual	G130	06/09/2018	89100	1280 x 720		Raw Data														19762	10:16:08.783	1536226342556193															0	1983		Fixation	8			1.42	300.45	226.69																				2369	634	460	677	298	655	379			254.60	104.89	271.88	170.07	263.24	137.48	283.76	208.52	748.88	329.69	212.01	743.28					775.69	775.69	4.83	4.84	0	0				
07/12/2018	3.3.2	Gaze Project	O4	3	M	Bilingual	G130	06/09/2018	89100	1280 x 720		Raw Data														19771	10:16:08.791	1536226342564559															0	1984		Fixation	8			4.45	243.69	303.24																				2370	654	458	613	427	633	442			262.72	105.37	246.13	117.95	254.42	111.66	283.83	208.04	747.47	328.85	206.09	725.40					774.21	774.21	4.86	4.89	0	0				
07/12/2018	3.3.2	Gaze Project	O4	3	M	Bilingual	G130	06/09/2018	89100	1280 x 720		Raw Data														19779	10:16:08.800	1536226342572824															0			Unclassified	8																									2371	625	439			625	439			251.03	113.09					284.09	201.91	728.58		-34.01						754.37		4.53		0	4				
07/12/2018	3.3.2	Gaze Project	O4	3	M	Bilingual	G130	06/09/2018	89100	1280 x 720		Raw Data														19787	10:16:08.808	1536226342581166															0	1985		Fixation	8			5.62	73.41	189.73																				2372	654	439	665	253	659	346			262.37	113.05	266.77	188.07	264.57	150.56	284.13	202.21	729.49	330.00	212.93	746.04					755.33	755.33	4.56	4.56	0	0				
07/12/2018	3.3.2	Gaze Project	O4	3	M	Bilingual	G130	06/09/2018	89100	1280 x 720		Raw Data														19796	10:16:08.816	1536226342589515															0	1986		Fixation	8			1.42	277.57	204.16																				2373	643	310	671	298	657	304			258.12	165.30	269.53	169.75	263.83	167.52	284.19	202.33	729.81	329.03	206.23	725.80					755.67	755.67	3.96	4.50	0	0				
07/12/2018	3.3.2	Gaze Project	O4	3	M	Bilingual	G130	06/09/2018	89100	1280 x 720		Raw Data														19804	10:16:08.825	1536226342597881															0	1987		Fixation	8			4.73	247.91	330.34																				2374	602	478	614	438	608	458			241.83	97.37	246.41	113.60	244.12	105.49	284.30	202.46	729.75	329.08	206.19	725.68					755.66	755.66	4.57	4.75	0	0				
07/12/2018	3.3.2	Gaze Project	O4	3	M	Bilingual	G130	06/09/2018	89100	1280 x 720		Raw Data														19812	10:16:08.833	1536226342606225															0			Unclassified	8																									2375	648	375			648	375			260.12	138.94					284.30	202.23	729.45		-34.01						755.30		4.35		0	4				
07/12/2018	3.3.2	Gaze Project	O4	3	M	Bilingual	G130	06/09/2018	89100	1280 x 720		Raw Data														19821	10:16:08.841	1536226342614490															0	1988		Fixation	8			1.19	82.53	194.62																				2376	634	495	619	400	626	447			254.31	90.76	248.66	128.98	251.48	109.87	284.37	202.37	729.82	329.20	206.10	725.72					755.70	755.70	4.73	4.74	0	0				
07/12/2018	3.3.2	Gaze Project	O4	3	M	Bilingual	G130	06/09/2018	89100	1280 x 720		Raw Data														19829	10:16:08.850	1536226342622825															0	1989		Fixation	8			1.96	44.45	321.92																				2377	634	407	664	356	649	381			254.48	125.86	266.41	146.56	260.45	136.21	284.43	202.31	729.62	329.25	206.19	725.54					755.49	755.49	4.40	4.64	0	0				
07/12/2018	3.3.2	Gaze Project	O4	3	M	Bilingual	G130	06/09/2018	89100	1280 x 720		Raw Data														19837	10:16:08.858	1536226342631181															0			Unclassified	8																									2378	637	408			637	408			255.68	125.77					284.48	202.27	729.45		-34.01						755.32		4.36		0	4				
07/12/2018	3.3.2	Gaze Project	O4	3	M	Bilingual	G130	06/09/2018	89100	1280 x 720		Raw Data														19846	10:16:08.866	1536226342639544															0	1990		Fixation	8			3.48	120.44	75.99																				2379	634	416	608	261	621	338			254.41	122.56	243.98	184.77	249.20	153.66	284.54	202.36	729.68	329.35	206.10	725.58					755.57	755.57	4.42	4.39	0	0				
07/12/2018	3.3.2	Gaze Project	O4	3	M	Bilingual	G130	06/09/2018	89100	1280 x 720		Raw Data														19854	10:16:08.875	1536226342647819															0	1991		Fixation	8			4.36	291.12	170.69																				2380	605	421	658	390	631	405			242.76	120.36	263.98	132.88	253.37	126.62	284.63	202.26	729.72	329.31	206.36	725.48					755.58	755.58	4.65	4.70	0	0				
07/12/2018	3.3.2	Gaze Project	O4	3	M	Bilingual	G130	06/09/2018	89100	1280 x 720		Raw Data														19862	10:16:08.883	1536226342656159															0	1992		Fixation	8			1.30	196.75	265.63																				2381	614	472	618	402	616	437			246.46	99.88	248.17	127.88	247.31	113.88	284.68	202.28	729.71	329.51	206.14	725.57					755.58	755.58	4.70	4.80	0	0				
07/12/2018	3.3.2	Gaze Project	O4	3	M	Bilingual	G130	06/09/2018	89100	1280 x 720		Raw Data														19871	10:16:08.891	1536226342664493															0	1993		Fixation	8			3.33	67.36	230.61																				2382	637	456	659	304	648	380			255.54	106.45	264.72	167.71	260.13	137.08	284.59	206.04	741.03	329.37	206.39	725.46					767.49	767.49	4.75	4.25	0	0				
07/12/2018	3.3.2	Gaze Project	O4	3	M	Bilingual	G130	06/09/2018	89100	1280 x 720		Raw Data														19879	10:16:08.900	1536226342672858															0	1994		Fixation	8			2.11	237.81	170.44																				2383	645	335	623	361	634	348			258.87	154.86	249.90	144.38	254.38	149.62	284.77	202.48	729.83	329.61	206.42	725.92					755.76	755.76	4.05	4.56	0	0				
07/12/2018	3.3.2	Gaze Project	O4	3	M	Bilingual	G130	06/09/2018	89100	1280 x 720		Raw Data														19887	10:16:08.908	1536226342681214															0			Unclassified	8																									2384	633	495			633	495			253.91	90.57					284.85	202.39	729.87		-34.01						755.77		4.70		0	4				
07/12/2018	3.3.2	Gaze Project	O4	3	M	Bilingual	G130	06/09/2018	89100	1280 x 720		Raw Data														19896	10:16:08.916	1536226342689473															0	1995		Fixation	8			3.15	267.76	29.95																				2385			619	463	619	463					248.62	103.40						330.43	211.02	739.77						0.00		4.96	4	0				
07/12/2018	3.3.2	Gaze Project	O4	3	M	Bilingual	G130	06/09/2018	89100	1280 x 720		Raw Data														19904	10:16:08.925	1536226342697806															0	1996		Fixation	8			5.37	69.77	162.01																				2386	662	243	680	298	671	270			265.84	192.10	272.92	169.99	269.38	181.05	284.98	202.67	729.76	330.77	212.79	744.96					755.75	755.75	3.88	4.79	0	0				
07/12/2018	3.3.2	Gaze Project	O4	3	M	Bilingual	G130	06/09/2018	89100	1280 x 720		Raw Data														19912	10:16:08.933	1536226342706174															0	1997		Fixation	8			2.43	218.09	148.32																				2387	601	373	616	348	608	360			241.40	139.77	247.26	149.97	244.33	144.87	285.02	202.47	729.49	336.11	220.96	768.11					755.44	755.44	4.36	4.85	0	0				
07/12/2018	3.3.2	Gaze Project	O4	3	M	Bilingual	G130	06/09/2018	89100	1280 x 720		Raw Data														19921	10:16:08.941	1536226342714522															0			Unclassified	8																									2388	589	415			589	415			236.27	122.94					285.11	202.37	729.53		-34.01						755.45		4.73		0	4				
07/12/2018	3.3.2	Gaze Project	O4	3	M	Bilingual	G130	06/09/2018	89100	1280 x 720		Raw Data														19929	10:16:08.950	1536226342722882															0	1998		Fixation	8			2.33	306.48	88.40																				2389	642	482	662	410	652	446			257.56	95.70	265.61	124.95	261.59	110.32	285.16	202.62	729.78	330.83	211.83	741.90					755.77	755.77	4.83	4.85	0	0				
07/12/2018	3.3.2	Gaze Project	O4	3	M	Bilingual	G130	06/09/2018	89100	1280 x 720		Raw Data														19937	10:16:08.958	1536226342731137															0			Unclassified	8																									2390	641	448			641	448			257.10	109.61					285.24	202.58	729.58		-34.01						755.56		4.79		0	4				
07/12/2018	3.3.2	Gaze Project	O4	3	M	Bilingual	G130	06/09/2018	89100	1280 x 720		Raw Data														19944	10:16:08.965								3	Space								1999		Fixation	8			2.35	105.08	158.59																																																						
07/12/2018	3.3.2	Gaze Project	O4	3	M	Bilingual	G130	06/09/2018	89100	1280 x 720		Raw Data														19944	10:16:08.965										8	InstructionEnd	Instruction Element					1999		Fixation	8			2.35	105.08	158.59																																																						
07/12/2018	3.3.2	Gaze Project	O4	3	M	Bilingual	G130	06/09/2018	89100	1280 x 720		Raw Data														19946	10:16:08.966	1536226342739482															0	1999		Fixation	8			2.35	105.08	158.59																				2391	628	511	642	336	635	423			252.14	84.09	257.51	154.64	254.82	119.36	285.33	202.49	729.61	331.13	212.71	744.35					755.57	755.57	4.65	4.90	0	0				
07/12/2018	3.3.2	Gaze Project	O4	3	M	Bilingual	G130	06/09/2018	89100	1280 x 720		Raw Data														19954	10:16:08.975	1536226342747840															0	2000		Fixation	8			1.67	21.87	276.79																				2392	624	451	692	316	658	383			250.53	108.26	277.73	162.62	264.13	135.44	285.41	202.66	729.65	330.24	206.46	725.43					755.67	755.67	4.83	4.37	0	0				
07/12/2018	3.3.2	Gaze Project	O4	3	M	Bilingual	G130	06/09/2018	89100	1280 x 720		Raw Data														19962	10:16:08.983	1536226342756179															0	2001		Fixation	8			3.06	245.58	223.71																				2393	675	403	651	406	663	404			271.00	127.66	261.20	126.48	266.10	127.07	285.50	202.63	729.44	331.41	213.29	745.93					755.46	755.46	4.78	4.99	0	0				
07/12/2018	3.3.2	Gaze Project	O4	3	M	Bilingual	G130	06/09/2018	89100	1280 x 720		Raw Data														19970	10:16:08.991	1536226342764464															0	2002		Fixation	8			7.79	75.19	189.61																				2394	626	407	716	161	671	284			251.38	125.92	287.36	225.14	269.37	175.53	285.47	207.67	744.93	331.37	212.41	743.28					771.74	771.74	4.96	4.22	0	0				
07/12/2018	3.3.2	Gaze Project	O4	3	M	Bilingual	G130	06/09/2018	89100	1280 x 720		Raw Data														19979	10:16:09.000	1536226342772815															0			Unclassified	8																									2395	625	419			625	419			250.95	121.23					285.62	206.51	741.30		-34.01						767.93		4.59		0	4				
07/12/2018	3.3.2	Gaze Project	O4	3	M	Bilingual	G130	06/09/2018	89100	1280 x 720		Raw Data														19987	10:16:09.008	1536226342781143															0	2003		Fixation	8			8.81	259.44	184.25																				2396	635	458	664	439	649	448			255.00	105.44	266.47	113.21	260.74	109.33	289.50	216.62	770.78	330.73	206.64	725.72					799.23	799.23	5.07	4.74	0	0				
07/12/2018	3.3.2	Gaze Project	O4	3	M	Bilingual	G130	06/09/2018	89100	1280 x 720		Raw Data														19996	10:16:09.016	1536226342789491															0	2004		Fixation	8			3.29	101.38	201.94																				2397	663	470	643	335	653	402			266.16	100.52	258.26	155.00	262.21	127.76	288.15	211.14	754.19	331.69	212.04	742.00					781.72	781.72	4.95	4.86	0	0				
07/12/2018	3.3.2	Gaze Project	O4	3	M	Bilingual	G130	06/09/2018	89100	1280 x 720		Raw Data														20004	10:16:09.025	1536226342797865															0	2005		Fixation	8			0.81	197.80	96.42																				2398	675	464	618	343	646	403			270.85	103.02	247.98	152.02	259.42	127.52	286.09	202.68	729.07	330.94	206.55	725.36					755.14	755.14	4.78	4.54	0	0				
07/12/2018	3.3.2	Gaze Project	O4	3	M	Bilingual	G130	06/09/2018	89100	1280 x 720		Raw Data														20012	10:16:09.033	1536226342806135															0			Unclassified	8																									2399	650	449			650	449			261.01	109.28					286.22	202.69	729.01		-34.01						755.10		4.73		0	4				
07/12/2018	3.3.2	Gaze Project	O4	3	M	Bilingual	G130	06/09/2018	89100	1280 x 720		Raw Data														20020	10:16:09.041	1536226342814459															0	2006		Fixation	8			1.13	316.03	118.23																				2400	617	491	644	368	630	429			247.47	92.08	258.42	141.74	252.94	116.91	286.36	202.71	728.97	331.22	206.47	725.40					755.08	755.08	4.73	4.83	0	0				
07/12/2018	3.3.2	Gaze Project	O4	3	M	Bilingual	G130	06/09/2018	89100	1280 x 720		Raw Data														20029	10:16:09.050	1536226342822820															0	2007		Fixation	8			0.91	354.07	38.04																				2401	647	468	673	371	660	419			259.80	101.47	270.19	140.72	264.99	121.09	286.48	202.77	729.02	331.33	206.41	724.76					755.14	755.14	4.77	4.85	0	0				
07/12/2018	3.3.2	Gaze Project	O4	3	M	Bilingual	G130	06/09/2018	89100	1280 x 720		Raw Data														20037	10:16:09.058	1536226342831174															0	2008		Fixation	8			2.02	80.13	86.05																				2402	635	472	684	308	659	390			254.75	99.89	274.42	165.89	264.59	132.89	286.64	202.69	729.05	331.39	206.56	724.70					755.15	755.15	4.75	4.73	0	0				
07/12/2018	3.3.2	Gaze Project	O4	3	M	Bilingual	G130	06/09/2018	89100	1280 x 720		Raw Data														20046	10:16:09.066	1536226342839531															0	2009		Fixation	8			3.02	246.17	166.04																				2403	648	493	645	396	646	444			260.00	91.29	258.95	130.58	259.47	110.93	286.75	202.66	728.44	331.62	206.59	725.12					754.57	754.57	4.72	4.80	0	0				
07/12/2018	3.3.2	Gaze Project	O4	3	M	Bilingual	G130	06/09/2018	89100	1280 x 720		Raw Data														20054	10:16:09.075	1536226342847800															0	2010		Fixation	8			2.36	93.80	207.64																				2404	634	446	640	321	637	383			254.45	110.25	256.87	160.71	255.66	135.48	286.88	202.74	728.57	331.74	206.47	724.72					754.73	754.73	4.82	4.49	0	0				
07/12/2018	3.3.2	Gaze Project	O4	3	M	Bilingual	G130	06/09/2018	89100	1280 x 720		Raw Data														20062	10:16:09.083	1536226342856129															0	2011		Fixation	8			0.85	334.29	240.49																				2405			665	333	665	333					266.95	155.89						337.51	219.30	762.01						0.00		4.96	4	0				
07/12/2018	3.3.2	Gaze Project	O4	3	M	Bilingual	G130	06/09/2018	89100	1280 x 720		Raw Data														20071	10:16:09.091	1536226342864487															0			Unclassified	8																									2406	635	471			635	471			254.81	100.34					287.03	206.78	740.89		-34.01						767.68		4.77		0	4				
07/12/2018	3.3.2	Gaze Project	O4	3	M	Bilingual	G130	06/09/2018	89100	1280 x 720		Raw Data														20079	10:16:09.100	1536226342872845															0	2012		Fixation	8			2.05	259.73	285.44																				2407			653	399	653	399					262.26	129.21						332.11	206.47	724.50						0.00		4.79	4	0				
07/12/2018	3.3.2	Gaze Project	O4	3	M	Bilingual	G130	06/09/2018	89100	1280 x 720		Raw Data														20087	10:16:09.108	1536226342881114															0	2013		Fixation	8			2.98	253.69	353.97																				2408	624	453	626	491	625	472			250.54	107.54	251.41	92.18	250.98	99.86	287.25	207.38	742.51	332.19	206.31	723.95					769.42	769.42	4.77	5.01	0	0				
07/12/2018	3.3.2	Gaze Project	O4	3	M	Bilingual	G130	06/09/2018	89100	1280 x 720		Raw Data														20096	10:16:09.116	1536226342889461															0	2014		Fixation	8			6.16	80.09	186.40																				2409			660	297	660	297					264.98	170.30						332.32	206.37	724.09						0.00		4.41	4	0				
07/12/2018	3.3.2	Gaze Project	O4	3	M	Bilingual	G130	06/09/2018	89100	1280 x 720		Raw Data														20104	10:16:09.125	1536226342897806															0	2015		Fixation	8			3.35	264.63	184.54																				2410	643	459	650	403	646	431			258.06	105.15	260.93	127.47	259.49	116.31	287.45	208.21	744.84	332.43	206.36	724.02					771.89	771.89	4.81	4.75	0	0				
07/12/2018	3.3.2	Gaze Project	O4	3	M	Bilingual	G130	06/09/2018	89100	1280 x 720		Raw Data														20112	10:16:09.133	1536226342906160															0	2016		Fixation	8			1.38	256.95	352.32																				2411	617	443	640	446	628	444			247.67	111.52	256.80	110.44	252.23	110.98	287.66	202.61	727.52	332.54	206.25	724.06					753.72	753.72	4.47	5.00	0	0				
07/12/2018	3.3.2	Gaze Project	O4	3	M	Bilingual	G130	06/09/2018	89100	1280 x 720		Raw Data														20121	10:16:09.141	1536226342914514															0	2017		Fixation	8			5.32	86.96	190.01																				2412	630	501	649	277	639	389			252.83	88.19	260.34	178.20	256.58	133.19	287.75	202.76	727.46	332.57	206.51	723.96					753.71	753.71	4.89	4.10	0	0				
07/12/2018	3.3.2	Gaze Project	O4	3	M	Bilingual	G130	06/09/2018	89100	1280 x 720		Raw Data														20129	10:16:09.150	1536226342922784															0	2018		Fixation	8			3.43	259.45	172.48																				2413			629	384	629	384					252.66	135.39						332.75	206.28	724.05						0.00		4.70	4	0				
07/12/2018	3.3.2	Gaze Project	O4	3	M	Bilingual	G130	06/09/2018	89100	1280 x 720		Raw Data														20137	10:16:09.158	1536226342931112															0	2019		Fixation	8			1.80	77.94	178.50																				2414	644	470	641	328	642	399			258.46	100.57	257.11	157.79	257.79	129.18	287.96	202.52	727.04	332.86	206.29	724.04					753.24	753.24	4.85	4.71	0	0				
07/12/2018	3.3.2	Gaze Project	O4	3	M	Bilingual	G130	06/09/2018	89100	1280 x 720		Raw Data														20146	10:16:09.166	1536226342939458															0	2020		Fixation	8			0.79	286.21	208.27																				2415			648	352	648	352					259.94	148.13						332.93	206.22	723.36						0.00		4.64	4	0				
07/12/2018	3.3.2	Gaze Project	O4	3	M	Bilingual	G130	06/09/2018	89100	1280 x 720		Raw Data														20154	10:16:09.175	1536226342947828															0	2021		Fixation	8			0.73	9.49	83.28																				2416			672	348	672	348					269.60	149.65						344.01	230.58	794.57						0.00		5.26	4	0				
07/12/2018	3.3.2	Gaze Project	O4	3	M	Bilingual	G130	06/09/2018	89100	1280 x 720		Raw Data														20162	10:16:09.183	1536226342956108															0	2022		Fixation	8			2.47	135.37	125.88																				2417	637	420	610	287	623	353			255.61	120.88	244.96	174.18	250.28	147.53	288.16	207.18	741.12	346.87	236.55	812.07					768.08	768.08	4.74	5.23	0	0				
07/12/2018	3.3.2	Gaze Project	O4	3	M	Bilingual	G130	06/09/2018	89100	1280 x 720		Raw Data														20170	10:16:09.191	1536226342964444															0	2023		Fixation	8			3.38	323.04	187.67																				2418	626	460	702	356	664	408			251.21	104.67	281.68	146.39	266.45	125.53	288.33	202.58	726.81	334.11	211.44	738.90					753.06	753.06	4.72	4.80	0	0				
07/12/2018	3.3.2	Gaze Project	O4	3	M	Bilingual	G130	06/09/2018	89100	1280 x 720		Raw Data														20179	10:16:09.200	1536226342972776															0			Unclassified	8																									2419	666	476			666	476			267.43	98.38					288.42	202.53	726.53		-34.01						752.79		4.74		0	4				
07/12/2018	3.3.2	Gaze Project	O4	3	M	Bilingual	G130	06/09/2018	89100	1280 x 720		Raw Data														20187	10:16:09.208	1536226342981143															0			Unclassified	8																									2420	619	458			619	458			248.59	105.57					288.40	209.71	748.36		-34.01						775.75		4.75		0	4				
07/12/2018	3.3.2	Gaze Project	O4	3	M	Bilingual	G130	06/09/2018	89100	1280 x 720		Raw Data														20196	10:16:09.216	1536226342989497															0	2024		Fixation	8			3.72	215.46	252.42																				2421	640	443	602	427	621	435			257.09	111.52	241.59	118.17	249.34	114.85	288.59	202.54	726.30	334.84	213.93	745.91					752.58	752.58	4.80	5.09	0	0				
07/12/2018	3.3.2	Gaze Project	O4	3	M	Bilingual	G130	06/09/2018	89100	1280 x 720		Raw Data														20204	10:16:09.225	1536226342997767															0	2025		Fixation	8			3.37	66.05	210.59																				2422	672	455	647	326	659	390			269.88	106.83	259.81	158.75	264.84	132.79	288.68	202.52	726.12	334.39	210.77	736.54					752.40	752.40	4.75	4.74	0	0				
07/12/2018	3.3.2	Gaze Project	O4	3	M	Bilingual	G130	06/09/2018	89100	1280 x 720		Raw Data														20212	10:16:09.233	1536226343006098															0	2026		Fixation	8			1.55	258.50	192.45																				2423	627	453	637	375	632	414			251.68	107.65	255.85	139.12	253.77	123.38	288.77	202.49	725.89	334.43	210.48	735.55					752.18	752.18	4.74	4.94	0	0				
07/12/2018	3.3.2	Gaze Project	O4	3	M	Bilingual	G130	06/09/2018	89100	1280 x 720		Raw Data														20221	10:16:09.241	1536226343014453															0			Unclassified	8																									2424	662	463			662	463			265.84	103.44					288.86	202.49	725.76		-34.01						752.06		4.70		0	4				
07/12/2018	3.3.2	Gaze Project	O4	3	M	Bilingual	G130	06/09/2018	89100	1280 x 720		Raw Data														20229	10:16:09.250	1536226343022810															0	2027		Fixation	8			0.79	193.54	295.04																				2425	651	454	612	381	631	417			261.36	106.99	245.84	136.50	253.60	121.74	288.95	202.49	725.62	334.54	209.92	733.73					751.93	751.93	4.80	4.79	0	0				
07/12/2018	3.3.2	Gaze Project	O4	3	M	Bilingual	G130	06/09/2018	89100	1280 x 720		Raw Data														20237	10:16:09.258	1536226343031167															0			Unclassified	8																									2426	652	408			652	408			261.78	125.68					289.04	202.38	725.16		-34.01						751.47		4.65		0	4				
07/12/2018	3.3.2	Gaze Project	O4	3	M	Bilingual	G130	06/09/2018	89100	1280 x 720		Raw Data														20245	10:16:09.266	1536226343039426															0	2028		Fixation	8			0.91	316.31	122.77																				2427			633	401	633	401					254.26	128.35						334.03	205.81	721.04						0.00		4.78	4	0				
07/12/2018	3.3.2	Gaze Project	O4	3	M	Bilingual	G130	06/09/2018	89100	1280 x 720		Raw Data														20254	10:16:09.275	1536226343047762															0	2029		Fixation	8			0.64	312.93	356.63																				2428	640	438	647	416	643	427			256.72	113.56	259.87	122.25	258.29	117.90	289.15	208.24	742.88	334.98	210.80	736.05					770.12	770.12	4.69	4.96	0	0				
07/12/2018	3.3.2	Gaze Project	O4	3	M	Bilingual	G130	06/09/2018	89100	1280 x 720		Raw Data														20262	10:16:09.283	1536226343056109															0	2030		Fixation	8			1.48	225.09	272.16																				2429	663	403	613	450	638	426			266.22	127.84	246.08	108.67	256.15	118.26	289.24	209.21	745.65	334.23	205.75	721.07					773.05	773.05	4.74	4.86	0	0				
07/12/2018	3.3.2	Gaze Project	O4	3	M	Bilingual	G130	06/09/2018	89100	1280 x 720		Raw Data														20271	10:16:09.291	1536226343064482															0			Unclassified	8																									2430	634	419			634	419			254.48	121.34					289.40	202.37	724.59		-34.01						750.93		4.66		0	4				
07/12/2018	3.3.2	Gaze Project	O4	3	M	Bilingual	G130	06/09/2018	89100	1280 x 720		Raw Data														20279	10:16:09.300	1536226343072747															0	2031		Fixation	8			0.29	192.57	327.48																				2431	675	468	604	452	639	460			270.80	101.39	242.53	108.02	256.66	104.70	289.44	205.79	735.12	334.38	205.62	720.11					762.00	762.00	4.71	4.86	0	0				
07/12/2018	3.3.2	Gaze Project	O4	3	M	Bilingual	G130	06/09/2018	89100	1280 x 720		Raw Data														20287	10:16:09.308	1536226343081097															0	2032		Fixation	8			3.30	88.92	256.35																				2432	615	362	606	346	610	354			247.02	144.22	243.41	150.78	245.21	147.50	289.58	202.34	724.25	335.18	209.65	732.28					750.61	750.61	4.26	4.74	0	0				
07/12/2018	3.3.2	Gaze Project	O4	3	M	Bilingual	G130	06/09/2018	89100	1280 x 720		Raw Data														20295	10:16:09.316	1536226343089435															0	2033		Fixation	8			1.33	278.10	189.18																				2433	639	404	612	388	625	396			256.59	127.36	245.54	133.69	251.06	130.52	289.67	202.29	723.98	334.54	205.78	720.04					750.35	750.35	4.59	4.72	0	0				
07/12/2018	3.3.2	Gaze Project	O4	3	M	Bilingual	G130	06/09/2018	89100	1280 x 720		Raw Data														20304	10:16:09.325	1536226343097778															0	2034		Fixation	8			0.45	250.40	332.30																				2434	694	477	607	402	650	439			278.66	97.81	243.70	128.03	261.18	112.92	289.77	202.45	723.92	340.78	219.10	759.06					750.34	750.34	5.16	5.00	0	0				
07/12/2018	3.3.2	Gaze Project	O4	3	M	Bilingual	G130	06/09/2018	89100	1280 x 720		Raw Data														20312	10:16:09.333	1536226343106152															0	2035		Fixation	8			0.00	0.00	109.60																				2435	670	255	607	402	638	328			268.93	187.41	243.70	128.03	256.32	157.72	289.79	206.66	737.26	344.33	226.60	781.03					764.32	764.32	4.39	5.00	0	0				
07/12/2018	3.3.2	Gaze Project	O4	3	M	Bilingual	G130	06/09/2018	89100	1280 x 720		Raw Data														20320	10:16:09.341	1536226343114422															0	2036		Fixation	8			0.76	303.60	303.60																				2436	612	401	621	423	616	412			245.72	128.48	249.22	119.46	247.47	123.97	289.86	207.86	740.79	334.81	205.54	719.55					768.05	768.05	4.75	4.80	0	0				
07/12/2018	3.3.2	Gaze Project	O4	3	M	Bilingual	G130	06/09/2018	89100	1280 x 720		Raw Data														20329	10:16:09.350	1536226343122747															0	2037		Fixation	8			0.55	38.25	94.64																				2437	645	291	635	412	640	351			259.10	172.68	254.94	123.94	257.02	148.31	289.99	202.26	723.54	336.07	212.11	739.22					749.93	749.93	4.13	4.97	0	0				
07/12/2018	3.3.2	Gaze Project	O4	3	M	Bilingual	G130	06/09/2018	89100	1280 x 720		Raw Data														20337	10:16:09.358	1536226343131104															0	2038		Fixation	8			1.63	47.38	9.14																				2438	662	362	671	373	666	367			265.56	144.02	269.42	139.93	267.49	141.97	290.03	206.14	735.50	335.83	210.23	733.67					762.50	762.50	4.70	4.80	0	0				
07/12/2018	3.3.2	Gaze Project	O4	3	M	Bilingual	G130	06/09/2018	89100	1280 x 720		Raw Data														20346	10:16:09.366	1536226343139463															0	2039		Fixation	8			1.37	187.79	140.41																				2439	670	487	627	379	648	433			268.84	94.01	251.50	137.45	260.17	115.73	290.15	202.21	723.27	335.75	209.30	730.94					749.67	749.67	4.92	4.74	0	0				
07/12/2018	3.3.2	Gaze Project	O4	3	M	Bilingual	G130	06/09/2018	89100	1280 x 720		Raw Data														20354	10:16:09.375	1536226343147817															0	2040		Fixation	8			0.19	260.57	72.78																				2440	621	382	626	385	623	383			249.31	136.20	251.12	134.98	250.22	135.59	290.24	202.10	723.32	335.19	205.67	719.50					749.68	749.68	4.66	4.69	0	0				
07/12/2018	3.3.2	Gaze Project	O4	3	M	Bilingual	G130	06/09/2018	89100	1280 x 720		Raw Data														20362	10:16:09.383	1536226343156077															0	2041		Fixation	8			0.99	194.51	293.95																				2441	675	445	595	393	635	419			270.81	110.63	238.85	131.68	254.83	121.15	290.30	202.12	723.31	335.90	209.18	730.61					749.68	749.68	4.55	4.87	0	0				
07/12/2018	3.3.2	Gaze Project	O4	3	M	Bilingual	G130	06/09/2018	89100	1280 x 720		Raw Data														20370	10:16:09.391	1536226343164418															0	2042		Fixation	8			3.09	279.81	85.30																				2442			612	491	612	491					245.63	92.31						335.33	205.42	719.60						0.00		4.89	4	0				
07/12/2018	3.3.2	Gaze Project	O4	3	M	Bilingual	G130	06/09/2018	89100	1280 x 720		Raw Data														20379	10:16:09.400	1536226343172772															0	2043		Fixation	8			1.77	9.16	89.35																				2443			668	482	668	482					268.29	96.01						335.41	205.65	719.51						0.00		4.87	4	0				
07/12/2018	3.3.2	Gaze Project	O4	3	M	Bilingual	G130	06/09/2018	89100	1280 x 720		Raw Data														20387	10:16:09.408	1536226343181130															0	2044		Fixation	8			2.39	97.47	88.31																				2444	662	454	658	406	660	430			265.91	106.96	263.96	126.35	264.93	116.66	290.51	202.13	722.93	336.18	209.43	731.48					749.34	749.34	4.88	4.82	0	0				
07/12/2018	3.3.2	Gaze Project	O4	3	M	Bilingual	G130	06/09/2018	89100	1280 x 720		Raw Data														20395	10:16:09.416	1536226343189373															0	2045		Fixation	8			0.38	9.49	272.02																				2445	633	467	670	404	651	435			254.01	101.93	269.14	127.28	261.58	114.60	290.59	202.01	722.98	335.60	205.62	719.52					749.35	749.35	4.69	4.75	0	0				
07/12/2018	3.3.2	Gaze Project	O4	3	M	Bilingual	G130	06/09/2018	89100	1280 x 720		Raw Data														20404	10:16:09.425	1536226343197745															0			Unclassified	8																									2446	654	256			654	256			262.61	187.00					290.63	202.01	722.98		-34.01						749.35		4.22		0	4				
07/12/2018	3.3.2	Gaze Project	O4	3	M	Bilingual	G130	06/09/2018	89100	1280 x 720		Raw Data														20412	10:16:09.433	1536226343206082															0	2046		Fixation	8			2.53	246.96	237.47																				2447	648	469	638	479	643	474			260.09	101.27	255.99	97.07	258.04	99.17	290.68	202.00	722.98	336.32	209.07	730.55					749.35	749.35	4.66	5.01	0	0				
07/12/2018	3.3.2	Gaze Project	O4	3	M	Bilingual	G130	06/09/2018	89100	1280 x 720		Raw Data														20420	10:16:09.441	1536226343214432															0	2047		Fixation	8			0.35	52.21	165.25																				2448	646	441	645	470	645	455			259.38	112.36	259.08	100.60	259.23	106.48	290.72	201.93	722.38	336.21	208.16	727.92					748.76	748.76	4.82	5.04	0	0				
07/12/2018	3.3.2	Gaze Project	O4	3	M	Bilingual	G130	06/09/2018	89100	1280 x 720		Raw Data														20429	10:16:09.450	1536226343222800															0	2048		Fixation	8			0.68	195.99	143.78																				2449	643	285	624	476	633	380			258.10	175.20	250.42	98.46	254.26	136.83	290.73	206.68	736.99	335.69	205.00	718.28					764.11	764.11	4.47	4.91	0	0				
07/12/2018	3.3.2	Gaze Project	O4	3	M	Bilingual	G130	06/09/2018	89100	1280 x 720		Raw Data														20437	10:16:09.458	1536226343231068															0	2049		Fixation	8			3.14	73.24	237.25																				2450	645	388	653	380	649	384			258.78	133.70	262.32	136.85	260.55	135.28	290.80	201.83	722.06	335.71	204.91	718.04					748.43	748.43	4.41	4.84	0	0				
07/12/2018	3.3.2	Gaze Project	O4	3	M	Bilingual	G130	06/09/2018	89100	1280 x 720		Raw Data														20445	10:16:09.466	1536226343239399															0			Unclassified	8																									2451	655	381			655	381			262.85	136.63					290.82	201.83	722.06		-34.01						748.43		4.47		0	4				
07/12/2018	3.3.2	Gaze Project	O4	3	M	Bilingual	G130	06/09/2018	89100	1280 x 720		Raw Data														20454	10:16:09.475	1536226343247757															0	2050		Fixation	8			2.44	242.52	169.28																				2452			617	449	617	449					247.67	109.08						335.75	204.78	717.66						0.00		4.81	4	0				
07/12/2018	3.3.2	Gaze Project	O4	3	M	Bilingual	G130	06/09/2018	89100	1280 x 720		Raw Data														20462	10:16:09.483	1536226343256115															0			Unclassified	8																									2453	654	407			654	407			262.36	125.97					290.87	201.92	722.31		-34.01						748.70		4.76		0	4				
07/12/2018	3.3.2	Gaze Project	O4	3	M	Bilingual	G130	06/09/2018	89100	1280 x 720		Raw Data														20470	10:16:09.491	1536226343264393															0	2051		Fixation	8			0.53	249.50	6.98																				2454	642	486	611	465	626	475			257.76	94.18	245.15	102.63	251.45	98.40	290.89	201.86	722.12	335.80	204.84	717.80					748.50	748.50	4.86	4.86	0	0				
07/12/2018	3.3.2	Gaze Project	O4	3	M	Bilingual	G130	06/09/2018	89100	1280 x 720		Raw Data														20479	10:16:09.500	1536226343272732															0	2052		Fixation	8			1.85	135.60	246.09																				2455			569	424	569	424					228.45	119.13						335.81	204.73	717.85						0.00		4.77	4	0				
07/12/2018	3.3.2	Gaze Project	O4	3	M	Bilingual	G130	06/09/2018	89100	1280 x 720		Raw Data														20487	10:16:09.508	1536226343281063															0	2053		Fixation	8			2.58	355.80	220.20																				2456	652	489	651	430	651	459			261.62	92.95	261.13	116.65	261.38	104.80	290.91	201.79	721.85	335.84	204.90	717.93					748.23	748.23	4.90	4.83	0	0				
07/12/2018	3.3.2	Gaze Project	O4	3	M	Bilingual	G130	06/09/2018	89100	1280 x 720		Raw Data														20495	10:16:09.516	1536226343289431															0	2054		Fixation	8			1.10	220.52	224.72																				2457			624	453	624	453					250.28	107.57						336.51	208.58	729.11						0.00		4.86	4	0				
07/12/2018	3.3.2	Gaze Project	O4	3	M	Bilingual	G130	06/09/2018	89100	1280 x 720		Raw Data														20504	10:16:09.525	1536226343297783															0	2055		Fixation	8			4.50	68.97	208.45																				2458	661	219	678	313	669	266			265.23	201.56	272.00	163.81	268.61	182.69	290.93	201.93	721.80	345.39	225.60	778.21					748.22	748.22	3.94	5.11	0	0				
07/12/2018	3.3.2	Gaze Project	O4	3	M	Bilingual	G130	06/09/2018	89100	1280 x 720		Raw Data														20512	10:16:09.533	1536226343306051															0	2056		Fixation	8			4.90	255.92	186.95																				2459	647	360	638	472	642	416			259.84	145.11	255.99	99.88	257.92	122.50	290.92	201.81	721.85	336.82	210.34	734.17					748.23	748.23	4.34	5.15	0	0				
07/12/2018	3.3.2	Gaze Project	O4	3	M	Bilingual	G130	06/09/2018	89100	1280 x 720		Raw Data														20520	10:16:09.541	1536226343314399															0			Unclassified	8																									2460	599	452			599	452			240.54	107.98					290.94	201.70	721.90		-34.01						748.24		4.78		0	4				
07/12/2018	3.3.2	Gaze Project	O4	3	M	Bilingual	G130	06/09/2018	89100	1280 x 720		Raw Data														20529	10:16:09.550	1536226343322737															0	2057		Fixation	8			1.67	62.56	166.64																				2461	668	525	663	424	665	474			268.24	78.67	266.07	119.10	267.15	98.88	290.92	201.94	721.80	335.83	204.93	717.80					748.22	748.22	4.92	4.76	0	0				
07/12/2018	3.3.2	Gaze Project	O4	3	M	Bilingual	G130	06/09/2018	89100	1280 x 720		Raw Data														20537	10:16:09.558	1536226343331100															0	2058		Fixation	8			2.04	220.12	157.56																				2462	601	467	613	466	607	466			241.07	101.92	245.99	102.42	243.53	102.17	290.93	201.69	721.90	335.82	204.93	717.78					748.24	748.24	4.75	4.89	0	0				
07/12/2018	3.3.2	Gaze Project	O4	3	M	Bilingual	G130	06/09/2018	89100	1280 x 720		Raw Data														20546	10:16:09.566	1536226343339453															0	2059		Fixation	8			0.59	32.09	171.97																				2463	671	460	629	456	650	458			269.29	104.80	252.58	106.36	260.93	105.58	290.91	201.93	721.80	335.80	204.92	717.73					748.22	748.22	4.93	4.90	0	0				
07/12/2018	3.3.2	Gaze Project	O4	3	M	Bilingual	G130	06/09/2018	89100	1280 x 720		Raw Data	attention.avi	190	0	900	720									20547	10:16:09.568										9	MovieStart	attention.avi					2059		Fixation	8	439	456	0.59	32.09	171.97																																																						
07/12/2018	3.3.2	Gaze Project	O4	3	M	Bilingual	G130	06/09/2018	89100	1280 x 720		Raw Data	attention.avi	190	0	900	720									20554	10:16:09.575	1536226343347721															0	2060		Fixation	8	419	374	2.67	103.66	71.58																				2464	683	365	609	374	646	369	456	369	274.00	142.86	244.60	139.47	259.30	141.16	290.86	201.80	721.89	335.76	204.85	717.51					748.26	748.26	4.46	4.71	0	0				
07/12/2018	3.3.2	Gaze Project	O4	3	M	Bilingual	G130	06/09/2018	89100	1280 x 720		Raw Data	attention.avi	190	0	900	720									20562	10:16:09.583	1536226343356045															0	2061		Fixation	8	466	395	1.63	335.86	232.19																				2465	627	477	656	395	641	436	451	436	251.63	97.97	263.20	131.00	257.42	114.48	290.84	201.66	721.52	335.73	204.74	717.56					747.86	747.86	4.92	4.73	0	0				
07/12/2018	3.3.2	Gaze Project	O4	3	M	Bilingual	G130	06/09/2018	89100	1280 x 720		Raw Data	attention.avi	190	0	900	720									20570	10:16:09.591	1536226343364409															0			Unclassified	8																									2466	634	469			634	469	444	469	254.59	100.89					290.81	201.75	721.88		-34.01						748.23		4.85		0	4				
07/12/2018	3.3.2	Gaze Project	O4	3	M	Bilingual	G130	06/09/2018	89100	1280 x 720		Raw Data	attention.avi	190	0	900	720									20579	10:16:09.600	1536226343372769															0			Unclassified	8																									2467	672	460			672	460	482	460	269.89	104.68					290.78	201.70	721.82		-34.01						748.16		4.79		0	4				
07/12/2018	3.3.2	Gaze Project	O4	3	M	Bilingual	G130	06/09/2018	89100	1280 x 720		Raw Data	attention.avi	190	0	900	720									20587	10:16:09.608	1536226343381044															0			Unclassified	8																									2468	583	379			583	379	393	379	234.15	137.18					290.73	201.65	721.78		-34.01						748.10		4.33		0	4				
07/12/2018	3.3.2	Gaze Project	O4	3	M	Bilingual	G130	06/09/2018	89100	1280 x 720		Raw Data	attention.avi	190	0	900	720									20595	10:16:09.616	1536226343389388															0	2062		Fixation	8	460	376	0.63	107.47	131.62																				2469	632	389	650	376	641	382	451	382	253.80	133.10	260.87	138.45	257.33	135.78	290.68	201.70	722.05	336.55	210.27	733.93					748.38	748.38	4.52	4.81	0	0				
07/12/2018	3.3.2	Gaze Project	O4	3	M	Bilingual	G130	06/09/2018	89100	1280 x 720		Raw Data	attention.avi	190	0	900	720									20604	10:16:09.625	1536226343397717															0	2063		Fixation	8	405	445	2.71	231.53	124.06																				2470			595	445	595	445	405	445			238.79	110.65						336.10	208.13	727.65						0.00		4.86	4	0				
07/12/2018	3.3.2	Gaze Project	O4	3	M	Bilingual	G130	06/09/2018	89100	1280 x 720		Raw Data	attention.avi	190	0	900	720									20612	10:16:09.633	1536226343406076															0	2064		Fixation	8	480	333	4.03	56.28	184.75																				2471	596	356	670	333	633	344	443	344	239.38	146.59	268.75	156.01	254.07	151.30	290.57	201.58	722.00	344.70	225.05	776.48					748.29	748.29	4.23	5.03	0	0				
07/12/2018	3.3.2	Gaze Project	O4	3	M	Bilingual	G130	06/09/2018	89100	1280 x 720		Raw Data	attention.avi	190	0	900	720									20621	10:16:09.641	1536226343414434															0			Unclassified	8																									2472	617	247			617	247	427	247	247.81	190.62					290.47	201.66	721.97		-34.01						748.28		3.88		0	4				
07/12/2018	3.3.2	Gaze Project	O4	3	M	Bilingual	G130	06/09/2018	89100	1280 x 720		Raw Data	attention.avi	190	0	900	720									20629	10:16:09.650	1536226343422702															0	2065		Fixation	8	428	356	1.70	203.93	147.65																				2473	684	447	618	356	651	401	461	401	274.55	109.96	248.21	146.67	261.38	128.31	290.39	205.82	735.49	336.01	208.96	730.09					762.40	762.40	4.80	4.69	0	0				
07/12/2018	3.3.2	Gaze Project	O4	3	M	Bilingual	G130	06/09/2018	89100	1280 x 720		Raw Data	attention.avi	190	0	900	720									20637	10:16:09.658	1536226343431059															0			Unclassified	8																									2474	668	404			668	404	478	404	268.31	127.33					290.35	201.48	722.26		-34.01						748.49		4.46		0	4				
07/12/2018	3.3.2	Gaze Project	O4	3	M	Bilingual	G130	06/09/2018	89100	1280 x 720		Raw Data	attention.avi	190	0	900	720									20645	10:16:09.666	1536226343439394															0	2066		Fixation	8	492	359	2.01	357.31	153.38																				2475	657	344	682	359	669	351	479	351	263.88	151.56	273.90	145.52	268.89	148.54	292.47	209.40	745.82	335.07	204.82	717.54					773.42	773.42	4.43	4.52	0	0				
07/12/2018	3.3.2	Gaze Project	O4	3	M	Bilingual	G130	06/09/2018	89100	1280 x 720		Raw Data	attention.avi	190	0	900	720									20654	10:16:09.675	1536226343447755															0	2067		Fixation	8	440	457	3.46	242.13	244.82																				2476	646	442	630	457	638	449	448	449	259.43	112.04	252.97	105.90	256.20	108.97	290.13	206.40	737.89	335.64	208.56	728.92					764.85	764.85	4.83	5.03	0	0				
07/12/2018	3.3.2	Gaze Project	O4	3	M	Bilingual	G130	06/09/2018	89100	1280 x 720		Raw Data	attention.avi	190	0	900	720									20662	10:16:09.683	1536226343456107															0	2068		Fixation	8	394	450	1.41	171.32	289.19																				2477			584	450	584	450	394	450			234.28	108.92						340.30	216.75	752.17						0.00		5.01	4	0				
07/12/2018	3.3.2	Gaze Project	O4	3	M	Bilingual	G130	06/09/2018	89100	1280 x 720		Raw Data	attention.avi	190	0	900	720									20670	10:16:09.691	1536226343464343															0			Unclassified	8																									2478	651	386			651	386	461	386	261.29	134.33					289.94	205.90	736.87		-34.01						763.72		4.81		0	4				
07/12/2018	3.3.2	Gaze Project	O4	3	M	Bilingual	G130	06/09/2018	89100	1280 x 720		Raw Data	attention.avi	190	0	900	720									20679	10:16:09.700	1536226343472709															0	2069		Fixation	8	469	424	2.39	19.18	207.86																				2479	637	480	659	424	648	452	458	452	255.87	96.48	264.68	119.18	260.27	107.83	289.86	204.81	733.86	335.58	210.04	733.35					760.52	760.52	4.83	4.95	0	0				
07/12/2018	3.3.2	Gaze Project	O4	3	M	Bilingual	G130	06/09/2018	89100	1280 x 720		Raw Data	attention.avi	190	0	900	720									20687	10:16:09.708	1536226343481065															0	2070		Fixation	8	438	458	1.41	227.73	208.56																				2480	635	401	628	458	631	429	441	429	255.03	128.40	251.90	105.32	253.47	116.86	289.80	201.24	722.91	335.17	208.33	728.33					749.00	749.00	4.53	4.95	0	0				
07/12/2018	3.3.2	Gaze Project	O4	3	M	Bilingual	G130	06/09/2018	89100	1280 x 720		Raw Data	attention.avi	190	0	900	720									20695	10:16:09.716	1536226343489420															0	2071		Fixation	8	453	447	0.58	36.34	168.61																				2481	644	512	643	447	643	479	453	479	258.67	83.87	258.13	109.85	258.40	96.86	289.72	201.35	723.42	334.33	204.92	717.50					749.53	749.53	4.71	4.82	0	0				
07/12/2018	3.3.2	Gaze Project	O4	3	M	Bilingual	G130	06/09/2018	89100	1280 x 720		Raw Data	attention.avi	190	0	900	720									20704	10:16:09.725	1536226343497689															0	2072		Fixation	8	449	420	0.85	98.40	62.06																				2482	643	470	639	420	641	445	451	445	258.16	100.47	256.66	120.67	257.41	110.57	289.62	201.33	723.46	335.05	208.85	729.82					749.54	749.54	4.62	4.92	0	0				
07/12/2018	3.3.2	Gaze Project	O4	3	M	Bilingual	G130	06/09/2018	89100	1280 x 720		Raw Data	attention.avi	190	0	900	720									20712	10:16:09.733	1536226343506034															0	2073		Fixation	8	424	474	1.84	245.23	146.83																				2483	663	479	614	474	638	476	448	476	266.07	96.94	246.41	99.03	256.24	97.99	289.54	201.34	723.61	334.26	204.95	717.94					749.69	749.69	4.83	4.91	0	0				
07/12/2018	3.3.2	Gaze Project	O4	3	M	Bilingual	G130	06/09/2018	89100	1280 x 720		Raw Data	attention.avi	190	0	900	720									20720	10:16:09.741	1536226343514375															0	2074		Fixation	8	431	431	1.36	80.78	195.56																				2484	644	410	621	431	632	420	442	420	258.59	124.90	249.10	116.55	253.85	120.72	289.45	201.25	723.41	334.16	204.86	717.97					749.47	749.47	4.53	4.67	0	0				
07/12/2018	3.3.2	Gaze Project	O4	3	M	Bilingual	G130	06/09/2018	89100	1280 x 720		Raw Data	attention.avi	190	0	900	720									20729	10:16:09.750	1536226343522731															0			Unclassified	8																									2485	633	433			633	433	443	433	254.06	115.52					289.33	205.38	736.28		-34.01						762.97		4.82		0	4				
07/12/2018	3.3.2	Gaze Project	O4	3	M	Bilingual	G130	06/09/2018	89100	1280 x 720		Raw Data	attention.avi	190	0	900	720									20737	10:16:09.758	1536226343531088															0	2075		Fixation	8	466	370	2.21	60.23	339.45																				2486	614	442	656	370	635	406	445	406	246.50	112.13	263.47	140.93	254.98	126.53	289.25	205.54	736.73	333.94	205.16	717.85					763.44	763.44	4.77	4.78	0	0				
07/12/2018	3.3.2	Gaze Project	O4	3	M	Bilingual	G130	06/09/2018	89100	1280 x 720		Raw Data	attention.avi	190	0	900	720									20745	10:16:09.766	1536226343539356															0	2076		Fixation	8	464	535	5.18	269.31	209.07																				2487	636	506	654	535	645	520	455	520	255.33	86.00	262.56	74.61	258.94	80.30	289.24	201.40	723.82	333.81	205.21	717.83					749.89	749.89	4.85	5.01	0	0				
07/12/2018	3.3.2	Gaze Project	O4	3	M	Bilingual	G130	06/09/2018	89100	1280 x 720		Raw Data	attention.avi	190	0	900	720									20754	10:16:09.775	1536226343547696															0	2077		Fixation	8	414	493	2.05	139.88	230.57																				2488	642	517	604	493	623	505	433	505	257.62	81.67	242.29	91.34	249.96	86.51	289.19	201.31	723.86	333.88	205.04	717.90					749.90	749.90	4.69	4.98	0	0				
07/12/2018	3.3.2	Gaze Project	O4	3	M	Bilingual	G130	06/09/2018	89100	1280 x 720		Raw Data	attention.avi	190	0	900	720									20762	10:16:09.783	1536226343556062															0	2078		Fixation	8	423	469	0.79	69.50	289.63																				2489	646	448	613	469	629	458	439	458	259.29	109.41	245.99	101.00	252.64	105.21	289.13	201.60	724.11	334.56	209.55	730.86					750.23	750.23	4.66	5.05	0	0				
07/12/2018	3.3.2	Gaze Project	O4	3	M	Bilingual	G130	06/09/2018	89100	1280 x 720		Raw Data	attention.avi	190	0	900	720									20770	10:16:09.791	1536226343564416															0	2079		Fixation	8	384	437	1.57	140.54	71.04																				2490	655	489	574	437	614	463	424	463	262.96	93.21	230.53	114.12	246.74	103.66	289.08	201.75	724.31	333.81	205.57	718.47					750.46	750.46	4.88	4.75	0	0				
07/12/2018	3.3.2	Gaze Project	O4	3	M	Bilingual	G130	06/09/2018	89100	1280 x 720		Raw Data	attention.avi	190	0	900	720									20779	10:16:09.799	1536226343572676															0	2080		Fixation	8	400	457	0.80	308.57	168.03																				2491	663	487	590	457	626	472	436	472	266.04	93.83	237.00	106.04	251.52	99.93	289.03	201.91	724.51	334.60	210.51	733.03					750.70	750.70	4.71	4.99	0	0				
07/12/2018	3.3.2	Gaze Project	O4	3	M	Bilingual	G130	06/09/2018	89100	1280 x 720		Raw Data	attention.avi	190	0	900	720									20787	10:16:09.808	1536226343581011															0			Unclassified	8																									2492	592	460			592	460	402	460	237.62	104.79					289.01	201.87	724.52		-34.01						750.70		4.55		0	4				
07/12/2018	3.3.2	Gaze Project	O4	3	M	Bilingual	G130	06/09/2018	89100	1280 x 720		Raw Data	attention.avi	190	0	900	720									20795	10:16:09.816	1536226343589375															0			Unclassified	8																									2493																			-34.01										4	4				
07/12/2018	3.3.2	Gaze Project	O4	3	M	Bilingual	G130	06/09/2018	89100	1280 x 720		Raw Data	attention.avi	190	0	900	720									20804	10:16:09.825	1536226343597733															0			Unclassified	8																									2494	640	455			640	455	450	455	256.97	106.77					288.90	202.01	724.47		-34.01						750.69		4.27		0	4				
07/12/2018	3.3.2	Gaze Project	O4	3	M	Bilingual	G130	06/09/2018	89100	1280 x 720		Raw Data	attention.avi	190	0	900	720									20812	10:16:09.833	1536226343606002															0			Unclassified	8																									2495	662	490			662	490	472	490	265.88	92.60					288.79	205.79	735.79		-34.01						762.61		4.67		0	4				
07/12/2018	3.3.2	Gaze Project	O4	3	M	Bilingual	G130	06/09/2018	89100	1280 x 720		Raw Data	attention.avi	190	0	900	720									20820	10:16:09.841	1536226343614349															0			Unclassified	8																									2496																			-34.01										4	4				
07/12/2018	3.3.2	Gaze Project	O4	3	M	Bilingual	G130	06/09/2018	89100	1280 x 720		Raw Data	attention.avi	190	0	900	720									20829	10:16:09.850	1536226343622681															0			Unclassified	8																									2497																			-34.01										4	4				
07/12/2018	3.3.2	Gaze Project	O4	3	M	Bilingual	G130	06/09/2018	89100	1280 x 720		Raw Data	attention.avi	190	0	900	720									20837	10:16:09.858	1536226343631043															0			Unclassified	8																									2498																			-34.01										4	4				
07/12/2018	3.3.2	Gaze Project	O4	3	M	Bilingual	G130	06/09/2018	89100	1280 x 720		Raw Data	attention.avi	190	0	900	720									20845	10:16:09.866	1536226343639400															0			Unclassified	8																									2499																			-34.01										4	4				
07/12/2018	3.3.2	Gaze Project	O4	3	M	Bilingual	G130	06/09/2018	89100	1280 x 720		Raw Data	attention.avi	190	0	900	720									20854	10:16:09.875	1536226343647676															0			Unclassified	8																									2500																			-34.01										4	4				
07/12/2018	3.3.2	Gaze Project	O4	3	M	Bilingual	G130	06/09/2018	89100	1280 x 720		Raw Data	attention.avi	190	0	900	720									20862	10:16:09.883	1536226343656027															0			Unclassified	8																									2501																			-34.01										4	4				
07/12/2018	3.3.2	Gaze Project	O4	3	M	Bilingual	G130	06/09/2018	89100	1280 x 720		Raw Data	attention.avi	190	0	900	720									20870	10:16:09.891	1536226343664346															0	2081		Fixation	8	391	511	1.67	260.57	312.00																				2502			581	511	581	511	391	511			233.14	84.25						334.48	208.40	726.52						0.00		5.15	4	0				
07/12/2018	3.3.2	Gaze Project	O4	3	M	Bilingual	G130	06/09/2018	89100	1280 x 720		Raw Data	attention.avi	190	0	900	720									20879	10:16:09.900	1536226343672711															0	2082		Fixation	8	465	415	3.72	52.46	151.90																				2503			655	415	655	415	465	415			263.02	122.71						333.75	207.77	725.36						0.00		4.94	4	0				
07/12/2018	3.3.2	Gaze Project	O4	3	M	Bilingual	G130	06/09/2018	89100	1280 x 720		Raw Data	attention.avi	190	0	900	720									20887	10:16:09.908	1536226343681070															0	2083		Fixation	8	468	433	0.57	279.43	226.97																				2504			658	433	658	433	468	433			264.15	115.41						333.81	208.05	725.93						0.00		5.00	4	0				
07/12/2018	3.3.2	Gaze Project	O4	3	M	Bilingual	G130	06/09/2018	89100	1280 x 720		Raw Data	attention.avi	190	0	900	720									20895	10:16:09.916	1536226343689340															0	2084		Fixation	8	444	482	1.68	243.98	324.54																				2505	667	398	634	482	650	440	460	440	267.89	129.64	254.38	95.70	261.14	112.67	288.71	202.24	724.60	334.26	207.91	724.42					750.88	750.88	4.56	4.95	0	0				
07/12/2018	3.3.2	Gaze Project	O4	3	M	Bilingual	G130	06/09/2018	89100	1280 x 720		Raw Data	attention.avi	190	0	900	720									20904	10:16:09.925	1536226343697670															0	2085		Fixation	8	424	454	1.07	125.45	241.47																				2506	654	469	614	454	634	461	444	461	262.55	101.18	246.48	107.16	254.52	104.17	288.87	202.58	725.63	334.66	208.76	726.55					751.96	751.96	4.67	4.55	0	0				
07/12/2018	3.3.2	Gaze Project	O4	3	M	Bilingual	G130	06/09/2018	89100	1280 x 720		Raw Data	attention.avi	190	0	900	720									20912	10:16:09.933	1536226343706023															0			Unclassified	8																									2507																			-34.01										4	4				
07/12/2018	3.3.2	Gaze Project	O4	3	M	Bilingual	G130	06/09/2018	89100	1280 x 720		Raw Data	attention.avi	190	0	900	720									20920	10:16:09.941	1536226343714382															0	2086		Fixation	8	427	505	1.58	273.36	147.91																				2508			617	505	617	505	427	505			247.67	86.56						334.52	208.26	724.45						0.00		4.72	4	0				
07/12/2018	3.3.2	Gaze Project	O4	3	M	Bilingual	G130	06/09/2018	89100	1280 x 720		Raw Data	attention.avi	190	0	900	720									20929	10:16:09.949	1536226343722663															0	2087		Fixation	8	395	538	1.39	225.97	312.62																				2509	672	332	585	538	628	435	438	435	269.77	156.14	234.65	73.19	252.21	114.66	289.13	202.80	725.33	334.96	209.08	726.65					751.76	751.76	4.04	4.90	0	0				
07/12/2018	3.3.2	Gaze Project	O4	3	M	Bilingual	G130	06/09/2018	89100	1280 x 720		Raw Data	attention.avi	190	0	900	720									20937	10:16:09.958	1536226343730997															0	2088		Fixation	8	415	524	0.74	35.08	169.11																				2510	623	493	605	524	614	508	424	508	249.95	91.37	243.04	79.08	246.49	85.22	289.41	203.70	727.37	335.04	209.16	726.65					753.99	753.99	4.80	4.80	0	0				
07/12/2018	3.3.2	Gaze Project	O4	3	M	Bilingual	G130	06/09/2018	89100	1280 x 720		Raw Data	attention.avi	190	0	900	720									20945	10:16:09.966	1536226343739325															0	2089		Fixation	8	448	472	1.88	57.68	22.60																				2511	685	470	638	472	661	471	471	471	275.10	100.77	256.00	99.98	265.55	100.38	289.76	204.71	730.30	334.96	208.85	725.63					757.10	757.10	4.59	4.80	0	0				
07/12/2018	3.3.2	Gaze Project	O4	3	M	Bilingual	G130	06/09/2018	89100	1280 x 720		Raw Data	attention.avi	190	0	900	720									20954	10:16:09.975	1536226343747681															0	2090		Fixation	8	451	513	1.27	274.17	216.49																				2512			641	513	641	513	451	513			257.37	83.51						335.02	208.87	725.61						0.00		4.87	4	0				
07/12/2018	3.3.2	Gaze Project	O4	3	M	Bilingual	G130	06/09/2018	89100	1280 x 720		Raw Data	attention.avi	190	0	900	720									20962	10:16:09.983	1536226343756052															0			Unclassified	8																									2513	699	453			699	453	509	453	280.54	107.34					291.25	209.61	744.95		-34.01						772.60		5.21		0	4				
07/12/2018	3.3.2	Gaze Project	O4	3	M	Bilingual	G130	06/09/2018	89100	1280 x 720		Raw Data	attention.avi	190	0	900	720									20970	10:16:09.991	1536226343764321															0	2091		Fixation	8	444	399	3.53	93.50	179.33																				2514	632	391	634	399	633	395	443	395	253.81	132.45	254.62	129.44	254.22	130.94	289.44	202.74	724.88	334.82	210.76	731.89					751.33	751.33	4.73	5.01	0	0				
07/12/2018	3.3.2	Gaze Project	O4	3	M	Bilingual	G130	06/09/2018	89100	1280 x 720		Raw Data	attention.avi	190	0	900	720									20979	10:16:09.999	1536226343772662															0			Unclassified	8																									2515	596	424			596	424	406	424	239.41	119.11					293.09	215.94	764.01		-34.01						792.74		5.09		0	4				
07/12/2018	3.3.2	Gaze Project	O4	3	M	Bilingual	G130	06/09/2018	89100	1280 x 720		Raw Data	attention.avi	190	0	900	720									20987	10:16:10.008	1536226343781010															0	2092		Fixation	8	488	408	1.39	348.40	254.90																				2516	650	442	678	408	664	425	474	425	261.06	111.96	272.05	125.70	266.56	118.83	289.45	202.70	724.94	334.81	210.66	731.65					751.37	751.37	4.81	4.80	0	0				
07/12/2018	3.3.2	Gaze Project	O4	3	M	Bilingual	G130	06/09/2018	89100	1280 x 720		Raw Data	attention.avi	190	0	900	720									20995	10:16:10.016	1536226343789366															0	2093		Fixation	8	465	286	3.87	100.64	112.24																				2517	649	464	655	286	652	375	462	375	260.69	102.98	263.03	174.75	261.86	138.87	289.44	202.69	724.96	334.81	210.76	731.98					751.39	751.39	4.79	4.49	0	0				
07/12/2018	3.3.2	Gaze Project	O4	3	M	Bilingual	G130	06/09/2018	89100	1280 x 720		Raw Data	attention.avi	190	0	900	720									21004	10:16:10.025	1536226343797722															0	2094		Fixation	8	442	435	4.68	261.25	160.61																				2518	613	412	632	435	622	423	432	423	246.01	124.22	253.54	114.87	249.78	119.54	289.44	202.56	725.01	334.69	210.21	730.33					751.39	751.39	4.61	4.89	0	0				
07/12/2018	3.3.2	Gaze Project	O4	3	M	Bilingual	G130	06/09/2018	89100	1280 x 720		Raw Data	attention.avi	190	0	900	720									21012	10:16:10.033	1536226343805988															0	2095		Fixation	8	468	319	3.63	77.41	176.15																				2519	655	402	658	319	656	360	466	360	262.80	127.88	264.13	161.42	263.47	144.65	289.39	202.69	725.01	339.31	218.27	753.05					751.43	751.43	4.65	5.04	0	0				
07/12/2018	3.3.2	Gaze Project	O4	3	M	Bilingual	G130	06/09/2018	89100	1280 x 720		Raw Data	attention.avi	190	0	900	720									21020	10:16:10.041	1536226343814316															0	2096		Fixation	8	451	450	4.07	262.63	185.22																				2520	648	472	641	450	644	461	454	461	260.06	99.93	257.40	108.54	258.73	104.23	289.37	202.67	724.95	333.96	206.44	718.82					751.37	751.37	4.85	4.90	0	0				
07/12/2018	3.3.2	Gaze Project	O4	3	M	Bilingual	G130	06/09/2018	89100	1280 x 720		Raw Data	attention.avi	190	0	900	720									21029	10:16:10.050	1536226343822676															0	2097		Fixation	8	423	474	1.14	220.69	318.06																				2521			613	474	613	474	423	474			246.25	99.04						333.94	206.36	718.85						0.00		4.91	4	0				
07/12/2018	3.3.2	Gaze Project	O4	3	M	Bilingual	G130	06/09/2018	89100	1280 x 720		Raw Data	attention.avi	190	0	900	720									21037	10:16:10.058	1536226343831035															0	2098		Fixation	8	436	445	0.99	65.92	205.23																				2522	646	413	626	445	636	429	446	429	259.38	123.44	251.34	110.57	255.36	117.00	289.35	202.62	724.97	333.91	206.57	718.90					751.38	751.38	4.69	5.05	0	0				
07/12/2018	3.3.2	Gaze Project	O4	3	M	Bilingual	G130	06/09/2018	89100	1280 x 720		Raw Data	attention.avi	190	0	900	720									21045	10:16:10.066	1536226343839314															0			Unclassified	8																									2523	646	395			646	395	456	395	259.16	130.91					289.30	202.83	725.05		-34.01						751.51		4.57		0	4				
07/12/2018	3.3.2	Gaze Project	O4	3	M	Bilingual	G130	06/09/2018	89100	1280 x 720		Raw Data	attention.avi	190	0	900	720									21054	10:16:10.074	1536226343847651															0			Unclassified	8																									2524	639	441			639	441	449	441	256.55	112.47					292.63	215.06	760.94		-34.01						789.54		5.11		0	4				
07/12/2018	3.3.2	Gaze Project	O4	3	M	Bilingual	G130	06/09/2018	89100	1280 x 720		Raw Data	attention.avi	190	0	900	720									21062	10:16:10.083	1536226343855990															0	2099		Fixation	8	457	305	4.47	81.50	15.57																				2525	623	395	647	305	635	350	445	350	249.98	130.76	259.59	167.22	254.79	148.99	292.15	213.38	755.69	333.86	206.77	718.82					784.01	784.01	5.11	4.40	0	0				
07/12/2018	3.3.2	Gaze Project	O4	3	M	Bilingual	G130	06/09/2018	89100	1280 x 720		Raw Data	attention.avi	190	0	900	720									21070	10:16:10.091	1536226343864344															0	2100		Fixation	8	468	326	0.76	297.57	216.07																				2526	667	473	658	326	662	399	472	399	267.73	99.35	264.06	158.64	265.90	129.00	289.22	207.47	738.61	333.86	206.73	718.84					765.83	765.83	4.72	4.56	0	0				
07/12/2018	3.3.2	Gaze Project	O4	3	M	Bilingual	G130	06/09/2018	89100	1280 x 720		Raw Data	attention.avi	190	0	900	720									21079	10:16:10.100	1536226343872707															0			Unclassified	8																									2527	654	412			654	412	464	412	262.66	123.91					289.29	203.04	724.72		-34.01						751.27		4.74		0	4				
07/12/2018	3.3.2	Gaze Project	O4	3	M	Bilingual	G130	06/09/2018	89100	1280 x 720		Raw Data	attention.avi	190	0	900	720									21087	10:16:10.108	1536226343880975															0	2101		Fixation	8	440	419	3.06	253.30	315.72																				2528	630	429	630	419	630	424	440	424	252.94	117.25	252.79	121.39	252.86	119.32	289.31	203.24	724.64	333.87	206.91	718.53					751.26	751.26	4.94	4.83	0	0				
07/12/2018	3.3.2	Gaze Project	O4	3	M	Bilingual	G130	06/09/2018	89100	1280 x 720		Raw Data	attention.avi	190	0	900	720									21095	10:16:10.116	1536226343889302															0	2102		Fixation	8	437	388	0.98	95.51	202.21																				2529			627	388	627	388	437	388			251.58	133.54						333.93	207.06	718.77						0.00		4.77	4	0				
07/12/2018	3.3.2	Gaze Project	O4	3	M	Bilingual	G130	06/09/2018	89100	1280 x 720		Raw Data	attention.avi	190	0	900	720									21104	10:16:10.125	1536226343897662															0			Unclassified	8																									2530	649	429			649	429	459	429	260.45	117.34					289.31	208.36	740.36		-34.01						767.77		4.79		0	4				
07/12/2018	3.3.2	Gaze Project	O4	3	M	Bilingual	G130	06/09/2018	89100	1280 x 720		Raw Data	attention.avi	190	0	900	720									21112	10:16:10.133	1536226343906018															0	2103		Fixation	8	436	447	1.86	269.03	173.52																				2531	653	448	626	447	639	447	449	447	262.28	109.71	251.32	110.10	256.80	109.90	289.41	203.23	724.46	333.98	207.07	718.46					751.08	751.08	4.67	4.78	0	0				
07/12/2018	3.3.2	Gaze Project	O4	3	M	Bilingual	G130	06/09/2018	89100	1280 x 720		Raw Data	attention.avi	190	0	900	720									21120	10:16:10.141	1536226343914374															0	2104		Fixation	8	491	330	4.03	64.89	155.86																				2532	668	391	681	330	674	360	484	360	268.07	132.58	273.41	157.13	270.74	144.86	289.45	203.33	724.59	334.73	211.11	730.54					751.24	751.24	4.60	4.68	0	0				
07/12/2018	3.3.2	Gaze Project	O4	3	M	Bilingual	G130	06/09/2018	89100	1280 x 720		Raw Data	attention.avi	190	0	900	720									21129	10:16:10.149	1536226343922633															0	2105		Fixation	8	438	401	2.77	233.35	168.45																				2533	654	376	628	401	641	388	451	388	262.43	138.34	251.97	128.52	257.20	133.43	296.20	227.44	795.94	334.08	207.13	718.45					826.78	826.78	5.34	4.76	0	0				
07/12/2018	3.3.2	Gaze Project	O4	3	M	Bilingual	G130	06/09/2018	89100	1280 x 720		Raw Data	attention.avi	190	0	900	720									21137	10:16:10.158	1536226343930973															0			Unclassified	8																									2534	648	441			648	441	458	441	260.20	112.51					289.55	203.46	724.76		-34.01						751.45		4.75		0	4				
07/12/2018	3.3.2	Gaze Project	O4	3	M	Bilingual	G130	06/09/2018	89100	1280 x 720		Raw Data	attention.avi	190	0	900	720									21145	10:16:10.166	1536226343939331															0	2106		Fixation	8	427	410	0.44	219.38	346.03																				2535	652	221	617	410	634	315	444	315	261.68	200.76	247.54	124.85	254.61	162.81	289.61	203.36	724.80	334.16	207.27	718.39					751.46	751.46	4.14	4.65	0	0				
07/12/2018	3.3.2	Gaze Project	O4	3	M	Bilingual	G130	06/09/2018	89100	1280 x 720		Raw Data	attention.avi	190	0	900	720									21154	10:16:10.175	1536226343947686															0			Unclassified	8																									2536	659	286			659	286	469	286	264.69	174.86					289.65	203.34	724.31		-34.01						750.99		3.88		0	4				
07/12/2018	3.3.2	Gaze Project	O4	3	M	Bilingual	G130	06/09/2018	89100	1280 x 720		Raw Data	attention.avi	190	0	900	720									21162	10:16:10.183	1536226343955957															0	2107		Fixation	8	461	407	1.07	5.06	145.68																				2537	639	446	651	407	645	426	455	426	256.60	110.38	261.48	125.99	259.04	118.19	289.70	203.22	724.36	334.22	207.25	718.40					751.00	751.00	4.56	4.66	0	0				
07/12/2018	3.3.2	Gaze Project	O4	3	M	Bilingual	G130	06/09/2018	89100	1280 x 720		Raw Data	attention.avi	190	0	900	720									21170	10:16:10.191	1536226343964300															0	2108		Fixation	8	450	337	2.25	98.90	93.84																				2538	640	445	640	337	640	391	450	391	256.98	110.63	256.95	154.35	256.97	132.49	289.67	208.54	740.31	334.31	207.04	718.28					767.79	767.79	4.64	4.47	0	0				
07/12/2018	3.3.2	Gaze Project	O4	3	M	Bilingual	G130	06/09/2018	89100	1280 x 720		Raw Data	attention.avi	190	0	900	720									21179	10:16:10.199	1536226343972641															0	2109		Fixation	8	425	422	2.79	253.66	154.76																				2539	634	428	615	422	624	425	434	425	254.31	117.54	246.91	119.89	250.61	118.71	289.75	203.28	724.31	334.33	206.89	718.34					750.97	750.97	4.40	4.67	0	0				
07/12/2018	3.3.2	Gaze Project	O4	3	M	Bilingual	G130	06/09/2018	89100	1280 x 720		Raw Data	attention.avi	190	0	900	720									21187	10:16:10.208	1536226343981001															0	2110		Fixation	8	481	332	3.34	58.19	164.53																				2540	662	410	671	332	666	371	476	371	265.83	124.98	269.51	156.13	267.67	140.55	289.77	203.28	724.41	334.35	206.97	718.31					751.07	751.07	4.40	4.39	0	0				
07/12/2018	3.3.2	Gaze Project	O4	3	M	Bilingual	G130	06/09/2018	89100	1280 x 720		Raw Data	attention.avi	190	0	900	720									21195	10:16:10.216	1536226343989356															0	2111		Fixation	8	451	347	1.06	206.64	148.45																				2541	638	333	641	347	639	340	449	340	256.04	156.03	257.14	150.40	256.59	153.21	289.78	203.19	724.23	334.35	206.82	717.97					750.87	750.87	4.03	4.32	0	0				
07/12/2018	3.3.2	Gaze Project	O4	3	M	Bilingual	G130	06/09/2018	89100	1280 x 720		Raw Data	attention.avi	190	0	900	720									21204	10:16:10.224	1536226343997618															0	2112		Fixation	8	466	396	1.63	286.97	80.33																				2542	664	341	656	396	660	368	470	368	266.42	152.72	263.16	130.49	264.79	141.60	289.79	203.14	724.23	334.25	206.91	717.93					750.86	750.86	4.11	4.45	0	0				
07/12/2018	3.3.2	Gaze Project	O4	3	M	Bilingual	G130	06/09/2018	89100	1280 x 720		Raw Data	attention.avi	190	0	900	720									21212	10:16:10.233	1536226344005975															0	2113		Fixation	8	429	413	1.28	204.75	277.78																				2543	642	467	619	413	630	440	440	440	257.68	101.80	248.62	123.73	253.15	112.76	289.75	207.02	736.34	334.35	206.74	718.00					763.56	763.56	4.65	4.60	0	0				
07/12/2018	3.3.2	Gaze Project	O4	3	M	Bilingual	G130	06/09/2018	89100	1280 x 720		Raw Data	attention.avi	190	0	900	720									21220	10:16:10.241	1536226344014314															0	2114		Fixation	8	446	439	0.98	303.09	98.35																				2544	630	332	636	439	633	385	443	385	252.75	156.18	255.35	113.23	254.05	134.70	289.79	203.07	724.25	334.38	206.85	718.45					750.85	750.85	4.20	4.60	0	0				
07/12/2018	3.3.2	Gaze Project	O4	3	M	Bilingual	G130	06/09/2018	89100	1280 x 720		Raw Data	attention.avi	190	0	900	720									21229	10:16:10.250	1536226344022671															0	2115		Fixation	8	439	545	3.30	266.23	323.14																				2545	630	427	629	545	629	486	439	486	252.81	118.18	252.36	70.55	252.58	94.37	289.79	203.05	724.33	334.32	206.94	718.41					750.92	750.92	4.35	4.90	0	0				
07/12/2018	3.3.2	Gaze Project	O4	3	M	Bilingual	G130	06/09/2018	89100	1280 x 720		Raw Data	attention.avi	190	0	900	720									21237	10:16:10.258	1536226344031027															0	2116		Fixation	8	454	250	9.30	87.10	180.86																				2546	647	418	644	250	645	334	455	334	259.59	121.43	258.33	189.10	258.96	155.26	289.78	203.10	724.59	334.34	206.90	718.43					751.18	751.18	4.45	4.14	0	0				
07/12/2018	3.3.2	Gaze Project	O4	3	M	Bilingual	G130	06/09/2018	89100	1280 x 720		Raw Data	attention.avi	190	0	900	720									21245	10:16:10.266	1536226344039283															0	2117		Fixation	8	428	356	3.43	256.26	169.16																				2547	635	375	618	356	626	365	436	365	254.95	139.06	248.17	146.39	251.56	142.73	289.78	202.98	724.34	335.10	210.97	731.22					750.90	750.90	4.25	4.62	0	0				
07/12/2018	3.3.2	Gaze Project	O4	3	M	Bilingual	G130	06/09/2018	89100	1280 x 720		Raw Data	attention.avi	190	0	900	720									21254	10:16:10.274	1536226344047618															0	2118		Fixation	8	458	356	0.94	0.00	103.74																				2548	648	304	648	356	648	330	458	330	259.95	167.58	260.17	146.62	260.06	157.10	289.77	203.05	724.64	334.32	206.54	717.97					751.22	751.22	4.01	4.48	0	0				
07/12/2018	3.3.2	Gaze Project	O4	3	M	Bilingual	G130	06/09/2018	89100	1280 x 720		Raw Data	attention.avi	190	0	900	720									21262	10:16:10.283	1536226344055981															0	2119		Fixation	8	424	421	2.31	242.46	242.46																				2549	645	454	614	421	629	437	439	437	258.78	107.02	246.38	120.57	252.58	113.80	289.77	202.99	724.57	334.31	206.48	717.92					751.12	751.12	4.41	4.48	0	0				
07/12/2018	3.3.2	Gaze Project	O4	3	M	Bilingual	G130	06/09/2018	89100	1280 x 720		Raw Data	attention.avi	190	0	900	720									21270	10:16:10.291	1536226344064338															0	2120		Fixation	8	478	301	4.15	65.84	183.38																				2550	622	367	668	301	645	334	455	334	249.64	142.13	268.02	168.76	258.83	155.44	289.76	202.97	724.60	334.20	206.58	717.88					751.15	751.15	4.19	4.31	0	0				
07/12/2018	3.3.2	Gaze Project	O4	3	M	Bilingual	G130	06/09/2018	89100	1280 x 720		Raw Data	attention.avi	190	0	900	720									21279	10:16:10.299	1536226344072609															0	2121		Fixation	8	450	378	2.60	250.08	184.23																				2551	631	443	640	378	635	410	445	410	253.28	111.45	256.84	137.77	255.06	124.61	289.75	202.94	724.57	334.24	206.55	717.89					751.11	751.11	4.42	4.44	0	0				
07/12/2018	3.3.2	Gaze Project	O4	3	M	Bilingual	G130	06/09/2018	89100	1280 x 720		Raw Data	attention.avi	190	0	900	720									21287	10:16:10.308	1536226344080953															0	2122		Fixation	8	439	457	2.51	262.10	12.02																				2552	643	420	629	457	636	438	446	438	258.19	120.76	252.42	105.72	255.31	113.24	289.73	202.87	724.44	334.30	206.58	718.44					750.97	750.97	4.34	4.70	0	0				
07/12/2018	3.3.2	Gaze Project	O4	3	M	Bilingual	G130	06/09/2018	89100	1280 x 720		Raw Data	attention.avi	190	0	900	720									21295	10:16:10.316	1536226344089294															0			Unclassified	8																									2553	619	544			619	544	429	544	248.56	71.05					289.72	202.87	724.51		-34.01						751.03		4.51		0	4				
07/12/2018	3.3.2	Gaze Project	O4	3	M	Bilingual	G130	06/09/2018	89100	1280 x 720		Raw Data	attention.avi	190	0	900	720									21304	10:16:10.325	1536226344097652															0	2123		Fixation	8	411	455	0.88	175.90	273.80																				2554	666	362	601	455	633	408	443	408	267.27	144.19	241.42	106.57	254.34	125.38	289.71	202.97	724.84	334.26	206.59	718.58					751.38	751.38	4.00	4.65	0	0				
07/12/2018	3.3.2	Gaze Project	O4	3	M	Bilingual	G130	06/09/2018	89100	1280 x 720		Raw Data	attention.avi	190	0	900	720									21312	10:16:10.333	1536226344105997															0	2124		Fixation	8	504	377	3.80	40.08	224.18																				2555	643	331	694	377	668	354	478	354	257.96	156.62	278.70	138.11	268.33	147.36	289.68	202.91	724.72	334.24	206.56	718.57					751.24	751.24	4.26	4.39	0	0				
07/12/2018	3.3.2	Gaze Project	O4	3	M	Bilingual	G130	06/09/2018	89100	1280 x 720		Raw Data	attention.avi	190	0	900	720									21320	10:16:10.341	1536226344114261															0	2125		Fixation	8	448	317	2.51	132.93	92.86																				2556	610	338	638	317	624	327	434	327	245.02	153.87	255.92	162.40	250.47	158.14	289.66	202.91	724.76	343.50	227.04	778.02					751.28	751.28	4.05	4.95	0	0				
07/12/2018	3.3.2	Gaze Project	O4	3	M	Bilingual	G130	06/09/2018	89100	1280 x 720		Raw Data	attention.avi	190	0	900	720									21329	10:16:10.349	1536226344122611															0	2126		Fixation	8	449	431	3.46	270.50	137.57																				2557	616	461	639	431	627	446	437	446	247.18	104.47	256.47	116.51	251.82	110.49	289.65	202.91	724.83	334.19	206.44	718.33					751.34	751.34	4.45	4.66	0	0				
07/12/2018	3.3.2	Gaze Project	O4	3	M	Bilingual	G130	06/09/2018	89100	1280 x 720		Raw Data	attention.avi	190	0	900	720									21337	10:16:10.358	1536226344130964															0	2127		Fixation	8	453	374	1.80	86.00	175.50																				2558	651	425	643	374	647	399	457	399	261.16	118.98	258.08	139.34	259.62	129.16	289.64	202.78	724.88	334.19	206.55	718.72					751.35	751.35	4.56	4.51	0	0				
07/12/2018	3.3.2	Gaze Project	O4	3	M	Bilingual	G130	06/09/2018	89100	1280 x 720		Raw Data	attention.avi	190	0	900	720									21345	10:16:10.366	1536226344139323															0	2128		Fixation	8	471	475	3.20	280.07	194.07																				2559	644	365	661	475	652	420	462	420	258.48	143.10	265.17	98.77	261.82	120.93	289.62	203.01	725.21	335.06	211.60	733.95					751.74	751.74	4.41	4.78	0	0				
07/12/2018	3.3.2	Gaze Project	O4	3	M	Bilingual	G130	06/09/2018	89100	1280 x 720		Raw Data	attention.avi	190	0	900	720									21354	10:16:10.374	1536226344147600															0	2129		Fixation	8	436	505	1.40	220.69	300.62																				2560	636	505	626	505	631	505	441	505	255.46	86.59	251.31	86.62	253.39	86.61	289.63	202.88	725.27	335.13	212.08	735.41					751.75	751.75	4.52	4.92	0	0				
07/12/2018	3.3.2	Gaze Project	O4	3	M	Bilingual	G130	06/09/2018	89100	1280 x 720		Raw Data	attention.avi	190	0	900	720									21362	10:16:10.383	1536226344155941															0	2130		Fixation	8	405	494	1.01	160.41	299.71																				2561	632	477	595	494	613	485	423	485	253.78	97.78	238.75	91.10	246.26	94.44	289.55	207.56	739.30	335.03	211.53	733.87					766.52	766.52	4.62	4.95	0	0				
07/12/2018	3.3.2	Gaze Project	O4	3	M	Bilingual	G130	06/09/2018	89100	1280 x 720		Raw Data	attention.avi	190	0	900	720									21370	10:16:10.391	1536226344164270															0	2131		Fixation	8	434	414	2.62	70.13	269.73																				2562	647	309	624	414	635	361	445	361	259.56	165.58	250.44	123.36	255.00	144.47	289.61	202.96	725.18	334.16	206.49	718.81					751.69	751.69	4.22	4.64	0	0				
07/12/2018	3.3.2	Gaze Project	O4	3	M	Bilingual	G130	06/09/2018	89100	1280 x 720		Raw Data	attention.avi	190	0	900	720									21379	10:16:10.399	1536226344172637															0	2132		Fixation	8	496	335	3.12	51.96	341.83																				2563	651	390	686	335	668	362	478	362	261.16	132.77	275.52	155.08	268.34	143.93	289.61	202.96	725.26	335.08	211.83	734.85					751.76	751.76	4.34	4.53	0	0				
07/12/2018	3.3.2	Gaze Project	O4	3	M	Bilingual	G130	06/09/2018	89100	1280 x 720		Raw Data	attention.avi	190	0	900	720									21387	10:16:10.408	1536226344180992															0	2133		Fixation	8	446	437	3.49	243.96	191.99																				2564	659	373	636	437	647	405	457	405	264.59	139.92	255.31	113.88	259.95	126.90	289.61	202.97	725.32	335.11	211.97	735.35					751.82	751.82	4.18	4.83	0	0				
07/12/2018	3.3.2	Gaze Project	O4	3	M	Bilingual	G130	06/09/2018	89100	1280 x 720		Raw Data	attention.avi	190	0	900	720									21395	10:16:10.416	1536226344189246															0	2134		Fixation	8	424	398	1.40	119.35	235.39																				2565	640	413	614	398	627	405	437	405	257.00	123.79	246.37	129.78	251.68	126.79	289.63	202.98	725.42	334.19	206.63	719.39					751.93	751.93	4.50	4.68	0	0				
07/12/2018	3.3.2	Gaze Project	O4	3	M	Bilingual	G130	06/09/2018	89100	1280 x 720		Raw Data	attention.avi	190	0	900	720									21404	10:16:10.424	1536226344197597															0	2135		Fixation	8	482	323	2.98	52.37	293.02																				2566	656	243	672	323	664	283	474	283	263.41	191.94	269.84	159.94	266.62	175.94	289.64	203.01	725.55	334.19	206.74	719.35					752.05	752.05	3.91	4.42	0	0				
07/12/2018	3.3.2	Gaze Project	O4	3	M	Bilingual	G130	06/09/2018	89100	1280 x 720		Raw Data	attention.avi	190	0	900	720									21412	10:16:10.433	1536226344205937															0	2136		Fixation	8	468	442	3.78	263.31	210.94																				2567	652	336	658	442	655	389	465	389	261.83	154.49	264.02	111.95	262.92	133.22	289.64	203.11	725.89	334.22	206.49	719.45					752.41	752.41	4.22	4.74	0	0				
07/12/2018	3.3.2	Gaze Project	O4	3	M	Bilingual	G130	06/09/2018	89100	1280 x 720		Raw Data	attention.avi	190	0	900	720									21420	10:16:10.441	1536226344214301															0	2137		Fixation	8	432	410	1.52	138.27	234.96																				2568	643	433	622	410	632	421	442	421	258.30	115.59	249.69	124.89	253.99	120.24	289.66	202.93	725.38	334.21	206.53	719.21					751.88	751.88	4.45	4.65	0	0				
07/12/2018	3.3.2	Gaze Project	O4	3	M	Bilingual	G130	06/09/2018	89100	1280 x 720		Raw Data	attention.avi	190	0	900	720									21429	10:16:10.450	1536226344222663															0	2138		Fixation	8	444	410	0.38	0.00	221.73																				2569	644	429	634	410	639	419	449	419	258.38	117.33	254.56	124.80	256.47	121.06	289.70	203.02	725.70	334.23	206.52	719.25					752.20	752.20	4.46	4.62	0	0				
07/12/2018	3.3.2	Gaze Project	O4	3	M	Bilingual	G130	06/09/2018	89100	1280 x 720		Raw Data	attention.avi	190	0	900	720									21437	10:16:10.458	1536226344230924															0	2139		Fixation	8	426	469	1.92	253.09	253.09																				2570	650	481	616	469	633	475	443	475	260.94	96.13	247.15	101.21	254.05	98.67	289.71	203.03	725.76	334.23	206.62	719.20					752.27	752.27	4.77	4.85	0	0				
07/12/2018	3.3.2	Gaze Project	O4	3	M	Bilingual	G130	06/09/2018	89100	1280 x 720		Raw Data	attention.avi	190	0	900	720									21445	10:16:10.466	1536226344239253															0	2140		Fixation	8	435	374	2.99	84.61	191.52																				2571	641	458	625	374	633	416	443	416	257.44	105.59	250.92	139.26	254.18	122.42	289.72	202.99	725.69	334.28	206.56	719.49					752.19	752.19	4.72	4.56	0	0				
07/12/2018	3.3.2	Gaze Project	O4	3	M	Bilingual	G130	06/09/2018	89100	1280 x 720		Raw Data	attention.avi	190	0	900	720									21454	10:16:10.474	1536226344247616															0	2141		Fixation	8	499	366	2.01	7.15	282.54																				2572	620	491	689	366	654	428	464	428	248.84	92.29	276.43	142.43	262.63	117.36	289.75	203.10	725.64	335.13	211.26	733.71					752.18	752.18	4.83	4.50	0	0				
07/12/2018	3.3.2	Gaze Project	O4	3	M	Bilingual	G130	06/09/2018	89100	1280 x 720		Raw Data	attention.avi	190	0	900	720									21462	10:16:10.483	1536226344255975															0	2142		Fixation	8	462	342	1.37	146.95	139.80																				2573	646	467	652	342	649	404	459	404	259.48	102.01	261.74	152.23	260.61	127.12	289.78	203.05	726.00	335.44	212.86	738.46					752.50	752.50	4.78	4.61	0	0				
07/12/2018	3.3.2	Gaze Project	O4	3	M	Bilingual	G130	06/09/2018	89100	1280 x 720		Raw Data	attention.avi	190	0	900	720									21470	10:16:10.491	1536226344264303															0	2143		Fixation	8	472	410	2.12	278.34	131.39																				2574	656	442	662	410	659	426	469	426	263.51	112.00	265.93	124.81	264.72	118.40	293.65	216.97	767.26	335.44	212.66	737.96					796.18	796.18	5.13	4.82	0	0				
07/12/2018	3.3.2	Gaze Project	O4	3	M	Bilingual	G130	06/09/2018	89100	1280 x 720		Raw Data	attention.avi	190	0	900	720									21479	10:16:10.499	1536226344272592															0	2144		Fixation	8	459	274	4.24	95.44	177.10																				2575	641	416	649	274	645	345	455	345	257.11	122.31	260.51	179.45	258.81	150.88	289.80	207.29	739.21	335.20	211.08	733.40					766.36	766.36	4.71	4.48	0	0				
07/12/2018	3.3.2	Gaze Project	O4	3	M	Bilingual	G130	06/09/2018	89100	1280 x 720		Raw Data	attention.avi	190	0	900	720									21487	10:16:10.508	1536226344280931															0			Unclassified	8																									2576	648	453			648	453	458	453	259.94	107.32					289.89	203.10	726.28		-34.01						752.79		4.86		0	4				
07/12/2018	3.3.2	Gaze Project	O4	3	M	Bilingual	G130	06/09/2018	89100	1280 x 720		Raw Data	attention.avi	190	0	900	720									21495	10:16:10.516	1536226344289285															0	2145		Fixation	8	451	414	4.40	266.74	171.30																				2577	659	472	641	414	650	443	460	443	264.39	99.91	257.26	123.29	260.82	111.60	289.95	203.21	726.23	334.50	206.54	719.90					752.78	752.78	4.96	4.77	0	0				
07/12/2018	3.3.2	Gaze Project	O4	3	M	Bilingual	G130	06/09/2018	89100	1280 x 720		Raw Data	attention.avi	190	0	900	720									21504	10:16:10.525	1536226344297643															0	2146		Fixation	8	427	426	0.84	206.64	299.90																				2578	658	485	617	426	637	455	447	455	264.31	94.75	247.82	118.20	256.06	106.48	289.96	203.06	726.24	334.51	206.38	719.47					752.74	752.74	4.82	4.70	0	0				
07/12/2018	3.3.2	Gaze Project	O4	3	M	Bilingual	G130	06/09/2018	89100	1280 x 720		Raw Data	attention.avi	190	0	900	720									21512	10:16:10.533	1536226344305914															0	2147		Fixation	8	441	481	1.78	284.24	77.60																				2579	660	461	631	481	645	471	455	471	264.76	104.46	253.47	96.40	259.12	100.43	290.00	203.08	726.37	334.60	206.62	720.27					752.88	752.88	4.86	4.85	0	0				
07/12/2018	3.3.2	Gaze Project	O4	3	M	Bilingual	G130	06/09/2018	89100	1280 x 720		Raw Data	attention.avi	190	0	900	720									21520	10:16:10.541	1536226344314266															0	2148		Fixation	8	437	441	1.24	95.69	171.46																				2580	651	490	627	441	639	465	449	465	261.15	92.60	251.81	112.19	256.48	102.39	290.04	202.94	726.43	335.66	212.46	737.84					752.89	752.89	4.64	4.95	0	0				
07/12/2018	3.3.2	Gaze Project	O4	3	M	Bilingual	G130	06/09/2018	89100	1280 x 720		Raw Data	attention.avi	190	0	900	720									21529	10:16:10.549	1536226344322599															0	2149		Fixation	8	418	438	0.57	171.00	75.31																				2581	667	497	608	438	637	467	447	467	267.64	89.99	244.24	113.61	255.94	101.80	290.09	203.15	726.67	344.24	227.66	781.60					753.18	753.18	4.80	5.39	0	0				
07/12/2018	3.3.2	Gaze Project	O4	3	M	Bilingual	G130	06/09/2018	89100	1280 x 720		Raw Data	attention.avi	190	0	900	720									21537	10:16:10.558	1536226344330960															0	2150		Fixation	8	473	388	2.20	42.37	231.37																				2582	648	453	663	388	655	420	465	420	259.98	107.42	266.04	133.51	263.01	120.47	290.07	208.61	743.52	335.51	211.09	734.01					770.87	770.87	4.81	4.70	0	0				
07/12/2018	3.3.2	Gaze Project	O4	3	M	Bilingual	G130	06/09/2018	89100	1280 x 720		Raw Data	attention.avi	190	0	900	720									21545	10:16:10.566	1536226344339312															0	2151		Fixation	8	459	458	2.21	258.73	216.36																				2583	650	507	649	458	649	482	459	482	260.83	85.77	260.65	105.64	260.74	95.70	290.11	208.23	742.42	334.77	206.68	720.79					769.72	769.72	4.82	4.80	0	0				
07/12/2018	3.3.2	Gaze Project	O4	3	M	Bilingual	G130	06/09/2018	89100	1280 x 720		Raw Data	attention.avi	190	0	900	720									21554	10:16:10.574	1536226344347574															0	2152		Fixation	8	479	316	4.51	82.01	183.28																				2584	680	367	669	316	674	341	484	341	272.91	142.02	268.64	162.73	270.78	152.37	290.19	203.10	726.66	334.81	206.53	720.85					753.16	753.16	4.16	4.36	0	0				
07/12/2018	3.3.2	Gaze Project	O4	3	M	Bilingual	G130	06/09/2018	89100	1280 x 720		Raw Data	attention.avi	190	0	900	720									21562	10:16:10.583	1536226344355909															0	2153		Fixation	8	460	496	5.69	263.99	181.99																				2585	665	302	650	496	657	399	467	399	266.74	168.34	261.06	90.19	263.90	129.26	290.23	203.15	726.86	334.84	206.50	720.86					753.37	753.37	3.83	4.83	0	0				
07/12/2018	3.3.2	Gaze Project	O4	3	M	Bilingual	G130	06/09/2018	89100	1280 x 720		Raw Data	attention.avi	190	0	900	720									21570	10:16:10.591	1536226344364272															0	2154		Fixation	8	422	489	1.21	169.53	265.54																				2586	666	436	612	489	639	462	449	462	267.25	114.27	245.85	93.14	256.55	103.70	290.26	203.21	727.04	334.87	206.48	720.87					753.56	753.56	4.62	4.90	0	0				
07/12/2018	3.3.2	Gaze Project	O4	3	M	Bilingual	G130	06/09/2018	89100	1280 x 720		Raw Data	attention.avi	190	0	900	720									21579	10:16:10.599	1536226344372625															0	2155		Fixation	8	448	489	0.81	0.00	190.47																				2587	667	367	638	489	652	428	462	428	267.80	142.20	256.11	92.98	261.95	117.59	290.31	203.29	727.32	334.90	206.46	720.88					753.86	753.86	4.21	4.87	0	0				
07/12/2018	3.3.2	Gaze Project	O4	3	M	Bilingual	G130	06/09/2018	89100	1280 x 720		Raw Data	attention.avi	190	0	900	720									21587	10:16:10.608	1536226344380904															0	2156		Fixation	8	459	320	5.32	86.29	86.29																				2588	667	462	649	320	658	391	468	391	267.90	104.00	260.71	160.91	264.31	132.46	290.35	203.13	726.81	334.88	206.68	720.79					753.32	753.32	4.86	4.41	0	0				
07/12/2018	3.3.2	Gaze Project	O4	3	M	Bilingual	G130	06/09/2018	89100	1280 x 720		Raw Data	attention.avi	190	0	900	720									21595	10:16:10.616	1536226344389226															0	2157		Fixation	8	452	476	4.91	267.44	181.15																				2589	630	449	642	476	636	462	446	462	253.07	108.99	257.72	98.14	255.39	103.57	290.36	207.79	741.23	334.87	206.67	720.80					768.46	768.46	4.88	4.81	0	0				
07/12/2018	3.3.2	Gaze Project	O4	3	M	Bilingual	G130	06/09/2018	89100	1280 x 720		Raw Data	attention.avi	190	0	900	720									21604	10:16:10.624	1536226344397580															0	2158		Fixation	8	464	313	4.91	85.80	178.36																				2590	641	212	654	313	647	262	457	262	257.37	204.41	262.42	163.78	259.90	184.09	290.43	203.28	727.27	344.96	228.46	784.68					753.81	753.81	4.08	5.23	0	0				
07/12/2018	3.3.2	Gaze Project	O4	3	M	Bilingual	G130	06/09/2018	89100	1280 x 720		Raw Data	attention.avi	190	0	900	720									21612	10:16:10.633	1536226344405944															0	2159		Fixation	8	490	313	0.79	0.00	274.20																				2591	641	335	680	313	660	324	470	324	257.35	154.99	273.05	163.86	265.20	159.42	290.49	203.37	727.52	335.02	206.64	720.81					754.08	754.08	4.17	4.33	0	0				
07/12/2018	3.3.2	Gaze Project	O4	3	M	Bilingual	G130	06/09/2018	89100	1280 x 720		Raw Data	attention.avi	190	0	900	720									21620	10:16:10.641	1536226344414293															0	2160		Fixation	8	538	387	2.78	302.89	302.89																				2592	677	367	728	387	702	377	512	377	271.93	142.32	292.22	134.22	282.08	138.27	290.53	203.42	727.71	335.94	211.13	734.83					754.28	754.28	4.24	4.71	0	0				
07/12/2018	3.3.2	Gaze Project	O4	3	M	Bilingual	G130	06/09/2018	89100	1280 x 720		Raw Data	attention.avi	190	0	900	720									21629	10:16:10.649	1536226344422557															0			Unclassified	8																									2593	650	197			650	197	460	197	261.02	210.60					290.58	203.34	727.49		-34.01						754.04		3.87		0	4				
07/12/2018	3.3.2	Gaze Project	O4	3	M	Bilingual	G130	06/09/2018	89100	1280 x 720		Raw Data	attention.avi	190	0	900	720									21637	10:16:10.658	1536226344430909															0	2161		Fixation	8	462	420	2.53	203.54	260.65																				2594	651	234	652	420	651	327	461	327	261.49	195.54	261.79	120.64	261.64	158.09	290.59	208.10	742.22	336.58	214.27	744.15					769.51	769.51	4.27	5.00	0	0				
07/12/2018	3.3.2	Gaze Project	O4	3	M	Bilingual	G130	06/09/2018	89100	1280 x 720		Raw Data	attention.avi	190	0	900	720									21645	10:16:10.666	1536226344439248															0	2162		Fixation	8	453	361	1.81	98.65	255.11																				2595	647	473	643	361	645	417	455	417	259.51	99.45	258.28	144.52	258.90	121.99	290.63	211.96	753.84	340.73	218.78	756.65					781.75	781.75	4.90	4.88	0	0				
07/12/2018	3.3.2	Gaze Project	O4	3	M	Bilingual	G130	06/09/2018	89100	1280 x 720		Raw Data	attention.avi	190	0	900	720									21654	10:16:10.674	1536226344447613															0	2163		Fixation	8	556	210	5.43	55.79	317.14																				2596	640	450	746	210	693	330	503	330	256.74	108.84	299.28	205.56	278.01	157.20	290.71	203.45	727.98	344.36	226.59	779.59					754.55	754.55	4.86	4.81	0	0				
07/12/2018	3.3.2	Gaze Project	O4	3	M	Bilingual	G130	06/09/2018	89100	1280 x 720		Raw Data	attention.avi	190	0	900	720									21662	10:16:10.683	1536226344455962															0			Unclassified	8																									2597																			-34.01										4	4				
07/12/2018	3.3.2	Gaze Project	O4	3	M	Bilingual	G130	06/09/2018	89100	1280 x 720		Raw Data	attention.avi	190	0	900	720									21670	10:16:10.691	1536226344464208															0	2164		Fixation	8	478	441	7.33	251.40	195.61																				2598	655	356	668	441	661	398	471	398	262.89	146.77	267.95	112.31	265.42	129.54	290.78	203.51	728.29	336.25	211.51	736.33					754.87	754.87	4.21	4.87	0	0				
07/12/2018	3.3.2	Gaze Project	O4	3	M	Bilingual	G130	06/09/2018	89100	1280 x 720		Raw Data	attention.avi	190	0	900	720									21679	10:16:10.699	1536226344472563															0	2165		Fixation	8	483	365	2.34	86.25	194.85																				2599	657	368	673	365	665	366	475	366	263.64	141.67	270.15	143.00	266.90	142.34	290.81	203.39	728.00	336.38	212.13	738.21					754.55	754.55	4.32	4.78	0	0				
07/12/2018	3.3.2	Gaze Project	O4	3	M	Bilingual	G130	06/09/2018	89100	1280 x 720		Raw Data	attention.avi	190	0	900	720									21687	10:16:10.708	1536226344480924															0			Unclassified	8																									2600	679	346			679	346	489	346	272.72	150.59					290.86	203.67	728.90		-34.01						755.50		4.15		0	4				
07/12/2018	3.3.2	Gaze Project	O4	3	M	Bilingual	G130	06/09/2018	89100	1280 x 720		Raw Data	attention.avi	190	0	900	720									21695	10:16:10.716	1536226344489279															0	2166		Fixation	8	452	239	3.97	103.78	17.53																				2601	638	344	642	239	640	291	450	291	256.08	151.25	257.67	193.62	256.87	172.43	290.88	203.61	728.75	341.27	219.58	759.36					755.34	755.34	3.96	4.66	0	0				
07/12/2018	3.3.2	Gaze Project	O4	3	M	Bilingual	G130	06/09/2018	89100	1280 x 720		Raw Data	attention.avi	190	0	900	720									21704	10:16:10.724	1536226344497617															0	2167		Fixation	8	439	445	6.17	266.40	162.62																				2602	644	406	629	445	636	425	446	425	258.62	126.59	252.51	110.62	255.56	118.60	290.89	203.62	728.83	341.49	220.02	760.71					755.42	755.42	4.36	5.03	0	0				
07/12/2018	3.3.2	Gaze Project	O4	3	M	Bilingual	G130	06/09/2018	89100	1280 x 720		Raw Data	attention.avi	190	0	900	720									21712	10:16:10.733	1536226344505901															0	2168		Fixation	8	436	389	1.66	93.06	186.66																				2603	614	456	626	389	620	422	430	422	246.28	106.28	251.11	133.44	248.70	119.86	290.90	203.48	728.89	342.01	221.15	764.04					755.42	755.42	4.57	5.10	0	0				
07/12/2018	3.3.2	Gaze Project	O4	3	M	Bilingual	G130	06/09/2018	89100	1280 x 720		Raw Data	attention.avi	190	0	900	720									21720	10:16:10.741	1536226344514233															0	2169		Fixation	8	445	413	0.76	290.50	197.44																				2604	630	445	635	413	632	429	442	429	253.01	110.85	254.82	123.65	253.91	117.25	290.93	203.65	729.00	341.67	220.39	761.86					755.59	755.59	4.50	5.05	0	0				
07/12/2018	3.3.2	Gaze Project	O4	3	M	Bilingual	G130	06/09/2018	89100	1280 x 720		Raw Data	attention.avi	190	0	900	720									21729	10:16:10.749	1536226344522577															0			Unclassified	8																									2605	643	492			643	492	453	492	258.20	91.84					290.94	203.70	729.18		-34.01						755.78		4.55		0	4				
07/12/2018	3.3.2	Gaze Project	O4	3	M	Bilingual	G130	06/09/2018	89100	1280 x 720		Raw Data	attention.avi	190	0	900	720									21737	10:16:10.758	1536226344530948															0	2170		Fixation	8	449	310	3.07	87.78	157.29																				2606	670	471	639	310	654	390	464	390	268.89	100.15	256.63	165.03	262.76	132.59	290.96	203.81	729.14	341.95	220.98	763.68					755.77	755.77	4.97	4.90	0	0				
07/12/2018	3.3.2	Gaze Project	O4	3	M	Bilingual	G130	06/09/2018	89100	1280 x 720		Raw Data	attention.avi	190	0	900	720									21745	10:16:10.766	1536226344539216															0	2171		Fixation	8	470	357	1.56	294.01	206.22																				2607	640	487	660	357	650	422	460	422	256.78	93.65	264.92	146.06	260.85	119.86	290.96	203.55	729.24	336.62	212.82	740.58					755.79	755.79	4.63	4.76	0	0				
07/12/2018	3.3.2	Gaze Project	O4	3	M	Bilingual	G130	06/09/2018	89100	1280 x 720		Raw Data	attention.avi	190	0	900	720									21754	10:16:10.774	1536226344547543															0			Unclassified	8																									2608	688	513			688	513	498	513	276.24	83.30					290.97	203.54	729.24		-34.01						755.79		4.80		0	4				
07/12/2018	3.3.2	Gaze Project	O4	3	M	Bilingual	G130	06/09/2018	89100	1280 x 720		Raw Data	attention.avi	190	0	900	720									21762	10:16:10.783	1536226344555901															0	2172		Fixation	8	487	453	2.99	280.01	346.00																				2609	615	497	677	453	646	475	456	475	246.68	89.66	271.57	107.71	259.12	98.68	290.97	203.76	729.53	336.69	213.13	741.60					756.13	756.13	4.88	4.89	0	0				
07/12/2018	3.3.2	Gaze Project	O4	3	M	Bilingual	G130	06/09/2018	89100	1280 x 720		Raw Data	attention.avi	190	0	900	720									21770	10:16:10.791	1536226344564259															0	2173		Fixation	8	477	256	5.96	92.90	172.89																				2610			667	256	667	256	477	256			267.76	186.76						342.18	221.47	765.28						0.00		4.70	4	0				
07/12/2018	3.3.2	Gaze Project	O4	3	M	Bilingual	G130	06/09/2018	89100	1280 x 720		Raw Data	attention.avi	190	0	900	720									21779	10:16:10.799	1536226344572540															0	2174		Fixation	8	457	373	3.59	260.33	167.43																				2611	629	496	647	373	638	434	448	434	252.54	90.13	259.83	139.92	256.19	115.02	290.98	203.78	729.70	336.75	213.45	742.65					756.30	756.30	4.81	4.85	0	0				
07/12/2018	3.3.2	Gaze Project	O4	3	M	Bilingual	G130	06/09/2018	89100	1280 x 720		Raw Data	attention.avi	190	0	900	720									21787	10:16:10.808	1536226344580877															0	2175		Fixation	8	429	359	0.94	153.36	253.03																				2612	649	517	619	359	634	438	444	438	260.48	81.77	248.63	145.57	254.56	113.67	290.92	203.89	729.66	342.01	221.10	764.33					756.29	756.29	4.87	5.06	0	0				
07/12/2018	3.3.2	Gaze Project	O4	3	M	Bilingual	G130	06/09/2018	89100	1280 x 720		Raw Data	attention.avi	190	0	900	720									21795	10:16:10.816	1536226344589208															0			Unclassified	8																									2613	631	513			631	513	441	513	253.11	83.19					291.01	203.85	730.05		-34.01						756.65		4.86		0	4				
07/12/2018	3.3.2	Gaze Project	O4	3	M	Bilingual	G130	06/09/2018	89100	1280 x 720		Raw Data	attention.avi	190	0	900	720									21804	10:16:10.824	1536226344597575															0	2176		Fixation	8	473	431	2.58	301.35	147.99																				2614	635	439	663	431	649	435	459	435	254.95	113.28	266.08	116.36	260.52	114.82	290.98	203.91	730.27	335.63	207.17	723.99					756.88	756.88	4.74	4.73	0	0				
07/12/2018	3.3.2	Gaze Project	O4	3	M	Bilingual	G130	06/09/2018	89100	1280 x 720		Raw Data	attention.avi	190	0	900	720									21812	10:16:10.833	1536226344605932															0	2177		Fixation	8	461	442	0.50	222.60	281.25																				2615	673	432	651	442	662	437	472	437	269.97	116.15	261.22	111.96	265.59	114.06	290.98	203.82	730.06	335.62	207.16	724.00					756.65	756.65	4.72	4.73	0	0				
07/12/2018	3.3.2	Gaze Project	O4	3	M	Bilingual	G130	06/09/2018	89100	1280 x 720		Raw Data	attention.avi	190	0	900	720									21820	10:16:10.841	1536226344614199															0	2178		Fixation	8	462	428	0.44	85.93	223.33																				2616	620	435	652	428	636	431	446	431	248.83	114.81	261.85	117.44	255.34	116.12	290.98	203.82	730.12	335.62	207.17	724.05					756.70	756.70	4.81	4.72	0	0				
07/12/2018	3.3.2	Gaze Project	O4	3	M	Bilingual	G130	06/09/2018	89100	1280 x 720		Raw Data	attention.avi	190	0	900	720									21829	10:16:10.849	1536226344622550															0	2179		Fixation	8	469	435	0.31	314.91	228.98																				2617	681	372	659	435	670	403	480	403	273.17	140.15	264.38	114.90	268.77	127.52	290.95	203.94	730.07	335.61	207.05	724.10					756.69	756.69	4.21	4.61	0	0				
07/12/2018	3.3.2	Gaze Project	O4	3	M	Bilingual	G130	06/09/2018	89100	1280 x 720		Raw Data	attention.avi	190	0	900	720									21837	10:16:10.858	1536226344630881															0			Unclassified	8																									2618	686	160			686	160	496	160	275.31	225.71					290.95	203.93	730.07		-34.01						756.69		3.46		0	4				
07/12/2018	3.3.2	Gaze Project	O4	3	M	Bilingual	G130	06/09/2018	89100	1280 x 720		Raw Data	attention.avi	190	0	900	720									21845	10:16:10.866	1536226344639242															0	2180		Fixation	8	415	481	2.19	220.52	265.61																				2619	591	418	605	481	598	449	408	449	237.14	121.59	243.01	96.08	240.08	108.84	290.98	203.68	730.17	335.62	207.04	724.10					756.71	756.71	4.67	4.84	0	0				
07/12/2018	3.3.2	Gaze Project	O4	3	M	Bilingual	G130	06/09/2018	89100	1280 x 720		Raw Data	attention.avi	190	0	900	720									21854	10:16:10.874	1536226344647597															0	2181		Fixation	8	461	417	2.43	54.38	193.86																				2620	625	475	651	417	638	446	448	446	250.71	98.72	261.23	121.89	255.97	110.30	290.98	203.67	730.18	335.50	207.28	724.01					756.71	756.71	4.79	4.68	0	0				
07/12/2018	3.3.2	Gaze Project	O4	3	M	Bilingual	G130	06/09/2018	89100	1280 x 720		Raw Data	attention.avi	190	0	900	720									21862	10:16:10.883	1536226344655865															0	2182		Fixation	8	471	506	2.79	276.39	222.01																				2621	665	410	661	506	663	458	473	458	266.76	124.88	265.43	86.20	266.09	105.54	290.99	203.94	730.60	335.53	207.27	724.01					757.20	757.20	4.38	5.02	0	0				
07/12/2018	3.3.2	Gaze Project	O4	3	M	Bilingual	G130	06/09/2018	89100	1280 x 720		Raw Data	attention.avi	190	0	900	720									21870	10:16:10.891	1536226344664265															0			Unclassified	8																									2622	669	518			669	518	479	518	268.69	81.29					290.98	203.91	730.55		-34.01						757.14		4.87		0	4				
07/12/2018	3.3.2	Gaze Project	O4	3	M	Bilingual	G130	06/09/2018	89100	1280 x 720		Raw Data	attention.avi	190	0	900	720									21879	10:16:10.899	1536226344672557															0	2183		Fixation	8	415	364	4.54	111.46	195.07																				2623	649	452	605	364	627	408	437	408	260.54	108.10	242.76	143.38	251.65	125.74	290.98	203.91	730.59	347.00	232.10	796.96					757.18	757.18	4.81	5.23	0	0				
07/12/2018	3.3.2	Gaze Project	O4	3	M	Bilingual	G130	06/09/2018	89100	1280 x 720		Raw Data	attention.avi	190	0	900	720									21887	10:16:10.908	1536226344680910															0	2184		Fixation	8	428	386	0.74	300.50	189.04																				2624	665	493	618	386	641	439	451	439	267.02	91.55	248.22	134.69	257.62	113.12	290.97	203.92	730.66	342.05	221.43	765.68					757.25	757.25	4.94	5.08	0	0				
07/12/2018	3.3.2	Gaze Project	O4	3	M	Bilingual	G130	06/09/2018	89100	1280 x 720		Raw Data	attention.avi	190	0	900	720									21895	10:16:10.916	1536226344689190															0			Unclassified	8																									2625	603	411			603	411	413	411	242.09	124.45					290.94	209.37	747.56		-34.01						774.99		4.75		0	4				
07/12/2018	3.3.2	Gaze Project	O4	3	M	Bilingual	G130	06/09/2018	89100	1280 x 720		Raw Data	attention.avi	190	0	900	720									21904	10:16:10.924	1536226344697530															0	2185		Fixation	8	476	416	1.73	327.91	27.41																				2626	664	459	666	416	665	437	475	437	266.58	105.22	267.34	122.36	266.96	113.79	290.96	203.87	730.65	335.63	207.32	724.80					757.22	757.22	4.49	4.67	0	0				
07/12/2018	3.3.2	Gaze Project	O4	3	M	Bilingual	G130	06/09/2018	89100	1280 x 720		Raw Data	attention.avi	190	0	900	720									21912	10:16:10.933	1536226344705864															0	2186		Fixation	8	452	482	2.18	250.08	282.16																				2627	637	422	642	482	639	452	449	452	255.89	120.02	257.89	95.75	256.89	107.89	290.94	203.84	730.66	335.58	207.42	724.76					757.22	757.22	4.41	4.78	0	0				
07/12/2018	3.3.2	Gaze Project	O4	3	M	Bilingual	G130	06/09/2018	89100	1280 x 720		Raw Data	attention.avi	190	0	900	720									21920	10:16:10.941	1536226344714223															0	2187		Fixation	8	422	480	0.93	176.17	286.10																				2628	643	501	612	480	627	490	437	490	258.15	88.07	245.52	96.61	251.84	92.34	290.93	203.55	729.90	335.63	207.44	725.32					756.41	756.41	4.67	4.86	0	0				
07/12/2018	3.3.2	Gaze Project	O4	3	M	Bilingual	G130	06/09/2018	89100	1280 x 720		Raw Data	attention.avi	190	0	900	720									21929	10:16:10.949	1536226344722583															0	2188		Fixation	8	427	414	2.05	85.68	269.51																				2629	602	475	617	414	609	444	419	444	241.83	98.49	247.71	123.26	244.77	110.87	290.88	209.52	748.34	335.56	207.54	725.28					775.77	775.77	4.82	4.65	0	0				
07/12/2018	3.3.2	Gaze Project	O4	3	M	Bilingual	G130	06/09/2018	89100	1280 x 720		Raw Data	attention.avi	190	0	900	720									21937	10:16:10.958	1536226344730850															0	2189		Fixation	8	456	414	0.89	0.00	274.32																				2630	671	356	646	414	658	385	468	385	269.22	146.60	259.18	123.20	264.20	134.90	290.89	203.70	730.55	336.54	212.70	741.38					757.08	757.08	4.18	4.75	0	0				
07/12/2018	3.3.2	Gaze Project	O4	3	M	Bilingual	G130	06/09/2018	89100	1280 x 720		Raw Data	attention.avi	190	0	900	720									21945	10:16:10.966	1536226344739210															0	2190		Fixation	8	462	405	0.33	56.40	56.40																				2631	686	530	652	405	669	467	479	467	275.39	76.56	261.57	126.82	268.48	101.69	290.88	203.55	730.62	337.00	215.41	749.47					757.09	757.09	4.75	4.85	0	0				
07/12/2018	3.3.2	Gaze Project	O4	3	M	Bilingual	G130	06/09/2018	89100	1280 x 720		Raw Data	attention.avi	190	0	900	720									21954	10:16:10.974	1536226344747525															0	2191		Fixation	8	472	524	3.64	274.79	218.39																				2632	621	354	662	524	641	439	451	439	249.10	147.57	265.92	79.06	257.51	113.32	290.85	203.51	730.63	335.54	207.43	725.32					757.09	757.09	4.60	4.93	0	0				
07/12/2018	3.3.2	Gaze Project	O4	3	M	Bilingual	G130	06/09/2018	89100	1280 x 720		Raw Data	attention.avi	190	0	900	720									21962	10:16:10.983	1536226344755877															0	2192		Fixation	8	452	450	2.38	105.08	190.29																				2633	625	437	642	450	633	443	443	443	251.05	113.78	257.54	108.68	254.30	111.23	290.83	203.73	731.00	335.51	207.07	724.80					757.50	757.50	4.47	4.71	0	0				
07/12/2018	3.3.2	Gaze Project	O4	3	M	Bilingual	G130	06/09/2018	89100	1280 x 720		Raw Data	attention.avi	190	0	900	720									21970	10:16:10.991	1536226344764240															0	2193		Fixation	8	427	457	0.80	195.69	90.61																				2634	692	454	617	457	654	455	464	455	277.78	107.15	247.68	105.99	262.73	106.57	290.82	203.69	730.98	335.49	207.02	724.79					757.47	757.47	4.59	4.73	0	0				
07/12/2018	3.3.2	Gaze Project	O4	3	M	Bilingual	G130	06/09/2018	89100	1280 x 720		Raw Data	attention.avi	190	0	900	720									21979	10:16:10.999	1536226344772513															0	2194		Fixation	8	429	457	0.06	0.00	164.31																				2635	634	316	619	457	626	386	436	386	254.33	162.72	248.32	106.02	251.33	134.37	290.78	203.78	730.94	335.48	206.95	724.73					757.46	757.46	3.96	4.71	0	0				
07/12/2018	3.3.2	Gaze Project	O4	3	M	Bilingual	G130	06/09/2018	89100	1280 x 720		Raw Data	attention.avi	190	0	900	720									21987	10:16:11.008	1536226344780845															0	2195		Fixation	8	442	505	1.54	285.11	285.11																				2636	647	469	632	505	639	487	449	487	259.56	101.12	253.53	86.43	256.55	93.78	290.79	203.57	730.88	335.50	207.07	725.20					757.34	757.34	4.62	4.91	0	0				
07/12/2018	3.3.2	Gaze Project	O4	3	M	Bilingual	G130	06/09/2018	89100	1280 x 720		Raw Data	attention.avi	190	0	900	720									21995	10:16:11.016	1536226344789208															0			Unclassified	8																									2637	635	296			635	296	445	296	254.92	170.60					290.76	203.67	730.84		-34.01						757.33		4.11		0	4				
07/12/2018	3.3.2	Gaze Project	O4	3	M	Bilingual	G130	06/09/2018	89100	1280 x 720		Raw Data	attention.avi	190	0	900	720									22004	10:16:11.024	1536226344797560															0	2196		Fixation	8	421	504	0.64	177.26	252.16																				2638	672	489	611	504	641	496	451	496	269.69	92.83	245.33	86.85	257.51	89.84	290.78	203.52	730.89	336.74	214.08	746.48					757.33	757.33	4.88	5.05	0	0				
07/12/2018	3.3.2	Gaze Project	O4	3	M	Bilingual	G130	06/09/2018	89100	1280 x 720		Raw Data	attention.avi	190	0	900	720									22012	10:16:11.033	1536226344805832															0	2197		Fixation	8	463	413	3.04	65.29	248.03																				2639	645	377	653	413	649	395	459	395	258.97	137.98	262.04	123.78	260.50	130.88	290.74	209.88	750.56	335.47	206.95	725.19					777.98	777.98	4.79	4.72	0	0				
07/12/2018	3.3.2	Gaze Project	O4	3	M	Bilingual	G130	06/09/2018	89100	1280 x 720		Raw Data	attention.avi	190	0	900	720									22020	10:16:11.041	1536226344814180															0	2198		Fixation	8	439	507	3.00	255.72	190.43																				2640			629	507	629	507	439	507			252.64	85.67						335.47	206.91	725.13						0.00		4.71	4	0				
07/12/2018	3.3.2	Gaze Project	O4	3	M	Bilingual	G130	06/09/2018	89100	1280 x 720		Raw Data	attention.avi	190	0	900	720									22029	10:16:11.049	1536226344822518															0			Unclassified	8																									2641	591	509			591	509	401	509	237.17	84.84					294.82	217.92	773.92		-34.01						802.84		4.63		0	4				
07/12/2018	3.3.2	Gaze Project	O4	3	M	Bilingual	G130	06/09/2018	89100	1280 x 720		Raw Data	attention.avi	190	0	900	720									22037	10:16:11.058	1536226344830875															0	2199		Fixation	8	436	453	1.62	93.17	197.45																				2642	628	418	626	453	627	435	437	435	252.17	121.45	251.09	107.52	251.63	114.48	290.73	207.96	744.86	342.02	221.28	767.07					771.98	771.98	4.71	5.00	0	0				
07/12/2018	3.3.2	Gaze Project	O4	3	M	Bilingual	G130	06/09/2018	89100	1280 x 720		Raw Data	attention.avi	190	0	900	720									22045	10:16:11.066	1536226344839233															0	2200		Fixation	8	474	368	2.73	65.98	332.81																				2643	634	373	664	368	649	370	459	370	254.36	139.75	266.71	141.79	260.54	140.77	290.74	207.41	743.17	341.78	220.75	765.50					770.20	770.20	4.85	5.06	0	0				
07/12/2018	3.3.2	Gaze Project	O4	3	M	Bilingual	G130	06/09/2018	89100	1280 x 720		Raw Data	attention.avi	190	0	900	720									22054	10:16:11.074	1536226344847494															0	2201		Fixation	8	440	494	3.94	254.95	188.96																				2644	637	523	630	494	633	508	443	508	255.52	79.52	252.95	90.89	254.23	85.20	290.74	207.87	744.51	335.45	206.72	724.61					771.61	771.61	4.74	4.74	0	0				
07/12/2018	3.3.2	Gaze Project	O4	3	M	Bilingual	G130	06/09/2018	89100	1280 x 720		Raw Data	attention.avi	190	0	900	720									22062	10:16:11.083	1536226344855834															0			Unclassified	8																									2645																			-34.01										4	4				
07/12/2018	3.3.2	Gaze Project	O4	3	M	Bilingual	G130	06/09/2018	89100	1280 x 720		Raw Data	attention.avi	190	0	900	720									22070	10:16:11.091	1536226344864188															0	2202		Fixation	8	424	513	0.76	229.99	335.04																				2646	677	390	614	513	645	451	455	451	271.78	132.76	246.46	83.45	259.12	108.11	290.78	203.47	730.75	335.47	206.77	724.68					757.18	757.18	4.38	4.80	0	0				
07/12/2018	3.3.2	Gaze Project	O4	3	M	Bilingual	G130	06/09/2018	89100	1280 x 720		Raw Data	attention.avi	190	0	900	720									22079	10:16:11.099	1536226344872545															0	2203		Fixation	8	501	361	5.28	63.21	193.22																				2647	667	396	691	361	679	378	489	378	267.79	130.55	277.48	144.41	272.64	137.48	290.79	203.49	730.74	335.48	206.67	724.72					757.18	757.18	4.18	4.57	0	0				
07/12/2018	3.3.2	Gaze Project	O4	3	M	Bilingual	G130	06/09/2018	89100	1280 x 720		Raw Data	attention.avi	190	0	900	720									22087	10:16:11.108	1536226344880902															0	2204		Fixation	8	439	443	3.20	233.00	169.79																				2648	678	387	629	443	653	415	463	415	272.22	134.00	252.35	111.36	262.29	122.68	290.81	203.55	730.87	335.50	206.82	724.75					757.32	757.32	4.31	4.64	0	0				
07/12/2018	3.3.2	Gaze Project	O4	3	M	Bilingual	G130	06/09/2018	89100	1280 x 720		Raw Data	attention.avi	190	0	900	720									22095	10:16:11.116	1536226344889163															0	2205		Fixation	8	437	444	0.07	206.64	333.64																				2649	649	488	627	444	638	466	448	466	260.49	93.39	251.88	110.96	256.18	102.18	290.81	203.44	730.91	335.52	206.86	724.80					757.33	757.33	4.66	4.70	0	0				
07/12/2018	3.3.2	Gaze Project	O4	3	M	Bilingual	G130	06/09/2018	89100	1280 x 720		Raw Data	attention.avi	190	0	900	720									22104	10:16:11.124	1536226344897496															0	2206		Fixation	8	461	500	1.90	293.13	86.49																				2650	642	441	651	500	646	470	456	470	257.81	112.44	261.20	88.41	259.51	100.42	290.83	203.45	730.91	335.42	206.99	724.74					757.33	757.33	4.75	4.84	0	0				
07/12/2018	3.3.2	Gaze Project	O4	3	M	Bilingual	G130	06/09/2018	89100	1280 x 720		Raw Data	attention.avi	190	0	900	720									22112	10:16:11.133	1536226344905850															0	2207		Fixation	8	505	532	1.70	323.88	30.75																				2651	646	492	695	532	670	512	480	512	259.11	91.85	279.12	75.75	269.12	83.80	290.86	203.52	730.66	335.43	207.00	724.74					757.12	757.12	4.82	4.88	0	0				
07/12/2018	3.3.2	Gaze Project	O4	3	M	Bilingual	G130	06/09/2018	89100	1280 x 720		Raw Data	attention.avi	190	0	900	720									22120	10:16:11.141	1536226344914215															0			Unclassified	8																									2652	680	479			680	479	490	479	273.12	96.89					290.87	203.53	730.67		-34.01						757.13		4.83		0	4				
07/12/2018	3.3.2	Gaze Project	O4	3	M	Bilingual	G130	06/09/2018	89100	1280 x 720		Raw Data	attention.avi	190	0	900	720									22129	10:16:11.149	1536226344922486															0	2208		Fixation	8	410	458	3.65	141.99	178.11																				2653	676	503	600	458	638	480	448	480	271.21	87.23	240.68	105.49	255.94	96.36	290.87	203.41	730.72	342.22	221.42	767.14					757.14	757.14	4.71	5.15	0	0				
07/12/2018	3.3.2	Gaze Project	O4	3	M	Bilingual	G130	06/09/2018	89100	1280 x 720		Raw Data	attention.avi	190	0	900	720									22137	10:16:11.158	1536226344930836															0	2209		Fixation	8	454	452	1.33	7.79	225.80																				2654	625	376	644	452	634	414	444	414	251.01	138.51	258.61	107.73	254.81	123.12	290.88	203.17	729.60	335.58	206.81	724.60					756.00	756.00	4.30	4.72	0	0				
07/12/2018	3.3.2	Gaze Project	O4	3	M	Bilingual	G130	06/09/2018	89100	1280 x 720		Raw Data	attention.avi	190	0	900	720									22145	10:16:11.165								4	Space								2210		Fixation	8	445	500	1.51	259.41	251.62																																																						
07/12/2018	3.3.2	Gaze Project	O4	3	M	Bilingual	G130	06/09/2018	89100	1280 x 720		Raw Data	attention.avi	190	0	900	720									22145	10:16:11.166										10	MovieEnd	attention.avi					2210		Fixation	8	445	500	1.51	259.41	251.62																																																						
07/12/2018	3.3.2	Gaze Project	O4	3	M	Bilingual	G130	06/09/2018	89100	1280 x 720		Raw Data														22145	10:16:11.166	1536226344939168															0	2210		Fixation	8			1.51	259.41	251.62																				2655	612	463	635	500	623	481			245.68	103.67	255.03	88.56	250.35	96.11	290.89	203.18	729.63	335.58	206.80	724.58					756.04	756.04	4.78	4.83	0	0				
07/12/2018	3.3.2	Gaze Project	O4	3	M	Bilingual	G130	06/09/2018	89100	1280 x 720		Raw Data														22154	10:16:11.174	1536226344947527															0	2211		Fixation	8			0.66	160.65	261.24																				2656	653	428	615	493	634	460			261.98	117.74	246.79	91.61	254.38	104.68	290.85	210.15	751.03	335.58	206.78	724.54					778.52	778.52	4.78	4.76	0	0				
07/12/2018	3.3.2	Gaze Project	O4	3	M	Bilingual	G130	06/09/2018	89100	1280 x 720		Raw Data														22162	10:16:11.183	1536226344955885															0	2212		Fixation	8			0.84	320.92	160.27																				2657	673	448	636	510	654	479			270.08	109.54	255.10	84.48	262.59	97.01	290.89	203.40	730.32	335.55	206.90	724.49					756.76	756.76	4.85	4.91	0	0				
07/12/2018	3.3.2	Gaze Project	O4	3	M	Bilingual	G130	06/09/2018	89100	1280 x 720		Raw Data														22170	10:16:11.191	1536226344964147															0	2213		Fixation	8			2.76	88.72	127.80																				2658	635	431	638	421	636	426			255.01	116.41	255.98	120.24	255.49	118.33	290.88	203.16	729.62	335.56	206.66	724.59					756.02	756.02	4.50	4.54	0	0				
07/12/2018	3.3.2	Gaze Project	O4	3	M	Bilingual	G130	06/09/2018	89100	1280 x 720		Raw Data														22179	10:16:11.199	1536226344972545															0	2214		Fixation	8			1.74	295.57	206.85																				2659	673	412	662	471	667	441			270.01	123.99	265.78	100.47	267.90	112.23	290.83	209.90	750.32	335.54	206.67	724.58					777.77	777.77	4.74	4.70	0	0				
07/12/2018	3.3.2	Gaze Project	O4	3	M	Bilingual	G130	06/09/2018	89100	1280 x 720		Raw Data														22187	10:16:11.208	1536226344980834															0	2215		Fixation	8			0.61	325.41	29.84																				2660	668	481	678	482	673	481			267.95	96.29	271.99	95.93	269.97	96.11	290.84	203.31	730.07	335.51	206.67	724.58					756.49	756.49	4.50	4.67	0	0				
07/12/2018	3.3.2	Gaze Project	O4	3	M	Bilingual	G130	06/09/2018	89100	1280 x 720		Raw Data														22195	10:16:11.216	1536226344989197															0			Unclassified	8																									2661	666	442			666	442			267.39	112.05					290.82	203.53	730.72		-34.01						757.18		4.49		0	4				
07/12/2018	3.3.2	Gaze Project	O4	3	M	Bilingual	G130	06/09/2018	89100	1280 x 720		Raw Data														22204	10:16:11.224	1536226344997555															0			Unclassified	8																									2662	636	307			636	307			255.34	166.24					290.78	203.47	730.58		-34.01						757.02		4.31		0	4				
07/12/2018	3.3.2	Gaze Project	O4	3	M	Bilingual	G130	06/09/2018	89100	1280 x 720		Raw Data														22212	10:16:11.233	1536226345005816															0	2216		Fixation	8			3.22	103.86	138.46																				2663	654	320	652	377	653	348			262.57	160.94	261.54	137.96	262.06	149.45	290.76	203.35	730.63	346.56	231.06	795.45					757.03	757.03	4.54	5.31	0	0				
07/12/2018	3.3.2	Gaze Project	O4	3	M	Bilingual	G130	06/09/2018	89100	1280 x 720		Raw Data														22220	10:16:11.241	1536226345014147															0			Unclassified	8																									2664	656	406			656	406			263.41	126.28					290.74	203.45	730.48		-34.01						756.92		4.44		0	4				
07/12/2018	3.3.2	Gaze Project	O4	3	M	Bilingual	G130	06/09/2018	89100	1280 x 720		Raw Data														22229	10:16:11.249	1536226345022515															0	2217		Fixation	8			3.10	247.66	143.79																				2665	676	497	612	474	644	485			271.37	89.87	245.80	99.04	258.59	94.46	290.73	203.44	730.46	335.35	206.56	723.83					756.90	756.90	4.57	4.92	0	0				
07/12/2018	3.3.2	Gaze Project	O4	3	M	Bilingual	G130	06/09/2018	89100	1280 x 720		Raw Data														22237	10:16:11.258	1536226345030868															0	2218		Fixation	8			1.13	335.49	87.83																				2666	618	465	645	489	631	477			248.13	102.78	258.79	93.11	253.46	97.94	290.67	209.66	749.58	335.34	206.54	723.79					776.98	776.98	4.70	4.84	0	0				
07/12/2018	3.3.2	Gaze Project	O4	3	M	Bilingual	G130	06/09/2018	89100	1280 x 720		Raw Data														22245	10:16:11.266	1536226345039138															0	2219		Fixation	8			1.40	116.49	141.00																				2667			625	449	625	449					250.86	109.12						335.33	206.52	723.76						0.00		4.69	4	0				
07/12/2018	3.3.2	Gaze Project	O4	3	M	Bilingual	G130	06/09/2018	89100	1280 x 720		Raw Data														22254	10:16:11.274	1536226345047491															0	2220		Fixation	8			3.23	90.00	333.51																				2668	680	500	625	341	652	420			272.93	88.68	250.97	152.62	261.95	120.65	290.72	203.45	730.47	345.55	228.86	789.11					756.91	756.91	4.82	5.23	0	0				
07/12/2018	3.3.2	Gaze Project	O4	3	M	Bilingual	G130	06/09/2018	89100	1280 x 720		Raw Data														22262	10:16:11.283	1536226345055812															0	2221		Fixation	8			4.49	264.01	174.01																				2669	626	306	609	493	617	399			251.30	166.88	244.61	91.44	247.95	129.16	290.75	203.44	730.46	336.47	212.74	742.57					756.89	756.89	4.16	4.99	0	0				
07/12/2018	3.3.2	Gaze Project	O4	3	M	Bilingual	G130	06/09/2018	89100	1280 x 720		Raw Data														22270	10:16:11.291	1536226345064167															0	2222		Fixation	8			3.75	47.61	143.60																				2670	646	463	696	398	671	430			259.43	103.60	279.45	129.67	269.44	116.64	290.78	203.46	730.56	346.07	229.88	792.23					757.00	757.00	4.81	5.33	0	0				
07/12/2018	3.3.2	Gaze Project	O4	3	M	Bilingual	G130	06/09/2018	89100	1280 x 720		Raw Data														22279	10:16:11.299	1536226345072539															0	2223		Fixation	8			3.05	178.36	130.75																				2671	618	417	591	395	604	406			247.97	122.14	237.16	130.70	242.56	126.42	290.80	207.73	743.87	341.76	220.31	764.17					770.97	770.97	4.75	4.89	0	0				
07/12/2018	3.3.2	Gaze Project	O4	3	M	Bilingual	G130	06/09/2018	89100	1280 x 720		Raw Data														22287	10:16:11.308	1536226345080807															0	2224		Fixation	8			3.21	285.30	106.94																				2672	657	332	619	497	638	414			263.62	156.38	248.35	89.89	255.98	123.13	290.89	203.35	730.33	335.49	206.30	723.84					756.76	756.76	4.26	4.93	0	0				
07/12/2018	3.3.2	Gaze Project	O4	3	M	Bilingual	G130	06/09/2018	89100	1280 x 720		Raw Data														22295	10:16:11.316	1536226345089138															0			Unclassified	8																									2673																			-34.01										4	4				
07/12/2018	3.3.2	Gaze Project	O4	3	M	Bilingual	G130	06/09/2018	89100	1280 x 720		Raw Data														22304	10:16:11.324	1536226345097494															0	2225		Fixation	8			3.23	75.22	149.92																				2674	628	489	646	395	637	442			252.28	93.08	259.12	130.80	255.70	111.94	291.02	203.37	730.48	336.80	212.96	743.62					756.90	756.90	4.66	4.77	0	0				
07/12/2018	3.3.2	Gaze Project	O4	3	M	Bilingual	G130	06/09/2018	89100	1280 x 720		Raw Data														22312	10:16:11.333	1536226345105848															0	2226		Fixation	8			2.00	239.70	164.48																				2675	626	279	612	453	619	366			251.26	177.45	245.82	107.72	248.54	142.59	291.15	203.47	730.43	341.98	220.16	764.05					756.90	756.90	4.24	5.22	0	0				
07/12/2018	3.3.2	Gaze Project	O4	3	M	Bilingual	G130	06/09/2018	89100	1280 x 720		Raw Data														22320	10:16:11.341	1536226345114120															0	2227		Fixation	8			3.51	67.74	188.03																				2676			658	341	658	341					263.99	152.48						345.74	228.13	787.62						0.00		5.27	4	0				
07/12/2018	3.3.2	Gaze Project	O4	3	M	Bilingual	G130	06/09/2018	89100	1280 x 720		Raw Data														22329	10:16:11.349	1536226345122467															0	2228		Fixation	8			1.50	31.05	323.31																				2677	624	431	703	314	663	372			250.41	116.28	282.17	163.37	266.29	139.83	291.13	208.09	745.32	346.84	230.44	794.50					772.47	772.47	4.88	5.14	0	0				
07/12/2018	3.3.2	Gaze Project	O4	3	M	Bilingual	G130	06/09/2018	89100	1280 x 720		Raw Data														22337	10:16:11.358	1536226345130804															0			Unclassified	8																									2678	674	458			674	458			270.69	105.59					291.19	203.29	730.50		-34.01						756.91		4.51		0	4				
07/12/2018	3.3.2	Gaze Project	O4	3	M	Bilingual	G130	06/09/2018	89100	1280 x 720		Raw Data														22345	10:16:11.366	1536226345139168															0			Unclassified	8																									2679	656	469			656	469			263.14	101.17					291.25	203.20	730.27		-34.01						756.66		4.60		0	4				
07/12/2018	3.3.2	Gaze Project	O4	3	M	Bilingual	G130	06/09/2018	89100	1280 x 720		Raw Data														22354	10:16:11.374	1536226345147517															0			Unclassified	8																									2680	659	463			659	463			264.62	103.59					291.24	210.81	753.65		-34.01						781.23		4.95		0	4				
07/12/2018	3.3.2	Gaze Project	O4	3	M	Bilingual	G130	06/09/2018	89100	1280 x 720		Raw Data														22362	10:16:11.383	1536226345155787															0	2229		Fixation	8			3.33	258.12	227.08																				2681	670	467	680	423	675	445			268.95	101.87	272.95	119.60	270.95	110.74	291.28	203.17	730.25	335.93	206.26	723.88					756.64	756.64	4.89	4.73	0	0				
07/12/2018	3.3.2	Gaze Project	O4	3	M	Bilingual	G130	06/09/2018	89100	1280 x 720		Raw Data														22370	10:16:11.391	1536226345164129															0	2230		Fixation	8			0.97	183.70	285.58																				2682	654	438	649	425	651	431			262.67	113.70	260.64	118.85	261.66	116.27	291.29	203.18	730.33	335.94	206.26	723.91					756.72	756.72	4.86	4.71	0	0				
07/12/2018	3.3.2	Gaze Project	O4	3	M	Bilingual	G130	06/09/2018	89100	1280 x 720		Raw Data														22379	10:16:11.399	1536226345172476															0	2231		Fixation	8			3.39	228.03	44.32																				2683	654	463	575	507	614	485			262.35	103.60	230.95	85.78	246.65	94.69	291.29	203.16	730.28	335.93	206.14	723.96					756.66	756.66	4.64	4.84	0	0				
07/12/2018	3.3.2	Gaze Project	O4	3	M	Bilingual	G130	06/09/2018	89100	1280 x 720		Raw Data														22387	10:16:11.408	1536226345180834															0			Unclassified	8																									2684	631	523			631	523			253.29	79.41					291.28	203.03	730.33		-34.01						756.67		4.70		0	4				
07/12/2018	3.3.2	Gaze Project	O4	3	M	Bilingual	G130	06/09/2018	89100	1280 x 720		Raw Data														22395	10:16:11.416	1536226345189187															0	2232		Fixation	8			6.69	47.53	179.51																				2685	662	491	721	348	691	419			265.78	92.39	289.29	149.93	277.53	121.16	291.25	210.30	752.25	335.86	206.36	723.87					779.74	779.74	4.93	4.60	0	0				
07/12/2018	3.3.2	Gaze Project	O4	3	M	Bilingual	G130	06/09/2018	89100	1280 x 720		Raw Data														22404	10:16:11.424	1536226345197456															0			Unclassified	8																									2686	672	405			672	405			269.91	126.89					291.27	203.14	730.33		-34.01						756.70		4.60		0	4				
07/12/2018	3.3.2	Gaze Project	O4	3	M	Bilingual	G130	06/09/2018	89100	1280 x 720		Raw Data														22412	10:16:11.433	1536226345205787															0			Unclassified	8																									2687	661	529			661	529			265.30	76.98					295.66	218.70	776.77		-34.01						805.84		4.96		0	4				
07/12/2018	3.3.2	Gaze Project	O4	3	M	Bilingual	G130	06/09/2018	89100	1280 x 720		Raw Data														22420	10:16:11.441	1536226345214129															0			Unclassified	8																									2688																			-34.01										4	4				
07/12/2018	3.3.2	Gaze Project	O4	3	M	Bilingual	G130	06/09/2018	89100	1280 x 720		Raw Data														22429	10:16:11.449	1536226345222504															0	2233		Fixation	8			3.85	215.84	168.31																				2689	654	448	621	420	637	434			262.71	109.68	249.43	120.81	256.07	115.24	291.21	203.09	730.37	335.79	206.32	723.89					756.72	756.72	4.61	4.77	0	0				
07/12/2018	3.3.2	Gaze Project	O4	3	M	Bilingual	G130	06/09/2018	89100	1280 x 720		Raw Data														22437	10:16:11.458	1536226345230771															0			Unclassified	8																									2690	622	433			622	433			249.52	115.41					291.19	203.19	730.73		-34.01						757.10		4.50		0	4				
07/12/2018	3.3.2	Gaze Project	O4	3	M	Bilingual	G130	06/09/2018	89100	1280 x 720		Raw Data														22445	10:16:11.466	1536226345239118															0	2234		Fixation	8			0.59	270.00	54.16																				2691	651	505	621	439	636	472			261.41	86.50	249.29	113.34	255.35	99.92	291.17	203.17	730.70	335.79	206.13	723.84					757.06	757.06	4.61	4.80	0	0				
07/12/2018	3.3.2	Gaze Project	O4	3	M	Bilingual	G130	06/09/2018	89100	1280 x 720		Raw Data														22454	10:16:11.474	1536226345247449															0	2235		Fixation	8			3.01	259.41	349.41																				2692	663	522	603	535	633	528			266.23	79.55	242.17	74.44	254.20	76.99	291.16	203.13	730.64	335.77	206.00	723.89					757.00	757.00	4.57	4.88	0	0				
07/12/2018	3.3.2	Gaze Project	O4	3	M	Bilingual	G130	06/09/2018	89100	1280 x 720		Raw Data														22462	10:16:11.483	1536226345255814															0			Unclassified	8																									2693	659	514			659	514			264.62	83.05					291.15	203.12	730.63		-34.01						756.98		4.70		0	4				
07/12/2018	3.3.2	Gaze Project	O4	3	M	Bilingual	G130	06/09/2018	89100	1280 x 720		Raw Data														22470	10:16:11.491	1536226345264171															0	2236		Fixation	8			0.50	37.66	138.24																				2694	658	428	616	525	637	476			263.97	117.69	247.14	78.59	255.56	98.14	291.14	203.09	730.56	335.75	205.98	723.90					756.90	756.90	4.47	4.86	0	0				
07/12/2018	3.3.2	Gaze Project	O4	3	M	Bilingual	G130	06/09/2018	89100	1280 x 720		Raw Data														22479	10:16:11.499	1536226345272437															0			Unclassified	8																									2695	672	477			672	477			269.94	97.79					291.12	202.97	730.61		-34.01						756.91		4.55		0	4				
07/12/2018	3.3.2	Gaze Project	O4	3	M	Bilingual	G130	06/09/2018	89100	1280 x 720		Raw Data														22487	10:16:11.508	1536226345280793															0	2237		Fixation	8			3.89	69.61	31.95																				2696	641	529	660	407	650	468			257.16	76.80	264.83	126.02	261.00	101.41	291.13	203.11	730.58	335.62	206.23	723.80					756.92	756.92	4.60	4.69	0	0				
07/12/2018	3.3.2	Gaze Project	O4	3	M	Bilingual	G130	06/09/2018	89100	1280 x 720		Raw Data														22495	10:16:11.516	1536226345289128															0	2238		Fixation	8			2.79	227.31	157.70																				2697	623	484	598	474	610	479			249.96	94.97	240.20	98.92	245.08	96.95	291.10	203.00	730.62	336.66	211.28	739.51					756.93	756.93	4.70	5.06	0	0				
07/12/2018	3.3.2	Gaze Project	O4	3	M	Bilingual	G130	06/09/2018	89100	1280 x 720		Raw Data														22504	10:16:11.524	1536226345297484															0	2239		Fixation	8			1.42	343.84	116.53																				2698			643	487	643	487					258.12	93.98						337.13	213.88	747.12						0.00		5.13	4	0				
07/12/2018	3.3.2	Gaze Project	O4	3	M	Bilingual	G130	06/09/2018	89100	1280 x 720		Raw Data														22512	10:16:11.533	1536226345305840															0			Unclassified	8																									2699	656	383			656	383			263.36	135.87					291.10	203.03	730.61		-34.01						756.93		4.58		0	4				
07/12/2018	3.3.2	Gaze Project	O4	3	M	Bilingual	G130	06/09/2018	89100	1280 x 720		Raw Data														22520	10:16:11.541	1536226345314102															0			Unclassified	8																									2700	658	382			658	382			264.22	136.02					291.12	202.95	729.93		-34.01						756.26		4.48		0	4				
07/12/2018	3.3.2	Gaze Project	O4	3	M	Bilingual	G130	06/09/2018	89100	1280 x 720		Raw Data														22529	10:16:11.549	1536226345322441															0	2240		Fixation	8			1.84	146.49	162.65																				2701	656	450	593	454	624	452			263.42	108.59	238.05	107.26	250.74	107.93	291.09	208.81	747.96	335.75	206.20	724.03					775.19	775.19	4.89	4.79	0	0				
07/12/2018	3.3.2	Gaze Project	O4	3	M	Bilingual	G130	06/09/2018	89100	1280 x 720		Raw Data														22537	10:16:11.558	1536226345330799															0	2241		Fixation	8			2.21	28.43	241.94																				2702	660	474	656	420	658	447			264.98	99.01	263.41	120.91	264.19	109.96	291.09	208.97	748.44	335.75	206.21	724.02					775.71	775.71	4.95	4.86	0	0				
07/12/2018	3.3.2	Gaze Project	O4	3	M	Bilingual	G130	06/09/2018	89100	1280 x 720		Raw Data														22545	10:16:11.566	1536226345339159															0			Unclassified	8																									2703	636	417			636	417			255.16	122.00					291.09	208.62	747.37		-34.01						774.58		4.76		0	4				
07/12/2018	3.3.2	Gaze Project	O4	3	M	Bilingual	G130	06/09/2018	89100	1280 x 720		Raw Data														22554	10:16:11.574	1536226345347422															0	2242		Fixation	8			2.80	256.62	228.19																				2704	667	349	635	508	651	428			267.79	149.44	254.92	85.33	261.35	117.39	291.12	203.19	730.55	335.75	206.09	724.07					756.93	756.93	4.35	4.89	0	0				
07/12/2018	3.3.2	Gaze Project	O4	3	M	Bilingual	G130	06/09/2018	89100	1280 x 720		Raw Data														22562	10:16:11.583	1536226345355771															0	2243		Fixation	8			2.43	83.44	186.82																				2705	671	436	644	430	657	433			269.35	114.18	258.60	116.86	263.97	115.52	291.13	203.20	730.57	335.66	206.34	723.97					756.95	756.95	4.49	4.89	0	0				
07/12/2018	3.3.2	Gaze Project	O4	3	M	Bilingual	G130	06/09/2018	89100	1280 x 720		Raw Data														22570	10:16:11.591	1536226345364106															0	2244		Fixation	8			3.24	59.03	335.59																				2706	676	457	700	337	688	397			271.36	106.10	280.92	154.19	276.14	130.15	291.13	203.20	730.58	346.17	228.89	790.43					756.95	756.95	4.54	5.34	0	0				
07/12/2018	3.3.2	Gaze Project	O4	3	M	Bilingual	G130	06/09/2018	89100	1280 x 720		Raw Data														22579	10:16:11.599	1536226345372465															0	2245		Fixation	8			3.33	247.41	188.38																				2707	633	373	657	440	645	406			254.29	139.78	263.88	112.60	259.08	126.19	291.12	203.08	730.63	335.66	206.33	723.98					756.96	756.96	4.43	4.79	0	0				
07/12/2018	3.3.2	Gaze Project	O4	3	M	Bilingual	G130	06/09/2018	89100	1280 x 720		Raw Data														22587	10:16:11.608	1536226345380824															0	2246		Fixation	8			0.74	265.25	17.85																				2708	620	353	655	464	637	408			248.74	147.84	262.96	103.10	255.85	125.47	291.13	203.08	730.63	337.02	213.20	745.09					756.96	756.96	4.44	5.08	0	0				
07/12/2018	3.3.2	Gaze Project	O4	3	M	Bilingual	G130	06/09/2018	89100	1280 x 720		Raw Data														22595	10:16:11.616	1536226345389068															0	2247		Fixation	8			4.51	111.11	205.86																				2709			600	322	600	322					240.88	160.25						345.98	228.46	789.22						0.00		5.20	4	0				
07/12/2018	3.3.2	Gaze Project	O4	3	M	Bilingual	G130	06/09/2018	89100	1280 x 720		Raw Data														22604	10:16:11.624	1536226345397427															0			Unclassified	8																									2710																			-34.01										4	4				
07/12/2018	3.3.2	Gaze Project	O4	3	M	Bilingual	G130	06/09/2018	89100	1280 x 720		Raw Data														22612	10:16:11.633	1536226345405780															0			Unclassified	8																									2711	681	270			681	270			273.23	181.18					292.94	209.62	749.50		-34.01						776.99		3.89		0	4				
07/12/2018	3.3.2	Gaze Project	O4	3	M	Bilingual	G130	06/09/2018	89100	1280 x 720		Raw Data														22620	10:16:11.641	1536226345414136															0			Unclassified	8																									2712	679	200			679	200			272.71	209.29					292.54	208.13	745.10		-34.01						772.34		3.53		0	4				
07/12/2018	3.3.2	Gaze Project	O4	3	M	Bilingual	G130	06/09/2018	89100	1280 x 720		Raw Data														22629	10:16:11.649	1536226345422495															0	2248		Fixation	8			4.60	278.89	167.78																				2713	803	285	624	475	713	380			322.51	175.18	250.57	98.46	286.54	136.82	291.15	203.05	730.64	337.10	209.21	732.58					756.96	756.96	3.63	4.62	0	0				
07/12/2018	3.3.2	Gaze Project	O4	3	M	Bilingual	G130	06/09/2018	89100	1280 x 720		Raw Data														22637	10:16:11.658	1536226345430758															0	2249		Fixation	8			3.46	71.30	152.41																				2714	581	372	660	369	620	370			233.33	140.06	265.04	141.40	249.19	140.73	291.15	203.04	730.64	335.79	206.22	724.25					756.97	756.97	4.15	4.23	0	0				
07/12/2018	3.3.2	Gaze Project	O4	3	M	Bilingual	G130	06/09/2018	89100	1280 x 720		Raw Data														22645	10:16:11.666	1536226345439084															0			Unclassified	8																									2715																			-34.01										4	4				
07/12/2018	3.3.2	Gaze Project	O4	3	M	Bilingual	G130	06/09/2018	89100	1280 x 720		Raw Data														22654	10:16:11.674	1536226345447436															0	2250		Fixation	8			6.80	236.61	165.31																				2716	558	169	537	555	547	362			223.92	221.99	215.59	66.48	219.76	144.23	291.03	204.95	736.22	336.95	209.27	732.77					762.85	762.85	3.96	4.89	0	0				
07/12/2018	3.3.2	Gaze Project	O4	3	M	Bilingual	G130	06/09/2018	89100	1280 x 720		Raw Data														22662	10:16:11.683	1536226345455806															0	2251		Fixation	8			7.07	91.73	215.12																				2717	516	284	530	324	523	304			207.00	175.47	212.62	159.56	209.81	167.51	290.97	203.28	730.78	336.27	208.06	729.18					757.16	757.16	4.15	4.44	0	0				
07/12/2018	3.3.2	Gaze Project	O4	3	M	Bilingual	G130	06/09/2018	89100	1280 x 720		Raw Data														22670	10:16:11.691	1536226345464072															0	2252		Fixation	8			4.97	90.72	358.99																				2718	469	251	528	165	498	208			188.20	188.81	211.77	223.59	199.98	206.20	290.93	203.34	730.96	335.72	207.00	726.03					757.35	757.35	4.04	3.77	0	0				
07/12/2018	3.3.2	Gaze Project	O4	3	M	Bilingual	G130	06/09/2018	89100	1280 x 720		Raw Data														22679	10:16:11.699	1536226345472423															0	2253		Fixation	8			1.45	81.56	350.84																				2719	496	191	535	118	515	154			199.28	212.83	214.88	242.46	207.08	227.65	290.92	203.42	731.21	342.24	221.16	767.65					757.61	757.61	3.92	4.49	0	0				
07/12/2018	3.3.2	Gaze Project	O4	3	M	Bilingual	G130	06/09/2018	89100	1280 x 720		Raw Data														22687	10:16:11.708	1536226345480762															0			Unclassified	8																									2720	481	241			481	241			193.23	192.81					290.91	203.40	731.17		-34.01						757.56		4.14		0	4				
07/12/2018	3.3.2	Gaze Project	O4	3	M	Bilingual	G130	06/09/2018	89100	1280 x 720		Raw Data														22695	10:16:11.716	1536226345489119															0	2254		Fixation	8			3.10	320.46	238.91																				2721	506	152	614	183	560	167			203.23	228.65	246.48	216.10	224.85	222.38	290.88	203.37	731.11	335.39	206.18	724.27					757.50	757.50	3.71	3.85	0	0				
07/12/2018	3.3.2	Gaze Project	O4	3	M	Bilingual	G130	06/09/2018	89100	1280 x 720		Raw Data														22704	10:16:11.724	1536226345497476															0			Unclassified	8																									2722	488	325			488	325			195.77	159.16					290.86	203.39	731.21		-34.01						757.60		4.29		0	4				
07/12/2018	3.3.2	Gaze Project	O4	3	M	Bilingual	G130	06/09/2018	89100	1280 x 720		Raw Data														22712	10:16:11.733	1536226345505730															0			Unclassified	8																									2723	525	238			525	238			210.55	194.00					290.94	203.94	732.39		-34.01						758.89		4.01		0	4				
07/12/2018	3.3.2	Gaze Project	O4	3	M	Bilingual	G130	06/09/2018	89100	1280 x 720		Raw Data														22720	10:16:11.741	1536226345514068															0	2255		Fixation	8			3.54	157.77	197.31																				2724	519	187	506	139	512	163			208.42	214.55	203.28	233.91	205.85	224.23	291.08	204.58	734.34	340.55	217.89	757.91					760.95	760.95	3.67	4.32	0	0				
07/12/2018	3.3.2	Gaze Project	O4	3	M	Bilingual	G130	06/09/2018	89100	1280 x 720		Raw Data														22729	10:16:11.749	1536226345522430															0			Unclassified	8																									2725																			-34.01										4	4				
07/12/2018	3.3.2	Gaze Project	O4	3	M	Bilingual	G130	06/09/2018	89100	1280 x 720		Raw Data														22737	10:16:11.758	1536226345530787															0	2256		Fixation	8			1.95	88.27	290.50																				2726	475	193	508	73	491	133			190.61	212.14	203.97	260.43	197.29	236.29	290.73	203.97	733.40	344.25	226.08	782.03					759.85	759.85	4.05	4.51	0	0				
07/12/2018	3.3.2	Gaze Project	O4	3	M	Bilingual	G130	06/09/2018	89100	1280 x 720		Raw Data														22745	10:16:11.766	1536226345539143															0	2257		Fixation	8			3.68	290.00	201.73																				2727	505	239	550	188	527	213			202.66	193.55	220.80	214.12	211.73	203.84	290.71	203.48	731.53	335.20	206.42	724.53					757.93	757.93	4.07	3.90	0	0				
07/12/2018	3.3.2	Gaze Project	O4	3	M	Bilingual	G130	06/09/2018	89100	1280 x 720		Raw Data														22754	10:16:11.774	1536226345547407															0			Unclassified	8																									2728	470	206			470	206			188.82	206.90					290.68	203.51	731.59		-34.01						757.99		3.94		0	4				
07/12/2018	3.3.2	Gaze Project	O4	3	M	Bilingual	G130	06/09/2018	89100	1280 x 720		Raw Data														22762	10:16:11.783	1536226345555743															0	2258		Fixation	8			4.62	255.54	325.53																				2729			513	331	513	331					205.87	156.56						335.14	206.38	724.39						0.00		4.54	4	0				
07/12/2018	3.3.2	Gaze Project	O4	3	M	Bilingual	G130	06/09/2018	89100	1280 x 720		Raw Data														22770	10:16:11.791	1536226345564099															0	2259		Fixation	8			5.65	83.17	187.63																				2730	513	154	535	148	524	151			205.79	227.81	214.64	230.41	210.21	229.11	290.65	203.56	731.81	339.88	216.94	755.02					758.21	758.21	3.79	4.33	0	0				
07/12/2018	3.3.2	Gaze Project	O4	3	M	Bilingual	G130	06/09/2018	89100	1280 x 720		Raw Data														22779	10:16:11.799	1536226345572458															0			Unclassified	8																									2731	504	183			504	183			202.17	216.33					290.78	204.19	733.21		-34.01						759.74		3.75		0	4				
07/12/2018	3.3.2	Gaze Project	O4	3	M	Bilingual	G130	06/09/2018	89100	1280 x 720		Raw Data														22787	10:16:11.808	1536226345580720															0	2260		Fixation	8			8.66	267.59	184.42																				2732	521	252	523	432	522	342			209.07	188.62	209.90	116.08	209.48	152.35	290.64	203.58	731.86	335.51	208.60	731.28					758.27	758.27	4.00	5.15	0	0				
07/12/2018	3.3.2	Gaze Project	O4	3	M	Bilingual	G130	06/09/2018	89100	1280 x 720		Raw Data														22795	10:16:11.816	1536226345589072															0	2261		Fixation	8			6.21	97.24	189.65																				2733	516	242	497	228	506	235			207.21	192.65	199.56	198.28	203.39	195.47	290.64	203.60	731.89	341.46	220.43	765.27					758.30	758.30	4.10	4.78	0	0				
07/12/2018	3.3.2	Gaze Project	O4	3	M	Bilingual	G130	06/09/2018	89100	1280 x 720		Raw Data														22804	10:16:11.824	1536226345597415															0	2262		Fixation	8			2.70	61.27	324.03																				2734	509	192	541	148	525	170			204.14	212.59	217.08	230.49	210.61	221.54	290.65	203.63	731.97	341.18	219.81	763.43					758.39	758.39	3.92	4.19	0	0				
07/12/2018	3.3.2	Gaze Project	O4	3	M	Bilingual	G130	06/09/2018	89100	1280 x 720		Raw Data														22812	10:16:11.833	1536226345605756															0	2263		Fixation	8			0.47	150.18	88.91																				2735	499	222	527	140	513	181			200.39	200.55	211.53	233.60	205.96	217.07	290.65	203.64	731.95	341.08	219.61	762.85					758.37	758.37	3.98	4.51	0	0				
07/12/2018	3.3.2	Gaze Project	O4	3	M	Bilingual	G130	06/09/2018	89100	1280 x 720		Raw Data														22820	10:16:11.841	1536226345614124															0	2264		Fixation	8			0.69	77.24	287.06																				2736	540	354	532	118	536	236			216.57	147.36	213.60	242.43	215.09	194.90	290.68	203.87	732.19	335.50	208.40	730.64					758.67	758.67	4.36	3.64	0	0				
07/12/2018	3.3.2	Gaze Project	O4	3	M	Bilingual	G130	06/09/2018	89100	1280 x 720		Raw Data														22829	10:16:11.849	1536226345622393															0	2265		Fixation	8			0.97	284.43	207.19																				2737			540	149	540	149					216.62	229.79						340.81	218.98	761.03						0.00		4.43	4	0				
07/12/2018	3.3.2	Gaze Project	O4	3	M	Bilingual	G130	06/09/2018	89100	1280 x 720		Raw Data														22837	10:16:11.858	1536226345630717															0	2266		Fixation	8			0.80	228.10	303.68																				2738	507	158	522	169	514	163			203.44	226.15	209.62	222.05	206.53	224.10	290.69	203.53	732.00	339.78	216.72	754.40					758.38	758.38	3.88	4.45	0	0				
07/12/2018	3.3.2	Gaze Project	O4	3	M	Bilingual	G130	06/09/2018	89100	1280 x 720		Raw Data														22845	10:16:11.866	1536226345639080															0			Unclassified	8																									2739																			-34.01										4	4				
07/12/2018	3.3.2	Gaze Project	O4	3	M	Bilingual	G130	06/09/2018	89100	1280 x 720		Raw Data														22854	10:16:11.874	1536226345647445															0	2267		Fixation	8			2.47	274.98	46.88																				2740	493	136	529	249	511	192			198.02	235.22	212.22	189.78	205.12	212.50	290.70	203.52	732.00	335.25	206.63	725.22					758.38	758.38	3.89	4.34	0	0				
07/12/2018	3.3.2	Gaze Project	O4	3	M	Bilingual	G130	06/09/2018	89100	1280 x 720		Raw Data														22862	10:16:11.883	1536226345655717															0			Unclassified	8																									2741	504	218			504	218			202.44	202.14					290.73	203.73	732.31		-34.01						758.75		3.95		0	4				
07/12/2018	3.3.2	Gaze Project	O4	3	M	Bilingual	G130	06/09/2018	89100	1280 x 720		Raw Data														22870	10:16:11.891	1536226345664061															0	2268		Fixation	8			2.58	33.78	118.79																				2742	565	177	598	203	581	190			226.77	218.77	239.96	208.10	233.36	213.43	290.65	203.52	731.25	335.27	206.49	725.28					757.67	757.67	3.57	4.10	0	0				
07/12/2018	3.3.2	Gaze Project	O4	3	M	Bilingual	G130	06/09/2018	89100	1280 x 720		Raw Data														22879	10:16:11.899	1536226345672387															0			Unclassified	8																									2743	530	189			530	189			212.64	214.02					290.76	203.71	732.40		-34.01						758.82		3.89		0	4				
07/12/2018	3.3.2	Gaze Project	O4	3	M	Bilingual	G130	06/09/2018	89100	1280 x 720		Raw Data														22887	10:16:11.908	1536226345680750															0	2269		Fixation	8			3.52	248.07	214.30																				2744	470	197	556	307	513	252			188.57	210.58	223.24	166.14	205.91	188.36	294.86	218.42	776.29	335.16	206.68	725.20					805.25	805.25	4.55	4.74	0	0				
07/12/2018	3.3.2	Gaze Project	O4	3	M	Bilingual	G130	06/09/2018	89100	1280 x 720		Raw Data	Ord4_T2_L.avi	190	0	900	720									22889	10:16:11.910										11	MovieStart	Ord4_T2_L.avi					2269		Fixation	8	366	307	3.52	248.07	214.30																																																						
07/12/2018	3.3.2	Gaze Project	O4	3	M	Bilingual	G130	06/09/2018	89100	1280 x 720		Raw Data	Ord4_T2_L.avi	190	0	900	720									22895	10:16:11.916	1536226345689108															0	2270		Fixation	8	353	229	2.45	99.43	211.36																				2745	498	283	543	229	520	256	330	256	199.94	176.14	217.89	197.92	208.91	187.03	290.77	203.64	732.28	336.47	213.19	745.30					758.69	758.69	4.42	4.67	0	0				
07/12/2018	3.3.2	Gaze Project	O4	3	M	Bilingual	G130	06/09/2018	89100	1280 x 720		Raw Data	Ord4_T2_L.avi	190	0	900	720									22904	10:16:11.924	1536226345697353															0	2271		Fixation	8	342	252	0.77	244.51	145.08																				2746	504	277	532	252	518	264	328	264	202.12	178.55	213.71	188.39	207.92	183.47	290.72	203.74	732.24	336.63	214.01	747.86					758.68	758.68	4.26	4.80	0	0				
07/12/2018	3.3.2	Gaze Project	O4	3	M	Bilingual	G130	06/09/2018	89100	1280 x 720		Raw Data	Ord4_T2_L.avi	190	0	900	720									22912	10:16:11.933	1536226345705739															0			Unclassified	8																									2747	507	309			507	309	317	309	203.57	165.34					290.76	203.78	732.85		-34.01						759.27		4.58		0	4				
07/12/2018	3.3.2	Gaze Project	O4	3	M	Bilingual	G130	06/09/2018	89100	1280 x 720		Raw Data	Ord4_T2_L.avi	190	0	900	720									22920	10:16:11.941	1536226345714064															0	2272		Fixation	8	393	174	2.87	56.91	172.39																				2748	508	237	583	174	545	205	355	205	203.77	194.61	234.13	219.69	218.95	207.15	290.76	203.76	732.85	335.27	206.33	725.34					759.27	759.27	4.34	4.26	0	0				
07/12/2018	3.3.2	Gaze Project	O4	3	M	Bilingual	G130	06/09/2018	89100	1280 x 720		Raw Data	Ord4_T2_L.avi	190	0	900	720									22929	10:16:11.949	1536226345722421															0	2273		Fixation	8	308	294	4.51	234.78	177.87																				2749	487	191	498	294	492	242	302	242	195.64	212.87	199.75	171.67	197.69	192.27	294.69	217.81	774.81	336.65	214.21	748.69					803.65	803.65	4.46	4.99	0	0				
07/12/2018	3.3.2	Gaze Project	O4	3	M	Bilingual	G130	06/09/2018	89100	1280 x 720		Raw Data	Ord4_T2_L.avi	190	0	900	720									22937	10:16:11.958	1536226345730776															0	2274		Fixation	8	341	232	2.15	62.05	187.28																				2750	481	241	531	232	506	236	316	236	192.99	192.73	212.99	196.49	202.99	194.61	290.74	203.74	732.89	335.38	207.06	727.26					759.30	759.30	4.09	4.40	0	0				
07/12/2018	3.3.2	Gaze Project	O4	3	M	Bilingual	G130	06/09/2018	89100	1280 x 720		Raw Data	Ord4_T2_L.avi	190	0	900	720									22945	10:16:11.966	1536226345739045															0			Unclassified	8																									2751	473	229			473	229	283	229	190.04	197.87					290.68	211.48	756.68		-34.01						784.29		4.57		0	4				
07/12/2018	3.3.2	Gaze Project	O4	3	M	Bilingual	G130	06/09/2018	89100	1280 x 720		Raw Data	Ord4_T2_L.avi	190	0	900	720									22954	10:16:11.974	1536226345747377															0			Unclassified	8																									2752	425	244			425	244	235	244	170.75	191.66					290.66	212.08	758.53		-34.01						786.24		4.70		0	4				
07/12/2018	3.3.2	Gaze Project	O4	3	M	Bilingual	G130	06/09/2018	89100	1280 x 720		Raw Data	Ord4_T2_L.avi	190	0	900	720									22962	10:16:11.983	1536226345755724															0	2275		Fixation	8	328	311	2.47	260.68	198.63																				2753	483	279	518	311	500	295	310	295	193.87	177.52	207.84	164.69	200.85	171.10	290.64	211.65	757.22	336.06	211.20	739.97					784.85	784.85	4.79	5.03	0	0				
07/12/2018	3.3.2	Gaze Project	O4	3	M	Bilingual	G130	06/09/2018	89100	1280 x 720		Raw Data	Ord4_T2_L.avi	190	0	900	720									22970	10:16:11.991	1536226345764089															0			Unclassified	8																									2754	468	136			468	136	278	136	188.06	235.02					301.14	241.27	845.66		-34.01						878.51		5.10		0	4				
07/12/2018	3.3.2	Gaze Project	O4	3	M	Bilingual	G130	06/09/2018	89100	1280 x 720		Raw Data	Ord4_T2_L.avi	190	0	900	720									22979	10:16:11.999	1536226345772362															0	2276		Fixation	8	324	356	1.38	264.94	4.25																				2755	496	174	514	356	505	265	315	265	199.12	220.00	206.26	146.63	202.69	183.31	290.62	206.86	742.81	335.62	208.94	733.31					769.68	769.68	3.88	5.05	0	0				
07/12/2018	3.3.2	Gaze Project	O4	3	M	Bilingual	G130	06/09/2018	89100	1280 x 720		Raw Data	Ord4_T2_L.avi	190	0	900	720									22987	10:16:12.008	1536226345780711															0	2277		Fixation	8	338	399	1.39	287.98	23.04																				2756			528	399	528	399	338	399			211.87	129.17						335.56	208.76	732.78						0.00		5.18	4	0				
07/12/2018	3.3.2	Gaze Project	O4	3	M	Bilingual	G130	06/09/2018	89100	1280 x 720		Raw Data	Ord4_T2_L.avi	190	0	900	720									22995	10:16:12.016	1536226345789050															0			Unclassified	8																									2757	507	335			507	335	317	335	203.61	155.17					290.61	203.91	733.54		-34.01						759.96		4.69		0	4				
07/12/2018	3.3.2	Gaze Project	O4	3	M	Bilingual	G130	06/09/2018	89100	1280 x 720		Raw Data	Ord4_T2_L.avi	190	0	900	720									23004	10:16:12.024	1536226345797408															0	2278		Fixation	8	321	355	1.46	111.06	183.08																				2758			511	355	511	355	321	355			205.24	146.83						335.19	207.02	727.20						0.00		4.84	4	0				
07/12/2018	3.3.2	Gaze Project	O4	3	M	Bilingual	G130	06/09/2018	89100	1280 x 720		Raw Data	Ord4_T2_L.avi	190	0	900	720									23012	10:16:12.033	1536226345805759															0	2279		Fixation	8	391	218	4.78	63.01	311.95																				2759	498	294	581	218	539	256	349	256	199.71	171.42	233.04	201.97	216.37	186.69	290.56	203.94	733.59	335.16	207.06	727.30					760.02	760.02	4.28	4.02	0	0				
07/12/2018	3.3.2	Gaze Project	O4	3	M	Bilingual	G130	06/09/2018	89100	1280 x 720		Raw Data	Ord4_T2_L.avi	190	0	900	720									23020	10:16:12.041	1536226345814028															0			Unclassified	8																									2760	490	165			490	165	300	165	196.84	223.50					290.51	206.52	741.76		-34.01						768.57		3.77		0	4				
07/12/2018	3.3.2	Gaze Project	O4	3	M	Bilingual	G130	06/09/2018	89100	1280 x 720		Raw Data	Ord4_T2_L.avi	190	0	900	720									23029	10:16:12.049	1536226345822389															0			Unclassified	8																									2761	512	327			512	327	322	327	205.41	158.29					289.95	202.12	727.64		-34.01						753.77		4.28		0	4				
07/12/2018	3.3.2	Gaze Project	O4	3	M	Bilingual	G130	06/09/2018	89100	1280 x 720		Raw Data	Ord4_T2_L.avi	190	0	900	720									23037	10:16:12.058	1536226345830718															0	2280		Fixation	8	451	77	4.79	67.02	4.01																				2762	511	236	641	77	576	156	386	156	205.28	194.86	257.23	259.01	231.25	226.94	290.48	204.11	734.02	335.50	209.46	734.62					760.48	760.48	4.28	3.34	0	0				
07/12/2018	3.3.2	Gaze Project	O4	3	M	Bilingual	G130	06/09/2018	89100	1280 x 720		Raw Data	Ord4_T2_L.avi	190	0	900	720									23045	10:16:12.066	1536226345839056															0			Unclassified	8																									2763	498	175			498	175	308	175	200.06	219.29					290.45	204.01	734.06		-34.01						760.48		3.83		0	4				
07/12/2018	3.3.2	Gaze Project	O4	3	M	Bilingual	G130	06/09/2018	89100	1280 x 720		Raw Data	Ord4_T2_L.avi	190	0	900	720									23054	10:16:12.074	1536226345847429															0	2281		Fixation	8	319	368	9.88	245.67	178.65																				2764			509	368	509	368	319	368			204.18	141.70						335.42	209.39	734.25						0.00		5.19	4	0				
07/12/2018	3.3.2	Gaze Project	O4	3	M	Bilingual	G130	06/09/2018	89100	1280 x 720		Raw Data	Ord4_T2_L.avi	190	0	900	720									23062	10:16:12.083	1536226345855682															0			Unclassified	8																									2765	591	174			591	174	401	174	237.32	220.05					290.03	203.08	730.31		-34.01						756.61		3.60		0	4				
07/12/2018	3.3.2	Gaze Project	O4	3	M	Bilingual	G130	06/09/2018	89100	1280 x 720		Raw Data	Ord4_T2_L.avi	190	0	900	720									23070	10:16:12.091	1536226345864025															0	2282		Fixation	8	469	159	7.84	54.42	168.75																				2766	495	400	659	159	577	279	387	279	198.78	128.75	264.35	226.06	231.57	177.41	290.29	212.47	759.40	336.38	215.28	751.42					787.17	787.17	4.98	4.36	0	0				
07/12/2018	3.3.2	Gaze Project	O4	3	M	Bilingual	G130	06/09/2018	89100	1280 x 720		Raw Data	Ord4_T2_L.avi	190	0	900	720									23079	10:16:12.099	1536226345872385															0	2283		Fixation	8	469	159	0.00	0.00	305.58																				2767	531	-181	659	159	595	-11			213.32	362.98	264.35	226.06	238.83	294.52	306.22	262.06	907.63	336.44	215.84	752.92					944.05	944.05	5.48	4.36	0	0				
07/12/2018	3.3.2	Gaze Project	O4	3	M	Bilingual	G130	06/09/2018	89100	1280 x 720		Raw Data	Ord4_T2_L.avi	190	0	900	720									23087	10:16:12.108	1536226345880743															0	2284		Fixation	8	324	322	6.61	228.44	228.44																				2768	506	373	514	322	510	347	320	347	203.22	139.71	206.37	160.22	204.79	149.96	290.22	212.32	758.54	335.84	212.66	743.27					786.29	786.29	4.91	4.95	0	0				
07/12/2018	3.3.2	Gaze Project	O4	3	M	Bilingual	G130	06/09/2018	89100	1280 x 720		Raw Data	Ord4_T2_L.avi	190	0	900	720									23095	10:16:12.116	1536226345889023															0	2285		Fixation	8	276	377	2.17	228.98	0.54																				2769	505	388	466	377	485	382	295	382	202.61	133.82	187.04	138.27	194.82	136.05	290.18	212.86	759.89	336.16	214.80	749.36					787.74	787.74	5.04	5.14	0	0				
07/12/2018	3.3.2	Gaze Project	O4	3	M	Bilingual	G130	06/09/2018	89100	1280 x 720		Raw Data	Ord4_T2_L.avi	190	0	900	720									23104	10:16:12.124	1536226345897370															0			Unclassified	8																									2770																			-34.01										4	4				
07/12/2018	3.3.2	Gaze Project	O4	3	M	Bilingual	G130	06/09/2018	89100	1280 x 720		Raw Data	Ord4_T2_L.avi	190	0	900	720									23112	10:16:12.133	1536226345905700															0			Unclassified	8																									2771	510	382			510	382	320	382	204.73	136.11					290.10	213.60	761.51		-34.01						789.51		4.48		0	4				
07/12/2018	3.3.2	Gaze Project	O4	3	M	Bilingual	G130	06/09/2018	89100	1280 x 720		Raw Data	Ord4_T2_L.avi	190	0	900	720									23120	10:16:12.141	1536226345914043															0			Unclassified	8																									2772																			-34.01										4	4				
07/12/2018	3.3.2	Gaze Project	O4	3	M	Bilingual	G130	06/09/2018	89100	1280 x 720		Raw Data	Ord4_T2_L.avi	190	0	900	720									23129	10:16:12.149	1536226345922412															0			Unclassified	8																									2773																			-34.01										4	4				
07/12/2018	3.3.2	Gaze Project	O4	3	M	Bilingual	G130	06/09/2018	89100	1280 x 720		Raw Data	Ord4_T2_L.avi	190	0	900	720									23137	10:16:12.158	1536226345930684															0			Unclassified	8																									2774																			-34.01										4	4				
07/12/2018	3.3.2	Gaze Project	O4	3	M	Bilingual	G130	06/09/2018	89100	1280 x 720		Raw Data	Ord4_T2_L.avi	190	0	900	720									23145	10:16:12.166	1536226345939021															0			Unclassified	8																									2775																			-34.01										4	4				
07/12/2018	3.3.2	Gaze Project	O4	3	M	Bilingual	G130	06/09/2018	89100	1280 x 720		Raw Data	Ord4_T2_L.avi	190	0	900	720									23154	10:16:12.174	1536226345947368															0			Unclassified	8																									2776																			-34.01										4	4				
07/12/2018	3.3.2	Gaze Project	O4	3	M	Bilingual	G130	06/09/2018	89100	1280 x 720		Raw Data	Ord4_T2_L.avi	190	0	900	720									23162	10:16:12.183	1536226345955728															0			Unclassified	8																									2777																			-34.01										4	4				
07/12/2018	3.3.2	Gaze Project	O4	3	M	Bilingual	G130	06/09/2018	89100	1280 x 720		Raw Data	Ord4_T2_L.avi	190	0	900	720									23170	10:16:12.191	1536226345964083															0	2286		Fixation	8			20.08	227.10	358.12																				2778			-56	937	-56	937					-22.63	-87.44						335.37	210.80	736.29						0.00		3.07	4	0				
07/12/2018	3.3.2	Gaze Project	O4	3	M	Bilingual	G130	06/09/2018	89100	1280 x 720		Raw Data	Ord4_T2_L.avi	190	0	900	720									23179	10:16:12.199	1536226345972344															0			Unclassified	8																									2779																			-34.01										4	4				
07/12/2018	3.3.2	Gaze Project	O4	3	M	Bilingual	G130	06/09/2018	89100	1280 x 720		Raw Data	Ord4_T2_L.avi	190	0	900	720									23187	10:16:12.208	1536226345980675															0			Unclassified	8																									2780																			-34.01										4	4				
07/12/2018	3.3.2	Gaze Project	O4	3	M	Bilingual	G130	06/09/2018	89100	1280 x 720		Raw Data	Ord4_T2_L.avi	190	0	900	720									23195	10:16:12.216	1536226345989029															0			Unclassified	8																									2781																			-34.01										4	4				
07/12/2018	3.3.2	Gaze Project	O4	3	M	Bilingual	G130	06/09/2018	89100	1280 x 720		Raw Data	Ord4_T2_L.avi	190	0	900	720									23204	10:16:12.224	1536226345997396															0			Unclassified	8																									2782																			-34.01										4	4				
07/12/2018	3.3.2	Gaze Project	O4	3	M	Bilingual	G130	06/09/2018	89100	1280 x 720		Raw Data	Ord4_T2_L.avi	190	0	900	720									23212	10:16:12.233	1536226346005661															0			Unclassified	8																									2783	556	345	350	259	453	302	263	302	223.31	150.98	140.46	185.66	181.88	168.32	286.31	191.31	693.20	290.33	206.26	738.13					717.56	717.56	3.48	3.73	1	3				
07/12/2018	3.3.2	Gaze Project	O4	3	M	Bilingual	G130	06/09/2018	89100	1280 x 720		Raw Data	Ord4_T2_L.avi	190	0	900	720									23220	10:16:12.241	1536226346014010															0			Unclassified	8																									2784																			-34.01										4	4				
07/12/2018	3.3.2	Gaze Project	O4	3	M	Bilingual	G130	06/09/2018	89100	1280 x 720		Raw Data	Ord4_T2_L.avi	190	0	900	720									23229	10:16:12.249	1536226346022348															0			Unclassified	8																									2785																			-34.01										4	4				
07/12/2018	3.3.2	Gaze Project	O4	3	M	Bilingual	G130	06/09/2018	89100	1280 x 720		Raw Data	Ord4_T2_L.avi	190	0	900	720									23237	10:16:12.258	1536226346030694															0			Unclassified	8																									2786																			-34.01										4	4				
07/12/2018	3.3.2	Gaze Project	O4	3	M	Bilingual	G130	06/09/2018	89100	1280 x 720		Raw Data	Ord4_T2_L.avi	190	0	900	720									23245	10:16:12.266	1536226346039069															0			Unclassified	8																									2787																			-34.01										4	4				
07/12/2018	3.3.2	Gaze Project	O4	3	M	Bilingual	G130	06/09/2018	89100	1280 x 720		Raw Data	Ord4_T2_L.avi	190	0	900	720									23254	10:16:12.274	1536226346047333															0			Unclassified	8																									2788																			-34.01										4	4				
07/12/2018	3.3.2	Gaze Project	O4	3	M	Bilingual	G130	06/09/2018	89100	1280 x 720		Raw Data	Ord4_T2_L.avi	190	0	900	720									23262	10:16:12.283	1536226346055661															0			Unclassified	8																									2789																			-34.01										4	4				
07/12/2018	3.3.2	Gaze Project	O4	3	M	Bilingual	G130	06/09/2018	89100	1280 x 720		Raw Data	Ord4_T2_L.avi	190	0	900	720									23270	10:16:12.291	1536226346064019															0			Unclassified	8																									2790																			-34.01										4	4				
07/12/2018	3.3.2	Gaze Project	O4	3	M	Bilingual	G130	06/09/2018	89100	1280 x 720		Raw Data	Ord4_T2_L.avi	190	0	900	720									23279	10:16:12.299	1536226346072378															0			Unclassified	8																									2791	538	308	296	293	417	300	227	300	215.84	166.09	119.01	171.83	167.42	168.96	289.95	205.15	735.01	289.96	205.15	735.01					761.71	761.71	4.17	4.20	1	3				
07/12/2018	3.3.2	Gaze Project	O4	3	M	Bilingual	G130	06/09/2018	89100	1280 x 720		Raw Data	Ord4_T2_L.avi	190	0	900	720									23287	10:16:12.308	1536226346080658															0			Unclassified	8																									2792																			-34.01										4	4				
07/12/2018	3.3.2	Gaze Project	O4	3	M	Bilingual	G130	06/09/2018	89100	1280 x 720		Raw Data	Ord4_T2_L.avi	190	0	900	720									23295	10:16:12.316	1536226346088994															0			Unclassified	8																									2793																			-34.01										4	4				
07/12/2018	3.3.2	Gaze Project	O4	3	M	Bilingual	G130	06/09/2018	89100	1280 x 720		Raw Data	Ord4_T2_L.avi	190	0	900	720									23304	10:16:12.324	1536226346097326															0			Unclassified	8																									2794																			-34.01										4	4				
07/12/2018	3.3.2	Gaze Project	O4	3	M	Bilingual	G130	06/09/2018	89100	1280 x 720		Raw Data	Ord4_T2_L.avi	190	0	900	720									23312	10:16:12.333	1536226346105689															0			Unclassified	8																									2795	475	327	245	310	360	318	170	318	190.70	158.44	98.36	165.23	144.53	161.83	286.74	193.43	699.65	286.74	193.43	699.65					724.37	724.37	3.87	3.89	1	3				
07/12/2018	3.3.2	Gaze Project	O4	3	M	Bilingual	G130	06/09/2018	89100	1280 x 720		Raw Data	Ord4_T2_L.avi	190	0	900	720									23320	10:16:12.341	1536226346114051															0			Unclassified	8																									2796																			-34.01										4	4				
07/12/2018	3.3.2	Gaze Project	O4	3	M	Bilingual	G130	06/09/2018	89100	1280 x 720		Raw Data	Ord4_T2_L.avi	190	0	900	720									23329	10:16:12.349	1536226346122317															0			Unclassified	8																									2797	524	281	295	267	409	274	219	274	210.27	176.79	118.36	182.60	164.31	179.70	286.56	192.92	697.89	286.57	192.92	697.89					722.53	722.53	3.61	3.63	1	3				
07/12/2018	3.3.2	Gaze Project	O4	3	M	Bilingual	G130	06/09/2018	89100	1280 x 720		Raw Data	Ord4_T2_L.avi	190	0	900	720									23337	10:16:12.358	1536226346130679															0			Unclassified	8																									2798	555	226	319	213	437	219	247	219	222.88	198.96	128.07	204.03	175.48	201.50	288.57	200.45	720.38	288.58	200.45	720.38					746.31	746.31	3.80	3.82	1	3				
07/12/2018	3.3.2	Gaze Project	O4	3	M	Bilingual	G130	06/09/2018	89100	1280 x 720		Raw Data	Ord4_T2_L.avi	190	0	900	720									23345	10:16:12.366	1536226346139002															0			Unclassified	8																									2799	532	257	294	323	413	290	223	290	213.39	186.35	118.00	159.90	165.70	173.12	290.05	205.53	736.22	288.82	196.04	707.43					762.99	762.99	4.34	4.18	1	3				
07/12/2018	3.3.2	Gaze Project	O4	3	M	Bilingual	G130	06/09/2018	89100	1280 x 720		Raw Data	Ord4_T2_L.avi	190	0	900	720									23354	10:16:12.374	1536226346147349															0			Unclassified	8																									2800																			-34.01										4	4				
07/12/2018	3.3.2	Gaze Project	O4	3	M	Bilingual	G130	06/09/2018	89100	1280 x 720		Raw Data	Ord4_T2_L.avi	190	0	900	720									23362	10:16:12.383	1536226346155714															0			Unclassified	8																									2801	592	241	484	383	538	312	348	312	237.53	192.77	194.26	135.87	215.89	164.32	290.22	205.52	735.86	312.87	208.02	735.70					762.64	762.64	4.24	4.68	1	3				
07/12/2018	3.3.2	Gaze Project	O4	3	M	Bilingual	G130	06/09/2018	89100	1280 x 720		Raw Data	Ord4_T2_L.avi	190	0	900	720									23370	10:16:12.391	1536226346163978															0			Unclassified	8																									2802	673	229	430	235	551	232	361	232	270.26	197.92	172.55	195.26	221.40	196.59	290.26	208.21	744.14	290.31	205.72	736.64					771.35	771.35	4.04	4.02	1	3				
07/12/2018	3.3.2	Gaze Project	O4	3	M	Bilingual	G130	06/09/2018	89100	1280 x 720		Raw Data	Ord4_T2_L.avi	190	0	900	720									23379	10:16:12.399	1536226346172320															0	2287		Fixation	8	416	529	20.60	31.73	164.63																				2803	648	181	606	529	627	355	437	355	260.08	216.91	243.09	76.82	251.58	146.86	290.29	205.70	736.19	335.49	210.26	734.46					763.02	763.02	3.82	4.84	0	0				
07/12/2018	3.3.2	Gaze Project	O4	3	M	Bilingual	G130	06/09/2018	89100	1280 x 720		Raw Data	Ord4_T2_L.avi	190	0	900	720									23387	10:16:12.408	1536226346180671															0	2288		Fixation	8	382	486	1.68	128.24	96.52																				2804			572	486	572	486	382	486			229.41	94.28						335.69	210.74	735.78						0.00		4.68	4	0				
07/12/2018	3.3.2	Gaze Project	O4	3	M	Bilingual	G130	06/09/2018	89100	1280 x 720		Raw Data	Ord4_T2_L.avi	190	0	900	720									23395	10:16:12.416	1536226346189016															0			Unclassified	8																									2805	645	336			645	336	455	336	259.10	154.67					290.26	208.75	745.52		-34.01						772.82		4.51		0	4				
07/12/2018	3.3.2	Gaze Project	O4	3	M	Bilingual	G130	06/09/2018	89100	1280 x 720		Raw Data	Ord4_T2_L.avi	190	0	900	720									23404	10:16:12.424	1536226346197275															0	2289		Fixation	8	423	447	1.70	43.66	275.42																				2806	631	172	613	447	622	309	432	309	253.33	220.65	246.25	109.93	249.79	165.29	290.29	205.78	736.17	335.64	210.67	735.47					763.02	763.02	3.79	4.61	0	0				
07/12/2018	3.3.2	Gaze Project	O4	3	M	Bilingual	G130	06/09/2018	89100	1280 x 720		Raw Data	Ord4_T2_L.avi	190	0	900	720									23412	10:16:12.433	1536226346205645															0	2290		Fixation	8	436	549	3.13	277.24	233.58																				2807	634	263	626	549	630	406	440	406	254.58	183.94	251.13	69.06	252.85	126.50	290.29	205.83	736.23	335.62	210.65	735.35					763.10	763.10	4.14	4.85	0	0				
07/12/2018	3.3.2	Gaze Project	O4	3	M	Bilingual	G130	06/09/2018	89100	1280 x 720		Raw Data	Ord4_T2_L.avi	190	0	900	720									23420	10:16:12.441	1536226346213979															0	2291		Fixation	8	421	454	2.92	98.94	181.70																				2808	610	411	611	454	610	432	420	432	244.90	124.48	245.14	107.19	245.02	115.83	290.26	208.55	744.62	335.66	210.77	735.62					771.91	771.91	5.12	4.61	0	0				
07/12/2018	3.3.2	Gaze Project	O4	3	M	Bilingual	G130	06/09/2018	89100	1280 x 720		Raw Data	Ord4_T2_L.avi	190	0	900	720									23429	10:16:12.449	1536226346222349															0			Unclassified	8																									2809																			-34.01										4	4				
07/12/2018	3.3.2	Gaze Project	O4	3	M	Bilingual	G130	06/09/2018	89100	1280 x 720		Raw Data	Ord4_T2_L.avi	190	0	900	720									23437	10:16:12.458	1536226346230700															0	2292		Fixation	8	404	406	1.56	109.44	10.50																				2810	636	172	594	406	615	289	425	289	255.30	220.69	238.42	126.33	246.86	173.51	290.25	208.76	745.22	336.37	212.38	740.39					772.54	772.54	4.21	4.49	0	0				
07/12/2018	3.3.2	Gaze Project	O4	3	M	Bilingual	G130	06/09/2018	89100	1280 x 720		Raw Data	Ord4_T2_L.avi	190	0	900	720									23445	10:16:12.466	1536226346238962															0	2293		Fixation	8	382	528	3.74	259.81	150.37																				2811			572	528	572	528	382	528			229.60	77.15						335.59	210.66	735.31						0.00		4.68	4	0				
07/12/2018	3.3.2	Gaze Project	O4	3	M	Bilingual	G130	06/09/2018	89100	1280 x 720		Raw Data	Ord4_T2_L.avi	190	0	900	720									23454	10:16:12.474	1536226346247311															0	2294		Fixation	8	389	484	1.34	80.99	181.18																				2812	639	217	579	484	609	350	419	350	256.61	202.61	232.58	94.89	244.60	148.75	290.23	208.64	744.89	336.10	211.82	738.77					772.20	772.20	3.84	4.65	0	0				
07/12/2018	3.3.2	Gaze Project	O4	3	M	Bilingual	G130	06/09/2018	89100	1280 x 720		Raw Data	Ord4_T2_L.avi	190	0	900	720									23462	10:16:12.483	1536226346255656															0	2295		Fixation	8	418	557	2.38	291.60	210.61																				2813	631	398	608	557	619	477	429	477	253.33	129.78	244.11	65.45	248.72	97.61	290.22	208.70	745.06	336.13	211.92	739.10					772.37	772.37	4.63	4.88	0	0				
07/12/2018	3.3.2	Gaze Project	O4	3	M	Bilingual	G130	06/09/2018	89100	1280 x 720		Raw Data	Ord4_T2_L.avi	190	0	900	720									23470	10:16:12.491	1536226346263997															0			Unclassified	8																									2814																			-34.01										4	4				
07/12/2018	3.3.2	Gaze Project	O4	3	M	Bilingual	G130	06/09/2018	89100	1280 x 720		Raw Data	Ord4_T2_L.avi	190	0	900	720									23479	10:16:12.499	1536226346272370															0	2296		Fixation	8	446	421	4.20	78.40	146.80																				2815	622	327	636	421	629	374	439	374	249.52	158.39	255.23	120.35	252.38	139.37	290.21	206.26	737.38	335.34	210.22	734.12					764.32	764.32	4.11	4.37	0	0				
07/12/2018	3.3.2	Gaze Project	O4	3	M	Bilingual	G130	06/09/2018	89100	1280 x 720		Raw Data	Ord4_T2_L.avi	190	0	900	720									23487	10:16:12.508	1536226346280637															0	2297		Fixation	8	426	450	1.07	235.49	157.09																				2816	589	466	616	450	602	458	412	458	236.50	102.23	247.24	108.60	241.87	105.42	290.19	206.24	737.35	335.86	211.40	737.57					764.29	764.29	4.47	4.45	0	0				
07/12/2018	3.3.2	Gaze Project	O4	3	M	Bilingual	G130	06/09/2018	89100	1280 x 720		Raw Data	Ord4_T2_L.avi	190	0	900	720									23495	10:16:12.516	1536226346288966															0	2298		Fixation	8	389	548	3.15	249.38	13.88																				2817	681	231	579	548	630	389	440	389	273.45	196.95	232.29	69.43	252.87	133.19	290.17	206.23	737.35	335.35	210.31	734.38					764.29	764.29	3.83	4.79	0	0				
07/12/2018	3.3.2	Gaze Project	O4	3	M	Bilingual	G130	06/09/2018	89100	1280 x 720		Raw Data	Ord4_T2_L.avi	190	0	900	720									23504	10:16:12.524	1536226346297324															0			Unclassified	8																									2818	666	238			666	238	476	238	267.27	194.22					290.15	205.94	736.54		-34.01						763.43		3.80		0	4				
07/12/2018	3.3.2	Gaze Project	O4	3	M	Bilingual	G130	06/09/2018	89100	1280 x 720		Raw Data	Ord4_T2_L.avi	190	0	900	720									23512	10:16:12.533	1536226346305682															0	2299		Fixation	8	427	409	4.36	74.76	185.38																				2819	630	208	617	409	623	308	433	308	252.80	205.99	247.73	125.28	250.27	165.63	290.13	205.88	736.38	335.41	210.52	734.99					763.25	763.25	3.69	4.38	0	0				
07/12/2018	3.3.2	Gaze Project	O4	3	M	Bilingual	G130	06/09/2018	89100	1280 x 720		Raw Data	Ord4_T2_L.avi	190	0	900	720									23520	10:16:12.541	1536226346313962															0			Unclassified	8																									2820	641	179			641	179	451	179	257.26	217.90					290.11	205.90	736.38		-34.01						763.26		3.60		0	4				
07/12/2018	3.3.2	Gaze Project	O4	3	M	Bilingual	G130	06/09/2018	89100	1280 x 720		Raw Data	Ord4_T2_L.avi	190	0	900	720									23529	10:16:12.549	1536226346322288															0	2300		Fixation	8	393	472	2.18	241.72	166.97																				2821	633	391	583	472	608	431	418	431	253.98	132.40	234.02	99.67	244.00	116.03	290.12	205.83	736.41	334.76	208.88	730.49					763.26	763.26	4.53	4.77	0	0				
07/12/2018	3.3.2	Gaze Project	O4	3	M	Bilingual	G130	06/09/2018	89100	1280 x 720		Raw Data	Ord4_T2_L.avi	190	0	900	720									23537	10:16:12.558	1536226346330637															0	2301		Fixation	8	420	411	2.04	66.19	184.47																				2822	585	395	610	411	597	403	407	403	234.77	130.75	244.87	124.50	239.82	127.63	290.01	212.31	755.79	334.78	209.08	731.02					783.68	783.68	4.68	4.77	0	0				
07/12/2018	3.3.2	Gaze Project	O4	3	M	Bilingual	G130	06/09/2018	89100	1280 x 720		Raw Data	Ord4_T2_L.avi	190	0	900	720									23545	10:16:12.566	1536226346338994															0	2302		Fixation	8	417	374	1.12	94.62	28.43																				2823			607	374	607	374	417	374			243.71	139.39						341.26	223.57	773.17						0.00		4.99	4	0				
07/12/2018	3.3.2	Gaze Project	O4	3	M	Bilingual	G130	06/09/2018	89100	1280 x 720		Raw Data	Ord4_T2_L.avi	190	0	900	720									23554	10:16:12.574	1536226346347353															0			Unclassified	8																									2824	634	424			634	424	444	424	254.69	119.19					289.97	215.14	764.23		-34.01						792.57		4.94		0	4				
07/12/2018	3.3.2	Gaze Project	O4	3	M	Bilingual	G130	06/09/2018	89100	1280 x 720		Raw Data	Ord4_T2_L.avi	190	0	900	720									23562	10:16:12.583	1536226346355620															0	2303		Fixation	8	405	385	0.48	222.60	127.98																				2825	603	396	595	385	599	390	409	390	242.21	130.67	238.73	134.90	240.47	132.78	289.93	216.40	767.94	336.39	218.88	760.09					796.48	796.48	4.82	4.91	0	0				
07/12/2018	3.3.2	Gaze Project	O4	3	M	Bilingual	G130	06/09/2018	89100	1280 x 720		Raw Data	Ord4_T2_L.avi	190	0	900	720									23570	10:16:12.591	1536226346363961															0	2304		Fixation	8	443	422	1.62	315.67	93.07																				2826	606	435	633	422	619	428	429	428	243.14	114.80	254.26	120.04	248.70	117.42	289.91	217.46	771.05	334.74	209.22	731.18					799.77	799.77	4.92	4.63	0	0				
07/12/2018	3.3.2	Gaze Project	O4	3	M	Bilingual	G130	06/09/2018	89100	1280 x 720		Raw Data	Ord4_T2_L.avi	190	0	900	720									23579	10:16:12.599	1536226346372297															0	2305		Fixation	8	434	462	1.26	257.36	301.69																				2827	640	451	624	462	632	456	442	456	257.05	108.15	250.51	103.82	253.78	105.99	289.93	210.89	751.20	334.70	209.15	730.93					778.87	778.87	4.79	4.73	0	0				
07/12/2018	3.3.2	Gaze Project	O4	3	M	Bilingual	G130	06/09/2018	89100	1280 x 720		Raw Data	Ord4_T2_L.avi	190	0	900	720									23587	10:16:12.608	1536226346380662															0	2306		Fixation	8	351	419	2.75	152.54	255.18																				2828	638	468	541	419	589	443	399	443	256.05	101.39	217.04	121.07	236.54	111.23	289.91	211.18	751.98	345.61	233.44	801.83					779.71	779.71	4.81	5.13	0	0				
07/12/2018	3.3.2	Gaze Project	O4	3	M	Bilingual	G130	06/09/2018	89100	1280 x 720		Raw Data	Ord4_T2_L.avi	190	0	900	720									23595	10:16:12.616	1536226346389021															0			Unclassified	8																									2829	626	460			626	460	436	460	251.20	104.87					289.90	211.53	753.03		-34.01						780.81		4.61		0	4				
07/12/2018	3.3.2	Gaze Project	O4	3	M	Bilingual	G130	06/09/2018	89100	1280 x 720		Raw Data	Ord4_T2_L.avi	190	0	900	720									23604	10:16:12.624	1536226346397283															0	2307		Fixation	8	422	392	2.21	20.88	228.35																				2830			612	392	612	392	422	392			245.54	131.89						334.67	209.11	730.69						0.00		4.68	4	0				
07/12/2018	3.3.2	Gaze Project	O4	3	M	Bilingual	G130	06/09/2018	89100	1280 x 720		Raw Data	Ord4_T2_L.avi	190	0	900	720									23612	10:16:12.633	1536226346405617															0	2308		Fixation	8	418	492	3.08	267.72	246.83																				2831	623	421	608	492	615	456	425	456	250.08	120.44	243.88	91.84	246.98	106.14	289.88	211.62	753.23	334.67	209.00	730.74					781.03	781.03	4.87	4.89	0	0				
07/12/2018	3.3.2	Gaze Project	O4	3	M	Bilingual	G130	06/09/2018	89100	1280 x 720		Raw Data	Ord4_T2_L.avi	190	0	900	720									23620	10:16:12.641	1536226346413975															0	2309		Fixation	8	434	397	2.96	80.47	172.75																				2832	601	439	624	397	612	418	422	418	241.11	113.02	250.55	130.12	245.83	121.57	289.88	211.54	753.00	334.65	209.10	730.63					780.78	780.78	4.80	4.63	0	0				
07/12/2018	3.3.2	Gaze Project	O4	3	M	Bilingual	G130	06/09/2018	89100	1280 x 720		Raw Data	Ord4_T2_L.avi	190	0	900	720									23629	10:16:12.649	1536226346422335															0	2310		Fixation	8	432	356	1.28	92.78	12.31																				2833	641	385	622	356	631	370	441	370	257.28	134.97	249.60	146.62	253.44	140.80	289.87	210.75	750.60	334.55	209.22	730.58					778.26	778.26	4.65	4.45	0	0				
07/12/2018	3.3.2	Gaze Project	O4	3	M	Bilingual	G130	06/09/2018	89100	1280 x 720		Raw Data	Ord4_T2_L.avi	190	0	900	720									23637	10:16:12.658	1536226346430606															0			Unclassified	8																									2834	639	466			639	466	449	466	256.35	102.35					289.85	211.87	754.01		-34.01						781.84		4.67		0	4				
07/12/2018	3.3.2	Gaze Project	O4	3	M	Bilingual	G130	06/09/2018	89100	1280 x 720		Raw Data	Ord4_T2_L.avi	190	0	900	720									23645	10:16:12.666	1536226346438949															0	2311		Fixation	8	405	463	3.40	255.88	163.10																				2835	573	470	595	463	584	466	394	466	229.97	100.51	238.71	103.59	234.34	102.05	289.84	211.80	753.81	334.63	209.02	730.42					781.63	781.63	4.69	4.71	0	0				
07/12/2018	3.3.2	Gaze Project	O4	3	M	Bilingual	G130	06/09/2018	89100	1280 x 720		Raw Data	Ord4_T2_L.avi	190	0	900	720									23654	10:16:12.674	1536226346447289															0			Unclassified	8																									2836	647	475			647	475	457	475	259.68	98.73					289.83	211.70	753.55		-34.01						781.35		4.65		0	4				
07/12/2018	3.3.2	Gaze Project	O4	3	M	Bilingual	G130	06/09/2018	89100	1280 x 720		Raw Data	Ord4_T2_L.avi	190	0	900	720									23662	10:16:12.683	1536226346455631															0	2312		Fixation	8	423	415	1.57	69.50	173.62																				2837	644	485	613	415	628	450	438	450	258.63	94.52	246.16	122.63	252.40	108.58	289.82	212.44	755.79	334.61	208.99	730.37					783.71	783.71	4.67	4.57	0	0				
07/12/2018	3.3.2	Gaze Project	O4	3	M	Bilingual	G130	06/09/2018	89100	1280 x 720		Raw Data	Ord4_T2_L.avi	190	0	900	720									23670	10:16:12.691	1536226346463992															0	2313		Fixation	8	411	475	1.88	258.73	189.22																				2838			601	475	601	475	411	475			241.26	98.46						334.58	208.89	730.14						0.00		4.62	4	0				
07/12/2018	3.3.2	Gaze Project	O4	3	M	Bilingual	G130	06/09/2018	89100	1280 x 720		Raw Data	Ord4_T2_L.avi	190	0	900	720									23679	10:16:12.699	1536226346472271															0			Unclassified	8																									2839	620	41			620	41	430	41	248.72	273.45					302.63	252.77	876.18		-34.01						911.13		4.51		0	4				
07/12/2018	3.3.2	Gaze Project	O4	3	M	Bilingual	G130	06/09/2018	89100	1280 x 720		Raw Data	Ord4_T2_L.avi	190	0	900	720									23687	10:16:12.708	1536226346480608															0	2314		Fixation	8	581	192	9.22	59.09	160.36																				2840	606	482	771	192	688	337	498	337	243.19	95.73	309.59	212.49	276.39	154.11	289.73	216.81	769.29	358.92	263.20	889.58					797.89	797.89	4.70	5.65	0	0				
07/12/2018	3.3.2	Gaze Project	O4	3	M	Bilingual	G130	06/09/2018	89100	1280 x 720		Raw Data	Ord4_T2_L.avi	190	0	900	720									23695	10:16:12.716	1536226346488948															0			Unclassified	8																									2841	609	521			609	521	419	521	244.37	80.16					289.72	217.10	770.13		-34.01						798.77		4.64		0	4				
07/12/2018	3.3.2	Gaze Project	O4	3	M	Bilingual	G130	06/09/2018	89100	1280 x 720		Raw Data	Ord4_T2_L.avi	190	0	900	720									23704	10:16:12.724	1536226346497300															0	2315		Fixation	8	445	514	9.75	247.17	188.08																				2842	622	463	635	514	628	488	438	488	249.66	103.57	254.80	83.14	252.23	93.36	289.71	216.73	769.06	334.60	209.26	731.42					797.64	797.64	4.78	4.66	0	0				
07/12/2018	3.3.2	Gaze Project	O4	3	M	Bilingual	G130	06/09/2018	89100	1280 x 720		Raw Data	Ord4_T2_L.avi	190	0	900	720									23712	10:16:12.733	1536226346505585															0	2316		Fixation	8	507	413	3.63	58.54	171.37																				2843	593	2	697	413	645	207	455	207	237.85	289.06	279.71	123.69	258.78	206.38	306.66	267.72	921.11	334.60	209.38	731.37					958.62	958.62	5.04	4.41	0	0				
07/12/2018	3.3.2	Gaze Project	O4	3	M	Bilingual	G130	06/09/2018	89100	1280 x 720		Raw Data	Ord4_T2_L.avi	190	0	900	720									23720	10:16:12.741	1536226346513945															0			Unclassified	8																									2844	767	-144			767	-144			307.80	347.97					304.57	260.12	898.32		-34.01						934.52		4.37		0	4				
07/12/2018	3.3.2	Gaze Project	O4	3	M	Bilingual	G130	06/09/2018	89100	1280 x 720		Raw Data	Ord4_T2_L.avi	190	0	900	720									23729	10:16:12.749	1536226346522265															0	2317		Fixation	8	541	229	5.23	79.56	21.03																				2845	612	485	731	229	671	357	481	357	245.63	94.51	293.32	197.81	269.47	146.16	289.65	218.39	774.02	359.96	265.55	896.50					802.86	802.86	4.86	5.77	0	0				
07/12/2018	3.3.2	Gaze Project	O4	3	M	Bilingual	G130	06/09/2018	89100	1280 x 720		Raw Data	Ord4_T2_L.avi	190	0	900	720									23737	10:16:12.758	1536226346530629															0	2318		Fixation	8	441	482	7.55	248.50	168.93																				2846	651	382	631	482	641	432	451	432	261.18	136.04	253.13	95.88	257.15	115.96	289.73	206.11	736.78	334.56	209.18	731.20					763.69	763.69	4.13	4.59	0	0				
07/12/2018	3.3.2	Gaze Project	O4	3	M	Bilingual	G130	06/09/2018	89100	1280 x 720		Raw Data	Ord4_T2_L.avi	190	0	900	720									23745	10:16:12.766	1536226346538986															0			Unclassified	8																									2847	637	508			637	508	447	508	255.54	85.20					289.87	206.23	736.73		-34.01						763.69		4.83		0	4				
07/12/2018	3.3.2	Gaze Project	O4	3	M	Bilingual	G130	06/09/2018	89100	1280 x 720		Raw Data	Ord4_T2_L.avi	190	0	900	720									23754	10:16:12.774	1536226346547261															0	2319		Fixation	8	447	517	1.07	279.70	31.20																				2848	635	497	637	517	636	507	446	507	254.99	89.82	255.56	81.73	255.28	85.77	289.63	212.89	757.49	335.72	216.13	752.04					785.46	785.46	4.76	4.91	0	0				
07/12/2018	3.3.2	Gaze Project	O4	3	M	Bilingual	G130	06/09/2018	89100	1280 x 720		Raw Data	Ord4_T2_L.avi	190	0	900	720									23762	10:16:12.783	1536226346555599															0			Unclassified	8																									2849	651	470			651	470	461	470	261.45	100.79					289.64	206.00	736.83		-34.01						763.69		4.44		0	4				
07/12/2018	3.3.2	Gaze Project	O4	3	M	Bilingual	G130	06/09/2018	89100	1280 x 720		Raw Data	Ord4_T2_L.avi	190	0	900	720									23770	10:16:12.791	1536226346563942															0			Unclassified	8																									2850	627	559			627	559	437	559	251.66	64.91					289.64	206.01	736.82		-34.01						763.69		4.48		0	4				
07/12/2018	3.3.2	Gaze Project	O4	3	M	Bilingual	G130	06/09/2018	89100	1280 x 720		Raw Data	Ord4_T2_L.avi	190	0	900	720									23779	10:16:12.799	1536226346572298															0			Unclassified	8																									2851	653	420			653	420	463	420	261.97	120.95					289.67	205.91	736.17		-34.01						763.04		4.34		0	4				
07/12/2018	3.3.2	Gaze Project	O4	3	M	Bilingual	G130	06/09/2018	89100	1280 x 720		Raw Data	Ord4_T2_L.avi	190	0	900	720									23787	10:16:12.808	1536226346580654															0	2320		Fixation	8	469	474	1.45	62.98	143.28																				2852	672	417	659	474	665	445	475	445	269.83	122.18	264.49	98.88	267.16	110.53	289.65	205.80	735.89	334.45	208.97	730.60					762.75	762.75	4.30	4.59	0	0				
07/12/2018	3.3.2	Gaze Project	O4	3	M	Bilingual	G130	06/09/2018	89100	1280 x 720		Raw Data	Ord4_T2_L.avi	190	0	900	720									23795	10:16:12.816	1536226346588916															0			Unclassified	8																									2853	646	475			646	475	456	475	259.26	98.54					289.64	205.79	735.84		-34.01						762.69		4.34		0	4				
07/12/2018	3.3.2	Gaze Project	O4	3	M	Bilingual	G130	06/09/2018	89100	1280 x 720		Raw Data	Ord4_T2_L.avi	190	0	900	720									23804	10:16:12.824	1536226346597255															0			Unclassified	8																									2854	597	73			597	73	407	73	239.71	260.73					302.21	251.53	872.53		-34.01						907.26		4.57		0	4				
07/12/2018	3.3.2	Gaze Project	O4	3	M	Bilingual	G130	06/09/2018	89100	1280 x 720		Raw Data	Ord4_T2_L.avi	190	0	900	720									23812	10:16:12.833	1536226346605608															0	2321		Fixation	8	435	462	1.10	160.50	97.52																				2855	648	435	625	462	636	448	446	448	259.98	114.96	250.77	103.95	255.38	109.46	289.64	205.78	735.78	335.98	217.69	756.67					762.63	762.63	4.21	4.64	0	0				
07/12/2018	3.3.2	Gaze Project	O4	3	M	Bilingual	G130	06/09/2018	89100	1280 x 720		Raw Data	Ord4_T2_L.avi	190	0	900	720									23820	10:16:12.841	1536226346613971															0			Unclassified	8																									2856	644	357			644	357	454	357	258.33	146.21					289.65	205.89	736.05		-34.01						762.92		3.99		0	4				
07/12/2018	3.3.2	Gaze Project	O4	3	M	Bilingual	G130	06/09/2018	89100	1280 x 720		Raw Data	Ord4_T2_L.avi	190	0	900	720									23829	10:16:12.849	1536226346622236															0			Unclassified	8																									2857	629	393			629	393	439	393	252.29	131.76					289.74	205.90	736.04		-34.01						762.92		4.12		0	4				
07/12/2018	3.3.2	Gaze Project	O4	3	M	Bilingual	G130	06/09/2018	89100	1280 x 720		Raw Data	Ord4_T2_L.avi	190	0	900	720									23837	10:16:12.858	1536226346630585															0			Unclassified	8																									2858	639	409			639	409	449	409	256.31	125.43					289.75	205.90	736.00		-34.01						762.88		4.10		0	4				
07/12/2018	3.3.2	Gaze Project	O4	3	M	Bilingual	G130	06/09/2018	89100	1280 x 720		Raw Data	Ord4_T2_L.avi	190	0	900	720									23845	10:16:12.866	1536226346638917															0	2322		Fixation	8	442	471	0.34	307.79	147.28																				2859	636	393	632	471	634	432	444	432	255.34	131.87	253.87	100.47	254.61	116.17	289.75	205.90	735.93	336.15	218.35	758.59					762.81	762.81	4.05	4.80	0	0				
07/12/2018	3.3.2	Gaze Project	O4	3	M	Bilingual	G130	06/09/2018	89100	1280 x 720		Raw Data	Ord4_T2_L.avi	190	0	900	720									23854	10:16:12.874	1536226346647287															0	2323		Fixation	8	443	486	0.44	273.80	326.02																				2860	625	533	633	486	629	509	439	509	250.98	75.20	254.14	94.20	252.56	84.70	289.60	211.85	754.14	336.00	217.39	755.72					781.95	781.95	4.57	4.67	0	0				
07/12/2018	3.3.2	Gaze Project	O4	3	M	Bilingual	G130	06/09/2018	89100	1280 x 720		Raw Data	Ord4_T2_L.avi	190	0	900	720									23862	10:16:12.883	1536226346655641															0	2324		Fixation	8	461	332	4.65	83.35	169.55																				2861	635	519	651	332	643	425	453	425	254.79	80.97	261.48	156.33	258.14	118.65	289.61	212.13	754.93	335.71	215.60	750.46					782.79	782.79	4.70	4.43	0	0				
07/12/2018	3.3.2	Gaze Project	O4	3	M	Bilingual	G130	06/09/2018	89100	1280 x 720		Raw Data	Ord4_T2_L.avi	190	0	900	720									23870	10:16:12.891	1536226346663907															0	2325		Fixation	8	518	176	4.61	69.99	346.63																				2862	661	478	708	176	684	327	494	327	265.23	97.60	284.00	219.04	274.62	158.32	289.61	212.61	756.34	359.84	264.77	894.18					784.27	784.27	4.50	5.47	0	0				
07/12/2018	3.3.2	Gaze Project	O4	3	M	Bilingual	G130	06/09/2018	89100	1280 x 720		Raw Data	Ord4_T2_L.avi	190	0	900	720									23879	10:16:12.899	1536226346672259															0	2326		Fixation	8	393	574	11.39	252.62	182.63																				2863	609	545	583	574	596	559	406	559	244.31	70.65	234.17	58.88	239.24	64.77	289.67	205.81	735.96	335.73	215.54	750.30					762.81	762.81	4.44	4.84	0	0				
07/12/2018	3.3.2	Gaze Project	O4	3	M	Bilingual	G130	06/09/2018	89100	1280 x 720		Raw Data	Ord4_T2_L.avi	190	0	900	720									23887	10:16:12.908	1536226346680596															0	2327		Fixation	8	414	469	3.15	78.73	186.11																				2864	643	544	604	469	623	506	433	506	258.24	70.87	242.29	100.99	250.27	85.93	289.64	211.75	753.77	335.75	215.53	750.31					781.57	781.57	4.66	4.66	0	0				
07/12/2018	3.3.2	Gaze Project	O4	3	M	Bilingual	G130	06/09/2018	89100	1280 x 720		Raw Data	Ord4_T2_L.avi	190	0	900	720									23895	10:16:12.916	1536226346688950															0			Unclassified	8																									2865	684	512			684	512	494	512	274.71	83.67					289.66	212.25	755.27		-34.01						783.15		4.63		0	4				
07/12/2018	3.3.2	Gaze Project	O4	3	M	Bilingual	G130	06/09/2018	89100	1280 x 720		Raw Data	Ord4_T2_L.avi	190	0	900	720									23904	10:16:12.924	1536226346697305															0			Unclassified	8																									2866																			-34.01										4	4				
07/12/2018	3.3.2	Gaze Project	O4	3	M	Bilingual	G130	06/09/2018	89100	1280 x 720		Raw Data	Ord4_T2_L.avi	190	0	900	720									23912	10:16:12.933	1536226346705571															0			Unclassified	8																									2867																			-34.01										4	4				
07/12/2018	3.3.2	Gaze Project	O4	3	M	Bilingual	G130	06/09/2018	89100	1280 x 720		Raw Data	Ord4_T2_L.avi	190	0	900	720									23920	10:16:12.941	1536226346713915															0	2328		Fixation	8	593	235	8.09	52.67	333.95																				2868	623	532	783	235	703	383	513	383	250.22	75.83	314.37	195.43	282.30	135.63	289.72	212.05	754.75	360.05	264.61	894.09					782.59	782.59	4.67	5.68	0	0				
07/12/2018	3.3.2	Gaze Project	O4	3	M	Bilingual	G130	06/09/2018	89100	1280 x 720		Raw Data	Ord4_T2_L.avi	190	0	900	720									23929	10:16:12.949	1536226346722256															0			Unclassified	8																									2869	614	541			614	541	424	541	246.64	71.95					289.76	213.58	759.39		-34.01						787.48		4.62		0	4				
07/12/2018	3.3.2	Gaze Project	O4	3	M	Bilingual	G130	06/09/2018	89100	1280 x 720		Raw Data	Ord4_T2_L.avi	190	0	900	720									23937	10:16:12.958	1536226346730618															0	2329		Fixation	8	431	518	8.93	240.29	187.62																				2870	608	482	621	518	614	500	424	500	244.23	95.88	249.43	81.26	246.83	88.57	289.80	212.30	755.62	335.97	215.57	750.83					783.50	783.50	4.53	4.86	0	0				
07/12/2018	3.3.2	Gaze Project	O4	3	M	Bilingual	G130	06/09/2018	89100	1280 x 720		Raw Data	Ord4_T2_L.avi	190	0	900	720									23945	10:16:12.966	1536226346738899															0			Unclassified	8																									2871																			-34.01										4	4				
07/12/2018	3.3.2	Gaze Project	O4	3	M	Bilingual	G130	06/09/2018	89100	1280 x 720		Raw Data	Ord4_T2_L.avi	190	0	900	720									23954	10:16:12.974	1536226346747236															0			Unclassified	8																									2872	622	523			622	523	432	523	249.77	79.48					289.85	211.29	752.75		-34.01						780.47		4.66		0	4				
07/12/2018	3.3.2	Gaze Project	O4	3	M	Bilingual	G130	06/09/2018	89100	1280 x 720		Raw Data	Ord4_T2_L.avi	190	0	900	720									23962	10:16:12.983	1536226346755561															0			Unclassified	8																									2873	643	493			643	493	453	493	258.18	91.40					289.88	211.39	753.15		-34.01						780.88		4.67		0	4				
07/12/2018	3.3.2	Gaze Project	O4	3	M	Bilingual	G130	06/09/2018	89100	1280 x 720		Raw Data	Ord4_T2_L.avi	190	0	900	720									23970	10:16:12.991	1536226346763923															0			Unclassified	8																									2874	581	495			581	495	391	495	233.25	90.55					289.89	216.50	768.63		-34.01						797.17		4.70		0	4				
07/12/2018	3.3.2	Gaze Project	O4	3	M	Bilingual	G130	06/09/2018	89100	1280 x 720		Raw Data	Ord4_T2_L.avi	190	0	900	720									23979	10:16:12.999	1536226346772292															0	2330		Fixation	8	435	519	0.12	345.92	105.63																				2875	610	518	625	519	617	518	427	518	244.90	81.32	251.02	80.82	247.96	81.07	289.93	211.75	754.51	335.95	214.26	747.67					782.28	782.28	4.50	4.82	0	0				
07/12/2018	3.3.2	Gaze Project	O4	3	M	Bilingual	G130	06/09/2018	89100	1280 x 720		Raw Data	Ord4_T2_L.avi	190	0	900	720									23987	10:16:13.008	1536226346780557															0	2331		Fixation	8	388	492	1.63	150.04	164.12																				2876			578	492	578	492	388	492			232.17	91.88						336.10	214.92	749.80						0.00		4.74	4	0				
07/12/2018	3.3.2	Gaze Project	O4	3	M	Bilingual	G130	06/09/2018	89100	1280 x 720		Raw Data	Ord4_T2_L.avi	190	0	900	720									23995	10:16:13.016	1536226346788900															0			Unclassified	8																									2877	652	515			652	515	462	515	261.65	82.65					290.00	212.75	757.80		-34.01						785.72		4.61		0	4				
07/12/2018	3.3.2	Gaze Project	O4	3	M	Bilingual	G130	06/09/2018	89100	1280 x 720		Raw Data	Ord4_T2_L.avi	190	0	900	720									24004	10:16:13.024	1536226346797233															0	2332		Fixation	8	434	525	1.70	324.26	174.21																				2878	704	396	624	525	664	460	474	460	282.52	130.66	250.45	78.66	266.49	104.66	289.96	205.11	734.58	336.38	216.04	753.50					761.30	761.30	4.06	4.84	0	0				
07/12/2018	3.3.2	Gaze Project	O4	3	M	Bilingual	G130	06/09/2018	89100	1280 x 720		Raw Data	Ord4_T2_L.avi	190	0	900	720									24012	10:16:13.033	1536226346805602															0	2333		Fixation	8	450	449	2.29	78.15	113.89																				2879	655	561	640	449	647	505	457	505	262.86	63.96	256.99	109.08	259.93	86.52	290.06	210.72	751.99	336.47	216.35	754.59					779.57	779.57	4.72	4.76	0	0				
07/12/2018	3.3.2	Gaze Project	O4	3	M	Bilingual	G130	06/09/2018	89100	1280 x 720		Raw Data	Ord4_T2_L.avi	190	0	900	720									24020	10:16:13.041	1536226346813958															0			Unclassified	8																									2880																			-34.01										4	4				
07/12/2018	3.3.2	Gaze Project	O4	3	M	Bilingual	G130	06/09/2018	89100	1280 x 720		Raw Data	Ord4_T2_L.avi	190	0	900	720									24028	10:16:13.049	1536226346822220															0			Unclassified	8																									2881																			-34.01										4	4				
07/12/2018	3.3.2	Gaze Project	O4	3	M	Bilingual	G130	06/09/2018	89100	1280 x 720		Raw Data	Ord4_T2_L.avi	190	0	900	720									24037	10:16:13.058	1536226346830556															0			Unclassified	8																									2882																			-34.01										4	4				
07/12/2018	3.3.2	Gaze Project	O4	3	M	Bilingual	G130	06/09/2018	89100	1280 x 720		Raw Data	Ord4_T2_L.avi	190	0	900	720									24045	10:16:13.066	1536226346838915															0	2334		Fixation	8	461	553	3.11	276.02	197.87																				2883	675	480	651	553	663	516	473	516	270.79	96.72	261.38	67.09	266.09	81.90	290.20	204.76	734.73	336.35	214.74	750.55					761.33	761.33	4.12	4.75	0	0				
07/12/2018	3.3.2	Gaze Project	O4	3	M	Bilingual	G130	06/09/2018	89100	1280 x 720		Raw Data	Ord4_T2_L.avi	190	0	900	720									24054	10:16:13.074	1536226346847271															0			Unclassified	8																									2884	617	523			617	523	427	523	247.48	79.48					290.16	210.99	753.58		-34.01						781.17		4.62		0	4				
07/12/2018	3.3.2	Gaze Project	O4	3	M	Bilingual	G130	06/09/2018	89100	1280 x 720		Raw Data	Ord4_T2_L.avi	190	0	900	720									24062	10:16:13.083	1536226346855552															0	2335		Fixation	8	401	485	2.72	131.33	215.31																				2885	639	593	591	485	615	539	425	539	256.40	50.99	237.38	94.72	246.89	72.86	290.20	210.71	752.80	336.41	214.79	750.98					780.35	780.35	4.59	4.55	0	0				
07/12/2018	3.3.2	Gaze Project	O4	3	M	Bilingual	G130	06/09/2018	89100	1280 x 720		Raw Data	Ord4_T2_L.avi	190	0	900	720									24070	10:16:13.091	1536226346863890															0	2336		Fixation	8	420	487	0.58	353.97	222.64																				2886	657	554	610	487	633	520	443	520	263.77	66.88	244.87	93.79	254.32	80.33	290.25	204.73	734.50	335.13	207.42	728.92					761.12	761.12	4.60	4.53	0	0				
07/12/2018	3.3.2	Gaze Project	O4	3	M	Bilingual	G130	06/09/2018	89100	1280 x 720		Raw Data	Ord4_T2_L.avi	190	0	900	720									24078	10:16:13.099	1536226346872217															0			Unclassified	8																									2887	632	386			632	386	442	386	253.85	134.60					290.28	204.81	734.82		-34.01						761.44		3.83		0	4				
07/12/2018	3.3.2	Gaze Project	O4	3	M	Bilingual	G130	06/09/2018	89100	1280 x 720		Raw Data	Ord4_T2_L.avi	190	0	900	720									24087	10:16:13.108	1536226346880583															0			Unclassified	8																									2888	623	531			623	531	433	531	250.04	76.13					290.18	215.95	768.83		-34.01						797.19		4.65		0	4				
07/12/2018	3.3.2	Gaze Project	O4	3	M	Bilingual	G130	06/09/2018	89100	1280 x 720		Raw Data	Ord4_T2_L.avi	190	0	900	720									24095	10:16:13.116	1536226346888940															0	2337		Fixation	8	398	513	1.01	229.85	235.88																				2889	614	510	588	513	601	511	411	511	246.45	84.60	235.89	83.22	241.17	83.91	290.26	210.13	751.36	336.87	217.03	757.95					778.80	778.80	4.49	4.89	0	0				
07/12/2018	3.3.2	Gaze Project	O4	3	M	Bilingual	G130	06/09/2018	89100	1280 x 720		Raw Data	Ord4_T2_L.avi	190	0	900	720									24103	10:16:13.124	1536226346897210															0			Unclassified	8																									2890	624	454			624	454	434	454	250.51	107.17					290.26	210.37	752.06		-34.01						779.54		4.34		0	4				
07/12/2018	3.3.2	Gaze Project	O4	3	M	Bilingual	G130	06/09/2018	89100	1280 x 720		Raw Data	Ord4_T2_L.avi	190	0	900	720									24112	10:16:13.133	1536226346905542															0			Unclassified	8																									2891	616	561			616	561	426	561	247.41	64.15					290.28	210.27	751.80		-34.01						779.26		4.56		0	4				
07/12/2018	3.3.2	Gaze Project	O4	3	M	Bilingual	G130	06/09/2018	89100	1280 x 720		Raw Data	Ord4_T2_L.avi	190	0	900	720									24120	10:16:13.141	1536226346913890															0			Unclassified	8																									2892	617	473			617	473	427	473	247.87	99.37					290.29	209.95	750.87		-34.01						778.28		4.57		0	4				
07/12/2018	3.3.2	Gaze Project	O4	3	M	Bilingual	G130	06/09/2018	89100	1280 x 720		Raw Data	Ord4_T2_L.avi	190	0	900	720									24129	10:16:13.149	1536226346922256															0	2338		Fixation	8	406	545	0.97	283.99	54.14																				2893	570	459	596	545	583	502	393	502	228.75	104.94	239.42	70.29	234.09	87.61	290.29	209.76	750.29	336.63	215.20	752.73					777.67	777.67	4.21	4.73	0	0				
07/12/2018	3.3.2	Gaze Project	O4	3	M	Bilingual	G130	06/09/2018	89100	1280 x 720		Raw Data	Ord4_T2_L.avi	190	0	900	720									24137	10:16:13.158	1536226346930609															0			Unclassified	8																									2894	639	496			639	496	449	496	256.51	90.34					290.29	210.21	751.63		-34.01						779.08		4.54		0	4				
07/12/2018	3.3.2	Gaze Project	O4	3	M	Bilingual	G130	06/09/2018	89100	1280 x 720		Raw Data	Ord4_T2_L.avi	190	0	900	720									24145	10:16:13.166	1536226346938881															0	2339		Fixation	8	417	523	0.72	63.51	139.52																				2895			607	523	607	523	417	523			243.61	79.50						336.55	214.75	751.45						0.00		4.58	4	0				
07/12/2018	3.3.2	Gaze Project	O4	3	M	Bilingual	G130	06/09/2018	89100	1280 x 720		Raw Data	Ord4_T2_L.avi	190	0	900	720									24153	10:16:13.174	1536226346947207															0			Unclassified	8																									2896																			-34.01										4	4				
07/12/2018	3.3.2	Gaze Project	O4	3	M	Bilingual	G130	06/09/2018	89100	1280 x 720		Raw Data	Ord4_T2_L.avi	190	0	900	720									24162	10:16:13.183	1536226346955565															0	2340		Fixation	8	420	448	2.23	87.72	24.21																				2897	635	495	610	448	622	471	432	471	254.92	90.79	245.04	109.53	249.98	100.16	290.28	210.50	752.39	336.55	214.72	751.36					779.89	779.89	4.35	4.54	0	0				
07/12/2018	3.3.2	Gaze Project	O4	3	M	Bilingual	G130	06/09/2018	89100	1280 x 720		Raw Data	Ord4_T2_L.avi	190	0	900	720									24170	10:16:13.191	1536226346963924															0	2341		Fixation	8	456	477	1.39	321.06	233.34																				2898	633	466	646	477	639	471	449	471	254.26	102.27	259.27	97.91	256.77	100.09	290.27	211.04	753.99	336.65	215.35	753.20					781.58	781.58	4.56	4.65	0	0				
07/12/2018	3.3.2	Gaze Project	O4	3	M	Bilingual	G130	06/09/2018	89100	1280 x 720		Raw Data	Ord4_T2_L.avi	190	0	900	720									24178	10:16:13.199	1536226346972191															0			Unclassified	8																									2899	625	492			625	492	435	492	250.99	91.91					290.28	210.67	752.83		-34.01						780.36		4.43		0	4				
07/12/2018	3.3.2	Gaze Project	O4	3	M	Bilingual	G130	06/09/2018	89100	1280 x 720		Raw Data	Ord4_T2_L.avi	190	0	900	720									24187	10:16:13.208	1536226346980539															0			Unclassified	8																									2900	616	518			616	518	426	518	247.23	81.48					290.28	210.21	751.40		-34.01						778.86		4.38		0	4				
07/12/2018	3.3.2	Gaze Project	O4	3	M	Bilingual	G130	06/09/2018	89100	1280 x 720		Raw Data	Ord4_T2_L.avi	190	0	900	720									24195	10:16:13.216	1536226346988874															0	2342		Fixation	8	400	538	2.43	227.54	266.48																				2901	621	513	590	538	605	525	415	525	249.17	83.47	236.65	73.14	242.91	78.31	290.27	210.24	751.45	336.56	214.91	751.84					778.92	778.92	4.57	4.74	0	0				
07/12/2018	3.3.2	Gaze Project	O4	3	M	Bilingual	G130	06/09/2018	89100	1280 x 720		Raw Data	Ord4_T2_L.avi	190	0	900	720									24204	10:16:13.224	1536226346997236															0	2343		Fixation	8	395	556	0.54	254.52	26.98																				2902	634	561	585	556	609	558	419	558	254.43	64.02	234.93	65.92	244.68	64.97	290.27	210.48	752.08	336.82	216.39	756.17					779.59	779.59	4.68	4.73	0	0				
07/12/2018	3.3.2	Gaze Project	O4	3	M	Bilingual	G130	06/09/2018	89100	1280 x 720		Raw Data	Ord4_T2_L.avi	190	0	900	720									24212	10:16:13.233	1536226347005592															0			Unclassified	8																									2903	702	-59			702	-59			281.93	313.60					308.96	271.88	935.79		-34.01						973.97		4.88		0	4				
07/12/2018	3.3.2	Gaze Project	O4	3	M	Bilingual	G130	06/09/2018	89100	1280 x 720		Raw Data	Ord4_T2_L.avi	190	0	900	720									24220	10:16:13.241	1536226347013862															0	2344		Fixation	8	432	447	3.37	71.31	176.78																				2904	665	566	622	447	643	506	453	506	267.06	61.95	249.70	109.80	258.38	85.88	290.26	211.07	753.81	336.82	216.42	756.20					781.42	781.42	4.50	4.71	0	0				
07/12/2018	3.3.2	Gaze Project	O4	3	M	Bilingual	G130	06/09/2018	89100	1280 x 720		Raw Data	Ord4_T2_L.avi	190	0	900	720									24228	10:16:13.249	1536226347022195															0	2345		Fixation	8	405	485	1.37	234.69	163.39																				2905	620	515	595	485	607	500	417	500	249.03	82.40	238.83	94.81	243.93	88.60	290.27	210.62	752.40	336.65	215.47	753.37					779.94	779.94	4.47	4.54	0	0				
07/12/2018	3.3.2	Gaze Project	O4	3	M	Bilingual	G130	06/09/2018	89100	1280 x 720		Raw Data	Ord4_T2_L.avi	190	0	900	720									24237	10:16:13.258	1536226347030553															0	2346		Fixation	8	418	440	1.39	73.94	199.24																				2906	629	529	608	440	618	484	428	484	252.30	77.05	244.19	112.64	248.24	94.85	290.28	210.39	751.69	336.57	215.01	751.97					779.19	779.19	4.54	4.52	0	0				
07/12/2018	3.3.2	Gaze Project	O4	3	M	Bilingual	G130	06/09/2018	89100	1280 x 720		Raw Data	Ord4_T2_L.avi	190	0	900	720									24245	10:16:13.266	1536226347038904															0	2347		Fixation	8	461	441	1.28	358.66	284.73																				2907			651	441	651	441	461	441			261.26	112.50						337.34	219.60	765.45						0.00		4.59	4	0				
07/12/2018	3.3.2	Gaze Project	O4	3	M	Bilingual	G130	06/09/2018	89100	1280 x 720		Raw Data	Ord4_T2_L.avi	190	0	900	720									24254	10:16:13.274	1536226347047260															0			Unclassified	8																									2908																			-34.01										4	4				
07/12/2018	3.3.2	Gaze Project	O4	3	M	Bilingual	G130	06/09/2018	89100	1280 x 720		Raw Data	Ord4_T2_L.avi	190	0	900	720									24262	10:16:13.283	1536226347055513															0			Unclassified	8																									2909	621	560			621	560	431	560	249.22	64.30					290.29	209.98	750.31		-34.01						777.75		4.58		0	4				
07/12/2018	3.3.2	Gaze Project	O4	3	M	Bilingual	G130	06/09/2018	89100	1280 x 720		Raw Data	Ord4_T2_L.avi	190	0	900	720									24270	10:16:13.291	1536226347063856															0	2348		Fixation	8	438	472	1.14	233.52	234.85																				2910	632	587	628	472	630	529	440	529	253.52	53.55	252.03	99.72	252.78	76.63	290.28	211.01	753.35	336.56	214.96	751.61					780.96	780.96	4.59	4.57	0	0				
07/12/2018	3.3.2	Gaze Project	O4	3	M	Bilingual	G130	06/09/2018	89100	1280 x 720		Raw Data	Ord4_T2_L.avi	190	0	900	720									24279	10:16:13.299	1536226347072221															0	2349		Fixation	8	410	458	0.94	153.36	279.85																				2911			600	458	600	458	410	458			240.70	105.58						336.69	215.76	753.89						0.00		4.57	4	0				
07/12/2018	3.3.2	Gaze Project	O4	3	M	Bilingual	G130	06/09/2018	89100	1280 x 720		Raw Data	Ord4_T2_L.avi	190	0	900	720									24287	10:16:13.308	1536226347080574															0			Unclassified	8																									2912																			-34.01										4	4				
07/12/2018	3.3.2	Gaze Project	O4	3	M	Bilingual	G130	06/09/2018	89100	1280 x 720		Raw Data	Ord4_T2_L.avi	190	0	900	720									24295	10:16:13.316	1536226347088844															0	2350		Fixation	8	431	518	1.89	289.23	135.87																				2913	624	435	621	518	622	476	432	476	250.36	114.89	249.41	81.51	249.88	98.20	290.29	210.58	751.81	336.69	215.77	753.80					779.36	779.36	4.40	4.70	0	0				
07/12/2018	3.3.2	Gaze Project	O4	3	M	Bilingual	G130	06/09/2018	89100	1280 x 720		Raw Data	Ord4_T2_L.avi	190	0	900	720									24303	10:16:13.324	1536226347097202															0	2351		Fixation	8	401	572	1.79	241.02	311.79																				2914			591	572	591	572	401	572			237.18	59.55						336.81	216.52	755.96						0.00		4.81	4	0				
07/12/2018	3.3.2	Gaze Project	O4	3	M	Bilingual	G130	06/09/2018	89100	1280 x 720		Raw Data	Ord4_T2_L.avi	190	0	900	720									24312	10:16:13.333	1536226347105532															0			Unclassified	8																									2915																			-34.01										4	4				
07/12/2018	3.3.2	Gaze Project	O4	3	M	Bilingual	G130	06/09/2018	89100	1280 x 720		Raw Data	Ord4_T2_L.avi	190	0	900	720									24320	10:16:13.341	1536226347113891															0			Unclassified	8																									2916	637	502			637	502	447	502	255.70	87.94					290.29	211.74	755.10		-34.01						782.85		4.55		0	4				
07/12/2018	3.3.2	Gaze Project	O4	3	M	Bilingual	G130	06/09/2018	89100	1280 x 720		Raw Data	Ord4_T2_L.avi	190	0	900	720									24329	10:16:13.349	1536226347122244															0	2352		Fixation	8	559	327	7.80	57.27	176.24																				2917	790	517	749	327	769	422	579	422	317.11	81.95	300.77	158.18	308.94	120.06	314.42	212.99	751.52	362.55	267.78	906.06					781.26	781.26	4.68	5.73	3	1				
07/12/2018	3.3.2	Gaze Project	O4	3	M	Bilingual	G130	06/09/2018	89100	1280 x 720		Raw Data	Ord4_T2_L.avi	190	0	900	720									24337	10:16:13.358	1536226347130499															0	2353		Fixation	8	421	535	6.68	236.52	179.26																				2918			611	535	611	535	421	535			245.28	74.43						337.18	218.97	762.82						0.00		4.80	4	0				
07/12/2018	3.3.2	Gaze Project	O4	3	M	Bilingual	G130	06/09/2018	89100	1280 x 720		Raw Data	Ord4_T2_L.avi	190	0	900	720									24345	10:16:13.366	1536226347138847															0			Unclassified	8																									2919	664	389			664	389	474	389	266.40	133.41					290.34	205.46	735.56		-34.01						762.35		3.92		0	4				
07/12/2018	3.3.2	Gaze Project	O4	3	M	Bilingual	G130	06/09/2018	89100	1280 x 720		Raw Data	Ord4_T2_L.avi	190	0	900	720									24353	10:16:13.374	1536226347147201															0			Unclassified	8																									2920	683	454			683	454	493	454	274.10	107.29					290.30	205.37	735.59		-34.01						762.36		4.42		0	4				
07/12/2018	3.3.2	Gaze Project	O4	3	M	Bilingual	G130	06/09/2018	89100	1280 x 720		Raw Data	Ord4_T2_L.avi	190	0	900	720									24362	10:16:13.383	1536226347155556															0			Unclassified	8																									2921	683	374			683	374	493	374	274.18	139.54					290.33	205.37	735.15		-34.01						761.94		4.00		0	4				
07/12/2018	3.3.2	Gaze Project	O4	3	M	Bilingual	G130	06/09/2018	89100	1280 x 720		Raw Data	Ord4_T2_L.avi	190	0	900	720									24370	10:16:13.391	1536226347163838															0			Unclassified	8																									2922	634	553			634	553	444	553	254.62	67.12					290.27	211.21	753.02		-34.01						780.72		4.68		0	4				
07/12/2018	3.3.2	Gaze Project	O4	3	M	Bilingual	G130	06/09/2018	89100	1280 x 720		Raw Data	Ord4_T2_L.avi	190	0	900	720									24378	10:16:13.399	1536226347172177															0	2354		Fixation	8	400	567	1.10	236.81	0.29																				2923			590	567	590	567	400	567			236.97	61.76						336.68	216.42	754.98						0.00		4.77	4	0				
07/12/2018	3.3.2	Gaze Project	O4	3	M	Bilingual	G130	06/09/2018	89100	1280 x 720		Raw Data	Ord4_T2_L.avi	190	0	900	720									24387	10:16:13.408	1536226347180502															0	2355		Fixation	8	420	464	3.07	79.05	202.24																				2924	627	531	610	464	618	497	428	497	251.70	76.30	245.03	102.97	248.36	89.63	290.26	205.29	735.19	336.60	216.08	753.92					761.94	761.94	4.47	4.61	0	0				
07/12/2018	3.3.2	Gaze Project	O4	3	M	Bilingual	G130	06/09/2018	89100	1280 x 720		Raw Data	Ord4_T2_L.avi	190	0	900	720									24395	10:16:13.416	1536226347188858															0			Unclassified	8																									2925	632	519			632	519	442	519	253.52	81.06					290.22	212.50	756.88		-34.01						784.78		4.67		0	4				
07/12/2018	3.3.2	Gaze Project	O4	3	M	Bilingual	G130	06/09/2018	89100	1280 x 720		Raw Data	Ord4_T2_L.avi	190	0	900	720									24404	10:16:13.424	1536226347197215															0	2356		Fixation	8	419	422	1.25	91.36	12.31																				2926	612	518	609	422	610	470	420	470	245.67	81.29	244.53	120.01	245.10	100.65	290.14	216.58	769.17	336.49	215.77	753.02					797.71	797.71	4.61	4.59	0	0				
07/12/2018	3.3.2	Gaze Project	O4	3	M	Bilingual	G130	06/09/2018	89100	1280 x 720		Raw Data	Ord4_T2_L.avi	190	0	900	720									24412	10:16:13.433	1536226347205482															0			Unclassified	8																									2927	688	363			688	363	498	363	276.34	143.71					290.17	205.66	736.03		-34.01						762.86		3.95		0	4				
07/12/2018	3.3.2	Gaze Project	O4	3	M	Bilingual	G130	06/09/2018	89100	1280 x 720		Raw Data	Ord4_T2_L.avi	190	0	900	720									24420	10:16:13.441	1536226347213827															0	2357		Fixation	8	400	465	1.39	246.23	154.87																				2928	667	547	590	465	628	506	438	506	267.88	69.56	236.94	102.58	252.41	86.07	290.14	205.53	736.09	336.69	217.27	757.46					762.86	762.86	4.54	4.54	0	0				
07/12/2018	3.3.2	Gaze Project	O4	3	M	Bilingual	G130	06/09/2018	89100	1280 x 720		Raw Data	Ord4_T2_L.avi	190	0	900	720									24428	10:16:13.449	1536226347222182															0	2358		Fixation	8	489	459	2.64	3.87	117.64																				2929			679	459	679	459	489	459			272.37	105.01						336.69	217.65	758.63						0.00		4.74	4	0				
07/12/2018	3.3.2	Gaze Project	O4	3	M	Bilingual	G130	06/09/2018	89100	1280 x 720		Raw Data	Ord4_T2_L.avi	190	0	900	720									24437	10:16:13.458	1536226347230540															0			Unclassified	8																									2930	687	571			687	571	497	571	275.92	59.90					290.08	205.50	736.10		-34.01						762.86		4.47		0	4				
07/12/2018	3.3.2	Gaze Project	O4	3	M	Bilingual	G130	06/09/2018	89100	1280 x 720		Raw Data	Ord4_T2_L.avi	190	0	900	720									24445	10:16:13.466	1536226347238901															0			Unclassified	8																									2931	657	572			657	572	467	572	263.62	59.56					290.04	205.48	736.11		-34.01						762.86		4.62		0	4				
07/12/2018	3.3.2	Gaze Project	O4	3	M	Bilingual	G130	06/09/2018	89100	1280 x 720		Raw Data	Ord4_T2_L.avi	190	0	900	720									24453	10:16:13.474	1536226347247167															0			Unclassified	8																									2932	596	568			596	568	406	568	239.14	61.29					289.97	213.55	760.41		-34.01						788.44		4.62		0	4				
07/12/2018	3.3.2	Gaze Project	O4	3	M	Bilingual	G130	06/09/2018	89100	1280 x 720		Raw Data	Ord4_T2_L.avi	190	0	900	720									24462	10:16:13.483	1536226347255497															0	2359		Fixation	8	438	471	1.54	193.28	189.41																				2933	611	544	628	471	619	507	429	507	245.32	70.76	252.13	100.11	248.72	85.43	289.90	216.61	769.68	337.03	220.57	767.34					798.19	798.19	4.71	4.86	0	0				
07/12/2018	3.3.2	Gaze Project	O4	3	M	Bilingual	G130	06/09/2018	89100	1280 x 720		Raw Data	Ord4_T2_L.avi	190	0	900	720									24470	10:16:13.491	1536226347263853															0	2360		Fixation	8	393	502	1.59	214.65	21.37																				2934	663	501	583	502	623	501	433	501	266.32	88.01	233.88	87.74	250.10	87.88	289.88	212.26	756.59	336.04	215.12	751.30					784.41	784.41	4.67	4.73	0	0				
07/12/2018	3.3.2	Gaze Project	O4	3	M	Bilingual	G130	06/09/2018	89100	1280 x 720		Raw Data	Ord4_T2_L.avi	190	0	900	720									24479	10:16:13.499	1536226347272210															0			Unclassified	8																									2935	631	531			631	531	441	531	253.30	75.96					289.83	213.33	759.85		-34.01						787.84		4.54		0	4				
07/12/2018	3.3.2	Gaze Project	O4	3	M	Bilingual	G130	06/09/2018	89100	1280 x 720		Raw Data	Ord4_T2_L.avi	190	0	900	720									24487	10:16:13.508	1536226347280476															0			Unclassified	8																									2936	663	536			663	536	473	536	266.10	74.17					289.80	212.69	757.96		-34.01						785.84		4.75		0	4				
07/12/2018	3.3.2	Gaze Project	O4	3	M	Bilingual	G130	06/09/2018	89100	1280 x 720		Raw Data	Ord4_T2_L.avi	190	0	900	720									24495	10:16:13.516	1536226347288831															0			Unclassified	8																									2937	599	471			599	471	409	471	240.42	100.37					289.71	216.99	770.90		-34.01						799.46		4.66		0	4				
07/12/2018	3.3.2	Gaze Project	O4	3	M	Bilingual	G130	06/09/2018	89100	1280 x 720		Raw Data	Ord4_T2_L.avi	190	0	900	720									24503	10:16:13.524	1536226347297157															0			Unclassified	8																									2938	666	539			666	539	476	539	267.23	73.07					289.70	213.54	760.56		-34.01						788.57		4.66		0	4				
07/12/2018	3.3.2	Gaze Project	O4	3	M	Bilingual	G130	06/09/2018	89100	1280 x 720		Raw Data	Ord4_T2_L.avi	190	0	900	720									24512	10:16:13.533	1536226347305526															0			Unclassified	8																									2939	635	500			635	500	445	500	255.01	88.57					289.66	213.05	759.05		-34.01						786.99		4.61		0	4				
07/12/2018	3.3.2	Gaze Project	O4	3	M	Bilingual	G130	06/09/2018	89100	1280 x 720		Raw Data	Ord4_T2_L.avi	190	0	900	720									24520	10:16:13.541	1536226347313887															0			Unclassified	8																									2940																			-34.01										4	4				
07/12/2018	3.3.2	Gaze Project	O4	3	M	Bilingual	G130	06/09/2018	89100	1280 x 720		Raw Data	Ord4_T2_L.avi	190	0	900	720									24528	10:16:13.549	1536226347322151															0			Unclassified	8																									2941	605	510			605	510	415	510	242.70	84.46					289.58	213.82	761.40		-34.01						789.45		4.76		0	4				
07/12/2018	3.3.2	Gaze Project	O4	3	M	Bilingual	G130	06/09/2018	89100	1280 x 720		Raw Data	Ord4_T2_L.avi	190	0	900	720									24537	10:16:13.558	1536226347330487															0			Unclassified	8																									2942																			-34.01										4	4				
07/12/2018	3.3.2	Gaze Project	O4	3	M	Bilingual	G130	06/09/2018	89100	1280 x 720		Raw Data	Ord4_T2_L.avi	190	0	900	720									24545	10:16:13.566	1536226347338821															0			Unclassified	8																									2943																			-34.01										4	4				
07/12/2018	3.3.2	Gaze Project	O4	3	M	Bilingual	G130	06/09/2018	89100	1280 x 720		Raw Data	Ord4_T2_L.avi	190	0	900	720									24554	10:16:13.574	1536226347347193															0			Unclassified	8																									2944	606	472			606	472	416	472	243.14	100.01					289.44	213.51	760.52		-34.01						788.51		4.65		0	4				
07/12/2018	3.3.2	Gaze Project	O4	3	M	Bilingual	G130	06/09/2018	89100	1280 x 720		Raw Data	Ord4_T2_L.avi	190	0	900	720									24562	10:16:13.583	1536226347355549															0	2361		Fixation	8	428	479	1.23	33.40	178.75																				2945	606	496	618	479	612	487	422	487	243.43	90.29	247.90	96.90	245.66	93.60	289.40	212.54	757.65	335.82	216.87	756.34					785.48	785.48	4.75	4.60	0	0				
07/12/2018	3.3.2	Gaze Project	O4	3	M	Bilingual	G130	06/09/2018	89100	1280 x 720		Raw Data	Ord4_T2_L.avi	190	0	900	720									24570	10:16:13.591	1536226347363820															0			Unclassified	8																									2946	619	517			619	517	429	517	248.37	81.89					289.29	217.76	773.40		-34.01						802.06		4.81		0	4				
07/12/2018	3.3.2	Gaze Project	O4	3	M	Bilingual	G130	06/09/2018	89100	1280 x 720		Raw Data	Ord4_T2_L.avi	190	0	900	720									24578	10:16:13.599	1536226347372147															0			Unclassified	8																									2947	613	493			613	493	423	493	246.19	91.51					289.23	219.60	778.94		-34.01						807.89		4.80		0	4				
07/12/2018	3.3.2	Gaze Project	O4	3	M	Bilingual	G130	06/09/2018	89100	1280 x 720		Raw Data	Ord4_T2_L.avi	190	0	900	720									24587	10:16:13.608	1536226347380503															0	2362		Fixation	8	448	507	1.03	305.45	272.06																				2948	622	533	638	507	630	520	440	520	249.79	75.17	256.10	85.68	252.95	80.42	289.23	213.49	760.63	335.52	216.20	754.38					788.61	788.61	4.80	4.70	0	0				
07/12/2018	3.3.2	Gaze Project	O4	3	M	Bilingual	G130	06/09/2018	89100	1280 x 720		Raw Data	Ord4_T2_L.avi	190	0	900	720									24595	10:16:13.616	1536226347388865															0			Unclassified	8																									2949	670	560			670	560	480	560	269.00	64.38					289.10	218.38	775.37		-34.01						804.11		4.83		0	4				
07/12/2018	3.3.2	Gaze Project	O4	3	M	Bilingual	G130	06/09/2018	89100	1280 x 720		Raw Data	Ord4_T2_L.avi	190	0	900	720									24603	10:16:13.624	1536226347397131															0	2363		Fixation	8	454	434	2.17	85.32	139.87																				2950	640	478	644	434	642	456	452	456	257.07	97.61	258.70	115.02	257.89	106.32	289.04	219.23	777.93	335.55	217.15	757.17					806.81	806.81	4.88	4.57	0	0				
07/12/2018	3.3.2	Gaze Project	O4	3	M	Bilingual	G130	06/09/2018	89100	1280 x 720		Raw Data	Ord4_T2_L.avi	190	0	900	720									24612	10:16:13.633	1536226347405482															0	2364		Fixation	8	469	517	2.50	280.21	194.90																				2951	616	577	659	517	637	547	447	547	247.27	57.57	264.59	81.71	255.93	69.64	289.05	213.41	760.47	335.46	217.00	756.69					788.42	788.42	4.70	4.91	0	0				
07/12/2018	3.3.2	Gaze Project	O4	3	M	Bilingual	G130	06/09/2018	89100	1280 x 720		Raw Data	Ord4_T2_L.avi	190	0	900	720									24620	10:16:13.641	1536226347413815															0	2365		Fixation	8	473	435	2.40	87.22	167.00																				2952			663	435	663	435	473	435			266.18	114.74						336.39	222.97	774.28						0.00		4.86	4	0				
07/12/2018	3.3.2	Gaze Project	O4	3	M	Bilingual	G130	06/09/2018	89100	1280 x 720		Raw Data	Ord4_T2_L.avi	190	0	900	720									24628	10:16:13.649	1536226347422160															0			Unclassified	8																									2953	663	379			663	379	473	379	266.32	137.23					289.02	206.30	738.72		-34.01						765.56		3.98		0	4				
07/12/2018	3.3.2	Gaze Project	O4	3	M	Bilingual	G130	06/09/2018	89100	1280 x 720		Raw Data	Ord4_T2_L.avi	190	0	900	720									24637	10:16:13.658	1536226347430519															0			Unclassified	8																									2954	619	492			619	492	429	492	248.33	91.68					288.81	219.22	778.02		-34.01						806.88		4.69		0	4				
07/12/2018	3.3.2	Gaze Project	O4	3	M	Bilingual	G130	06/09/2018	89100	1280 x 720		Raw Data	Ord4_T2_L.avi	190	0	900	720									24645	10:16:13.666	1536226347438801															0			Unclassified	8																									2955	627	525			627	525	437	525	251.66	78.66					288.83	212.07	756.57		-34.01						784.29		4.63		0	4				
07/12/2018	3.3.2	Gaze Project	O4	3	M	Bilingual	G130	06/09/2018	89100	1280 x 720		Raw Data	Ord4_T2_L.avi	190	0	900	720									24653	10:16:13.674	1536226347447135															0	2366		Fixation	8	444	448	0.93	204.21	117.00																				2956	633	484	634	448	633	466	443	466	254.22	95.16	254.62	109.34	254.42	102.25	288.76	213.64	761.39	335.23	217.56	758.37					789.36	789.36	4.63	4.66	0	0				
07/12/2018	3.3.2	Gaze Project	O4	3	M	Bilingual	G130	06/09/2018	89100	1280 x 720		Raw Data	Ord4_T2_L.avi	190	0	900	720									24662	10:16:13.683	1536226347455489															0			Unclassified	8																									2957	634	485			634	485	444	485	254.33	94.80					288.67	216.94	771.43		-34.01						799.90		4.73		0	4				
07/12/2018	3.3.2	Gaze Project	O4	3	M	Bilingual	G130	06/09/2018	89100	1280 x 720		Raw Data	Ord4_T2_L.avi	190	0	900	720									24670	10:16:13.691	1536226347463845															0	2367		Fixation	8	484	426	1.38	28.89	184.67																				2958			674	426	674	426	484	426			270.56	118.22						333.66	208.60	731.61						0.00		4.50	4	0				
07/12/2018	3.3.2	Gaze Project	O4	3	M	Bilingual	G130	06/09/2018	89100	1280 x 720		Raw Data	Ord4_T2_L.avi	190	0	900	720									24679	10:16:13.699	1536226347472200															0	2368		Fixation	8	412	583	5.24	245.43	216.54																				2959	664	523	602	583	633	553	443	553	266.44	79.28	241.69	55.07	254.07	67.18	288.63	215.68	767.87	333.62	208.69	731.57					796.13	796.13	4.84	4.65	0	0				
07/12/2018	3.3.2	Gaze Project	O4	3	M	Bilingual	G130	06/09/2018	89100	1280 x 720		Raw Data	Ord4_T2_L.avi	190	0	900	720									24687	10:16:13.708	1536226347480460															0	2369		Fixation	8	459	516	2.46	55.04	169.60																				2960	628	441	649	516	638	478	448	478	252.17	112.34	260.39	82.07	256.28	97.20	288.61	211.46	755.31	333.57	208.58	731.76					782.90	782.90	4.58	4.60	0	0				
07/12/2018	3.3.2	Gaze Project	O4	3	M	Bilingual	G130	06/09/2018	89100	1280 x 720		Raw Data	Ord4_T2_L.avi	190	0	900	720									24695	10:16:13.716	1536226347488794															0			Unclassified	8																									2961																			-34.01										4	4				
07/12/2018	3.3.2	Gaze Project	O4	3	M	Bilingual	G130	06/09/2018	89100	1280 x 720		Raw Data	Ord4_T2_L.avi	190	0	900	720									24703	10:16:13.724	1536226347497143															0			Unclassified	8																									2962																			-34.01										4	4				
07/12/2018	3.3.2	Gaze Project	O4	3	M	Bilingual	G130	06/09/2018	89100	1280 x 720		Raw Data	Ord4_T2_L.avi	190	0	900	720									24712	10:16:13.733	1536226347505514															0	2370		Fixation	8	420	582	2.30	239.50	184.46																				2963			610	582	610	582	420	582			245.05	55.60						333.40	208.40	731.49						0.00		4.69	4	0				
07/12/2018	3.3.2	Gaze Project	O4	3	M	Bilingual	G130	06/09/2018	89100	1280 x 720		Raw Data	Ord4_T2_L.avi	190	0	900	720									24720	10:16:13.741	1536226347513777															0	2371		Fixation	8	430	573	0.40	42.08	162.58																				2964	644	404	620	573	632	488	442	488	258.55	127.14	248.83	59.20	253.69	93.17	288.49	206.30	740.30	335.03	212.43	743.05					767.04	767.04	4.02	4.53	0	0				
07/12/2018	3.3.2	Gaze Project	O4	3	M	Bilingual	G130	06/09/2018	89100	1280 x 720		Raw Data	Ord4_T2_L.avi	190	0	900	720									24728	10:16:13.749	1536226347522125															0			Unclassified	8																									2965	672	423			672	423	482	423	269.62	119.52					288.45	205.80	738.96		-34.01						765.61		4.16		0	4				
07/12/2018	3.3.2	Gaze Project	O4	3	M	Bilingual	G130	06/09/2018	89100	1280 x 720		Raw Data	Ord4_T2_L.avi	190	0	900	720									24737	10:16:13.758	1536226347530470															0	2372		Fixation	8	493	418	5.05	67.94	25.87																				2966			683	418	683	418	493	418			274.00	121.71						333.29	208.52	732.11						0.00		4.00	4	0				
07/12/2018	3.3.2	Gaze Project	O4	3	M	Bilingual	G130	06/09/2018	89100	1280 x 720		Raw Data	Ord4_T2_L.avi	190	0	900	720									24745	10:16:13.766	1536226347538813															0	2373		Fixation	8	458	567	4.65	256.82	188.88																				2967	671	499	648	567	659	533	469	533	269.36	89.03	260.18	61.57	264.77	75.30	288.40	204.84	736.36	334.23	210.82	738.59					762.84	762.84	4.14	4.48	0	0				
07/12/2018	3.3.2	Gaze Project	O4	3	M	Bilingual	G130	06/09/2018	89100	1280 x 720		Raw Data	Ord4_T2_L.avi	190	0	900	720									24754	10:16:13.774	1536226347547189															0	2374		Fixation	8	491	534	1.39	45.09	148.27																				2968	651	449	681	534	666	491	476	491	261.17	109.00	273.32	75.06	267.24	92.03	288.36	205.26	737.76	333.67	211.12	740.37					764.29	764.29	4.23	4.90	0	0				
07/12/2018	3.3.2	Gaze Project	O4	3	M	Bilingual	G130	06/09/2018	89100	1280 x 720		Raw Data	Ord4_T2_L.avi	190	0	900	720									24762	10:16:13.783	1536226347555452															0	2375		Fixation	8	480	494	1.26	105.33	60.24																				2969	660	497	670	494	665	495	475	495	264.91	89.80	268.84	91.13	266.88	90.46	288.34	204.65	736.09	333.18	208.45	732.17					762.51	762.51	4.33	4.33	0	0				
07/12/2018	3.3.2	Gaze Project	O4	3	M	Bilingual	G130	06/09/2018	89100	1280 x 720		Raw Data	Ord4_T2_L.avi	190	0	900	720									24770	10:16:13.791	1536226347563854															0	2376		Fixation	8	464	479	0.67	136.76	31.43																				2970			654	479	654	479	464	479			262.53	97.00						334.65	211.92	742.13						0.00		4.38	4	0				
07/12/2018	3.3.2	Gaze Project	O4	3	M	Bilingual	G130	06/09/2018	89100	1280 x 720		Raw Data	Ord4_T2_L.avi	190	0	900	720									24778	10:16:13.799	1536226347572138															0			Unclassified	8																									2971																			-34.01										4	4				
07/12/2018	3.3.2	Gaze Project	O4	3	M	Bilingual	G130	06/09/2018	89100	1280 x 720		Raw Data	Ord4_T2_L.avi	190	0	900	720									24787	10:16:13.808	1536226347580494															0	2377		Fixation	8	483	502	0.91	309.47	172.71																				2972	694	239	673	502	683	370	493	370	278.39	193.66	270.18	87.89	274.29	140.77	288.23	204.97	737.47	334.15	210.90	739.32					763.92	763.92	3.62	4.29	0	0				
07/12/2018	3.3.2	Gaze Project	O4	3	M	Bilingual	G130	06/09/2018	89100	1280 x 720		Raw Data	Ord4_T2_L.avi	190	0	900	720									24795	10:16:13.816	1536226347588855															0	2378		Fixation	8	523	332	5.37	76.80	127.33																				2973			713	332	713	332	523	332			286.06	156.23						333.04	208.21	732.27						0.00		3.52	4	0				
07/12/2018	3.3.2	Gaze Project	O4	3	M	Bilingual	G130	06/09/2018	89100	1280 x 720		Raw Data	Ord4_T2_L.avi	190	0	900	720									24803	10:16:13.824	1536226347597110															0	2379		Fixation	8	452	486	5.21	245.32	168.52																				2974	647	478	642	486	644	482	454	482	259.67	97.43	257.81	94.14	258.74	95.78	288.13	205.24	738.54	333.95	210.57	738.51					765.02	765.02	4.25	4.44	0	0				
07/12/2018	3.3.2	Gaze Project	O4	3	M	Bilingual	G130	06/09/2018	89100	1280 x 720		Raw Data	Ord4_T2_L.avi	190	0	900	720									24812	10:16:13.833	1536226347605451															0	2380		Fixation	8	494	473	1.34	17.25	131.93																				2975			684	473	684	473	494	473			274.53	99.28						332.96	208.31	732.31						0.00		4.09	4	0				
07/12/2018	3.3.2	Gaze Project	O4	3	M	Bilingual	G130	06/09/2018	89100	1280 x 720		Raw Data	Ord4_T2_L.avi	190	0	900	720									24820	10:16:13.841	1536226347613808															0	2381		Fixation	8	449	516	1.90	223.79	206.54																				2976	664	415	639	516	651	465	461	465	266.69	122.99	256.52	82.06	261.60	102.52	288.05	205.16	738.64	332.91	208.26	732.22					765.09	765.09	4.11	4.38	0	0				
07/12/2018	3.3.2	Gaze Project	O4	3	M	Bilingual	G130	06/09/2018	89100	1280 x 720		Raw Data	Ord4_T2_L.avi	190	0	900	720									24828	10:16:13.849	1536226347622163															0	2382		Fixation	8	398	631	3.72	246.15	22.36																				2977			588	631	588	631	398	631			236.15	35.99						334.47	212.01	742.98						0.00		4.83	4	0				
07/12/2018	3.3.2	Gaze Project	O4	3	M	Bilingual	G130	06/09/2018	89100	1280 x 720		Raw Data	Ord4_T2_L.avi	190	0	900	720									24837	10:16:13.858	1536226347630436															0			Unclassified	8																									2978																			-34.01										4	4				
07/12/2018	3.3.2	Gaze Project	O4	3	M	Bilingual	G130	06/09/2018	89100	1280 x 720		Raw Data	Ord4_T2_L.avi	190	0	900	720									24845	10:16:13.866	1536226347638782															0	2383		Fixation	8	477	475	5.20	63.22	177.06																				2979	650	436	667	475	658	455	468	455	260.87	114.42	267.73	98.70	264.30	106.56	287.89	205.58	740.29	332.75	208.23	732.30					766.77	766.77	4.24	4.19	0	0				
07/12/2018	3.3.2	Gaze Project	O4	3	M	Bilingual	G130	06/09/2018	89100	1280 x 720		Raw Data	Ord4_T2_L.avi	190	0	900	720									24853	10:16:13.874	1536226347647120															0	2384		Fixation	8	456	486	0.72	207.72	144.51																				2980	673	526	646	486	659	506	469	506	270.29	78.03	259.46	94.32	264.87	86.17	287.85	204.45	737.07	333.75	210.74	739.33					763.36	763.36	4.31	4.37	0	0				
07/12/2018	3.3.2	Gaze Project	O4	3	M	Bilingual	G130	06/09/2018	89100	1280 x 720		Raw Data	Ord4_T2_L.avi	190	0	900	720									24862	10:16:13.883	1536226347655464															0	2385		Fixation	8	458	501	0.46	277.57	69.85																				2981	668	531	648	501	658	516	468	516	268.06	75.98	260.18	88.02	264.12	82.00	287.78	204.71	737.99	332.62	208.22	732.29					764.32	764.32	4.46	4.37	0	0				
07/12/2018	3.3.2	Gaze Project	O4	3	M	Bilingual	G130	06/09/2018	89100	1280 x 720		Raw Data	Ord4_T2_L.avi	190	0	900	720									24870	10:16:13.891	1536226347663833															0	2386		Fixation	8	476	424	2.42	76.88	159.31																				2982			666	424	666	424	476	424			267.25	119.06						332.55	208.20	732.27						0.00		4.08	4	0				
07/12/2018	3.3.2	Gaze Project	O4	3	M	Bilingual	G130	06/09/2018	89100	1280 x 720		Raw Data	Ord4_T2_L.avi	190	0	900	720									24878	10:16:13.899	1536226347672088															0	2387		Fixation	8	479	420	0.15	53.22	336.34																				2983	675	378	669	420	672	399	482	399	270.82	137.54	268.55	120.63	269.68	129.09	287.61	205.58	740.81	332.46	208.18	732.21					767.26	767.26	3.98	4.04	0	0				
07/12/2018	3.3.2	Gaze Project	O4	3	M	Bilingual	G130	06/09/2018	89100	1280 x 720		Raw Data	Ord4_T2_L.avi	190	0	900	720									24887	10:16:13.907	1536226347680428															0			Unclassified	8																									2984	657	433			657	433	467	433	263.83	115.77					287.54	205.33	740.20		-34.01						766.59		3.99		0	4				
07/12/2018	3.3.2	Gaze Project	O4	3	M	Bilingual	G130	06/09/2018	89100	1280 x 720		Raw Data	Ord4_T2_L.avi	190	0	900	720									24895	10:16:13.916	1536226347688788															0	2388		Fixation	8	475	381	1.22	95.84	42.62																				2985	655	544	665	381	660	462	470	462	262.93	70.83	267.12	136.48	265.02	103.66	287.47	204.87	738.95	332.30	208.17	732.23					765.27	765.27	4.24	4.03	0	0				
07/12/2018	3.3.2	Gaze Project	O4	3	M	Bilingual	G130	06/09/2018	89100	1280 x 720		Raw Data	Ord4_T2_L.avi	190	0	900	720									24903	10:16:13.924	1536226347697147															0	2389		Fixation	8	472	543	4.98	268.94	173.11																				2986	660	526	662	543	661	534	471	534	264.82	78.31	265.59	71.36	265.21	74.83	287.26	210.61	756.40	332.23	208.20	732.32					783.61	783.61	4.61	4.59	0	0				
07/12/2018	3.3.2	Gaze Project	O4	3	M	Bilingual	G130	06/09/2018	89100	1280 x 720		Raw Data	Ord4_T2_L.avi	190	0	900	720									24912	10:16:13.932	1536226347705425															0	2390		Fixation	8	466	488	1.66	96.21	187.26																				2987	672	576	656	488	664	532	474	532	269.56	58.19	263.37	93.47	266.47	75.83	287.18	210.30	755.60	333.38	215.93	755.62					782.75	782.75	4.71	4.79	0	0				
07/12/2018	3.3.2	Gaze Project	O4	3	M	Bilingual	G130	06/09/2018	89100	1280 x 720		Raw Data	Ord4_T2_L.avi	190	0	900	720									24920	10:16:13.941	1536226347713764															0			Unclassified	8																									2988	616	505			616	505	426	505	247.07	86.63					287.07	210.90	757.52		-34.01						784.76		4.68		0	4				
07/12/2018	3.3.2	Gaze Project	O4	3	M	Bilingual	G130	06/09/2018	89100	1280 x 720		Raw Data	Ord4_T2_L.avi	190	0	900	720									24928	10:16:13.949	1536226347722101															0	2391		Fixation	8	484	438	1.55	70.26	334.05																				2989	655	525	674	438	664	481	474	481	262.88	78.35	270.51	113.46	266.70	95.90	287.01	210.06	755.09	338.68	223.50	777.22					782.18	782.18	4.75	4.81	0	0				
07/12/2018	3.3.2	Gaze Project	O4	3	M	Bilingual	G130	06/09/2018	89100	1280 x 720		Raw Data	Ord4_T2_L.avi	190	0	900	720									24937	10:16:13.958	1536226347730459															0	2392		Fixation	8	425	473	1.96	210.76	140.50																				2990	610	485	615	473	612	479	422	479	244.77	94.76	246.86	99.63	245.82	97.20	286.77	216.84	775.73	339.52	225.52	783.27					803.89	803.89	4.70	5.00	0	0				
07/12/2018	3.3.2	Gaze Project	O4	3	M	Bilingual	G130	06/09/2018	89100	1280 x 720		Raw Data	Ord4_T2_L.avi	190	0	900	720									24945	10:16:13.966	1536226347738815															0	2393		Fixation	8	459	482	1.05	345.13	134.37																				2991			649	482	649	482	459	482			260.39	95.93						331.77	208.25	732.30						0.00		4.70	4	0				
07/12/2018	3.3.2	Gaze Project	O4	3	M	Bilingual	G130	06/09/2018	89100	1280 x 720		Raw Data	Ord4_T2_L.avi	190	0	900	720									24953	10:16:13.974	1536226347747083															0			Unclassified	8																									2992																			-34.01										4	4				
07/12/2018	3.3.2	Gaze Project	O4	3	M	Bilingual	G130	06/09/2018	89100	1280 x 720		Raw Data	Ord4_T2_L.avi	190	0	900	720									24962	10:16:13.982	1536226347755402															0	2394		Fixation	8	447	511	0.95	247.59	262.46																				2993	670	525	637	511	653	518	463	518	268.88	78.37	255.64	84.16	262.26	81.27	286.57	214.46	769.05	331.55	207.91	731.92					796.79	796.79	4.80	4.50	0	0				
07/12/2018	3.3.2	Gaze Project	O4	3	M	Bilingual	G130	06/09/2018	89100	1280 x 720		Raw Data	Ord4_T2_L.avi	190	0	900	720									24970	10:16:13.991	1536226347763764															0			Unclassified	8																									2994																			-34.01										4	4				
07/12/2018	3.3.2	Gaze Project	O4	3	M	Bilingual	G130	06/09/2018	89100	1280 x 720		Raw Data	Ord4_T2_L.avi	190	0	900	720									24978	10:16:13.999	1536226347772134															0	2395		Fixation	8	436	495	0.60	124.42	236.84																				2995	666	349	626	495	646	422	456	422	267.34	149.42	251.25	90.43	259.29	119.93	286.61	204.54	738.97	331.40	207.89	732.13					765.15	765.15	3.93	4.65	0	0				
07/12/2018	3.3.2	Gaze Project	O4	3	M	Bilingual	G130	06/09/2018	89100	1280 x 720		Raw Data	Ord4_T2_L.avi	190	0	900	720									24987	10:16:14.008	1536226347780488															0			Unclassified	8																									2996	678	537			678	537	488	537	272.23	73.62					286.39	210.30	757.07		-34.01						784.11		4.69		0	4				
07/12/2018	3.3.2	Gaze Project	O4	3	M	Bilingual	G130	06/09/2018	89100	1280 x 720		Raw Data	Ord4_T2_L.avi	190	0	900	720									24995	10:16:14.016	1536226347788753															0	2396		Fixation	8	438	408	2.68	88.69	324.26																				2997			628	408	628	408	438	408			252.02	125.49						331.24	207.75	732.11						0.00		4.10	4	0				
07/12/2018	3.3.2	Gaze Project	O4	3	M	Bilingual	G130	06/09/2018	89100	1280 x 720		Raw Data	Ord4_T2_L.avi	190	0	900	720									25003	10:16:14.024	1536226347797085															0	2397		Fixation	8	379	545	4.50	246.77	158.08																				2998	665	253	569	545	617	399	427	399	266.76	187.98	228.29	70.42	247.52	129.20	286.39	203.76	737.68	332.47	210.79	740.88					763.67	763.67	3.59	4.46	0	0				
07/12/2018	3.3.2	Gaze Project	O4	3	M	Bilingual	G130	06/09/2018	89100	1280 x 720		Raw Data	Ord4_T2_L.avi	190	0	900	720									25012	10:16:14.033	1536226347805433															0	2398		Fixation	8	518	391	6.28	48.02	161.25																				2999			708	391	708	391	518	391			284.39	132.57						331.10	207.65	732.19						0.00		3.98	4	0				
07/12/2018	3.3.2	Gaze Project	O4	3	M	Bilingual	G130	06/09/2018	89100	1280 x 720		Raw Data	Ord4_T2_L.avi	190	0	900	720									25020	10:16:14.041	1536226347813798															0	2399		Fixation	8	430	527	4.96	237.18	189.16																				3000	676	531	620	527	648	529	458	529	271.40	76.02	249.03	77.53	260.21	76.78	286.23	204.82	741.36	331.02	207.54	732.06					767.49	767.49	4.53	4.60	0	0				
07/12/2018	3.3.2	Gaze Project	O4	3	M	Bilingual	G130	06/09/2018	89100	1280 x 720		Raw Data	Ord4_T2_L.avi	190	0	900	720									25028	10:16:14.049	1536226347822078															0	2400		Fixation	8	424	484	1.32	97.92	220.74																				3001	651	544	614	484	632	514	442	514	261.51	71.07	246.64	95.01	254.08	83.04	286.19	204.09	739.39	332.54	211.20	742.71					765.39	765.39	4.41	4.37	0	0				
07/12/2018	3.3.2	Gaze Project	O4	3	M	Bilingual	G130	06/09/2018	89100	1280 x 720		Raw Data	Ord4_T2_L.avi	190	0	900	720									25037	10:16:14.057	1536226347830420															0	2401		Fixation	8	463	509	1.41	327.26	229.34																				3002	683	545	653	509	668	527	478	527	274.20	70.29	262.23	85.04	268.21	77.67	286.10	204.69	741.38	332.32	210.77	741.64					767.46	767.46	4.56	4.40	0	0				
07/12/2018	3.3.2	Gaze Project	O4	3	M	Bilingual	G130	06/09/2018	89100	1280 x 720		Raw Data	Ord4_T2_L.avi	190	0	900	720									25045	10:16:14.066	1536226347838751															0	2402		Fixation	8	447	405	3.22	98.72	131.46																				3003	662	445	637	405	649	425	459	425	265.57	110.56	255.85	126.85	260.71	118.70	286.07	203.89	739.21	330.84	207.35	732.07					765.15	765.15	4.42	4.04	0	0				
07/12/2018	3.3.2	Gaze Project	O4	3	M	Bilingual	G130	06/09/2018	89100	1280 x 720		Raw Data	Ord4_T2_L.avi	190	0	900	720									25053	10:16:14.074	1536226347847114															0	2403		Fixation	8	401	586	5.65	255.78	157.07																				3004	660	572	591	586	625	579	435	579	265.12	59.76	237.43	54.02	251.27	56.89	286.02	203.32	737.62	331.78	209.68	738.77					763.46	763.46	4.31	4.77	0	0				
07/12/2018	3.3.2	Gaze Project	O4	3	M	Bilingual	G130	06/09/2018	89100	1280 x 720		Raw Data	Ord4_T2_L.avi	190	0	900	720									25062	10:16:14.083	1536226347855468															0	2404		Fixation	8	477	538	2.68	32.36	136.57																				3005	632	592	667	538	649	565	459	565	253.53	51.70	267.87	73.21	260.70	62.46	285.95	204.03	739.98	331.97	210.16	740.37					765.92	765.92	4.53	4.41	0	0				
07/12/2018	3.3.2	Gaze Project	O4	3	M	Bilingual	G130	06/09/2018	89100	1280 x 720		Raw Data	Ord4_T2_L.avi	190	0	900	720									25070	10:16:14.091	1536226347863738															0	2405		Fixation	8	483	320	6.66	88.43	56.07																				3006			673	320	673	320	483	320			270.14	161.24						331.12	209.88	740.56						0.00		4.15	4	0				
07/12/2018	3.3.2	Gaze Project	O4	3	M	Bilingual	G130	06/09/2018	89100	1280 x 720		Raw Data	Ord4_T2_L.avi	190	0	900	720									25078	10:16:14.099	1536226347872078															0	2406		Fixation	8	506	462	4.42	279.17	190.74																				3007	685	457	696	462	690	459	500	459	274.80	105.89	279.48	103.90	277.14	104.89	285.87	204.18	740.82	332.15	210.60	742.03					766.76	766.76	4.17	4.35	0	0				
07/12/2018	3.3.2	Gaze Project	O4	3	M	Bilingual	G130	06/09/2018	89100	1280 x 720		Raw Data	Ord4_T2_L.avi	190	0	900	720									25087	10:16:14.108	1536226347880425															0	2407		Fixation	8	521	424	1.21	68.52	149.35																				3008			711	424	711	424	521	424			285.28	119.24						337.42	222.55	777.69						0.00		4.32	4	0				
07/12/2018	3.3.2	Gaze Project	O4	3	M	Bilingual	G130	06/09/2018	89100	1280 x 720		Raw Data	Ord4_T2_L.avi	190	0	900	720									25095	10:16:14.116	1536226347888782															0	2408		Fixation	8	477	509	2.84	242.71	174.19																				3009			667	509	667	509	477	509			267.63	85.02						330.62	207.15	732.15						0.00		4.69	4	0				
07/12/2018	3.3.2	Gaze Project	O4	3	M	Bilingual	G130	06/09/2018	89100	1280 x 720		Raw Data	Ord4_T2_L.avi	190	0	900	720									25103	10:16:14.124	1536226347897138															0	2409		Fixation	8	442	532	1.24	213.40	330.69																				3010			632	532	632	532	442	532			253.57	75.63						332.73	220.57	772.99						0.00		5.06	4	0				
07/12/2018	3.3.2	Gaze Project	O4	3	M	Bilingual	G130	06/09/2018	89100	1280 x 720		Raw Data	Ord4_T2_L.avi	190	0	900	720									25112	10:16:14.132	1536226347905409															0	2410		Fixation	8	443	519	0.38	85.62	232.22																				3011			633	519	633	519	443	519			253.93	81.09						330.60	206.79	731.78						0.00		4.72	4	0				
07/12/2018	3.3.2	Gaze Project	O4	3	M	Bilingual	G130	06/09/2018	89100	1280 x 720		Raw Data	Ord4_T2_L.avi	190	0	900	720									25120	10:16:14.141	1536226347913736															0	2411		Fixation	8	450	497	0.70	72.40	346.79																				3012	654	577	640	497	647	537	457	537	262.43	57.67	256.75	89.94	259.59	73.81	285.52	215.18	774.89	330.61	206.75	731.78					802.52	802.52	4.94	4.68	0	0				
07/12/2018	3.3.2	Gaze Project	O4	3	M	Bilingual	G130	06/09/2018	89100	1280 x 720		Raw Data	Ord4_T2_L.avi	190	0	900	720									25128	10:16:14.149	1536226347922083															0	2412		Fixation	8	397	509	1.66	192.80	120.39																				3013	672	502	587	509	629	505	439	505	269.81	87.96	235.72	84.81	252.77	86.38	285.54	215.17	774.94	330.61	206.56	731.33					802.58	802.58	4.87	4.61	0	0				
07/12/2018	3.3.2	Gaze Project	O4	3	M	Bilingual	G130	06/09/2018	89100	1280 x 720		Raw Data	Ord4_T2_L.avi	190	0	900	720									25137	10:16:14.158	1536226347930452															0			Unclassified	8																									3014																			-34.01										4	4				
07/12/2018	3.3.2	Gaze Project	O4	3	M	Bilingual	G130	06/09/2018	89100	1280 x 720		Raw Data	Ord4_T2_L.avi	190	0	900	720									25145	10:16:14.166	1536226347938730															0	2413		Fixation	8	428	549	1.56	307.69	114.89																				3015	609	523	618	549	613	536	423	536	244.50	79.33	248.12	68.99	246.31	74.16	285.76	209.82	758.68	330.68	206.48	731.26					785.48	785.48	4.61	4.71	0	0				
07/12/2018	3.3.2	Gaze Project	O4	3	M	Bilingual	G130	06/09/2018	89100	1280 x 720		Raw Data	Ord4_T2_L.avi	190	0	900	720									25153	10:16:14.174	1536226347947077															0	2414		Fixation	8	438	543	0.35	31.05	83.36																				3016	638	33	628	543	633	288	443	288	256.14	276.62	251.89	71.26	254.01	173.94	302.93	267.96	934.47	330.73	206.48	731.31					971.19	971.19	5.06	4.78	0	0				
07/12/2018	3.3.2	Gaze Project	O4	3	M	Bilingual	G130	06/09/2018	89100	1280 x 720		Raw Data	Ord4_T2_L.avi	190	0	900	720									25162	10:16:14.182	1536226347955402															0	2415		Fixation	8	486	523	1.58	22.69	351.64																				3017			676	523	676	523	486	523			271.31	79.53						330.59	206.59	731.26						0.00		4.69	4	0				
07/12/2018	3.3.2	Gaze Project	O4	3	M	Bilingual	G130	06/09/2018	89100	1280 x 720		Raw Data	Ord4_T2_L.avi	190	0	900	720									25170	10:16:14.191	1536226347963751															0			Unclassified	8																									3018	674	589			674	589	484	589	270.63	52.84					285.95	209.19	756.65		-34.01						783.35		4.75		0	4				
07/12/2018	3.3.2	Gaze Project	O4	3	M	Bilingual	G130	06/09/2018	89100	1280 x 720		Raw Data	Ord4_T2_L.avi	190	0	900	720									25178	10:16:14.199	1536226347972120															0	2416		Fixation	8	448	529	1.18	189.00	166.32																				3019	674	332	638	529	656	430	466	430	270.56	156.24	256.08	76.85	263.32	116.55	286.17	203.42	739.06	330.94	206.44	731.32					764.86	764.86	4.19	4.46	0	0				
07/12/2018	3.3.2	Gaze Project	O4	3	M	Bilingual	G130	06/09/2018	89100	1280 x 720		Raw Data	Ord4_T2_L.avi	190	0	900	720									25187	10:16:14.207	1536226347980381															0	2417		Fixation	8	429	478	1.67	110.37	281.37																				3020	659	349	619	478	639	413	449	413	264.40	149.37	248.65	97.34	256.53	123.35	286.26	202.72	736.52	331.03	206.42	731.28					762.24	762.24	3.83	4.42	0	0				
07/12/2018	3.3.2	Gaze Project	O4	3	M	Bilingual	G130	06/09/2018	89100	1280 x 720		Raw Data	Ord4_T2_L.avi	190	0	900	720									25195	10:16:14.216	1536226347988716															0	2418		Fixation	8	458	470	0.92	15.47	265.10																				3021			648	470	648	470	458	470			260.02	100.64						331.12	206.37	731.20						0.00		4.31	4	0				
07/12/2018	3.3.2	Gaze Project	O4	3	M	Bilingual	G130	06/09/2018	89100	1280 x 720		Raw Data	Ord4_T2_L.avi	190	0	900	720									25203	10:16:14.224	1536226347997076															0	2419		Fixation	8	420	526	2.05	235.93	220.46																				3022			610	526	610	526	420	526			244.94	78.24						332.23	208.74	737.91						0.00		4.42	4	0				
07/12/2018	3.3.2	Gaze Project	O4	3	M	Bilingual	G130	06/09/2018	89100	1280 x 720		Raw Data	Ord4_T2_L.avi	190	0	900	720									25212	10:16:14.233	1536226348005443															0	2420		Fixation	8	414	509	0.55	109.38	233.46																				3023	645	288	604	509	624	398	434	398	258.94	173.81	242.34	85.12	250.64	129.47	286.51	203.61	739.38	332.53	209.17	739.22					765.24	765.24	3.70	4.48	0	0				
07/12/2018	3.3.2	Gaze Project	O4	3	M	Bilingual	G130	06/09/2018	89100	1280 x 720		Raw Data	Ord4_T2_L.avi	190	0	900	720									25220	10:16:14.241	1536226348013791															0	2421		Fixation	8	481	341	5.54	68.32	318.94																				3024			671	341	671	341	481	341			269.24	152.46						331.43	206.26	731.05						0.00		3.71	4	0				
07/12/2018	3.3.2	Gaze Project	O4	3	M	Bilingual	G130	06/09/2018	89100	1280 x 720		Raw Data	Ord4_T2_L.avi	190	0	900	720									25228	10:16:14.249	1536226348022051															0	2422		Fixation	8	420	570	7.24	255.13	186.81																				3025	683	596	610	570	646	583	456	583	274.26	49.93	244.77	60.52	259.52	55.23	286.71	203.98	740.39	332.62	208.80	738.26					766.33	766.33	4.43	4.56	0	0				
07/12/2018	3.3.2	Gaze Project	O4	3	M	Bilingual	G130	06/09/2018	89100	1280 x 720		Raw Data	Ord4_T2_L.avi	190	0	900	720									25237	10:16:14.257	1536226348030387															0	2423		Fixation	8	416	504	1.99	93.46	198.33																				3026			606	504	606	504	416	504			243.16	87.03						332.07	208.74	738.98						0.00		4.54	4	0				
07/12/2018	3.3.2	Gaze Project	O4	3	M	Bilingual	G130	06/09/2018	89100	1280 x 720		Raw Data	Ord4_T2_L.avi	190	0	900	720									25245	10:16:14.266	1536226348038751															0	2424		Fixation	8	445	514	0.94	340.92	247.46																				3027	634	572	635	514	634	543	444	543	254.34	59.50	254.77	82.81	254.55	71.16	286.96	202.77	736.65	331.77	206.16	730.97					762.41	762.41	4.36	4.40	0	0				
07/12/2018	3.3.2	Gaze Project	O4	3	M	Bilingual	G130	06/09/2018	89100	1280 x 720		Raw Data	Ord4_T2_L.avi	190	0	900	720									25253	10:16:14.274	1536226348047106															0	2425		Fixation	8	420	536	1.00	221.44	240.52																				3028			610	536	610	536	420	536			244.83	73.95						333.30	209.45	740.40						0.00		4.42	4	0				
07/12/2018	3.3.2	Gaze Project	O4	3	M	Bilingual	G130	06/09/2018	89100	1280 x 720		Raw Data	Ord4_T2_L.avi	190	0	900	720									25262	10:16:14.282	1536226348055370															0	2426		Fixation	8	465	419	3.80	69.02	207.58																				3029	616	560	655	419	635	489	445	489	247.31	64.44	263.01	121.25	255.16	92.85	287.17	203.09	737.49	332.00	206.10	730.94					763.31	763.31	4.47	4.17	0	0				
07/12/2018	3.3.2	Gaze Project	O4	3	M	Bilingual	G130	06/09/2018	89100	1280 x 720		Raw Data	Ord4_T2_L.avi	190	0	900	720									25270	10:16:14.291	1536226348063719															0	2427		Fixation	8	480	417	0.45	7.62	298.59																				3030	668	497	670	417	669	457	479	457	268.01	89.98	269.09	122.12	268.55	106.05	287.03	213.93	770.35	343.01	230.53	803.28					797.88	797.88	4.82	4.15	0	0				
07/12/2018	3.3.2	Gaze Project	O4	3	M	Bilingual	G130	06/09/2018	89100	1280 x 720		Raw Data	Ord4_T2_L.avi	190	0	900	720									25278	10:16:14.299	1536226348072063															0	2428		Fixation	8	454	501	2.49	252.85	245.23																				3031	880	560	644	501	762	530	572	530	353.18	64.37	258.58	88.08	305.88	76.23	333.33	212.82	751.47	338.99	221.25	775.73					782.78	782.78	4.79	5.05	0	0				
07/12/2018	3.3.2	Gaze Project	O4	3	M	Bilingual	G130	06/09/2018	89100	1280 x 720		Raw Data	Ord4_T2_L.avi	190	0	900	720									25287	10:16:14.308	1536226348080413															0			Unclassified	8																									3032	864	578			864	578	674	578	346.84	57.38					332.33	206.00	730.87		-34.01						761.08		4.73		0	4				
07/12/2018	3.3.2	Gaze Project	O4	3	M	Bilingual	G130	06/09/2018	89100	1280 x 720		Raw Data	Ord4_T2_L.avi	190	0	900	720									25295	10:16:14.316	1536226348088771															0	2429		Fixation	8	458	538	1.10	276.15	23.30																				3033	658	555	648	538	653	546	463	546	263.94	66.28	260.29	73.42	262.12	69.85	287.45	209.37	756.38	332.41	205.91	730.67					783.21	783.21	4.75	4.69	0	0				
07/12/2018	3.3.2	Gaze Project	O4	3	M	Bilingual	G130	06/09/2018	89100	1280 x 720		Raw Data	Ord4_T2_L.avi	190	0	900	720									25303	10:16:14.324	1536226348097040															0	2430		Fixation	8	410	573	1.79	216.19	300.04																				3034			600	573	600	573	410	573			240.82	59.32						332.52	205.99	730.63						0.00		4.84	4	0				
07/12/2018	3.3.2	Gaze Project	O4	3	M	Bilingual	G130	06/09/2018	89100	1280 x 720		Raw Data	Ord4_T2_L.avi	190	0	900	720									25312	10:16:14.332	1536226348105369															0	2431		Fixation	8	445	535	1.55	47.45	191.26																				3035	638	530	635	535	636	532	446	532	256.27	76.70	255.08	74.37	255.67	75.54	287.64	209.75	757.56	332.59	205.67	730.18					784.46	784.46	4.64	4.67	0	0				
07/12/2018	3.3.2	Gaze Project	O4	3	M	Bilingual	G130	06/09/2018	89100	1280 x 720		Raw Data	Ord4_T2_L.avi	190	0	900	720									25320	10:16:14.341	1536226348113727															0	2432		Fixation	8	462	510	0.92	55.87	8.42																				3036	605	499	652	510	628	504	438	504	243.04	88.82	261.91	84.55	252.48	86.69	287.67	213.11	767.78	332.67	205.76	730.15					795.21	795.21	4.86	4.71	0	0				
07/12/2018	3.3.2	Gaze Project	O4	3	M	Bilingual	G130	06/09/2018	89100	1280 x 720		Raw Data	Ord4_T2_L.avi	190	0	900	720									25328	10:16:14.349	1536226348122083															0			Unclassified	8																									3037	700	463			700	463	510	463	280.94	103.43					287.84	208.80	754.67		-34.01						781.43		4.80		0	4				
07/12/2018	3.3.2	Gaze Project	O4	3	M	Bilingual	G130	06/09/2018	89100	1280 x 720		Raw Data	Ord4_T2_L.avi	190	0	900	720									25337	10:16:14.357	1536226348130366															0	2433		Fixation	8	478	408	3.08	81.11	25.24																				3038	637	530	668	408	652	469	462	469	255.52	76.47	268.26	125.50	261.89	100.99	287.84	213.81	769.93	339.58	220.55	774.43					797.47	797.47	4.78	4.85	0	0				
07/12/2018	3.3.2	Gaze Project	O4	3	M	Bilingual	G130	06/09/2018	89100	1280 x 720		Raw Data	Ord4_T2_L.avi	190	0	900	720									25345	10:16:14.366	1536226348138706															0	2434		Fixation	8	419	550	4.56	247.50	166.39																				3039			609	550	609	550	419	550			244.30	68.50						332.96	205.65	730.19						0.00		4.72	4	0				
07/12/2018	3.3.2	Gaze Project	O4	3	M	Bilingual	G130	06/09/2018	89100	1280 x 720		Raw Data	Ord4_T2_L.avi	190	0	900	720									25353	10:16:14.374	1536226348147040															0	2435		Fixation	8	469	531	1.63	20.87	133.37																				3040			659	531	659	531	469	531			264.60	75.94						333.05	205.62	730.20						0.00		4.67	4	0				
07/12/2018	3.3.2	Gaze Project	O4	3	M	Bilingual	G130	06/09/2018	89100	1280 x 720		Raw Data	Ord4_T2_L.avi	190	0	900	720									25362	10:16:14.383	1536226348155406															0	2436		Fixation	8	445	382	4.67	99.12	78.25																				3041	685	396	635	382	660	389	470	389	275.13	130.52	254.99	136.20	265.06	133.36	288.25	203.18	737.13	333.10	205.59	730.22					763.04	763.04	4.07	4.68	0	0				
07/12/2018	3.3.2	Gaze Project	O4	3	M	Bilingual	G130	06/09/2018	89100	1280 x 720		Raw Data	Ord4_T2_L.avi	190	0	900	720									25370	10:16:14.391	1536226348163755															0	2437		Fixation	8	453	503	3.75	273.77	174.65																				3042			643	503	643	503	453	503			258.16	87.22						333.14	205.57	730.22						0.00		4.60	4	0				
07/12/2018	3.3.2	Gaze Project	O4	3	M	Bilingual	G130	06/09/2018	89100	1280 x 720		Raw Data	Ord4_T2_L.avi	190	0	900	720									25378	10:16:14.399	1536226348172025															0	2438		Fixation	8	397	531	1.87	206.64	292.87																				3043	687	527	587	531	637	529	447	529	275.60	77.79	235.60	76.05	255.60	76.92	288.34	203.05	737.18	334.62	213.34	754.32					763.06	763.06	4.67	4.89	0	0				
07/12/2018	3.3.2	Gaze Project	O4	3	M	Bilingual	G130	06/09/2018	89100	1280 x 720		Raw Data	Ord4_T2_L.avi	190	0	900	720									25387	10:16:14.407	1536226348180378															0	2439		Fixation	8	469	529	2.07	1.60	154.96																				3044			659	529	659	529	469	529			264.62	77.04						343.80	228.44	798.64						0.00		5.39	4	0				
07/12/2018	3.3.2	Gaze Project	O4	3	M	Bilingual	G130	06/09/2018	89100	1280 x 720		Raw Data	Ord4_T2_L.avi	190	0	900	720									25395	10:16:14.416	1536226348188709															0	2440		Fixation	8	458	513	0.54	124.42	122.83																				3045			648	513	648	513	458	513			260.19	83.40						344.26	229.36	801.48						0.00		5.27	4	0				
07/12/2018	3.3.2	Gaze Project	O4	3	M	Bilingual	G130	06/09/2018	89100	1280 x 720		Raw Data	Ord4_T2_L.avi	190	0	900	720									25403	10:16:14.424	1536226348197070															0	2441		Fixation	8	433	520	0.75	195.69	71.27																				3046	646	497	623	520	634	508	444	508	259.22	89.69	250.16	80.43	254.69	85.06	288.49	207.85	751.77	333.46	205.22	729.98					778.40	778.40	4.69	4.66	0	0				
07/12/2018	3.3.2	Gaze Project	O4	3	M	Bilingual	G130	06/09/2018	89100	1280 x 720		Raw Data	Ord4_T2_L.avi	190	0	900	720									25412	10:16:14.433	1536226348205422															0	2442		Fixation	8	482	550	1.77	328.44	132.75																				3047	682	519	672	550	677	534	487	534	273.68	81.11	269.64	68.55	271.66	74.83	288.51	209.28	756.19	333.48	205.30	729.95					783.05	783.05	4.81	4.79	0	0				
07/12/2018	3.3.2	Gaze Project	O4	3	M	Bilingual	G130	06/09/2018	89100	1280 x 720		Raw Data	Ord4_T2_L.avi	190	0	900	720									25420	10:16:14.441	1536226348213676															0	2443		Fixation	8	458	563	0.83	208.52	240.08																				3048			648	563	648	563	458	563			260.01	63.11						333.51	205.28	729.96						0.00		4.81	4	0				
07/12/2018	3.3.2	Gaze Project	O4	3	M	Bilingual	G130	06/09/2018	89100	1280 x 720		Raw Data	Ord4_T2_L.avi	190	0	900	720									25428	10:16:14.449	1536226348222024															0	2444		Fixation	8	452	526	1.14	99.18	250.66																				3049	675	509	642	526	658	517	468	517	270.99	84.91	257.69	77.96	264.34	81.44	288.63	208.02	752.37	333.57	204.95	729.51					779.03	779.03	4.86	4.72	0	0				
07/12/2018	3.3.2	Gaze Project	O4	3	M	Bilingual	G130	06/09/2018	89100	1280 x 720		Raw Data	Ord4_T2_L.avi	190	0	900	720									25437	10:16:14.457	1536226348230381															0	2445		Fixation	8	437	530	0.47	194.98	95.80																				3050	713	225	627	530	670	377	480	377	286.33	199.16	251.81	76.34	269.07	137.75	304.76	261.10	912.70	335.11	213.52	755.62					948.48	948.48	5.48	4.94	0	0				
07/12/2018	3.3.2	Gaze Project	O4	3	M	Bilingual	G130	06/09/2018	89100	1280 x 720		Raw Data	Ord4_T2_L.avi	190	0	900	720									25445	10:16:14.466	1536226348238737															0	2446		Fixation	8	437	542	0.35	270.00	75.02																				3051	748	-132	627	542	687	205	497	205	300.22	343.00	251.61	71.85	275.91	207.43	306.91	268.85	936.32	334.73	211.06	748.38					973.42	973.42	4.96	4.82	0	0				
07/12/2018	3.3.2	Gaze Project	O4	3	M	Bilingual	G130	06/09/2018	89100	1280 x 720		Raw Data	Ord4_T2_L.avi	190	0	900	720									25453	10:16:14.474	1536226348247015															0	2447		Fixation	8	421	411	3.82	96.94	186.94																				3052	679	509	611	411	645	460	455	460	272.68	84.95	245.10	124.60	258.89	104.77	288.67	213.27	768.49	344.52	228.75	800.41					795.98	795.98	4.86	5.08	0	0				
07/12/2018	3.3.2	Gaze Project	O4	3	M	Bilingual	G130	06/09/2018	89100	1280 x 720		Raw Data	Ord4_T2_L.avi	190	0	900	720									25462	10:16:14.482	1536226348255354															0	2448		Fixation	8	456	475	2.12	298.60	201.65																				3053	677	505	646	475	661	490	471	490	271.57	86.47	259.44	98.52	265.50	92.49	288.70	212.98	767.65	335.12	212.85	753.94					795.09	795.09	4.91	4.80	0	0				
07/12/2018	3.3.2	Gaze Project	O4	3	M	Bilingual	G130	06/09/2018	89100	1280 x 720		Raw Data	Ord4_T2_L.avi	190	0	900	720									25470	10:16:14.491	1536226348263685															0	2449		Fixation	8	450	520	1.34	262.43	323.83																				3054	662	478	640	520	651	499	461	499	265.69	97.26	257.09	80.34	261.39	88.80	288.81	207.85	752.11	335.29	213.66	756.46					778.74	778.74	4.59	4.91	0	0				
07/12/2018	3.3.2	Gaze Project	O4	3	M	Bilingual	G130	06/09/2018	89100	1280 x 720		Raw Data	Ord4_T2_L.avi	190	0	900	720									25478	10:16:14.499	1536226348272050															0			Unclassified	8																									3055	650	488			650	488	460	488	260.96	93.57					288.85	207.48	751.05		-34.01						777.62		4.61		0	4				
07/12/2018	3.3.2	Gaze Project	O4	3	M	Bilingual	G130	06/09/2018	89100	1280 x 720		Raw Data	Ord4_T2_L.avi	190	0	900	720									25487	10:16:14.507	1536226348280395															0	2450		Fixation	8	470	487	1.15	58.86	156.43																				3056			660	487	660	487	470	487			265.00	93.95						333.84	204.67	729.45						0.00		4.67	4	0				
07/12/2018	3.3.2	Gaze Project	O4	3	M	Bilingual	G130	06/09/2018	89100	1280 x 720		Raw Data	Ord4_T2_L.avi	190	0	900	720									25495	10:16:14.516	1536226348288655															0	2451		Fixation	8	449	511	0.97	228.91	170.04																				3057	717	-41	639	511	678	235	488	235	287.86	306.28	256.40	84.12	272.13	195.20	306.77	267.30	932.01	333.88	204.70	729.65					968.83	968.83	5.01	4.82	0	0				
07/12/2018	3.3.2	Gaze Project	O4	3	M	Bilingual	G130	06/09/2018	89100	1280 x 720		Raw Data	Ord4_T2_L.avi	190	0	900	720									25503	10:16:14.524	1536226348297031															0			Unclassified	8																									3058	642	555			642	555	452	555	257.66	66.25					288.89	208.47	754.23		-34.01						780.95		4.62		0	4				
07/12/2018	3.3.2	Gaze Project	O4	3	M	Bilingual	G130	06/09/2018	89100	1280 x 720		Raw Data	Ord4_T2_L.avi	190	0	900	720									25512	10:16:14.532	1536226348305364															0	2452		Fixation	8	405	547	1.72	219.38	350.47																				3059	662	506	595	547	628	526	438	526	265.91	86.18	238.74	69.77	252.32	77.98	288.90	209.12	756.25	333.85	204.30	728.62					783.07	783.07	4.72	4.84	0	0				
07/12/2018	3.3.2	Gaze Project	O4	3	M	Bilingual	G130	06/09/2018	89100	1280 x 720		Raw Data	Ord4_T2_L.avi	190	0	900	720									25520	10:16:14.541	1536226348313720															0			Unclassified	8																									3060	689	479			689	479	499	479	276.45	97.20					288.91	209.12	756.27		-34.01						783.09		4.68		0	4				
07/12/2018	3.3.2	Gaze Project	O4	3	M	Bilingual	G130	06/09/2018	89100	1280 x 720		Raw Data	Ord4_T2_L.avi	190	0	900	720									25528	10:16:14.549	1536226348322082															0	2453		Fixation	8	433	493	1.79	62.67	203.29																				3061			623	493	623	493	433	493			250.05	91.36						340.32	218.58	771.05						0.00		5.12	4	0				
07/12/2018	3.3.2	Gaze Project	O4	3	M	Bilingual	G130	06/09/2018	89100	1280 x 720		Raw Data	Ord4_T2_L.avi	190	0	900	720									25537	10:16:14.557	1536226348330338															0	2454		Fixation	8	421	457	1.11	108.38	45.71																				3062	657	488	611	457	634	472	444	472	263.69	93.28	245.33	106.02	254.51	99.65	288.92	209.86	758.63	340.57	219.08	772.60					785.56	785.56	4.79	4.97	0	0				
07/12/2018	3.3.2	Gaze Project	O4	3	M	Bilingual	G130	06/09/2018	89100	1280 x 720		Raw Data	Ord4_T2_L.avi	190	0	900	720									25545	10:16:14.566	1536226348338674															0			Unclassified	8																									3063	649	492			649	492	459	492	260.48	91.73					288.89	213.90	770.90		-34.01						798.46		4.86		0	4				
07/12/2018	3.3.2	Gaze Project	O4	3	M	Bilingual	G130	06/09/2018	89100	1280 x 720		Raw Data	Ord4_T2_L.avi	190	0	900	720									25553	10:16:14.574	1536226348347032															0	2455		Fixation	8	457	437	1.17	29.13	280.75																				3064	623	513	647	437	635	475	445	475	249.93	83.27	259.59	113.98	254.76	98.63	288.97	209.00	755.99	344.88	228.33	800.32					782.78	782.78	4.64	5.20	0	0				
07/12/2018	3.3.2	Gaze Project	O4	3	M	Bilingual	G130	06/09/2018	89100	1280 x 720		Raw Data	Ord4_T2_L.avi	190	0	900	720									25562	10:16:14.582	1536226348355389															0			Unclassified	8																									3065	688	482			688	482	498	482	276.05	95.81					288.97	209.35	757.05		-34.01						783.91		4.62		0	4				
07/12/2018	3.3.2	Gaze Project	O4	3	M	Bilingual	G130	06/09/2018	89100	1280 x 720		Raw Data	Ord4_T2_L.avi	190	0	900	720									25570	10:16:14.591	1536226348363668															0	2456		Fixation	8	439	502	1.88	254.57	225.44																				3066	631	505	629	502	630	503	440	503	253.39	86.44	252.65	87.96	253.02	87.20	288.98	209.70	758.12	345.00	228.53	801.01					785.03	785.03	4.62	5.23	0	0				
07/12/2018	3.3.2	Gaze Project	O4	3	M	Bilingual	G130	06/09/2018	89100	1280 x 720		Raw Data	Ord4_T2_L.avi	190	0	900	720									25578	10:16:14.599	1536226348372006															0			Unclassified	8																									3067																			-34.01										4	4				
07/12/2018	3.3.2	Gaze Project	O4	3	M	Bilingual	G130	06/09/2018	89100	1280 x 720		Raw Data	Ord4_T2_L.avi	190	0	900	720									25587	10:16:14.607	1536226348380336															0	2457		Fixation	8	491	476	1.67	26.64	132.07																				3068			681	476	681	476	491	476			273.42	98.29						335.19	211.16	749.97						0.00		4.64	4	0				
07/12/2018	3.3.2	Gaze Project	O4	3	M	Bilingual	G130	06/09/2018	89100	1280 x 720		Raw Data	Ord4_T2_L.avi	190	0	900	720									25595	10:16:14.616	1536226348388688															0	2458		Fixation	8	449	449	1.51	147.18	120.54																				3069	649	443	639	449	644	446	454	446	260.36	111.35	256.47	109.31	258.42	110.33	289.03	208.17	753.46	335.31	211.77	751.85					780.13	780.13	4.66	4.73	0	0				
07/12/2018	3.3.2	Gaze Project	O4	3	M	Bilingual	G130	06/09/2018	89100	1280 x 720		Raw Data	Ord4_T2_L.avi	190	0	900	720									25603	10:16:14.624	1536226348397057															0	2459		Fixation	8	541	377	3.39	38.14	250.96																				3070	679	526	731	377	705	451	515	451	272.54	78.04	293.30	138.03	282.92	108.03	289.04	207.93	752.75	345.15	228.80	801.88					779.39	779.39	4.74	5.11	0	0				
07/12/2018	3.3.2	Gaze Project	O4	3	M	Bilingual	G130	06/09/2018	89100	1280 x 720		Raw Data	Ord4_T2_L.avi	190	0	900	720									25612	10:16:14.632	1536226348405328															0	2460		Fixation	8	354	534	6.69	220.11	181.97																				3071			544	534	544	534	354	534			218.29	74.96						347.96	234.65	819.39						0.00		5.34	4	0				
07/12/2018	3.3.2	Gaze Project	O4	3	M	Bilingual	G130	06/09/2018	89100	1280 x 720		Raw Data	Ord4_T2_L.avi	190	0	900	720									25620	10:16:14.641	1536226348413658															0	2461		Fixation	8	409	550	1.65	343.73	123.62																				3072	668	583	599	550	633	566	443	566	268.24	55.27	240.25	68.64	254.25	61.96	289.06	208.32	753.90	334.01	204.09	728.48					780.59	780.59	4.69	4.84	0	0				
07/12/2018	3.3.2	Gaze Project	O4	3	M	Bilingual	G130	06/09/2018	89100	1280 x 720		Raw Data	Ord4_T2_L.avi	190	0	900	720									25628	10:16:14.649	1536226348422015															0	2462		Fixation	8	365	462	2.86	116.49	132.76																				3073	673	544	555	462	614	503	424	503	270.16	70.69	222.87	103.83	246.51	87.26	289.07	208.38	754.08	347.48	233.56	816.20					780.79	780.79	4.75	5.47	0	0				
07/12/2018	3.3.2	Gaze Project	O4	3	M	Bilingual	G130	06/09/2018	89100	1280 x 720		Raw Data	Ord4_T2_L.avi	190	0	900	720									25637	10:16:14.657	1536226348430372															0			Unclassified	8																									3074																			-34.01										4	4				
07/12/2018	3.3.2	Gaze Project	O4	3	M	Bilingual	G130	06/09/2018	89100	1280 x 720		Raw Data	Ord4_T2_L.avi	190	0	900	720									25645	10:16:14.666	1536226348438728															0	2463		Fixation	8	404	524	2.07	302.09	185.60																				3075	680	398	594	524	637	461	447	461	272.97	129.74	238.41	78.96	255.69	104.35	289.18	202.54	735.87	340.51	218.46	771.09					761.69	761.69	4.15	5.08	0	0				
07/12/2018	3.3.2	Gaze Project	O4	3	M	Bilingual	G130	06/09/2018	89100	1280 x 720		Raw Data	Ord4_T2_L.avi	190	0	900	720									25653	10:16:14.674	1536226348446982															0	2464		Fixation	8	376	452	2.18	111.19	169.10																				3076	643	462	566	452	604	457	414	457	258.01	103.82	227.15	107.80	242.58	105.81	289.18	202.45	735.91	347.17	232.87	814.12					761.69	761.69	4.53	5.34	0	0				
07/12/2018	3.3.2	Gaze Project	O4	3	M	Bilingual	G130	06/09/2018	89100	1280 x 720		Raw Data	Ord4_T2_L.avi	190	0	900	720									25662	10:16:14.682	1536226348455325															0	2465		Fixation	8	428	362	2.92	60.06	308.87																				3077			618	362	618	362	428	362			248.11	144.08						340.86	219.31	773.45						0.00		4.98	4	0				
07/12/2018	3.3.2	Gaze Project	O4	3	M	Bilingual	G130	06/09/2018	89100	1280 x 720		Raw Data	Ord4_T2_L.avi	190	0	900	720									25670	10:16:14.691	1536226348463670															0	2466		Fixation	8	447	388	0.98	306.07	246.01																				3078	636	449	637	388	636	418	446	418	255.29	109.31	255.61	133.69	255.45	121.50	289.10	211.37	762.72	334.08	204.44	729.32					789.92	789.92	4.74	4.50	0	0				
07/12/2018	3.3.2	Gaze Project	O4	3	M	Bilingual	G130	06/09/2018	89100	1280 x 720		Raw Data	Ord4_T2_L.avi	190	0	900	720									25678	10:16:14.699	1536226348472028															0			Unclassified	8																									3079	675	497			675	497	485	497	270.82	89.98					289.07	215.21	774.38		-34.01						802.18		4.85		0	4				
07/12/2018	3.3.2	Gaze Project	O4	3	M	Bilingual	G130	06/09/2018	89100	1280 x 720		Raw Data	Ord4_T2_L.avi	190	0	900	720									25687	10:16:14.707	1536226348480310															0	2467		Fixation	8	447	413	0.78	270.00	323.93																				3080	676	389	637	413	656	401	466	401	271.42	133.15	255.64	123.62	263.53	128.38	289.07	215.29	774.62	334.09	204.32	729.36					802.44	802.44	4.77	4.59	0	0				
07/12/2018	3.3.2	Gaze Project	O4	3	M	Bilingual	G130	06/09/2018	89100	1280 x 720		Raw Data	Ord4_T2_L.avi	190	0	900	720									25695	10:16:14.716	1536226348488658															0	2468		Fixation	8	472	349	2.10	68.73	158.73																				3081			662	349	662	349	472	349			265.63	149.58						335.31	211.25	750.11						0.00		4.76	4	0				
07/12/2018	3.3.2	Gaze Project	O4	3	M	Bilingual	G130	06/09/2018	89100	1280 x 720		Raw Data	Ord4_T2_L.avi	190	0	900	720									25703	10:16:14.724	1536226348496984															0	2469		Fixation	8	452	392	1.45	245.13	176.40																				3082	643	389	642	392	642	390	452	390	258.14	133.14	257.57	132.14	257.85	132.64	289.21	208.77	754.74	334.15	204.41	729.24					781.54	781.54	4.70	4.65	0	0				
07/12/2018	3.3.2	Gaze Project	O4	3	M	Bilingual	G130	06/09/2018	89100	1280 x 720		Raw Data	Ord4_T2_L.avi	190	0	900	720									25712	10:16:14.732	1536226348505340															0	2470		Fixation	8	446	379	0.45	114.71	229.58																				3083	632	429	636	379	634	404	444	404	253.58	117.22	255.21	137.38	254.39	127.30	289.22	209.40	756.67	334.13	204.36	729.11					783.57	783.57	4.63	4.56	0	0				
07/12/2018	3.3.2	Gaze Project	O4	3	M	Bilingual	G130	06/09/2018	89100	1280 x 720		Raw Data	Ord4_T2_L.avi	190	0	900	720									25720	10:16:14.741	1536226348513710															0	2471		Fixation	8	435	373	0.39	151.31	36.61																				3084	603	261	625	373	614	317	424	317	241.98	184.85	250.90	139.81	246.44	162.33	289.44	202.71	735.83	334.21	204.63	729.92					761.71	761.71	3.92	4.53	0	0				
07/12/2018	3.3.2	Gaze Project	O4	3	M	Bilingual	G130	06/09/2018	89100	1280 x 720		Raw Data	Ord4_T2_L.avi	190	0	900	720									25728	10:16:14.749	1536226348521971															0	2472		Fixation	8	465	321	1.87	60.10	268.79																				3085	611	362	655	321	633	341	443	341	245.07	144.13	263.06	160.51	254.07	152.32	289.46	202.79	736.05	334.25	204.70	730.11					761.95	761.95	4.23	4.47	0	0				
07/12/2018	3.3.2	Gaze Project	O4	3	M	Bilingual	G130	06/09/2018	89100	1280 x 720		Raw Data	Ord4_T2_L.avi	190	0	900	720									25737	10:16:14.757	1536226348530306															0	2473		Fixation	8	471	361	1.23	278.50	218.41																				3086	632	261	661	361	646	311	456	311	253.68	184.76	265.15	144.74	259.42	164.75	289.49	202.84	736.15	340.54	218.54	771.07					762.06	762.06	4.10	5.04	0	0				
07/12/2018	3.3.2	Gaze Project	O4	3	M	Bilingual	G130	06/09/2018	89100	1280 x 720		Raw Data	Ord4_T2_L.avi	190	0	900	720									25745	10:16:14.766	1536226348538666															0	2474		Fixation	8	441	392	1.30	226.03	307.53																				3087	616	427	631	392	623	409	433	409	247.37	117.89	253.28	132.11	250.33	125.00	289.41	202.72	736.20	334.30	204.78	730.32					762.06	762.06	4.65	4.68	0	0				
07/12/2018	3.3.2	Gaze Project	O4	3	M	Bilingual	G130	06/09/2018	89100	1280 x 720		Raw Data	Ord4_T2_L.avi	190	0	900	720									25753	10:16:14.774	1536226348547022															0	2475		Fixation	8	457	312	2.51	78.73	212.69																				3088	656	487	647	312	651	399	461	399	263.51	93.88	259.65	164.25	261.58	129.06	289.45	202.73	736.20	335.52	211.68	751.35					762.06	762.06	4.64	4.80	0	0				
07/12/2018	3.3.2	Gaze Project	O4	3	M	Bilingual	G130	06/09/2018	89100	1280 x 720		Raw Data	Ord4_T2_L.avi	190	0	900	720									25762	10:16:14.782	1536226348555292															0			Unclassified	8																									3089	636	444			636	444	446	444	255.49	111.10					289.48	202.74	736.19		-34.01						762.07		4.47		0	4				
07/12/2018	3.3.2	Gaze Project	O4	3	M	Bilingual	G130	06/09/2018	89100	1280 x 720		Raw Data	Ord4_T2_L.avi	190	0	900	720									25770	10:16:14.791	1536226348563646															0	2476		Fixation	8	456	323	0.34	264.82	186.10																				3090	616	430	646	323	631	376	441	376	247.10	116.97	259.21	159.96	253.15	138.47	289.51	202.75	736.19	335.65	212.22	752.98					762.07	762.07	4.60	4.76	0	0				
07/12/2018	3.3.2	Gaze Project	O4	3	M	Bilingual	G130	06/09/2018	89100	1280 x 720		Raw Data	Ord4_T2_L.avi	190	0	900	720									25778	10:16:14.799	1536226348571974															0			Unclassified	8																									3091	610	329			610	329	420	329	244.95	157.30					289.54	202.76	736.19		-34.01						762.07		4.46		0	4				
07/12/2018	3.3.2	Gaze Project	O4	3	M	Bilingual	G130	06/09/2018	89100	1280 x 720		Raw Data	Ord4_T2_L.avi	190	0	900	720									25787	10:16:14.807	1536226348580325															0	2477		Fixation	8	457	308	0.45	86.20	181.38																				3092			647	308	647	308	457	308			259.66	165.71						336.45	216.57	765.93						0.00		4.83	4	0				
07/12/2018	3.3.2	Gaze Project	O4	3	M	Bilingual	G130	06/09/2018	89100	1280 x 720		Raw Data	Ord4_T2_L.avi	190	0	900	720									25795	10:16:14.816	1536226348588696															0	2478		Fixation	8	426	340	1.31	226.00	139.80																				3093	634	410	616	340	625	375	435	375	254.30	124.83	247.07	153.11	250.69	138.97	289.57	202.77	736.18	336.72	218.02	770.28					762.07	762.07	4.67	4.90	0	0				
07/12/2018	3.3.2	Gaze Project	O4	3	M	Bilingual	G130	06/09/2018	89100	1280 x 720		Raw Data	Ord4_T2_L.avi	190	0	900	720									25803	10:16:14.824	1536226348596963															0			Unclassified	8																									3094																			-34.01										4	4				
07/12/2018	3.3.2	Gaze Project	O4	3	M	Bilingual	G130	06/09/2018	89100	1280 x 720		Raw Data	Ord4_T2_L.avi	190	0	900	720									25812	10:16:14.832	1536226348605323															0			Unclassified	8																									3095	639	345			639	345	449	345	256.48	151.20					289.56	210.29	758.95		-34.01						786.02		4.72		0	4				
07/12/2018	3.3.2	Gaze Project	O4	3	M	Bilingual	G130	06/09/2018	89100	1280 x 720		Raw Data	Ord4_T2_L.avi	190	0	900	720									25820	10:16:14.841	1536226348613652															0	2479		Fixation	8	469	357	1.38	338.37	112.36																				3096			659	357	659	357	469	357			264.43	146.12						335.76	212.04	752.34						0.00		4.88	4	0				
07/12/2018	3.3.2	Gaze Project	O4	3	M	Bilingual	G130	06/09/2018	89100	1280 x 720		Raw Data	Ord4_T2_L.avi	190	0	900	720									25828	10:16:14.849	1536226348622006															0	2480		Fixation	8	474	368	0.37	294.37	316.01																				3097	617	424	664	368	640	396	450	396	247.50	119.11	266.49	141.87	256.99	130.49	289.60	210.07	758.21	335.81	212.24	752.94					785.25	785.25	4.70	4.89	0	0				
07/12/2018	3.3.2	Gaze Project	O4	3	M	Bilingual	G130	06/09/2018	89100	1280 x 720		Raw Data	Ord4_T2_L.avi	190	0	900	720									25837	10:16:14.857	1536226348630362															0			Unclassified	8																									3098																			-34.01										4	4				
07/12/2018	3.3.2	Gaze Project	O4	3	M	Bilingual	G130	06/09/2018	89100	1280 x 720		Raw Data	Ord4_T2_L.avi	190	0	900	720									25845	10:16:14.866	1536226348638630															0	2481		Fixation	8	457	318	1.60	108.72	174.35																				3099	607	313	647	318	627	315	437	315	243.80	163.76	259.60	162.07	251.70	162.91	289.64	211.05	761.10	335.86	212.26	752.97					788.30	788.30	4.49	4.68	0	0				
07/12/2018	3.3.2	Gaze Project	O4	3	M	Bilingual	G130	06/09/2018	89100	1280 x 720		Raw Data	Ord4_T2_L.avi	190	0	900	720									25853	10:16:14.874	1536226348646957															0			Unclassified	8																									3100	616	311			616	311	426	311	247.41	164.51					289.85	203.62	738.04		-34.01						764.11		4.18		0	4				
07/12/2018	3.3.2	Gaze Project	O4	3	M	Bilingual	G130	06/09/2018	89100	1280 x 720		Raw Data	Ord4_T2_L.avi	190	0	900	720									25862	10:16:14.882	1536226348655317															0	2482		Fixation	8	453	349	0.95	262.67	153.95																				3101	680	369	643	349	661	359	471	359	273.15	141.55	258.07	149.35	265.61	145.45	289.98	203.77	737.98	335.98	212.82	754.63					764.10	764.10	4.38	4.88	0	0				
07/12/2018	3.3.2	Gaze Project	O4	3	M	Bilingual	G130	06/09/2018	89100	1280 x 720		Raw Data	Ord4_T2_L.avi	190	0	900	720									25870	10:16:14.891	1536226348663676															0	2483		Fixation	8	442	319	0.96	110.08	207.41																				3102	601	323	632	319	616	321	426	321	241.26	159.80	253.82	161.63	247.54	160.72	289.92	203.74	738.35	336.29	214.52	759.76					764.44	764.44	4.21	4.79	0	0				
07/12/2018	3.3.2	Gaze Project	O4	3	M	Bilingual	G130	06/09/2018	89100	1280 x 720		Raw Data	Ord4_T2_L.avi	190	0	900	720									25878	10:16:14.899	1536226348671953															0			Unclassified	8																									3103																			-34.01										4	4				
07/12/2018	3.3.2	Gaze Project	O4	3	M	Bilingual	G130	06/09/2018	89100	1280 x 720		Raw Data	Ord4_T2_L.avi	190	0	900	720									25887	10:16:14.907	1536226348680296															0	2484		Fixation	8	407	445	3.90	254.52	144.45																				3104	648	343	597	445	622	394	432	394	259.96	151.68	239.48	110.59	249.72	131.13	289.86	203.60	738.40	336.02	212.62	754.09					764.45	764.45	4.47	5.00	0	0				
07/12/2018	3.3.2	Gaze Project	O4	3	M	Bilingual	G130	06/09/2018	89100	1280 x 720		Raw Data	Ord4_T2_L.avi	190	0	900	720									25895	10:16:14.916	1536226348688631															0	2485		Fixation	8	447	330	3.64	70.88	176.35																				3105	636	289	637	330	636	309	446	309	255.33	173.61	255.71	157.24	255.52	165.43	289.80	210.27	758.65	336.05	212.68	754.28					785.74	785.74	4.61	4.79	0	0				
07/12/2018	3.3.2	Gaze Project	O4	3	M	Bilingual	G130	06/09/2018	89100	1280 x 720		Raw Data	Ord4_T2_L.avi	190	0	900	720									25903	10:16:14.924	1536226348696993															0	2486		Fixation	8	487	282	1.89	50.29	339.41																				3106			677	282	677	282	487	282			271.95	176.32						335.96	212.10	752.59						0.00		4.68	4	0				
07/12/2018	3.3.2	Gaze Project	O4	3	M	Bilingual	G130	06/09/2018	89100	1280 x 720		Raw Data	Ord4_T2_L.avi	190	0	900	720									25912	10:16:14.932	1536226348705344															0			Unclassified	8																									3107	664	403			664	403	474	403	266.69	127.82					289.91	203.60	738.40		-34.01						764.45		4.90		0	4				
07/12/2018	3.3.2	Gaze Project	O4	3	M	Bilingual	G130	06/09/2018	89100	1280 x 720		Raw Data	Ord4_T2_L.avi	190	0	900	720									25920	10:16:14.941	1536226348713616															0			Unclassified	8																									3108	676	187			676	187	486	187	271.37	214.55					289.93	203.28	737.24		-34.01						763.25		3.47		0	4				
07/12/2018	3.3.2	Gaze Project	O4	3	M	Bilingual	G130	06/09/2018	89100	1280 x 720		Raw Data	Ord4_T2_L.avi	190	0	900	720									25928	10:16:14.949	1536226348721955															0			Unclassified	8																									3109	623	234			623	234	433	234	249.96	195.76					289.95	203.00	736.39		-34.01						762.35		3.81		0	4				
07/12/2018	3.3.2	Gaze Project	O4	3	M	Bilingual	G130	06/09/2018	89100	1280 x 720		Raw Data	Ord4_T2_L.avi	190	0	900	720									25937	10:16:14.957	1536226348730298															0	2487		Fixation	8	425	421	4.63	246.03	195.74																				3110	657	171	615	421	636	296	446	296	263.61	221.01	246.67	120.44	255.14	170.73	289.95	204.95	742.63	335.25	207.65	739.46					768.89	768.89	3.60	4.81	0	0				
07/12/2018	3.3.2	Gaze Project	O4	3	M	Bilingual	G130	06/09/2018	89100	1280 x 720		Raw Data	Ord4_T2_L.avi	190	0	900	720									25945	10:16:14.966	1536226348738645															0			Unclassified	8																									3111	662	235			662	235	472	235	265.70	195.17					289.99	202.90	736.43		-34.01						762.36		3.62		0	4				
07/12/2018	3.3.2	Gaze Project	O4	3	M	Bilingual	G130	06/09/2018	89100	1280 x 720		Raw Data	Ord4_T2_L.avi	190	0	900	720									25953	10:16:14.974	1536226348747016															0	2488		Fixation	8	490	265	5.18	67.45	181.42																				3112	929	281	680	265	804	273	614	273	372.97	176.60	273.14	183.27	323.06	179.93	335.20	206.40	735.01	336.56	209.33	743.79					765.41	765.41	4.06	4.13	3	1				
07/12/2018	3.3.2	Gaze Project	O4	3	M	Bilingual	G130	06/09/2018	89100	1280 x 720		Raw Data	Ord4_T2_L.avi	190	0	900	720									25962	10:16:14.982	1536226348755262															0			Unclassified	8																									3113																			-34.01										4	4				
07/12/2018	3.3.2	Gaze Project	O4	3	M	Bilingual	G130	06/09/2018	89100	1280 x 720		Raw Data	Ord4_T2_L.avi	190	0	900	720									25970	10:16:14.991	1536226348763609															0			Unclassified	8																									3114																			-34.01										4	4				
07/12/2018	3.3.2	Gaze Project	O4	3	M	Bilingual	G130	06/09/2018	89100	1280 x 720		Raw Data	Ord4_T2_L.avi	190	0	900	720									25978	10:16:14.999	1536226348771969															0	2489		Fixation	8	502	387	3.78	275.60	208.15																				3115			692	387	692	387	502	387			277.74	134.11						335.33	207.75	739.82						0.00		4.95	4	0				
07/12/2018	3.3.2	Gaze Project	O4	3	M	Bilingual	G130	06/09/2018	89100	1280 x 720		Raw Data	Ord4_T2_L.avi	190	0	900	720									25987	10:16:15.007	1536226348780328															0			Unclassified	8																									3116																			-34.01										4	4				
07/12/2018	3.3.2	Gaze Project	O4	3	M	Bilingual	G130	06/09/2018	89100	1280 x 720		Raw Data	Ord4_T2_L.avi	190	0	900	720									25995	10:16:15.016	1536226348788604															0			Unclassified	8																									3117																			-34.01										4	4				
07/12/2018	3.3.2	Gaze Project	O4	3	M	Bilingual	G130	06/09/2018	89100	1280 x 720		Raw Data	Ord4_T2_L.avi	190	0	900	720									26003	10:16:15.024	1536226348796945															0	2490		Fixation	8	450	308	2.89	123.27	207.67																				3118			640	308	640	308	450	308			257.07	166.09						336.40	213.95	758.24						0.00		4.67	4	0				
07/12/2018	3.3.2	Gaze Project	O4	3	M	Bilingual	G130	06/09/2018	89100	1280 x 720		Raw Data	Ord4_T2_L.avi	190	0	900	720									26012	10:16:15.032	1536226348805286															0	2491		Fixation	8	457	259	1.48	81.90	318.63																				3119	710	235	647	259	678	247	488	247	285.07	195.38	259.83	185.55	272.45	190.46	290.03	203.95	738.95	337.00	217.30	768.21					765.09	765.09	4.02	4.81	0	0				
07/12/2018	3.3.2	Gaze Project	O4	3	M	Bilingual	G130	06/09/2018	89100	1280 x 720		Raw Data	Ord4_T2_L.avi	190	0	900	720									26020	10:16:15.041	1536226348813643															0			Unclassified	8																									3120	647	419			647	419	457	419	259.61	121.30					290.10	203.86	738.99		-34.01						765.10		4.48		0	4				
07/12/2018	3.3.2	Gaze Project	O4	3	M	Bilingual	G130	06/09/2018	89100	1280 x 720		Raw Data	Ord4_T2_L.avi	190	0	900	720									26028	10:16:15.049	1536226348821999															0	2492		Fixation	8	499	336	2.67	298.53	216.64																				3121	669	260	689	336	679	298	489	298	268.50	185.13	276.74	154.54	272.62	169.84	290.07	204.16	739.45	335.04	206.60	735.65					765.62	765.62	4.13	4.58	0	0				
07/12/2018	3.3.2	Gaze Project	O4	3	M	Bilingual	G130	06/09/2018	89100	1280 x 720		Raw Data	Ord4_T2_L.avi	190	0	900	720									26037	10:16:15.057	1536226348830267															0	2493		Fixation	8	455	361	1.56	209.68	271.15																				3122			645	361	645	361	455	361			258.96	144.60						335.09	206.53	735.68						0.00		4.66	4	0				
07/12/2018	3.3.2	Gaze Project	O4	3	M	Bilingual	G130	06/09/2018	89100	1280 x 720		Raw Data	Ord4_T2_L.avi	190	0	900	720									26045	10:16:15.066	1536226348838610															0			Unclassified	8																									3123	675	222			675	222	485	222	270.90	200.59					290.09	204.51	740.28		-34.01						766.52		3.98		0	4				
07/12/2018	3.3.2	Gaze Project	O4	3	M	Bilingual	G130	06/09/2018	89100	1280 x 720		Raw Data	Ord4_T2_L.avi	190	0	900	720									26053	10:16:15.074	1536226348846957															0			Unclassified	8																									3124	660	221			660	221	470	221	264.90	201.13					290.09	204.58	740.41		-34.01						766.66		3.89		0	4				
07/12/2018	3.3.2	Gaze Project	O4	3	M	Bilingual	G130	06/09/2018	89100	1280 x 720		Raw Data	Ord4_T2_L.avi	190	0	900	720									26062	10:16:15.082	1536226348855309															0	2494		Fixation	8	465	272	2.66	83.61	233.93																				3125	682	255	655	272	668	263	478	263	273.58	187.10	262.75	180.53	268.17	183.81	290.07	204.43	739.94	338.77	228.29	800.52					766.17	766.17	4.19	4.96	0	0				
07/12/2018	3.3.2	Gaze Project	O4	3	M	Bilingual	G130	06/09/2018	89100	1280 x 720		Raw Data	Ord4_T2_L.avi	190	0	900	720									26070	10:16:15.091	1536226348863664															0			Unclassified	8																									3126																			-34.01										4	4				
07/12/2018	3.3.2	Gaze Project	O4	3	M	Bilingual	G130	06/09/2018	89100	1280 x 720		Raw Data	Ord4_T2_L.avi	190	0	900	720									26078	10:16:15.099	1536226348871937															0	2495		Fixation	8	436	255	0.98	149.54	65.93																				3127	606	403	626	255	616	329	426	329	243.29	127.56	251.48	187.40	247.38	157.48	289.94	216.14	775.90	336.34	213.94	757.57					803.95	803.95	4.83	4.61	0	0				
07/12/2018	3.3.2	Gaze Project	O4	3	M	Bilingual	G130	06/09/2018	89100	1280 x 720		Raw Data	Ord4_T2_L.avi	190	0	900	720									26087	10:16:15.107	1536226348880261															0			Unclassified	8																									3128	673	379			673	379	483	379	269.98	137.23					289.93	216.89	778.17		-34.01						806.34		4.81		0	4				
07/12/2018	3.3.2	Gaze Project	O4	3	M	Bilingual	G130	06/09/2018	89100	1280 x 720		Raw Data	Ord4_T2_L.avi	190	0	900	720									26095	10:16:15.116	1536226348888622															0	2496		Fixation	8	457	217	1.32	61.15	271.61																				3129	655	144	647	217	651	180	461	180	262.87	232.04	259.60	202.74	261.24	217.39	291.15	207.95	750.23	335.48	209.09	743.08					777.08	777.08	3.53	3.98	0	0				
07/12/2018	3.3.2	Gaze Project	O4	3	M	Bilingual	G130	06/09/2018	89100	1280 x 720		Raw Data	Ord4_T2_L.avi	190	0	900	720									26103	10:16:15.124	1536226348896976															0			Unclassified	8																									3130	627	201			627	201	437	201	251.67	209.20					290.04	203.80	738.18		-34.01						764.31		3.88		0	4				
07/12/2018	3.3.2	Gaze Project	O4	3	M	Bilingual	G130	06/09/2018	89100	1280 x 720		Raw Data	Ord4_T2_L.avi	190	0	900	720									26112	10:16:15.132	1536226348905247															0	2497		Fixation	8	456	205	0.37	94.75	33.60																				3131	676	159	646	205	661	182	471	182	271.28	225.80	259.24	207.28	265.26	216.54	291.49	209.25	754.19	335.39	208.71	741.93					781.26	781.26	3.69	4.06	0	0				
07/12/2018	3.3.2	Gaze Project	O4	3	M	Bilingual	G130	06/09/2018	89100	1280 x 720		Raw Data	Ord4_T2_L.avi	190	0	900	720									26120	10:16:15.141	1536226348913586															0			Unclassified	8																									3132	680	169			680	169	490	169	272.82	221.90					290.03	204.01	738.74		-34.01						764.90		3.50		0	4				
07/12/2018	3.3.2	Gaze Project	O4	3	M	Bilingual	G130	06/09/2018	89100	1280 x 720		Raw Data	Ord4_T2_L.avi	190	0	900	720									26128	10:16:15.149	1536226348921929															0			Unclassified	8																									3133	666	166			666	166	476	166	267.32	222.92					290.03	202.43	734.39		-34.01						760.28		3.54		0	4				
07/12/2018	3.3.2	Gaze Project	O4	3	M	Bilingual	G130	06/09/2018	89100	1280 x 720		Raw Data	Ord4_T2_L.avi	190	0	900	720									26137	10:16:15.157	1536226348930291															0			Unclassified	8																									3134																			-34.01										4	4				
07/12/2018	3.3.2	Gaze Project	O4	3	M	Bilingual	G130	06/09/2018	89100	1280 x 720		Raw Data	Ord4_T2_L.avi	190	0	900	720									26145	10:16:15.166	1536226348938650															0	2498		Fixation	8	491	199	1.09	9.76	275.01																				3135	690	137	681	199	685	168	495	168	276.91	234.84	273.44	209.64	275.18	222.24	292.27	212.14	763.01	335.40	209.04	743.00					790.57	790.57	3.62	3.84	0	0				
07/12/2018	3.3.2	Gaze Project	O4	3	M	Bilingual	G130	06/09/2018	89100	1280 x 720		Raw Data	Ord4_T2_L.avi	190	0	900	720									26153	10:16:15.174	1536226348946918															0			Unclassified	8																									3136	636	375			636	375	446	375	255.18	139.13					289.97	203.86	738.80		-34.01						764.91		4.30		0	4				
07/12/2018	3.3.2	Gaze Project	O4	3	M	Bilingual	G130	06/09/2018	89100	1280 x 720		Raw Data	Ord4_T2_L.avi	190	0	900	720									26162	10:16:15.182	1536226348955243															0	2499		Fixation	8	471	298	3.12	258.61	248.86																				3137			661	298	661	298	471	298			265.43	170.09						335.41	209.26	743.68						0.00		4.39	4	0				
07/12/2018	3.3.2	Gaze Project	O4	3	M	Bilingual	G130	06/09/2018	89100	1280 x 720		Raw Data	Ord4_T2_L.avi	190	0	900	720									26170	10:16:15.191	1536226348963604															0			Unclassified	8																									3138	640	177			640	177	450	177	256.79	218.52					289.93	203.68	737.91		-34.01						764.01		3.51		0	4				
07/12/2018	3.3.2	Gaze Project	O4	3	M	Bilingual	G130	06/09/2018	89100	1280 x 720		Raw Data	Ord4_T2_L.avi	190	0	900	720									26178	10:16:15.199	1536226348971963															0	2500		Fixation	8	447	190	3.41	102.49	203.88																				3139	671	232	637	190	654	211	464	211	269.47	196.35	255.88	213.26	262.67	204.80	289.94	203.05	736.31	335.41	209.40	744.12					762.29	762.29	3.55	4.08	0	0				
07/12/2018	3.3.2	Gaze Project	O4	3	M	Bilingual	G130	06/09/2018	89100	1280 x 720		Raw Data	Ord4_T2_L.avi	190	0	900	720									26187	10:16:15.207	1536226348980242															0	2501		Fixation	8	443	274	2.54	267.28	164.79																				3140	677	163	633	274	655	218	465	218	271.68	224.50	254.10	179.70	262.89	202.10	289.92	204.58	740.59	337.05	218.96	772.77					766.84	766.84	3.60	4.77	0	0				
07/12/2018	3.3.2	Gaze Project	O4	3	M	Bilingual	G130	06/09/2018	89100	1280 x 720		Raw Data	Ord4_T2_L.avi	190	0	900	720									26195	10:16:15.216	1536226348988573															0			Unclassified	8																									3141																			-34.01										4	4				
07/12/2018	3.3.2	Gaze Project	O4	3	M	Bilingual	G130	06/09/2018	89100	1280 x 720		Raw Data	Ord4_T2_L.avi	190	0	900	720									26203	10:16:15.224	1536226348996919															0	2502		Fixation	8	467	273	0.71	2.39	95.11																				3142	649	135	657	273	653	204	463	204	260.61	235.60	263.63	180.12	262.12	207.86	289.86	210.63	759.45	336.52	216.01	764.03					786.61	786.61	3.44	4.65	0	0				
07/12/2018	3.3.2	Gaze Project	O4	3	M	Bilingual	G130	06/09/2018	89100	1280 x 720		Raw Data	Ord4_T2_L.avi	190	0	900	720									26212	10:16:15.232	1536226349005274															0	2503		Fixation	8	477	319	1.42	282.23	279.83																				3143	661	131	667	319	664	225	474	225	265.44	237.22	267.65	161.53	266.55	199.37	289.85	211.06	760.83	336.22	214.28	758.91					788.06	788.06	3.51	4.68	0	0				
07/12/2018	3.3.2	Gaze Project	O4	3	M	Bilingual	G130	06/09/2018	89100	1280 x 720		Raw Data	Ord4_T2_L.avi	190	0	900	720									26220	10:16:15.241	1536226349013631															0			Unclassified	8																									3144	627	139			627	139	437	139	251.77	234.06					289.84	210.85	760.25		-34.01						787.44		3.48		0	4				
07/12/2018	3.3.2	Gaze Project	O4	3	M	Bilingual	G130	06/09/2018	89100	1280 x 720		Raw Data	Ord4_T2_L.avi	190	0	900	720									26228	10:16:15.249	1536226349021902															0	2504		Fixation	8	465	328	0.45	216.96	294.73																				3145	618	216	655	328	636	272	446	272	248.03	202.90	262.78	157.75	255.41	180.32	289.84	210.53	759.36	336.95	218.44	771.48					786.50	786.50	3.85	4.83	0	0				
07/12/2018	3.3.2	Gaze Project	O4	3	M	Bilingual	G130	06/09/2018	89100	1280 x 720		Raw Data	Ord4_T2_L.avi	190	0	900	720									26237	10:16:15.257	1536226349030255															0	2505		Fixation	8	435	304	1.14	141.25	284.29																				3146	642	335	625	304	633	319	443	319	257.76	155.12	250.81	167.48	254.29	161.30	289.83	210.49	759.28	336.87	217.92	769.97					786.41	786.41	4.69	4.86	0	0				
07/12/2018	3.3.2	Gaze Project	O4	3	M	Bilingual	G130	06/09/2018	89100	1280 x 720		Raw Data	Ord4_T2_L.avi	190	0	900	720									26245	10:16:15.266	1536226349038587															0			Unclassified	8																									3147																			-34.01										4	4				
07/12/2018	3.3.2	Gaze Project	O4	3	M	Bilingual	G130	06/09/2018	89100	1280 x 720		Raw Data	Ord4_T2_L.avi	190	0	900	720									26253	10:16:15.274	1536226349046931															0	2506		Fixation	8	526	259	3.03	26.39	245.14																				3148	632	331	716	259	674	295	484	295	253.85	156.58	287.36	185.74	270.60	171.16	289.80	211.50	762.53	336.15	213.92	758.19					789.81	789.81	4.50	4.60	0	0				
07/12/2018	3.3.2	Gaze Project	O4	3	M	Bilingual	G130	06/09/2018	89100	1280 x 720		Raw Data	Ord4_T2_L.avi	190	0	900	720									26262	10:16:15.282	1536226349055300															0	2507		Fixation	8	471	292	1.93	211.05	184.66																				3149			661	292	661	292	471	292			265.23	172.46						336.15	213.96	758.35						0.00		4.63	4	0				
07/12/2018	3.3.2	Gaze Project	O4	3	M	Bilingual	G130	06/09/2018	89100	1280 x 720		Raw Data	Ord4_T2_L.avi	190	0	900	720									26270	10:16:15.291	1536226349063571															0			Unclassified	8																									3150	607	165			607	165	417	165	243.66	223.56					289.78	209.34	756.10		-34.01						783.03		3.53		0	4				
07/12/2018	3.3.2	Gaze Project	O4	3	M	Bilingual	G130	06/09/2018	89100	1280 x 720		Raw Data	Ord4_T2_L.avi	190	0	900	720									26278	10:16:15.299	1536226349071907															0	2508		Fixation	8	447	351	1.91	247.93	36.88																				3151	648	400	637	351	642	375	452	375	260.24	128.75	255.86	148.79	258.05	138.77	289.71	215.00	773.42	336.11	213.90	758.30					801.24	801.24	4.74	4.81	0	0				
07/12/2018	3.3.2	Gaze Project	O4	3	M	Bilingual	G130	06/09/2018	89100	1280 x 720		Raw Data	Ord4_T2_L.avi	190	0	900	720									26287	10:16:15.307	1536226349080259															0	2509		Fixation	8	432	248	3.15	98.26	210.33																				3152	578	260	622	248	600	254	410	254	232.16	185.16	249.49	190.21	240.83	187.68	289.68	215.75	775.72	335.84	212.37	753.79					803.66	803.66	4.49	4.59	0	0				
07/12/2018	3.3.2	Gaze Project	O4	3	M	Bilingual	G130	06/09/2018	89100	1280 x 720		Raw Data	Ord4_T2_L.avi	190	0	900	720									26295	10:16:15.316	1536226349088612															0			Unclassified	8																									3153	623	293			623	293	433	293	250.24	172.02					289.70	211.27	762.17		-34.01						789.40		4.53		0	4				
07/12/2018	3.3.2	Gaze Project	O4	3	M	Bilingual	G130	06/09/2018	89100	1280 x 720		Raw Data	Ord4_T2_L.avi	190	0	900	720									26303	10:16:15.324	1536226349096894															0			Unclassified	8																									3154																			-34.01										4	4				
07/12/2018	3.3.2	Gaze Project	O4	3	M	Bilingual	G130	06/09/2018	89100	1280 x 720		Raw Data	Ord4_T2_L.avi	190	0	900	720									26312	10:16:15.332	1536226349105233															0			Unclassified	8																									3155	639	411			639	411	449	411	256.52	124.43					289.67	210.58	760.20		-34.01						787.30		4.66		0	4				
07/12/2018	3.3.2	Gaze Project	O4	3	M	Bilingual	G130	06/09/2018	89100	1280 x 720		Raw Data	Ord4_T2_L.avi	190	0	900	720									26320	10:16:15.341	1536226349113566															0	2510		Fixation	8	438	300	1.59	276.56	178.30																				3156	603	267	628	300	615	283	425	283	242.12	182.47	251.96	169.05	247.04	175.76	289.65	211.37	762.63	335.89	212.85	755.46					789.86	789.86	4.44	4.68	0	0				
07/12/2018	3.3.2	Gaze Project	O4	3	M	Bilingual	G130	06/09/2018	89100	1280 x 720		Raw Data	Ord4_T2_L.avi	190	0	900	720									26328	10:16:15.349	1536226349121932															0	2511		Fixation	8	479	277	1.40	29.37	112.81																				3157	624	469	669	277	646	373	456	373	250.51	101.02	268.58	178.56	259.54	139.79	289.63	211.56	763.30	336.99	219.40	775.13					790.55	790.55	4.74	4.79	0	0				
07/12/2018	3.3.2	Gaze Project	O4	3	M	Bilingual	G130	06/09/2018	89100	1280 x 720		Raw Data	Ord4_T2_L.avi	190	0	900	720									26337	10:16:15.357	1536226349130287															0			Unclassified	8																									3158	665	330			665	330	475	330	266.77	157.18					289.70	204.11	740.28		-34.01						766.38		4.18		0	4				
07/12/2018	3.3.2	Gaze Project	O4	3	M	Bilingual	G130	06/09/2018	89100	1280 x 720		Raw Data	Ord4_T2_L.avi	190	0	900	720									26345	10:16:15.366	1536226349138551															0	2512		Fixation	8	421	301	1.85	202.54	173.17																				3159	680	230	611	301	645	265	455	265	273.02	197.49	245.19	168.63	259.11	183.06	289.66	204.15	740.47	336.52	216.78	767.42					766.57	766.57	3.93	4.75	0	0				
07/12/2018	3.3.2	Gaze Project	O4	3	M	Bilingual	G130	06/09/2018	89100	1280 x 720		Raw Data	Ord4_T2_L.avi	190	0	900	720									26353	10:16:15.374	1536226349146892															0	2513		Fixation	8	433	335	1.08	289.38	86.84																				3160	654	228	623	335	638	281	448	281	262.53	198.28	250.09	154.88	256.31	176.58	289.65	204.05	740.22	336.01	213.85	758.64					766.30	766.30	3.95	4.68	0	0				
07/12/2018	3.3.2	Gaze Project	O4	3	M	Bilingual	G130	06/09/2018	89100	1280 x 720		Raw Data	Ord4_T2_L.avi	190	0	900	720									26362	10:16:15.382	1536226349155239															0			Unclassified	8																									3161	679	248			679	248	489	248	272.53	190.09					289.63	203.98	740.08		-34.01						766.15		4.07		0	4				
07/12/2018	3.3.2	Gaze Project	O4	3	M	Bilingual	G130	06/09/2018	89100	1280 x 720		Raw Data	Ord4_T2_L.avi	190	0	900	720									26370	10:16:15.391	1536226349163595															0	2514		Fixation	8	450	342	0.55	337.55	48.17																				3162	658	341	640	342	649	341	459	341	263.98	152.61	257.07	152.13	260.52	152.37	289.59	210.91	761.61	336.14	214.60	761.03					788.74	788.74	4.55	4.74	0	0				
07/12/2018	3.3.2	Gaze Project	O4	3	M	Bilingual	G130	06/09/2018	89100	1280 x 720		Raw Data	Ord4_T2_L.avi	190	0	900	720									26378	10:16:15.399	1536226349171955															0	2515		Fixation	8	456	290	1.57	83.44	105.88																				3163			646	290	646	290	456	290			259.30	173.03						336.14	214.59	761.01						0.00		4.63	4	0				
07/12/2018	3.3.2	Gaze Project	O4	3	M	Bilingual	G130	06/09/2018	89100	1280 x 720		Raw Data	Ord4_T2_L.avi	190	0	900	720									26387	10:16:15.407	1536226349180223															0			Unclassified	8																									3164	731	198			731	198	541	198	293.48	210.30					289.57	204.08	740.04		-34.01						766.14		3.79		0	4				
07/12/2018	3.3.2	Gaze Project	O4	3	M	Bilingual	G130	06/09/2018	89100	1280 x 720		Raw Data	Ord4_T2_L.avi	190	0	900	720									26395	10:16:15.416	1536226349188552															0	2516		Fixation	8	448	338	1.46	260.57	177.13																				3165	634	419	638	338	636	378	446	378	254.37	121.22	256.20	153.70	255.28	137.46	289.63	203.83	740.14	336.02	213.94	759.06					766.16	766.16	4.33	4.77	0	0				
07/12/2018	3.3.2	Gaze Project	O4	3	M	Bilingual	G130	06/09/2018	89100	1280 x 720		Raw Data	Ord4_T2_L.avi	190	0	900	720									26403	10:16:15.424	1536226349196894															0			Unclassified	8																									3166	602	355			602	355	412	355	241.70	147.14					289.64	203.84	740.14		-34.01						766.16		4.24		0	4				
07/12/2018	3.3.2	Gaze Project	O4	3	M	Bilingual	G130	06/09/2018	89100	1280 x 720		Raw Data	Ord4_T2_L.avi	190	0	900	720									26412	10:16:15.432	1536226349205252															0	2517		Fixation	8	454	316	0.68	74.79	174.22																				3167	725	281	644	316	684	298	494	298	291.09	176.75	258.44	162.77	274.76	169.76	289.56	203.90	739.86	336.18	214.86	761.74					765.91	765.91	3.98	4.76	0	0				
07/12/2018	3.3.2	Gaze Project	O4	3	M	Bilingual	G130	06/09/2018	89100	1280 x 720		Raw Data	Ord4_T2_L.avi	190	0	900	720									26420	10:16:15.441	1536226349213512															0			Unclassified	8																									3168	589	227			589	227	399	227	236.56	198.55					289.64	203.79	739.91		-34.01						765.92		4.15		0	4				
07/12/2018	3.3.2	Gaze Project	O4	3	M	Bilingual	G130	06/09/2018	89100	1280 x 720		Raw Data	Ord4_T2_L.avi	190	0	900	720									26428	10:16:15.449	1536226349221894															0	2518		Fixation	8	454	299	0.51	90.00	15.21																				3169	626	250	644	299	635	274	445	274	251.46	189.15	258.49	169.58	254.97	179.36	289.49	216.44	778.35	336.21	215.01	762.08					806.35	806.35	4.49	4.76	0	0				
07/12/2018	3.3.2	Gaze Project	O4	3	M	Bilingual	G130	06/09/2018	89100	1280 x 720		Raw Data	Ord4_T2_L.avi	190	0	900	720									26437	10:16:15.457	1536226349230214															0	2519		Fixation	8	500	230	2.49	56.39	326.39																				3170	658	354	690	230	674	292	484	292	264.24	147.34	277.15	197.49	270.69	172.41	289.62	203.82	739.89	336.14	214.58	760.79					765.92	765.92	4.41	4.61	0	0				
07/12/2018	3.3.2	Gaze Project	O4	3	M	Bilingual	G130	06/09/2018	89100	1280 x 720		Raw Data	Ord4_T2_L.avi	190	0	900	720									26445	10:16:15.466	1536226349238582															0	2520		Fixation	8	476	229	0.72	177.61	121.21																				3171	619	283	666	229	642	256	452	256	248.60	176.09	267.34	197.81	257.97	186.95	289.51	214.73	773.03	336.25	215.26	762.72					800.77	800.77	4.64	4.58	0	0				
07/12/2018	3.3.2	Gaze Project	O4	3	M	Bilingual	G130	06/09/2018	89100	1280 x 720		Raw Data	Ord4_T2_L.avi	190	0	900	720									26453	10:16:15.474	1536226349246936															0	2521		Fixation	8	465	239	0.44	222.37	44.76																				3172	650	291	655	239	652	265	462	265	260.81	172.93	263.01	193.89	261.91	183.41	289.51	215.50	775.26	336.77	218.21	771.53					803.13	803.13	4.50	4.75	0	0				
07/12/2018	3.3.2	Gaze Project	O4	3	M	Bilingual	G130	06/09/2018	89100	1280 x 720		Raw Data	Ord4_T2_L.avi	190	0	900	720									26462	10:16:15.482	1536226349255204															0	2522		Fixation	8	466	300	1.81	270.94	48.57																				3173	565	252	656	300	610	276	420	276	226.67	188.46	263.33	169.21	245.00	178.84	289.57	210.95	761.40	336.98	219.44	775.18					788.55	788.55	4.50	4.91	0	0				
07/12/2018	3.3.2	Gaze Project	O4	3	M	Bilingual	G130	06/09/2018	89100	1280 x 720		Raw Data	Ord4_T2_L.avi	190	0	900	720									26470	10:16:15.491	1536226349263564															0			Unclassified	8																									3174	570	326			570	326	380	326	228.80	158.67					289.59	210.56	760.19		-34.01						787.29		4.42		0	4				
07/12/2018	3.3.2	Gaze Project	O4	3	M	Bilingual	G130	06/09/2018	89100	1280 x 720		Raw Data	Ord4_T2_L.avi	190	0	900	720									26478	10:16:15.499	1536226349271900															0	2523		Fixation	8	436	340	1.48	233.22	322.28																				3175	597	258	626	340	611	299	421	299	239.82	186.18	251.43	153.09	245.62	169.64	289.59	210.42	759.77	335.95	213.19	756.48					786.84	786.84	4.54	4.61	0	0				
07/12/2018	3.3.2	Gaze Project	O4	3	M	Bilingual	G130	06/09/2018	89100	1280 x 720		Raw Data	Ord4_T2_L.avi	190	0	900	720									26487	10:16:15.507	1536226349280248															0	2524		Fixation	8	430	317	0.72	104.58	231.36																				3176	535	270	620	317	577	293	387	293	214.75	181.41	248.97	162.16	231.86	171.78	289.59	210.34	759.56	336.19	214.54	760.51					786.62	786.62	4.24	4.71	0	0				
07/12/2018	3.3.2	Gaze Project	O4	3	M	Bilingual	G130	06/09/2018	89100	1280 x 720		Raw Data	Ord4_T2_L.avi	190	0	900	720									26495	10:16:15.516	1536226349288604															0	2525		Fixation	8	475	267	2.02	48.10	303.53																				3177	648	394	665	267	656	330	466	330	260.23	131.11	267.07	182.25	263.65	156.68	289.60	209.43	756.74	335.86	212.61	754.73					783.66	783.66	4.61	4.59	0	0				
07/12/2018	3.3.2	Gaze Project	O4	3	M	Bilingual	G130	06/09/2018	89100	1280 x 720		Raw Data	Ord4_T2_L.avi	190	0	900	720									26503	10:16:15.524	1536226349296870															0			Unclassified	8																									3178	608	329			608	329	418	329	244.25	157.27					289.60	210.38	759.70		-34.01						786.77		4.71		0	4				
07/12/2018	3.3.2	Gaze Project	O4	3	M	Bilingual	G130	06/09/2018	89100	1280 x 720		Raw Data	Ord4_T2_L.avi	190	0	900	720									26512	10:16:15.532	1536226349305203															0	2526		Fixation	8	442	302	1.45	226.78	178.67																				3179			632	302	632	302	442	302			253.87	168.28						335.87	212.50	754.49						0.00		4.56	4	0				
07/12/2018	3.3.2	Gaze Project	O4	3	M	Bilingual	G130	06/09/2018	89100	1280 x 720		Raw Data	Ord4_T2_L.avi	190	0	900	720									26520	10:16:15.541	1536226349313547															0			Unclassified	8																									3180																			-34.01										4	4				
07/12/2018	3.3.2	Gaze Project	O4	3	M	Bilingual	G130	06/09/2018	89100	1280 x 720		Raw Data	Ord4_T2_L.avi	190	0	900	720									26528	10:16:15.549	1536226349321925															0	2527		Fixation	8	494	266	1.91	34.78	168.00																				3181	634	272	684	266	659	269	469	269	254.29	180.27	274.73	182.93	264.51	181.60	289.53	216.16	777.31	335.80	211.99	753.04					805.28	805.28	4.54	4.62	0	0				
07/12/2018	3.3.2	Gaze Project	O4	3	M	Bilingual	G130	06/09/2018	89100	1280 x 720		Raw Data	Ord4_T2_L.avi	190	0	900	720									26537	10:16:15.557	1536226349330197															0	2528		Fixation	8	485	217	1.52	100.37	65.59																				3182	662	256	675	217	668	236	478	236	265.85	186.67	271.10	202.40	268.48	194.53	289.67	203.37	738.05	335.83	212.14	753.50					764.03	764.03	4.05	4.43	0	0				
07/12/2018	3.3.2	Gaze Project	O4	3	M	Bilingual	G130	06/09/2018	89100	1280 x 720		Raw Data	Ord4_T2_L.avi	190	0	900	720									26545	10:16:15.566	1536226349338534															0			Unclassified	8																									3183	650	269			650	269	460	269	261.06	181.64					289.69	203.45	738.31		-34.01						764.30		4.20		0	4				
07/12/2018	3.3.2	Gaze Project	O4	3	M	Bilingual	G130	06/09/2018	89100	1280 x 720		Raw Data	Ord4_T2_L.avi	190	0	900	720									26553	10:16:15.574	1536226349346871															0	2529		Fixation	8	443	314	3.21	246.66	146.28																				3184	642	226	633	314	637	270	447	270	257.73	198.79	254.17	163.70	255.95	181.25	289.70	203.48	738.40	335.89	212.37	754.25					764.40	764.40	4.03	4.75	0	0				
07/12/2018	3.3.2	Gaze Project	O4	3	M	Bilingual	G130	06/09/2018	89100	1280 x 720		Raw Data	Ord4_T2_L.avi	190	0	900	720									26562	10:16:15.582	1536226349355216															0	2530		Fixation	8	456	270	1.39	73.59	186.93																				3185	715	297	646	270	680	283	490	283	286.97	170.22	259.31	181.17	273.14	175.69	289.67	203.37	738.07	335.87	212.23	753.83					764.05	764.05	4.02	4.68	0	0				
07/12/2018	3.3.2	Gaze Project	O4	3	M	Bilingual	G130	06/09/2018	89100	1280 x 720		Raw Data	Ord4_T2_L.avi	190	0	900	720									26570	10:16:15.591	1536226349363589															0			Unclassified	8																									3186	700	169			700	169	510	169	280.79	222.03					289.66	203.49	738.02		-34.01						764.04		3.79		0	4				
07/12/2018	3.3.2	Gaze Project	O4	3	M	Bilingual	G130	06/09/2018	89100	1280 x 720		Raw Data	Ord4_T2_L.avi	190	0	900	720									26578	10:16:15.599	1536226349371848															0			Unclassified	8																									3187	685	192			685	192	495	192	274.77	212.82					289.69	203.41	738.22		-34.01						764.20		3.57		0	4				
07/12/2018	3.3.2	Gaze Project	O4	3	M	Bilingual	G130	06/09/2018	89100	1280 x 720		Raw Data	Ord4_T2_L.avi	190	0	900	720									26587	10:16:15.607	1536226349380181															0	2531		Fixation	8	454	283	0.40	261.28	187.69																				3188	660	276	644	283	652	279	462	279	264.93	178.69	258.60	175.78	261.77	177.24	289.69	203.38	738.17	336.04	213.11	756.53					764.15	764.15	4.13	4.77	0	0				
07/12/2018	3.3.2	Gaze Project	O4	3	M	Bilingual	G130	06/09/2018	89100	1280 x 720		Raw Data	Ord4_T2_L.avi	190	0	900	720									26595	10:16:15.616	1536226349388542															0	2532		Fixation	8	456	299	0.49	277.10	15.82																				3189	675	270	646	299	660	284	470	284	270.95	181.02	259.34	169.69	265.15	175.35	289.69	203.39	738.18	336.01	212.95	756.08					764.16	764.16	4.04	4.72	0	0				
07/12/2018	3.3.2	Gaze Project	O4	3	M	Bilingual	G130	06/09/2018	89100	1280 x 720		Raw Data	Ord4_T2_L.avi	190	0	900	720									26603	10:16:15.624	1536226349396902															0			Unclassified	8																									3190	745	184			745	184	555	184	299.20	215.79					289.63	203.51	738.13		-34.01						764.15		3.52		0	4				
07/12/2018	3.3.2	Gaze Project	O4	3	M	Bilingual	G130	06/09/2018	89100	1280 x 720		Raw Data	Ord4_T2_L.avi	190	0	900	720									26612	10:16:15.632	1536226349405257															0			Unclassified	8																									3191	664	271			664	271	474	271	266.55	180.79					289.59	203.31	737.98		-34.01						763.95		4.12		0	4				
07/12/2018	3.3.2	Gaze Project	O4	3	M	Bilingual	G130	06/09/2018	89100	1280 x 720		Raw Data	Ord4_T2_L.avi	190	0	900	720									26620	10:16:15.641	1536226349413528															0	2533		Fixation	8	443	319	0.72	237.06	319.96																				3192	659	277	633	319	646	298	456	298	264.67	178.42	254.21	161.55	259.44	169.98	289.64	203.27	737.90	335.99	212.80	755.68					763.85	763.85	4.13	4.78	0	0				
07/12/2018	3.3.2	Gaze Project	O4	3	M	Bilingual	G130	06/09/2018	89100	1280 x 720		Raw Data	Ord4_T2_L.avi	190	0	900	720									26628	10:16:15.649	1536226349421851															0	2534		Fixation	8	435	280	1.20	101.56	224.50																				3193	679	298	625	280	652	289	462	289	272.57	169.84	250.83	177.30	261.70	173.57	289.62	203.24	737.83	336.07	213.25	757.03					763.78	763.78	4.07	4.73	0	0				
07/12/2018	3.3.2	Gaze Project	O4	3	M	Bilingual	G130	06/09/2018	89100	1280 x 720		Raw Data	Ord4_T2_L.avi	190	0	900	720									26637	10:16:15.657	1536226349430214															0	2535		Fixation	8	427	247	1.03	103.58	2.03																				3194	724	267	617	247	670	257	480	257	290.66	182.60	247.83	190.35	269.24	186.48	289.59	203.21	737.77	336.00	212.85	755.86					763.72	763.72	4.08	4.63	0	0				
07/12/2018	3.3.2	Gaze Project	O4	3	M	Bilingual	G130	06/09/2018	89100	1280 x 720		Raw Data	Ord4_T2_L.avi	190	0	900	720									26645	10:16:15.666	1536226349438568															0	2536		Fixation	8	492	257	1.98	351.23	247.64																				3195	678	267	682	257	680	262	490	262	272.03	182.58	273.80	186.34	272.91	184.46	289.61	203.22	737.82	335.92	212.37	754.43					763.77	763.77	4.00	4.59	0	0				
07/12/2018	3.3.2	Gaze Project	O4	3	M	Bilingual	G130	06/09/2018	89100	1280 x 720		Raw Data	Ord4_T2_L.avi	190	0	900	720									26653	10:16:15.674	1536226349446851															0	2537		Fixation	8	453	333	2.58	242.91	251.68																				3196	723	274	643	333	683	303	493	303	290.20	179.78	258.28	155.74	274.24	167.76	289.56	203.13	737.60	335.99	212.79	755.71					763.52	763.52	3.96	4.73	0	0				
07/12/2018	3.3.2	Gaze Project	O4	3	M	Bilingual	G130	06/09/2018	89100	1280 x 720		Raw Data	Ord4_T2_L.avi	190	0	900	720									26662	10:16:15.682	1536226349455188															0	2538		Fixation	8	437	317	0.68	134.91	252.00																				3197	666	285	627	317	646	301	456	301	267.16	175.26	251.75	162.48	259.45	168.87	289.58	203.12	737.58	335.88	212.16	753.83					763.51	763.51	4.19	4.75	0	0				
07/12/2018	3.3.2	Gaze Project	O4	3	M	Bilingual	G130	06/09/2018	89100	1280 x 720		Raw Data	Ord4_T2_L.avi	190	0	900	720									26670	10:16:15.691	1536226349463515															0			Unclassified	8																									3198																			-34.01										4	4				
07/12/2018	3.3.2	Gaze Project	O4	3	M	Bilingual	G130	06/09/2018	89100	1280 x 720		Raw Data	Ord4_T2_L.avi	190	0	900	720									26678	10:16:15.699	1536226349471873															0	2539		Fixation	8	444	349	0.99	282.30	147.39																				3199	656	272	634	349	645	310	455	310	263.18	180.23	254.61	149.57	258.89	164.90	289.52	213.76	770.49	335.91	212.30	754.33					798.06	798.06	4.55	4.90	0	0				
07/12/2018	3.3.2	Gaze Project	O4	3	M	Bilingual	G130	06/09/2018	89100	1280 x 720		Raw Data	Ord4_T2_L.avi	190	0	900	720									26687	10:16:15.707	1536226349480240															0	2540		Fixation	8	436	302	1.44	99.63	177.33																				3200	604	292	626	302	615	297	425	297	242.57	172.51	251.12	168.27	246.84	170.39	289.57	210.21	759.67	336.02	212.93	756.23					786.68	786.68	4.36	4.57	0	0				
07/12/2018	3.3.2	Gaze Project	O4	3	M	Bilingual	G130	06/09/2018	89100	1280 x 720		Raw Data	Ord4_T2_L.avi	190	0	900	720									26695	10:16:15.716	1536226349488497															0	2541		Fixation	8	471	234	2.31	62.84	323.21																				3201	639	287	661	234	650	260	460	260	256.68	174.47	265.52	195.64	261.10	185.06	289.52	213.34	769.28	336.12	213.46	757.89					796.78	796.78	4.48	4.69	0	0				
07/12/2018	3.3.2	Gaze Project	O4	3	M	Bilingual	G130	06/09/2018	89100	1280 x 720		Raw Data	Ord4_T2_L.avi	190	0	900	720									26703	10:16:15.724	1536226349496837															0			Unclassified	8																									3202	652	395			652	395	462	395	261.74	131.03					289.57	210.01	759.15		-34.01						786.13		4.73		0	4				
07/12/2018	3.3.2	Gaze Project	O4	3	M	Bilingual	G130	06/09/2018	89100	1280 x 720		Raw Data	Ord4_T2_L.avi	190	0	900	720									26712	10:16:15.732	1536226349505186															0	2542		Fixation	8	426	274	1.81	221.73	158.89																				3203	590	310	616	274	603	292	413	292	236.72	164.95	247.44	179.55	242.08	172.25	289.51	214.29	772.19	336.11	213.34	757.51					799.84	799.84	4.62	4.72	0	0				
07/12/2018	3.3.2	Gaze Project	O4	3	M	Bilingual	G130	06/09/2018	89100	1280 x 720		Raw Data	Ord4_T2_L.avi	190	0	900	720									26720	10:16:15.741	1536226349513556															0	2543		Fixation	8	499	318	2.61	328.84	107.11																				3204	629	373	689	318	659	345	469	345	252.39	139.74	276.71	162.00	264.55	150.87	289.51	214.07	771.55	334.50	204.81	731.58					799.16	799.16	4.80	4.55	0	0				
07/12/2018	3.3.2	Gaze Project	O4	3	M	Bilingual	G130	06/09/2018	89100	1280 x 720		Raw Data	Ord4_T2_L.avi	190	0	900	720									26728	10:16:15.749	1536226349521834															0	2544		Fixation	8	567	243	3.17	47.89	79.05																				3205	595	303	757	243	676	273	486	273	238.69	167.79	304.05	192.16	271.37	179.98	289.51	214.08	771.58	334.53	204.92	731.54					799.19	799.19	4.64	4.32	0	0				
07/12/2018	3.3.2	Gaze Project	O4	3	M	Bilingual	G130	06/09/2018	89100	1280 x 720		Raw Data	Ord4_T2_L.avi	190	0	900	720									26737	10:16:15.757	1536226349530162															0	2545		Fixation	8	464	354	4.73	227.23	179.34																				3206	625	258	654	354	639	306	449	306	250.93	185.91	262.60	147.28	256.76	166.59	289.63	202.24	735.16	334.60	204.68	731.64					760.93	760.93	4.07	4.58	0	0				
07/12/2018	3.3.2	Gaze Project	O4	3	M	Bilingual	G130	06/09/2018	89100	1280 x 720		Raw Data	Ord4_T2_L.avi	190	0	900	720									26745	10:16:15.766	1536226349538501															0	2546		Fixation	8	418	304	2.08	132.52	265.29																				3207	640	439	608	304	624	371	434	371	256.84	113.00	243.88	167.49	250.36	140.25	289.64	202.09	735.22	336.31	214.20	760.28					760.94	760.94	4.65	4.81	0	0				
07/12/2018	3.3.2	Gaze Project	O4	3	M	Bilingual	G130	06/09/2018	89100	1280 x 720		Raw Data	Ord4_T2_L.avi	190	0	900	720									26753	10:16:15.774	1536226349546861															0			Unclassified	8																									3208	622	468			622	468	432	468	249.66	101.31					289.69	202.08	735.22		-34.01						760.95		4.58		0	4				
07/12/2018	3.3.2	Gaze Project	O4	3	M	Bilingual	G130	06/09/2018	89100	1280 x 720		Raw Data	Ord4_T2_L.avi	190	0	900	720									26762	10:16:15.782	1536226349555225															0	2547		Fixation	8	446	366	2.09	294.24	161.71																				3209	618	236	636	366	627	301	437	301	248.00	194.95	255.38	142.67	251.69	168.81	289.77	202.29	735.14	334.53	203.93	729.39					760.94	760.94	3.73	4.50	0	0				
07/12/2018	3.3.2	Gaze Project	O4	3	M	Bilingual	G130	06/09/2018	89100	1280 x 720		Raw Data	Ord4_T2_L.avi	190	0	900	720									26770	10:16:15.791	1536226349563489															0	2548		Fixation	8	454	389	0.76	289.12	354.89																				3210	674	425	644	389	659	407	469	407	270.37	118.89	258.60	133.21	264.49	126.05	289.66	201.98	734.72	334.53	203.90	729.37					760.44	760.44	4.49	4.60	0	0				
07/12/2018	3.3.2	Gaze Project	O4	3	M	Bilingual	G130	06/09/2018	89100	1280 x 720		Raw Data	Ord4_T2_L.avi	190	0	900	720									26778	10:16:15.799	1536226349571835															0	2549		Fixation	8	468	392	0.43	347.87	58.75																				3211	639	395	658	392	648	393	458	393	256.37	130.83	264.23	132.27	260.30	131.55	289.66	201.96	734.71	340.54	217.19	768.82					760.42	760.42	4.35	4.73	0	0				
07/12/2018	3.3.2	Gaze Project	O4	3	M	Bilingual	G130	06/09/2018	89100	1280 x 720		Raw Data	Ord4_T2_L.avi	190	0	900	720									26787	10:16:15.807	1536226349580174															0			Unclassified	8																									3212	624	415			624	415	434	415	250.54	122.73					289.62	201.82	734.33		-34.01						760.02		4.40		0	4				
07/12/2018	3.3.2	Gaze Project	O4	3	M	Bilingual	G130	06/09/2018	89100	1280 x 720		Raw Data	Ord4_T2_L.avi	190	0	900	720									26795	10:16:15.816	1536226349588519															0	2550		Fixation	8	444	383	0.76	159.38	171.52																				3213	689	417	634	383	661	400	471	400	276.43	122.06	254.54	135.66	265.49	128.86	289.61	201.79	734.31	340.65	217.39	769.51					759.98	759.98	4.39	4.77	0	0				
07/12/2018	3.3.2	Gaze Project	O4	3	M	Bilingual	G130	06/09/2018	89100	1280 x 720		Raw Data	Ord4_T2_L.avi	190	0	900	720									26803	10:16:15.824	1536226349596893															0	2551		Fixation	8	411	401	1.11	208.69	49.30																				3214	675	369	601	401	638	385	448	385	270.99	141.16	241.10	128.53	256.05	134.84	289.60	201.73	734.21	335.88	211.67	753.25					759.87	759.87	4.30	4.77	0	0				
07/12/2018	3.3.2	Gaze Project	O4	3	M	Bilingual	G130	06/09/2018	89100	1280 x 720		Raw Data	Ord4_T2_L.avi	190	0	900	720									26812	10:16:15.832	1536226349605159															0	2552		Fixation	8	460	306	3.23	62.79	214.10																				3215	653	507	650	306	651	406	461	406	261.94	85.72	261.09	166.85	261.52	126.28	289.59	201.73	734.27	335.53	209.63	747.19					759.93	759.93	4.51	4.65	0	0				
07/12/2018	3.3.2	Gaze Project	O4	3	M	Bilingual	G130	06/09/2018	89100	1280 x 720		Raw Data	Ord4_T2_L.avi	190	0	900	720									26820	10:16:15.841	1536226349613489															0			Unclassified	8																									3216	648	397			648	397	458	397	259.92	129.99					289.59	201.69	734.21		-34.01						759.87		4.23		0	4				
07/12/2018	3.3.2	Gaze Project	O4	3	M	Bilingual	G130	06/09/2018	89100	1280 x 720		Raw Data	Ord4_T2_L.avi	190	0	900	720									26828	10:16:15.849	1536226349621845															0	2553		Fixation	8	442	432	3.92	261.90	199.10																				3217	653	454	632	432	642	443	452	443	262.04	106.94	253.85	115.83	257.94	111.38	289.61	201.57	734.26	334.51	203.91	729.72					759.88	759.88	4.58	4.58	0	0				
07/12/2018	3.3.2	Gaze Project	O4	3	M	Bilingual	G130	06/09/2018	89100	1280 x 720		Raw Data	Ord4_T2_L.avi	190	0	900	720									26837	10:16:15.857	1536226349630207															0			Unclassified	8																									3218	604	417			604	417	414	417	242.50	122.01					289.77	201.80	734.17		-34.01						759.87		4.32		0	4				
07/12/2018	3.3.2	Gaze Project	O4	3	M	Bilingual	G130	06/09/2018	89100	1280 x 720		Raw Data	Ord4_T2_L.avi	190	0	900	720									26845	10:16:15.866	1536226349638463															0	2554		Fixation	8	441	415	0.53	93.36	191.46																				3219	660	395	631	415	645	405	455	405	264.89	130.80	253.18	122.94	259.03	126.87	289.56	201.39	733.43	334.49	203.78	729.77					759.02	759.02	4.29	4.63	0	0				
07/12/2018	3.3.2	Gaze Project	O4	3	M	Bilingual	G130	06/09/2018	89100	1280 x 720		Raw Data	Ord4_T2_L.avi	190	0	900	720									26853	10:16:15.874	1536226349646817															0	2555		Fixation	8	444	324	2.84	88.12	354.76																				3220	643	451	634	324	638	387	448	387	258.01	108.52	254.31	159.65	256.16	134.08	289.55	201.34	733.29	334.49	203.78	729.77					758.88	758.88	4.46	4.37	0	0				
07/12/2018	3.3.2	Gaze Project	O4	3	M	Bilingual	G130	06/09/2018	89100	1280 x 720		Raw Data	Ord4_T2_L.avi	190	0	900	720									26862	10:16:15.882	1536226349655152															0	2556		Fixation	8	420	505	5.65	262.47	174.35																				3221	659	390	610	505	634	447	444	447	264.38	132.98	244.68	86.67	254.53	109.83	289.54	201.34	733.27	334.48	203.78	729.77					758.85	758.85	4.46	4.75	0	0				
07/12/2018	3.3.2	Gaze Project	O4	3	M	Bilingual	G130	06/09/2018	89100	1280 x 720		Raw Data	Ord4_T2_L.avi	190	0	900	720									26870	10:16:15.891	1536226349663516															0			Unclassified	8																									3222	642	482			642	482	452	482	257.75	95.82					289.44	208.08	754.16		-34.01						780.78		4.81		0	4				
07/12/2018	3.3.2	Gaze Project	O4	3	M	Bilingual	G130	06/09/2018	89100	1280 x 720		Raw Data	Ord4_T2_L.avi	190	0	900	720									26878	10:16:15.899	1536226349671876															0	2557		Fixation	8	489	385	4.26	60.18	157.71																				3223	650	461	679	385	664	423	474	423	260.78	104.46	272.70	135.01	266.74	119.73	289.44	206.81	750.21	334.46	203.96	729.82					776.63	776.63	4.70	4.61	0	0				
07/12/2018	3.3.2	Gaze Project	O4	3	M	Bilingual	G130	06/09/2018	89100	1280 x 720		Raw Data	Ord4_T2_L.avi	190	0	900	720									26887	10:16:15.907	1536226349680137															0	2558		Fixation	8	439	389	1.56	184.59	124.41																				3224	641	405	629	389	635	397	445	397	257.39	126.72	252.53	133.10	254.96	129.91	289.48	201.65	734.05	334.45	203.86	729.86					759.69	759.69	4.37	4.51	0	0				
07/12/2018	3.3.2	Gaze Project	O4	3	M	Bilingual	G130	06/09/2018	89100	1280 x 720		Raw Data	Ord4_T2_L.avi	190	0	900	720									26895	10:16:15.916	1536226349688495															0	2559		Fixation	8	448	474	2.65	276.02	91.44																				3225	658	493	638	474	648	483	458	483	264.19	91.60	256.22	99.05	260.20	95.32	289.50	201.56	734.08	334.43	203.94	729.63					759.70	759.70	4.56	4.70	0	0				
07/12/2018	3.3.2	Gaze Project	O4	3	M	Bilingual	G130	06/09/2018	89100	1280 x 720		Raw Data	Ord4_T2_L.avi	190	0	900	720									26903	10:16:15.924	1536226349696816															0			Unclassified	8																									3226	681	386			681	386	491	386	273.31	134.68					289.42	201.54	733.55		-34.01						759.18		4.33		0	4				
07/12/2018	3.3.2	Gaze Project	O4	3	M	Bilingual	G130	06/09/2018	89100	1280 x 720		Raw Data	Ord4_T2_L.avi	190	0	900	720									26912	10:16:15.932	1536226349705186															0	2560		Fixation	8	474	362	3.50	76.97	160.95																				3227	698	428	664	362	681	395	491	395	280.34	117.69	266.55	144.16	273.44	130.92	289.40	201.67	733.85	335.72	211.52	752.57					759.51	759.51	4.36	4.79	0	0				
07/12/2018	3.3.2	Gaze Project	O4	3	M	Bilingual	G130	06/09/2018	89100	1280 x 720		Raw Data	Ord4_T2_L.avi	190	0	900	720									26920	10:16:15.941	1536226349713541															0	2561		Fixation	8	466	412	1.55	260.94	183.97																				3228	689	438	656	412	672	425	482	425	276.44	113.48	263.49	123.87	269.96	118.67	289.39	201.69	733.83	334.36	203.89	729.25					759.49	759.49	4.48	4.57	0	0				
07/12/2018	3.3.2	Gaze Project	O4	3	M	Bilingual	G130	06/09/2018	89100	1280 x 720		Raw Data	Ord4_T2_L.avi	190	0	900	720									26928	10:16:15.949	1536226349721811															0			Unclassified	8																									3229	669	491			669	491	479	491	268.66	92.06					289.37	201.70	733.80		-34.01						759.47		4.57		0	4				
07/12/2018	3.3.2	Gaze Project	O4	3	M	Bilingual	G130	06/09/2018	89100	1280 x 720		Raw Data	Ord4_T2_L.avi	190	0	900	720									26937	10:16:15.957	1536226349730142															0			Unclassified	8																									3230	647	383			647	383	457	383	259.86	135.59					289.36	201.70	733.72		-34.01						759.39		4.24		0	4				
07/12/2018	3.3.2	Gaze Project	O4	3	M	Bilingual	G130	06/09/2018	89100	1280 x 720		Raw Data	Ord4_T2_L.avi	190	0	900	720									26945	10:16:15.966	1536226349738493															0	2562		Fixation	8	461	424	0.40	247.45	346.51																				3231	671	471	651	424	661	447	471	447	269.49	100.11	261.40	119.34	265.45	109.72	289.27	207.77	752.54	334.31	203.82	729.28					779.14	779.14	4.90	4.70	0	0				
07/12/2018	3.3.2	Gaze Project	O4	3	M	Bilingual	G130	06/09/2018	89100	1280 x 720		Raw Data	Ord4_T2_L.avi	190	0	900	720									26953	10:16:15.974	1536226349746853															0	2563		Fixation	8	449	434	0.48	219.90	332.45																				3232	636	455	639	434	637	444	447	444	255.17	106.73	256.62	115.33	255.90	111.03	289.33	201.71	733.67	334.30	203.98	729.30					759.35	759.35	4.47	4.67	0	0				
07/12/2018	3.3.2	Gaze Project	O4	3	M	Bilingual	G130	06/09/2018	89100	1280 x 720		Raw Data	Ord4_T2_L.avi	190	0	900	720									26962	10:16:15.982	1536226349755123															0	2564		Fixation	8	465	362	2.29	77.51	217.61																				3233	665	362	655	362	660	362	470	362	266.77	144.13	262.88	144.29	264.82	144.21	289.31	201.70	733.58	334.28	203.87	729.34					759.25	759.25	4.26	4.62	0	0				
07/12/2018	3.3.2	Gaze Project	O4	3	M	Bilingual	G130	06/09/2018	89100	1280 x 720		Raw Data	Ord4_T2_L.avi	190	0	900	720									26970	10:16:15.991	1536226349763473															0	2565		Fixation	8	430	458	3.16	250.03	172.52																				3234	665	530	620	458	642	494	452	494	267.13	76.42	249.07	105.63	258.10	91.02	289.33	201.61	733.62	334.26	203.97	729.17					759.26	759.26	4.75	4.76	0	0				
07/12/2018	3.3.2	Gaze Project	O4	3	M	Bilingual	G130	06/09/2018	89100	1280 x 720		Raw Data	Ord4_T2_L.avi	190	0	900	720									26978	10:16:15.999	1536226349771813															0	2566		Fixation	8	442	487	0.96	292.41	42.39																				3235	646	383	632	487	639	435	449	435	259.27	135.70	253.63	93.99	256.45	114.84	289.28	201.69	733.42	335.38	210.47	748.99					759.09	759.09	4.23	4.84	0	0				
07/12/2018	3.3.2	Gaze Project	O4	3	M	Bilingual	G130	06/09/2018	89100	1280 x 720		Raw Data	Ord4_T2_L.avi	190	0	900	720									26987	10:16:16.007	1536226349780170															0	2567		Fixation	8	437	430	1.74	95.00	162.58																				3236	624	479	627	430	625	454	435	454	250.30	97.04	251.83	116.69	251.06	106.87	289.24	201.75	733.52	334.22	203.95	729.00					759.21	759.21	4.49	4.67	0	0				
07/12/2018	3.3.2	Gaze Project	O4	3	M	Bilingual	G130	06/09/2018	89100	1280 x 720		Raw Data	Ord4_T2_L.avi	190	0	900	720									26995	10:16:16.016	1536226349788525															0			Unclassified	8																									3237	672	415			672	415	482	415	269.72	122.86					289.22	201.71	733.33		-34.01						759.01		4.42		0	4				
07/12/2018	3.3.2	Gaze Project	O4	3	M	Bilingual	G130	06/09/2018	89100	1280 x 720		Raw Data	Ord4_T2_L.avi	190	0	900	720									27003	10:16:16.024	1536226349796792															0	2568		Fixation	8	457	437	0.66	340.65	245.66																				3238	637	365	647	437	642	401	452	401	255.82	142.76	259.53	113.98	257.68	128.37	289.19	201.84	733.67	334.20	204.07	729.24					759.38	759.38	4.22	4.67	0	0				
07/12/2018	3.3.2	Gaze Project	O4	3	M	Bilingual	G130	06/09/2018	89100	1280 x 720		Raw Data	Ord4_T2_L.avi	190	0	900	720									27012	10:16:16.032	1536226349805132															0	2569		Fixation	8	484	344	2.98	73.86	93.21																				3239	620	482	674	344	647	413	457	413	248.91	95.86	270.65	151.55	259.78	123.71	289.20	201.77	733.70	335.07	209.27	745.14					759.38	759.38	4.61	4.77	0	0				
07/12/2018	3.3.2	Gaze Project	O4	3	M	Bilingual	G130	06/09/2018	89100	1280 x 720		Raw Data	Ord4_T2_L.avi	190	0	900	720									27020	10:16:16.041	1536226349813478															0	2570		Fixation	8	453	412	2.28	245.56	171.70																				3240	644	366	643	412	643	389	453	389	258.52	142.51	258.12	123.99	258.32	133.25	289.14	201.86	733.50	334.96	208.78	743.60					759.22	759.22	4.25	4.75	0	0				
07/12/2018	3.3.2	Gaze Project	O4	3	M	Bilingual	G130	06/09/2018	89100	1280 x 720		Raw Data	Ord4_T2_L.avi	190	0	900	720									27028	10:16:16.049	1536226349821839															0			Unclassified	8																									3241	657	470			657	470	467	470	263.85	100.70					289.15	201.77	733.54		-34.01						759.23		4.62		0	4				
07/12/2018	3.3.2	Gaze Project	O4	3	M	Bilingual	G130	06/09/2018	89100	1280 x 720		Raw Data	Ord4_T2_L.avi	190	0	900	720									27037	10:16:16.057	1536226349830193															0	2571		Fixation	8	488	206	6.39	80.39	194.83																				3242			678	206	678	206	488	206			272.09	207.10						335.31	211.18	750.68						0.00		4.29	4	0				
07/12/2018	3.3.2	Gaze Project	O4	3	M	Bilingual	G130	06/09/2018	89100	1280 x 720		Raw Data	Ord4_T2_L.avi	190	0	900	720									27045	10:16:16.066	1536226349838454															0	2572		Fixation	8	497	317	3.41	274.62	194.23																				3243	670	455	687	317	678	386	488	386	269.10	106.54	275.70	162.44	272.40	134.49	289.08	201.88	733.34	335.10	210.07	747.29					759.07	759.07	4.81	4.70	0	0				
07/12/2018	3.3.2	Gaze Project	O4	3	M	Bilingual	G130	06/09/2018	89100	1280 x 720		Raw Data	Ord4_T2_L.avi	190	0	900	720									27053	10:16:16.074	1536226349846796															0	2573		Fixation	8	482	347	1.03	243.51	328.89																				3244	684	516	672	347	678	431	488	431	274.73	82.14	269.68	150.01	272.20	116.08	289.07	201.79	733.37	334.91	209.05	744.19					759.08	759.08	4.70	4.69	0	0				
07/12/2018	3.3.2	Gaze Project	O4	3	M	Bilingual	G130	06/09/2018	89100	1280 x 720		Raw Data	Ord4_T2_L.avi	190	0	900	720									27062	10:16:16.082	1536226349855151															0	2574		Fixation	8	427	442	3.37	240.01	356.50																				3245	592	453	617	442	604	447	414	447	237.46	107.41	247.65	111.82	242.55	109.61	289.11	202.06	733.27	334.02	204.06	728.79					759.06	759.06	4.44	4.73	0	0				
07/12/2018	3.3.2	Gaze Project	O4	3	M	Bilingual	G130	06/09/2018	89100	1280 x 720		Raw Data	Ord4_T2_L.avi	190	0	900	720									27070	10:16:16.091	1536226349863506															0	2575		Fixation	8	440	448	0.45	335.15	95.14																				3246	636	390	630	448	633	419	443	419	255.35	133.03	252.73	109.68	254.04	121.36	289.03	202.10	733.79	334.00	204.05	728.76					759.57	759.57	4.29	4.72	0	0				
07/12/2018	3.3.2	Gaze Project	O4	3	M	Bilingual	G130	06/09/2018	89100	1280 x 720		Raw Data	Ord4_T2_L.avi	190	0	900	720									27078	10:16:16.099	1536226349871788															0			Unclassified	8																									3247	651	478			651	478	461	478	261.42	97.43					288.93	207.44	750.34		-34.01						776.94		4.79		0	4				
07/12/2018	3.3.2	Gaze Project	O4	3	M	Bilingual	G130	06/09/2018	89100	1280 x 720		Raw Data	Ord4_T2_L.avi	190	0	900	720									27087	10:16:16.107	1536226349880120															0	2576		Fixation	8	415	341	3.33	103.11	127.96																				3248	659	447	605	341	632	394	442	394	264.40	110.04	242.86	152.73	253.63	131.39	288.91	207.77	751.28	340.10	217.49	768.51					777.93	777.93	4.71	4.92	0	0				
07/12/2018	3.3.2	Gaze Project	O4	3	M	Bilingual	G130	06/09/2018	89100	1280 x 720		Raw Data	Ord4_T2_L.avi	190	0	900	720									27095	10:16:16.116	1536226349888457															0	2577		Fixation	8	448	408	2.27	296.15	193.04																				3249	674	431	638	408	656	419	466	419	270.42	116.40	256.19	125.51	263.31	120.96	288.99	202.05	733.49	333.99	204.04	728.68					759.26	759.26	4.42	4.78	0	0				
07/12/2018	3.3.2	Gaze Project	O4	3	M	Bilingual	G130	06/09/2018	89100	1280 x 720		Raw Data	Ord4_T2_L.avi	190	0	900	720									27103	10:16:16.124	1536226349896822															0	2578		Fixation	8	475	434	1.17	315.99	19.84																				3250	650	385	665	434	657	409	467	409	260.97	134.77	267.10	115.15	264.03	124.96	288.92	206.81	748.31	333.98	203.93	728.72					774.81	774.81	4.51	4.65	0	0				
07/12/2018	3.3.2	Gaze Project	O4	3	M	Bilingual	G130	06/09/2018	89100	1280 x 720		Raw Data	Ord4_T2_L.avi	190	0	900	720									27112	10:16:16.132	1536226349905178															0	2579		Fixation	8	419	349	3.02	123.29	167.30																				3251	637	462	609	349	623	405	433	405	255.83	103.70	244.36	149.24	250.10	126.47	288.93	207.13	749.27	345.96	230.14	806.31					775.82	775.82	4.61	5.21	0	0				
07/12/2018	3.3.2	Gaze Project	O4	3	M	Bilingual	G130	06/09/2018	89100	1280 x 720		Raw Data	Ord4_T2_L.avi	190	0	900	720									27120	10:16:16.141	1536226349913436															0	2580		Fixation	8	455	418	2.25	297.48	174.18																				3252	662	429	645	418	653	423	463	423	265.63	117.09	258.84	121.53	262.24	119.31	288.99	202.03	733.33	340.15	217.57	768.71					759.11	759.11	4.52	4.93	0	0				
07/12/2018	3.3.2	Gaze Project	O4	3	M	Bilingual	G130	06/09/2018	89100	1280 x 720		Raw Data	Ord4_T2_L.avi	190	0	900	720									27128	10:16:16.149	1536226349921787															0	2581		Fixation	8	487	374	1.62	54.06	116.58																				3253	645	431	677	374	661	402	471	402	258.80	116.40	271.74	139.16	265.27	127.78	288.91	208.22	752.50	335.03	209.96	746.78					779.22	779.22	4.70	4.70	0	0				
07/12/2018	3.3.2	Gaze Project	O4	3	M	Bilingual	G130	06/09/2018	89100	1280 x 720		Raw Data	Ord4_T2_L.avi	190	0	900	720									27137	10:16:16.157	1536226349930133															0	2582		Fixation	8	415	466	3.56	232.04	177.98																				3254	647	378	605	466	626	422	436	422	259.86	137.62	242.77	102.15	251.32	119.89	289.00	201.91	732.95	334.01	204.04	728.65					758.70	758.70	4.35	4.71	0	0				
07/12/2018	3.3.2	Gaze Project	O4	3	M	Bilingual	G130	06/09/2018	89100	1280 x 720		Raw Data	Ord4_T2_L.avi	190	0	900	720									27145	10:16:16.166	1536226349938489															0	2583		Fixation	8	454	408	2.15	56.17	184.13																				3255	651	506	644	408	647	457	457	457	261.40	86.34	258.69	125.45	260.04	105.89	289.01	201.89	732.87	334.00	204.16	728.61					758.62	758.62	4.80	4.59	0	0				
07/12/2018	3.3.2	Gaze Project	O4	3	M	Bilingual	G130	06/09/2018	89100	1280 x 720		Raw Data	Ord4_T2_L.avi	190	0	900	720									27153	10:16:16.174	1536226349946847															0			Unclassified	8																									3256	645	423			645	423	455	423	259.02	119.68					289.01	202.05	733.31		-34.01						759.09		4.49		0	4				
07/12/2018	3.3.2	Gaze Project	O4	3	M	Bilingual	G130	06/09/2018	89100	1280 x 720		Raw Data	Ord4_T2_L.avi	190	0	900	720									27162	10:16:16.182	1536226349955108															0			Unclassified	8																									3257	644	424			644	424	454	424	258.49	119.39					289.01	201.93	732.93		-34.01						758.69		4.39		0	4				
07/12/2018	3.3.2	Gaze Project	O4	3	M	Bilingual	G130	06/09/2018	89100	1280 x 720		Raw Data	Ord4_T2_L.avi	190	0	900	720									27170	10:16:16.191	1536226349963438															0	2584		Fixation	8	474	346	2.00	72.18	16.01																				3258	620	390	664	346	642	368	452	368	248.85	132.94	266.54	150.48	257.69	141.71	289.00	201.89	732.82	335.05	210.04	746.99					758.57	758.57	4.37	4.90	0	0				
07/12/2018	3.3.2	Gaze Project	O4	3	M	Bilingual	G130	06/09/2018	89100	1280 x 720		Raw Data	Ord4_T2_L.avi	190	0	900	720									27178	10:16:16.199	1536226349971802															0	2585		Fixation	8	446	425	2.57	250.54	178.37																				3259	669	450	636	425	652	437	462	437	268.72	108.81	255.35	118.76	262.04	113.78	289.00	201.89	732.78	334.01	204.01	728.54					758.54	758.54	4.45	4.75	0	0				
07/12/2018	3.3.2	Gaze Project	O4	3	M	Bilingual	G130	06/09/2018	89100	1280 x 720		Raw Data	Ord4_T2_L.avi	190	0	900	720									27187	10:16:16.207	1536226349980157															0	2586		Fixation	8	442	463	1.17	264.01	13.47																				3260	684	343	632	463	658	403	468	403	274.71	151.98	253.77	103.52	264.24	127.75	288.99	202.03	733.18	335.12	210.45	748.23					758.96	758.96	4.18	4.86	0	0				
07/12/2018	3.3.2	Gaze Project	O4	3	M	Bilingual	G130	06/09/2018	89100	1280 x 720		Raw Data	Ord4_T2_L.avi	190	0	900	720									27195	10:16:16.216	1536226349988431															0	2587		Fixation	8	431	418	1.42	103.69	199.68																				3261	585	390	621	418	603	404	413	404	234.78	132.86	249.40	121.55	242.09	127.20	289.11	202.16	733.12	333.98	203.98	728.44					758.95	758.95	4.39	4.70	0	0				
07/12/2018	3.3.2	Gaze Project	O4	3	M	Bilingual	G130	06/09/2018	89100	1280 x 720		Raw Data	Ord4_T2_L.avi	190	0	900	720									27203	10:16:16.224	1536226349996776															0	2588		Fixation	8	439	415	0.26	20.62	276.92																				3262	590	315	629	415	609	365	419	365	236.73	163.24	252.61	122.93	244.67	143.08	289.05	202.17	733.12	335.03	210.07	747.06					758.95	758.95	4.09	4.73	0	0				
07/12/2018	3.3.2	Gaze Project	O4	3	M	Bilingual	G130	06/09/2018	89100	1280 x 720		Raw Data	Ord4_T2_L.avi	190	0	900	720									27212	10:16:16.232	1536226350005117															0			Unclassified	8																									3263	652	441			652	441	462	441	261.88	112.17					288.88	207.44	749.98		-34.01						776.60		4.72		0	4				
07/12/2018	3.3.2	Gaze Project	O4	3	M	Bilingual	G130	06/09/2018	89100	1280 x 720		Raw Data	Ord4_T2_L.avi	190	0	900	720									27220	10:16:16.241	1536226350013475															0	2589		Fixation	8	438	394	0.65	92.72	72.10																				3264	631	538	628	394	629	466	439	466	253.21	73.22	252.24	131.42	252.73	102.32	288.96	201.93	733.22	333.95	203.98	728.40					758.97	758.97	4.71	4.59	0	0				
07/12/2018	3.3.2	Gaze Project	O4	3	M	Bilingual	G130	06/09/2018	89100	1280 x 720		Raw Data	Ord4_T2_L.avi	190	0	900	720									27228	10:16:16.249	1536226350021829															0	2590		Fixation	8	439	407	0.41	274.38	181.67																				3265			629	407	629	407	439	407			252.52	126.17						333.91	203.93	728.23						0.00		4.67	4	0				
07/12/2018	3.3.2	Gaze Project	O4	3	M	Bilingual	G130	06/09/2018	89100	1280 x 720		Raw Data	Ord4_T2_L.avi	190	0	900	720									27237	10:16:16.257	1536226350030101															0			Unclassified	8																									3266	653	378			653	378	463	378	262.13	137.77					288.91	201.92	732.82		-34.01						758.59		4.35		0	4				
07/12/2018	3.3.2	Gaze Project	O4	3	M	Bilingual	G130	06/09/2018	89100	1280 x 720		Raw Data	Ord4_T2_L.avi	190	0	900	720									27245	10:16:16.266	1536226350038426															0	2591		Fixation	8	419	457	1.61	248.26	333.88																				3267	644	455	609	457	626	456	436	456	258.52	106.80	244.51	106.05	251.51	106.43	288.90	201.91	732.78	340.30	218.02	769.95					758.54	758.54	4.49	5.12	0	0				
07/12/2018	3.3.2	Gaze Project	O4	3	M	Bilingual	G130	06/09/2018	89100	1280 x 720		Raw Data	Ord4_T2_L.avi	190	0	900	720									27253	10:16:16.274	1536226350046785															0			Unclassified	8																									3268	628	361			628	361	438	361	252.11	144.76					288.96	202.05	732.73		-34.01						758.54		4.27		0	4				
07/12/2018	3.3.2	Gaze Project	O4	3	M	Bilingual	G130	06/09/2018	89100	1280 x 720		Raw Data	Ord4_T2_L.avi	190	0	900	720									27262	10:16:16.282	1536226350055142															0	2592		Fixation	8	439	390	2.10	73.43	185.17																				3269			629	390	629	390	439	390			252.49	132.98						333.83	204.06	728.17						0.00		4.64	4	0				
07/12/2018	3.3.2	Gaze Project	O4	3	M	Bilingual	G130	06/09/2018	89100	1280 x 720		Raw Data	Ord4_T2_L.avi	190	0	900	720									27270	10:16:16.291	1536226350063420															0	2593		Fixation	8	451	368	0.78	61.47	348.04																				3270	645	487	641	368	643	427	453	427	259.06	93.74	257.14	141.90	258.10	117.82	288.87	201.91	732.74	333.86	203.99	728.31					758.50	758.50	4.77	4.65	0	0				
07/12/2018	3.3.2	Gaze Project	O4	3	M	Bilingual	G130	06/09/2018	89100	1280 x 720		Raw Data	Ord4_T2_L.avi	190	0	900	720									27278	10:16:16.299	1536226350071773															0	2594		Fixation	8	464	500	4.12	275.61	214.14																				3271	653	432	654	500	653	466	463	466	262.28	115.97	262.62	88.77	262.45	102.37	288.81	205.35	743.51	333.84	203.97	728.20					769.80	769.80	4.69	4.76	0	0				
07/12/2018	3.3.2	Gaze Project	O4	3	M	Bilingual	G130	06/09/2018	89100	1280 x 720		Raw Data	Ord4_T2_L.avi	190	0	900	720									27287	10:16:16.307	1536226350080102															0	2595		Fixation	8	462	435	2.01	91.76	176.15																				3272	630	461	652	435	641	448	451	448	252.86	104.37	261.70	114.71	257.28	109.54	288.87	201.68	731.97	333.83	203.86	728.24					757.70	757.70	4.50	4.65	0	0				
07/12/2018	3.3.2	Gaze Project	O4	3	M	Bilingual	G130	06/09/2018	89100	1280 x 720		Raw Data	Ord4_T2_L.avi	190	0	900	720									27295	10:16:16.316	1536226350088459															0	2596		Fixation	8	492	334	3.29	73.51	341.75																				3273	583	355	682	334	632	344	442	344	234.05	146.94	273.74	155.24	253.89	151.09	289.00	201.83	731.91	333.83	203.88	728.23					757.70	757.70	4.11	4.43	0	0				
07/12/2018	3.3.2	Gaze Project	O4	3	M	Bilingual	G130	06/09/2018	89100	1280 x 720		Raw Data	Ord4_T2_L.avi	190	0	900	720									27303	10:16:16.324	1536226350096811															0	2597		Fixation	8	459	408	2.53	246.03	172.53																				3274			649	408	649	408	459	408			260.35	125.48						333.83	204.01	728.15						0.00		4.60	4	0				
07/12/2018	3.3.2	Gaze Project	O4	3	M	Bilingual	G130	06/09/2018	89100	1280 x 720		Raw Data	Ord4_T2_L.avi	190	0	900	720									27312	10:16:16.332	1536226350105079															0	2598		Fixation	8	406	480	2.75	233.73	347.70																				3275	624	452	596	480	610	466	420	466	250.60	108.07	239.10	96.68	244.85	102.37	288.83	201.60	731.61	333.81	204.00	728.09					757.34	757.34	4.43	4.80	0	0				
07/12/2018	3.3.2	Gaze Project	O4	3	M	Bilingual	G130	06/09/2018	89100	1280 x 720		Raw Data	Ord4_T2_L.avi	190	0	900	720									27320	10:16:16.341	1536226350113433															0			Unclassified	8																									3276	645	385			645	385	455	385	258.87	135.08					288.82	201.57	731.47		-34.01						757.19		4.39		0	4				
07/12/2018	3.3.2	Gaze Project	O4	3	M	Bilingual	G130	06/09/2018	89100	1280 x 720		Raw Data	Ord4_T2_L.avi	190	0	900	720									27328	10:16:16.349	1536226350121768															0	2599		Fixation	8	465	394	3.21	55.63	181.90																				3277			655	394	655	394	465	394			262.86	131.35						333.80	203.91	728.13						0.00		4.56	4	0				
07/12/2018	3.3.2	Gaze Project	O4	3	M	Bilingual	G130	06/09/2018	89100	1280 x 720		Raw Data	Ord4_T2_L.avi	190	0	900	720									27337	10:16:16.357	1536226350130127															0	2600		Fixation	8	440	488	3.01	255.15	199.52																				3278	635	441	630	488	632	464	442	464	255.05	112.52	252.96	93.61	254.00	103.06	288.83	201.67	731.70	333.79	203.93	728.13					757.44	757.44	4.43	4.89	0	0				
07/12/2018	3.3.2	Gaze Project	O4	3	M	Bilingual	G130	06/09/2018	89100	1280 x 720		Raw Data	Ord4_T2_L.avi	190	0	900	720									27345	10:16:16.366	1536226350138483															0	2601		Fixation	8	415	393	3.05	104.70	209.55																				3279	623	415	605	393	614	404	424	404	250.13	122.89	242.81	131.74	246.47	127.31	288.79	201.83	732.15	333.79	204.13	728.28					757.91	757.91	4.38	4.51	0	0				
07/12/2018	3.3.2	Gaze Project	O4	3	M	Bilingual	G130	06/09/2018	89100	1280 x 720		Raw Data	Ord4_T2_L.avi	190	0	900	720									27353	10:16:16.374	1536226350146738															0	2602		Fixation	8	416	404	0.34	275.18	170.48																				3280			606	404	606	404	416	404			243.30	127.08						339.35	216.42	764.59						0.00		5.04	4	0				
07/12/2018	3.3.2	Gaze Project	O4	3	M	Bilingual	G130	06/09/2018	89100	1280 x 720		Raw Data	Ord4_T2_L.avi	190	0	900	720									27362	10:16:16.382	1536226350155150															0	2603		Fixation	8	458	443	1.74	317.03	41.85																				3281	650	444	648	443	649	443	459	443	261.07	111.03	260.26	111.59	260.66	111.31	288.71	205.71	744.29	333.78	204.02	728.32					770.64	770.64	4.67	4.65	0	0				
07/12/2018	3.3.2	Gaze Project	O4	3	M	Bilingual	G130	06/09/2018	89100	1280 x 720		Raw Data	Ord4_T2_L.avi	190	0	900	720									27370	10:16:16.391	1536226350163434															0	2604		Fixation	8	412	480	1.81	218.90	261.87																				3282	652	395	602	480	627	437	437	437	261.63	130.78	241.83	96.71	251.73	113.75	288.76	201.87	732.22	333.77	204.15	728.29					757.99	757.99	4.40	4.81	0	0				
07/12/2018	3.3.2	Gaze Project	O4	3	M	Bilingual	G130	06/09/2018	89100	1280 x 720		Raw Data	Ord4_T2_L.avi	190	0	900	720									27378	10:16:16.399	1536226350171797															0	2605		Fixation	8	427	399	2.54	79.54	220.64																				3283	647	341	617	399	632	370	442	370	259.66	152.78	247.51	129.38	253.59	141.08	288.74	202.03	732.71	333.75	204.13	728.24					758.50	758.50	4.23	4.56	0	0				
07/12/2018	3.3.2	Gaze Project	O4	3	M	Bilingual	G130	06/09/2018	89100	1280 x 720		Raw Data	Ord4_T2_L.avi	190	0	900	720									27387	10:16:16.407	1536226350180063															0			Unclassified	8																									3284	636	468			636	468	446	468	255.37	101.49					288.73	201.99	732.64		-34.01						758.43		4.49		0	4				
07/12/2018	3.3.2	Gaze Project	O4	3	M	Bilingual	G130	06/09/2018	89100	1280 x 720		Raw Data	Ord4_T2_L.avi	190	0	900	720									27395	10:16:16.416	1536226350188426															0	2606		Fixation	8	410	257	4.48	96.81	17.26																				3285	648	437	600	257	624	347	434	347	260.22	114.13	240.96	186.41	250.59	150.27	288.66	206.36	746.34	333.71	204.00	728.29					772.79	772.79	4.56	4.02	0	0				
07/12/2018	3.3.2	Gaze Project	O4	3	M	Bilingual	G130	06/09/2018	89100	1280 x 720		Raw Data	Ord4_T2_L.avi	190	0	900	720									27403	10:16:16.424	1536226350196737															0	2607		Fixation	8	393	468	6.42	265.41	168.60																				3286	643	496	583	468	613	482	423	482	258.23	90.03	233.88	101.52	246.06	95.78	288.73	201.86	732.69	339.47	216.80	765.76					758.44	758.44	4.53	5.15	0	0				
07/12/2018	3.3.2	Gaze Project	O4	3	M	Bilingual	G130	06/09/2018	89100	1280 x 720		Raw Data	Ord4_T2_L.avi	190	0	900	720									27412	10:16:16.432	1536226350205094															0	2608		Fixation	8	424	421	1.68	56.68	151.27																				3287			614	421	614	421	424	421			246.37	120.52						333.66	203.99	727.93						0.00		4.64	4	0				
07/12/2018	3.3.2	Gaze Project	O4	3	M	Bilingual	G130	06/09/2018	89100	1280 x 720		Raw Data	Ord4_T2_L.avi	190	0	900	720									27420	10:16:16.441	1536226350213465															0	2609		Fixation	8	447	422	0.70	357.50	300.83																				3288	626	430	637	422	631	426	441	426	251.27	116.74	255.58	120.10	253.43	118.42	288.61	207.53	750.00	334.70	210.02	746.42					776.62	776.62	4.79	4.69	0	0				
07/12/2018	3.3.2	Gaze Project	O4	3	M	Bilingual	G130	06/09/2018	89100	1280 x 720		Raw Data	Ord4_T2_L.avi	190	0	900	720									27428	10:16:16.449	1536226350221723															0			Unclassified	8																									3289																			-34.01										4	4				
07/12/2018	3.3.2	Gaze Project	O4	3	M	Bilingual	G130	06/09/2018	89100	1280 x 720		Raw Data	Ord4_T2_L.avi	190	0	900	720									27437	10:16:16.457	1536226350230079															0	2610		Fixation	8	460	295	3.90	84.17	86.67																				3290			650	295	650	295	460	295			260.92	171.31						334.54	209.22	744.06						0.00		4.68	4	0				
07/12/2018	3.3.2	Gaze Project	O4	3	M	Bilingual	G130	06/09/2018	89100	1280 x 720		Raw Data	Ord4_T2_L.avi	190	0	900	720									27445	10:16:16.466	1536226350238420															0	2611		Fixation	8	431	411	3.69	256.01	171.83																				3291	672	494	621	411	646	452	456	452	269.85	91.11	249.10	124.63	259.48	107.87	288.61	205.11	742.69	333.65	204.07	728.26					768.93	768.93	4.63	4.57	0	0				
07/12/2018	3.3.2	Gaze Project	O4	3	M	Bilingual	G130	06/09/2018	89100	1280 x 720		Raw Data	Ord4_T2_L.avi	190	0	900	720									27453	10:16:16.474	1536226350246777															0	2612		Fixation	8	409	514	3.24	257.98	1.97																				3292	622	447	599	514	610	480	420	480	249.60	110.08	240.44	83.12	245.02	96.60	288.60	205.17	742.87	333.59	204.19	728.22					769.12	769.12	4.69	4.83	0	0				
07/12/2018	3.3.2	Gaze Project	O4	3	M	Bilingual	G130	06/09/2018	89100	1280 x 720		Raw Data	Ord4_T2_L.avi	190	0	900	720									27462	10:16:16.482	1536226350255131															0	2613		Fixation	8	431	468	1.56	64.51	166.53																				3293			621	468	621	468	431	468			249.26	101.56						333.62	204.05	728.17						0.00		4.74	4	0				
07/12/2018	3.3.2	Gaze Project	O4	3	M	Bilingual	G130	06/09/2018	89100	1280 x 720		Raw Data	Ord4_T2_L.avi	190	0	900	720									27470	10:16:16.491	1536226350263393															0	2614		Fixation	8	424	473	0.26	215.62	151.11																				3294	669	532	614	473	641	502	451	502	268.42	75.68	246.34	99.61	257.38	87.64	288.55	206.14	745.79	333.63	204.17	728.52					772.20	772.20	4.78	4.79	0	0				
07/12/2018	3.3.2	Gaze Project	O4	3	M	Bilingual	G130	06/09/2018	89100	1280 x 720		Raw Data	Ord4_T2_L.avi	190	0	900	720									27478	10:16:16.499	1536226350271726															0	2615		Fixation	8	442	465	0.60	24.03	168.41																				3295			632	465	632	465	442	465			253.61	102.55						333.61	204.17	728.51						0.00		4.76	4	0				
07/12/2018	3.3.2	Gaze Project	O4	3	M	Bilingual	G130	06/09/2018	89100	1280 x 720		Raw Data	Ord4_T2_L.avi	190	0	900	720									27487	10:16:16.507	1536226350280092															0	2616		Fixation	8	429	421	1.43	106.41	82.38																				3296	628	473	619	421	623	447	433	447	252.11	99.57	248.48	120.24	250.30	109.90	288.54	205.80	744.65	333.62	204.07	728.55					771.00	771.00	4.58	4.45	0	0				
07/12/2018	3.3.2	Gaze Project	O4	3	M	Bilingual	G130	06/09/2018	89100	1280 x 720		Raw Data	Ord4_T2_L.avi	190	0	900	720									27495	10:16:16.516	1536226350288446															0	2617		Fixation	8	425	422	0.13	194.08	87.67																				3297	677	496	615	422	646	459	456	459	271.84	90.38	247.06	120.08	259.45	105.23	288.55	205.24	742.90	333.59	204.21	728.52					769.17	769.17	4.61	4.56	0	0				
07/12/2018	3.3.2	Gaze Project	O4	3	M	Bilingual	G130	06/09/2018	89100	1280 x 720		Raw Data	Ord4_T2_L.avi	190	0	900	720									27503	10:16:16.524	1536226350296714															0	2618		Fixation	8	426	397	0.78	87.72	253.64																				3298	662	453	616	397	639	425	449	425	265.71	107.69	247.12	130.00	256.42	118.85	288.58	202.06	732.83	333.59	204.23	728.55					758.62	758.62	4.37	4.83	0	0				
07/12/2018	3.3.2	Gaze Project	O4	3	M	Bilingual	G130	06/09/2018	89100	1280 x 720		Raw Data	Ord4_T2_L.avi	190	0	900	720									27512	10:16:16.532	1536226350305061															0	2619		Fixation	8	442	426	1.03	298.81	211.09																				3299	618	443	632	426	625	434	435	434	248.03	111.67	253.88	118.30	250.95	114.98	288.60	201.97	732.87	333.54	204.05	727.97					758.63	758.63	4.47	4.69	0	0				
07/12/2018	3.3.2	Gaze Project	O4	3	M	Bilingual	G130	06/09/2018	89100	1280 x 720		Raw Data	Ord4_T2_L.avi	190	0	900	720									27520	10:16:16.541	1536226350313410															0	2620		Fixation	8	482	373	2.06	53.05	114.24																				3300	647	327	672	373	659	350	469	350	259.62	158.21	269.95	139.63	264.78	148.92	288.56	202.16	733.03	333.57	203.97	728.00					758.84	758.84	4.13	4.42	0	0				
07/12/2018	3.3.2	Gaze Project	O4	3	M	Bilingual	G130	06/09/2018	89100	1280 x 720		Raw Data	Ord4_T2_L.avi	190	0	900	720									27528	10:16:16.549	1536226350321765															0	2621		Fixation	8	427	461	3.21	238.08	185.03																				3301	642	526	617	461	629	493	439	493	257.61	77.98	247.80	104.25	252.70	91.11	288.55	202.19	733.05	333.55	204.37	728.78					758.87	758.87	4.68	4.68	0	0				
07/12/2018	3.3.2	Gaze Project	O4	3	M	Bilingual	G130	06/09/2018	89100	1280 x 720		Raw Data	Ord4_T2_L.avi	190	0	900	720									27537	10:16:16.557	1536226350330115															0	2622		Fixation	8	474	443	1.55	21.02	142.94																				3302	651	485	664	443	657	464	467	464	261.33	94.56	266.69	111.74	264.01	103.15	288.46	207.14	748.40	333.49	204.50	728.73					774.98	774.98	4.69	4.61	0	0				
07/12/2018	3.3.2	Gaze Project	O4	3	M	Bilingual	G130	06/09/2018	89100	1280 x 720		Raw Data	Ord4_T2_L.avi	190	0	900	720									27545	10:16:16.566	1536226350338386															0	2623		Fixation	8	419	451	1.69	188.30	167.28																				3303	577	455	609	451	593	453	403	453	231.58	106.61	244.30	108.25	237.94	107.43	288.44	207.71	750.07	334.66	211.11	749.20					776.74	776.74	4.50	4.67	0	0				
07/12/2018	3.3.2	Gaze Project	O4	3	M	Bilingual	G130	06/09/2018	89100	1280 x 720		Raw Data	Ord4_T2_L.avi	190	0	900	720									27553	10:16:16.574	1536226350346721															0	2624		Fixation	8	438	454	0.59	351.00	162.70																				3304			628	454	628	454	438	454			252.04	107.20						333.42	204.53	728.71						0.00		4.64	4	0				
07/12/2018	3.3.2	Gaze Project	O4	3	M	Bilingual	G130	06/09/2018	89100	1280 x 720		Raw Data	Ord4_T2_L.avi	190	0	900	720									27562	10:16:16.582	1536226350355071															0	2625		Fixation	8	425	481	0.92	244.36	253.36																				3305	615	459	615	481	615	470	425	470	246.72	105.05	246.70	96.43	246.71	100.74	288.42	207.52	749.39	333.48	204.50	728.96					776.04	776.04	4.07	4.69	0	0				
07/12/2018	3.3.2	Gaze Project	O4	3	M	Bilingual	G130	06/09/2018	89100	1280 x 720		Raw Data	Ord4_T2_L.avi	190	0	900	720									27570	10:16:16.591	1536226350363429															0	2626		Fixation	8	407	418	2.01	105.90	221.53																				3306	635	353	597	418	616	385	426	385	255.02	147.64	239.72	121.79	247.37	134.72	288.39	208.12	751.17	334.46	210.31	746.64					777.92	777.92	4.43	4.75	0	0				
07/12/2018	3.3.2	Gaze Project	O4	3	M	Bilingual	G130	06/09/2018	89100	1280 x 720		Raw Data	Ord4_T2_L.avi	190	0	900	720									27578	10:16:16.599	1536226350371785															0	2627		Fixation	8	424	452	1.17	296.49	190.59																				3307	633	476	614	452	623	464	433	464	253.93	98.45	246.60	107.82	250.26	103.13	288.41	205.02	741.72	333.40	204.65	728.90					767.97	767.97	4.52	4.64	0	0				
07/12/2018	3.3.2	Gaze Project	O4	3	M	Bilingual	G130	06/09/2018	89100	1280 x 720		Raw Data	Ord4_T2_L.avi	190	0	900	720									27587	10:16:16.607	1536226350380046															0	2628		Fixation	8	429	426	0.82	79.15	142.66																				3308	644	477	619	426	631	451	441	451	258.64	97.66	248.64	118.28	253.64	107.97	288.34	207.20	748.31	333.44	204.67	729.32					774.91	774.91	4.53	4.59	0	0				
07/12/2018	3.3.2	Gaze Project	O4	3	M	Bilingual	G130	06/09/2018	89100	1280 x 720		Raw Data	Ord4_T2_L.avi	190	0	900	720									27595	10:16:16.616	1536226350388383															0	2629		Fixation	8	360	472	2.53	213.78	134.63																				3309	611	489	550	472	580	480	390	480	245.22	93.12	220.76	99.90	232.99	96.51	288.30	207.05	747.85	333.32	204.44	728.64					774.42	774.42	4.55	4.60	0	0				
07/12/2018	3.3.2	Gaze Project	O4	3	M	Bilingual	G130	06/09/2018	89100	1280 x 720		Raw Data	Ord4_T2_L.avi	190	0	900	720									27603	10:16:16.624	1536226350396742															0	2630		Fixation	8	406	400	2.61	57.51	203.73																				3310	617	510	596	400	606	455	416	455	247.77	84.62	239.20	128.72	243.48	106.67	288.34	202.27	733.00	333.27	204.32	728.69					758.84	758.84	4.48	4.40	0	0				
07/12/2018	3.3.2	Gaze Project	O4	3	M	Bilingual	G130	06/09/2018	89100	1280 x 720		Raw Data	Ord4_T2_L.avi	190	0	900	720									27612	10:16:16.632	1536226350405098															0			Unclassified	8																									3311	602	471			602	471	412	471	241.75	100.16					288.32	202.50	733.75		-34.01						759.63		4.39		0	4				
07/12/2018	3.3.2	Gaze Project	O4	3	M	Bilingual	G130	06/09/2018	89100	1280 x 720		Raw Data	Ord4_T2_L.avi	190	0	900	720									27620	10:16:16.641	1536226350413365															0	2631		Fixation	8	392	400	0.43	180.00	122.49																				3312	603	531	582	400	592	465	402	465	241.95	76.13	233.70	129.00	237.83	102.56	288.30	202.47	733.71	333.27	204.68	729.40					759.57	759.57	4.39	4.46	0	0				
07/12/2018	3.3.2	Gaze Project	O4	3	M	Bilingual	G130	06/09/2018	89100	1280 x 720		Raw Data	Ord4_T2_L.avi	190	0	900	720									27628	10:16:16.649	1536226350421715															0	2632		Fixation	8	372	406	0.61	196.75	16.75																				3313	597	373	562	406	579	389	389	389	239.83	139.59	225.62	126.48	232.72	133.03	288.29	202.65	734.29	344.75	230.07	804.86					760.18	760.18	3.94	5.21	0	0				
07/12/2018	3.3.2	Gaze Project	O4	3	M	Bilingual	G130	06/09/2018	89100	1280 x 720		Raw Data	Ord4_T2_L.avi	190	0	900	720									27637	10:16:16.657	1536226350430054															0	2633		Fixation	8	373	449	1.26	271.33	74.58																				3314	596	373	563	449	579	411	389	411	239.19	139.61	226.07	108.98	232.63	124.30	288.27	202.63	734.28	333.21	204.56	729.14					760.17	760.17	4.06	4.51	0	0				
07/12/2018	3.3.2	Gaze Project	O4	3	M	Bilingual	G130	06/09/2018	89100	1280 x 720		Raw Data	Ord4_T2_L.avi	190	0	900	720									27645	10:16:16.666	1536226350438396															0	2634		Fixation	8	390	406	1.42	68.49	157.16																				3315	594	365	580	406	587	385	397	385	238.40	143.02	232.73	126.51	235.57	134.77	288.22	202.51	733.99	333.19	204.42	729.20					759.85	759.85	3.99	4.43	0	0				
07/12/2018	3.3.2	Gaze Project	O4	3	M	Bilingual	G130	06/09/2018	89100	1280 x 720		Raw Data	Ord4_T2_L.avi	190	0	900	720									27653	10:16:16.674	1536226350446768															0	2635		Fixation	8	363	421	0.91	209.13	140.64																				3316	549	403	553	421	551	412	361	412	220.23	127.47	221.87	120.42	221.05	123.95	288.27	202.61	733.94	340.23	220.31	775.92					759.84	759.84	4.00	4.96	0	0				
07/12/2018	3.3.2	Gaze Project	O4	3	M	Bilingual	G130	06/09/2018	89100	1280 x 720		Raw Data	Ord4_T2_L.avi	190	0	900	720									27662	10:16:16.682	1536226350455037															0	2636		Fixation	8	378	445	0.85	301.92	92.79																				3317	561	460	568	445	564	452	374	452	225.18	104.68	227.80	110.88	226.49	107.78	288.19	202.47	733.99	333.11	204.62	729.12					759.84	759.84	4.26	4.53	0	0				
07/12/2018	3.3.2	Gaze Project	O4	3	M	Bilingual	G130	06/09/2018	89100	1280 x 720		Raw Data	Ord4_T2_L.avi	190	0	900	720									27670	10:16:16.691	1536226350463367															0	2637		Fixation	8	347	271	4.99	100.07	158.15																				3318	570	316	537	271	553	293	363	293	229.00	162.89	215.44	180.61	222.22	171.75	288.15	202.58	733.95	354.97	252.71	872.82					759.83	759.83	3.68	5.32	0	0				
07/12/2018	3.3.2	Gaze Project	O4	3	M	Bilingual	G130	06/09/2018	89100	1280 x 720		Raw Data	Ord4_T2_L.avi	190	0	900	720									27678	10:16:16.699	1536226350471726															0	2638		Fixation	8	389	464	5.57	282.24	182.17																				3319	541	328	579	464	560	396	370	396	217.03	157.83	232.40	103.19	224.72	130.51	288.18	202.57	733.95	333.13	204.68	729.82					759.83	759.83	3.96	4.57	0	0				
07/12/2018	3.3.2	Gaze Project	O4	3	M	Bilingual	G130	06/09/2018	89100	1280 x 720		Raw Data	Ord4_T2_L.avi	190	0	900	720									27687	10:16:16.707	1536226350480080															0	2639		Fixation	8	391	358	3.23	88.92	166.68																				3320	606	317	581	358	593	337	403	337	243.41	162.44	233.38	145.82	238.39	154.13	288.15	202.41	733.94	334.20	211.06	749.35					759.77	759.77	3.66	4.49	0	0				
07/12/2018	3.3.2	Gaze Project	O4	3	M	Bilingual	G130	06/09/2018	89100	1280 x 720		Raw Data	Ord4_T2_L.avi	190	0	900	720									27695	10:16:16.716	1536226350488362															0	2640		Fixation	8	400	451	2.86	275.51	186.59																				3321	542	313	590	451	566	382	376	382	217.65	163.93	237.01	108.48	227.33	136.20	295.49	229.47	815.62	333.10	204.62	729.73					846.05	846.05	4.61	4.52	0	0				
07/12/2018	3.3.2	Gaze Project	O4	3	M	Bilingual	G130	06/09/2018	89100	1280 x 720		Raw Data	Ord4_T2_L.avi	190	0	900	720									27703	10:16:16.724	1536226350496698															0	2641		Fixation	8	390	500	1.53	258.50	342.99																				3322	581	425	580	500	580	462	390	462	233.12	118.70	232.70	88.70	232.91	103.70	288.13	202.64	734.73	333.01	204.73	729.68					760.59	760.59	4.13	4.52	0	0				
07/12/2018	3.3.2	Gaze Project	O4	3	M	Bilingual	G130	06/09/2018	89100	1280 x 720		Raw Data	Ord4_T2_L.avi	190	0	900	720									27712	10:16:16.732	1536226350505031															0	2642		Fixation	8	427	502	1.14	356.90	98.39																				3323	590	291	617	502	603	396	413	396	236.94	172.95	247.57	87.88	242.26	130.42	288.13	202.64	734.75	333.09	204.48	729.78					760.60	760.60	3.57	4.76	0	0				
07/12/2018	3.3.2	Gaze Project	O4	3	M	Bilingual	G130	06/09/2018	89100	1280 x 720		Raw Data	Ord4_T2_L.avi	190	0	900	720									27720	10:16:16.741	1536226350513415															0	2643		Fixation	8	410	390	3.50	98.60	101.71																				3324	615	316	600	390	607	353	417	353	246.94	162.57	240.96	133.09	243.95	147.83	288.13	202.65	734.80	333.08	204.56	729.67					760.65	760.65	3.67	4.34	0	0				
07/12/2018	3.3.2	Gaze Project	O4	3	M	Bilingual	G130	06/09/2018	89100	1280 x 720		Raw Data	Ord4_T2_L.avi	190	0	900	720									27728	10:16:16.749	1536226350521750															0	2644		Fixation	8	386	367	0.97	136.13	37.52																				3325	597	422	576	367	586	394	396	394	239.76	119.99	231.32	142.19	235.54	131.09	291.91	216.64	776.80	347.31	236.05	823.38					805.05	805.05	4.59	5.19	0	0				
07/12/2018	3.3.2	Gaze Project	O4	3	M	Bilingual	G130	06/09/2018	89100	1280 x 720		Raw Data	Ord4_T2_L.avi	190	0	900	720									27737	10:16:16.757	1536226350530012															0	2645		Fixation	8	391	381	0.43	289.60	153.47																				3326	589	386	581	381	585	383	395	383	236.44	134.36	233.26	136.32	234.85	135.34	288.13	202.66	734.85	334.42	212.54	753.95					760.71	760.71	4.10	4.66	0	0				
07/12/2018	3.3.2	Gaze Project	O4	3	M	Bilingual	G130	06/09/2018	89100	1280 x 720		Raw Data	Ord4_T2_L.avi	190	0	900	720									27745	10:16:16.766	1536226350538364															0	2646		Fixation	8	370	452	2.24	253.57	323.98																				3327	599	537	560	452	579	494	389	494	240.64	73.51	224.92	107.77	232.78	90.64	288.14	202.56	734.90	333.13	204.88	730.66					760.72	760.72	4.13	4.43	0	0				
07/12/2018	3.3.2	Gaze Project	O4	3	M	Bilingual	G130	06/09/2018	89100	1280 x 720		Raw Data	Ord4_T2_L.avi	190	0	900	720									27753	10:16:16.774	1536226350546685															0	2647		Fixation	8	375	493	1.26	276.93	23.36																				3328	587	303	565	493	576	398	386	398	235.71	167.87	226.82	91.24	231.27	129.55	288.13	202.59	734.66	333.63	206.13	733.98					760.50	760.50	3.49	4.25	0	0				
07/12/2018	3.3.2	Gaze Project	O4	3	M	Bilingual	G130	06/09/2018	89100	1280 x 720		Raw Data	Ord4_T2_L.avi	190	0	900	720									27762	10:16:16.782	1536226350555067															0	2648		Fixation	8	382	328	5.08	87.58	170.65																				3329	599	329	572	328	585	328	395	328	240.58	157.34	229.71	157.89	235.14	157.62	288.12	202.58	734.59	333.12	204.90	730.72					760.43	760.43	3.49	3.86	0	0				
07/12/2018	3.3.2	Gaze Project	O4	3	M	Bilingual	G130	06/09/2018	89100	1280 x 720		Raw Data	Ord4_T2_L.avi	190	0	900	720									27770	10:16:16.791	1536226350563415															0	2649		Fixation	8	472	241	3.87	44.12	316.54																				3330	611	359	662	241	636	300	446	300	245.12	145.19	265.59	193.01	255.36	169.10	288.12	202.60	734.62	333.58	207.64	739.25					760.47	760.47	3.69	3.47	0	0				
07/12/2018	3.3.2	Gaze Project	O4	3	M	Bilingual	G130	06/09/2018	89100	1280 x 720		Raw Data	Ord4_T2_L.avi	190	0	900	720									27778	10:16:16.799	1536226350571674															0	2650		Fixation	8	411	219	2.00	160.11	115.99																				3331	637	292	601	219	619	255	429	255	255.62	172.56	241.29	201.65	248.46	187.11	288.09	204.32	740.15	333.62	207.90	740.01					766.25	766.25	3.61	3.78	0	0				
07/12/2018	3.3.2	Gaze Project	O4	3	M	Bilingual	G130	06/09/2018	89100	1280 x 720		Raw Data	Ord4_T2_L.avi	190	0	900	720									27787	10:16:16.807	1536226350580018															0			Unclassified	8																									3332	605	248			605	248	415	248	242.92	189.94					288.13	202.66	734.69		-34.01						760.56		3.32		0	4				
07/12/2018	3.3.2	Gaze Project	O4	3	M	Bilingual	G130	06/09/2018	89100	1280 x 720		Raw Data	Ord4_T2_L.avi	190	0	900	720									27795	10:16:16.816	1536226350588374															0	2651		Fixation	8	476	338	4.22	298.57	138.46																				3333	603	412	666	338	634	375	444	375	242.02	123.89	267.35	153.63	254.68	138.76	288.12	202.87	735.26	333.11	204.98	730.79					761.16	761.16	3.87	3.80	0	0				
07/12/2018	3.3.2	Gaze Project	O4	3	M	Bilingual	G130	06/09/2018	89100	1280 x 720		Raw Data	Ord4_T2_L.avi	190	0	900	720									27803	10:16:16.824	1536226350596733															0	2652		Fixation	8	373	443	4.51	225.64	287.08																				3334	624	316	563	443	593	379	403	379	250.40	162.66	226.04	111.74	238.22	137.20	288.13	202.90	735.33	333.72	206.49	734.80					761.24	761.24	3.54	4.27	0	0				
07/12/2018	3.3.2	Gaze Project	O4	3	M	Bilingual	G130	06/09/2018	89100	1280 x 720		Raw Data	Ord4_T2_L.avi	190	0	900	720									27812	10:16:16.832	1536226350605011															0	2653		Fixation	8	371	400	1.32	92.65	227.01																				3335	629	483	561	400	595	441	405	441	252.56	95.34	225.15	128.84	238.85	112.09	288.22	203.42	736.37	333.55	206.14	733.69					762.39	762.39	4.04	4.09	0	0				
07/12/2018	3.3.2	Gaze Project	O4	3	M	Bilingual	G130	06/09/2018	89100	1280 x 720		Raw Data	Ord4_T2_L.avi	190	0	900	720									27820	10:16:16.841	1536226350613337															0	2654		Fixation	8	387	299	3.16	81.03	348.37																				3336			577	299	577	299	387	299			231.60	169.59						333.13	205.09	730.91						0.00		3.75	4	0				
07/12/2018	3.3.2	Gaze Project	O4	3	M	Bilingual	G130	06/09/2018	89100	1280 x 720		Raw Data	Ord4_T2_L.avi	190	0	900	720									27828	10:16:16.849	1536226350621680															0	2655		Fixation	8	351	486	5.87	259.14	178.11																				3337			541	486	541	486	351	486			217.33	94.42						333.13	205.10	730.89						0.00		4.56	4	0				
07/12/2018	3.3.2	Gaze Project	O4	3	M	Bilingual	G130	06/09/2018	89100	1280 x 720		Raw Data	Ord4_T2_L.avi	190	0	900	720									27837	10:16:16.857	1536226350630042															0	2656		Fixation	8	368	444	1.37	68.03	168.89																				3338	616	506	558	444	587	475	397	475	247.40	86.20	224.02	110.94	235.71	98.57	288.17	202.86	735.35	334.09	207.34	737.09					761.24	761.24	4.14	4.13	0	0				
07/12/2018	3.3.2	Gaze Project	O4	3	M	Bilingual	G130	06/09/2018	89100	1280 x 720		Raw Data	Ord4_T2_L.avi	190	0	900	720									27845	10:16:16.866	1536226350638403															0	2657		Fixation	8	420	390	2.28	46.17	338.15																				3339			610	390	610	390	420	390			244.75	132.83						333.16	205.14	730.91						0.00		4.18	4	0				
07/12/2018	3.3.2	Gaze Project	O4	3	M	Bilingual	G130	06/09/2018	89100	1280 x 720		Raw Data	Ord4_T2_L.avi	190	0	900	720									27853	10:16:16.874	1536226350646669															0	2658		Fixation	8	430	318	2.26	82.12	35.94																				3340	578	341	620	318	599	329	409	329	232.18	152.54	248.92	161.83	240.55	157.19	288.19	202.89	734.98	333.18	205.17	730.97					760.91	760.91	3.93	3.90	0	0				
07/12/2018	3.3.2	Gaze Project	O4	3	M	Bilingual	G130	06/09/2018	89100	1280 x 720		Raw Data	Ord4_T2_L.avi	190	0	900	720									27862	10:16:16.882	1536226350655022															0	2659		Fixation	8	382	341	1.64	205.67	123.56																				3341	609	392	572	341	590	366	400	366	244.65	131.89	229.49	152.60	237.07	142.25	288.17	205.04	741.87	333.20	205.16	730.92					768.11	768.11	4.15	4.03	0	0				
07/12/2018	3.3.2	Gaze Project	O4	3	M	Bilingual	G130	06/09/2018	89100	1280 x 720		Raw Data	Ord4_T2_L.avi	190	0	900	720									27870	10:16:16.891	1536226350663360															0	2660		Fixation	8	395	213	4.01	84.22	238.55																				3342	611	217	585	213	598	215	408	215	245.07	202.56	234.76	204.29	239.91	203.42	288.25	202.71	734.39	333.22	205.04	730.96					760.29	760.29	3.17	3.52	0	0				
07/12/2018	3.3.2	Gaze Project	O4	3	M	Bilingual	G130	06/09/2018	89100	1280 x 720		Raw Data	Ord4_T2_L.avi	190	0	900	720									27878	10:16:16.899	1536226350671717															0	2661		Fixation	8	445	364	4.98	288.27	204.05																				3343	606	239	635	364	620	301	430	301	243.24	193.67	255.00	143.30	249.12	168.49	288.28	202.74	734.49	333.25	205.16	730.96					760.40	760.40	3.24	3.93	0	0				
07/12/2018	3.3.2	Gaze Project	O4	3	M	Bilingual	G130	06/09/2018	89100	1280 x 720		Raw Data	Ord4_T2_L.avi	190	0	900	720									27887	10:16:16.907	1536226350680075															0	2662		Fixation	8	426	241	3.87	98.75	170.49																				3344	565	551	616	241	590	396	400	396	226.94	67.98	247.41	192.97	237.18	130.47	288.26	204.76	741.03	333.77	208.00	739.88					767.23	767.23	4.27	3.86	0	0				
07/12/2018	3.3.2	Gaze Project	O4	3	M	Bilingual	G130	06/09/2018	89100	1280 x 720		Raw Data	Ord4_T2_L.avi	190	0	900	720									27895	10:16:16.916	1536226350688337															0	2663		Fixation	8	393	426	5.81	259.92	161.16																				3345	584	451	583	426	583	438	393	438	234.57	108.35	234.10	118.38	234.33	113.36	288.31	204.27	739.62	333.31	205.13	730.97					765.75	765.75	4.15	4.13	0	0				
07/12/2018	3.3.2	Gaze Project	O4	3	M	Bilingual	G130	06/09/2018	89100	1280 x 720		Raw Data	Ord4_T2_L.avi	190	0	900	720									27903	10:16:16.924	1536226350696671															0	2664		Fixation	8	419	392	1.31	52.68	152.77																				3346	635	278	609	392	622	335	432	335	254.91	177.86	244.40	132.24	249.66	155.05	288.34	204.66	740.79	333.35	205.12	730.99					766.98	766.98	3.97	4.10	0	0				
07/12/2018	3.3.2	Gaze Project	O4	3	M	Bilingual	G130	06/09/2018	89100	1280 x 720		Raw Data	Ord4_T2_L.avi	190	0	900	720									27912	10:16:16.932	1536226350705026															0	2665		Fixation	8	479	231	5.36	69.62	16.94																				3347	583	245	669	231	626	238	436	238	233.85	191.46	268.56	196.77	251.21	194.12	288.38	204.73	741.04	333.38	204.98	731.05					767.24	767.24	3.56	3.37	0	0				
07/12/2018	3.3.2	Gaze Project	O4	3	M	Bilingual	G130	06/09/2018	89100	1280 x 720		Raw Data	Ord4_T2_L.avi	190	0	900	720									27920	10:16:16.941	1536226350713399															0	2666		Fixation	8	392	228	2.70	178.02	108.40																				3348	581	369	582	228	581	298	391	298	233.37	141.34	233.75	198.12	233.56	169.73	288.41	205.00	741.87	333.42	204.96	731.06					768.11	768.11	3.94	3.53	0	0				
07/12/2018	3.3.2	Gaze Project	O4	3	M	Bilingual	G130	06/09/2018	89100	1280 x 720		Raw Data	Ord4_T2_L.avi	190	0	900	720									27928	10:16:16.949	1536226350721660															0			Unclassified	8																									3349	579	381			579	381	389	381	232.44	136.64					288.49	203.03	735.54		-34.01						761.49		3.81		0	4				
07/12/2018	3.3.2	Gaze Project	O4	3	M	Bilingual	G130	06/09/2018	89100	1280 x 720		Raw Data	Ord4_T2_L.avi	190	0	900	720									27937	10:16:16.957	1536226350730001															0	2667		Fixation	8	406	364	4.27	275.86	97.84																				3350	600	399	596	364	598	381	408	381	240.93	129.19	239.44	143.50	240.18	136.34	288.54	203.06	735.67	333.53	205.04	731.11					761.63	761.63	3.83	4.10	0	0				
07/12/2018	3.3.2	Gaze Project	O4	3	M	Bilingual	G130	06/09/2018	89100	1280 x 720		Raw Data	Ord4_T2_L.avi	190	0	900	720									27945	10:16:16.966	1536226350738338															0	2668		Fixation	8	462	244	4.11	65.05	149.20																				3351	569	292	652	244	610	268	420	268	228.24	172.31	261.64	191.59	244.94	181.95	288.57	203.99	738.95	333.93	207.04	737.58					765.03	765.03	3.65	3.65	0	0				
07/12/2018	3.3.2	Gaze Project	O4	3	M	Bilingual	G130	06/09/2018	89100	1280 x 720		Raw Data	Ord4_T2_L.avi	190	0	900	720									27953	10:16:16.974	1536226350746693															0	2669		Fixation	8	389	365	4.37	238.98	173.92																				3352	591	278	579	365	585	321	395	321	237.05	178.17	232.34	143.11	234.69	160.64	288.61	204.61	740.91	333.62	204.97	731.08					767.09	767.09	3.38	3.93	0	0				
07/12/2018	3.3.2	Gaze Project	O4	3	M	Bilingual	G130	06/09/2018	89100	1280 x 720		Raw Data	Ord4_T2_L.avi	190	0	900	720									27962	10:16:16.982	1536226350755050															0	2670		Fixation	8	393	257	3.37	87.89	208.91																				3353	617	275	583	257	600	266	410	266	247.67	179.17	233.98	186.63	240.83	182.90	288.66	204.67	741.12	333.67	204.93	731.06					767.31	767.31	3.49	3.63	0	0				
07/12/2018	3.3.2	Gaze Project	O4	3	M	Bilingual	G130	06/09/2018	89100	1280 x 720		Raw Data	Ord4_T2_L.avi	190	0	900	720									27970	10:16:16.991	1536226350763311															0	2671		Fixation	8	373	408	4.71	262.48	174.59																				3354	627	226	563	408	595	317	405	317	251.57	198.98	226.06	125.45	238.81	162.21	288.69	205.08	742.43	334.79	207.37	738.10					768.68	768.68	3.31	4.25	0	0				
07/12/2018	3.3.2	Gaze Project	O4	3	M	Bilingual	G130	06/09/2018	89100	1280 x 720		Raw Data	Ord4_T2_L.avi	190	0	900	720									27978	10:16:16.999	1536226350771646															0	2672		Fixation	8	371	385	0.71	94.95	192.47																				3355	572	362	561	385	566	373	376	373	229.81	144.35	225.35	134.80	227.58	139.58	288.74	205.43	743.56	333.77	204.87	731.11					769.87	769.87	4.04	4.09	0	0				
07/12/2018	3.3.2	Gaze Project	O4	3	M	Bilingual	G130	06/09/2018	89100	1280 x 720		Raw Data	Ord4_T2_L.avi	190	0	900	720									27987	10:16:17.007	1536226350780011															0	2673		Fixation	8	441	398	2.18	349.45	254.49																				3356			631	398	631	398	441	398			253.17	129.76						335.67	208.97	743.03						0.00		4.72	4	0				
07/12/2018	3.3.2	Gaze Project	O4	3	M	Bilingual	G130	06/09/2018	89100	1280 x 720		Raw Data	Ord4_T2_L.avi	190	0	900	720									27995	10:16:17.016	1536226350788367															0			Unclassified	8																									3357	535	270			535	270	345	270	214.61	181.31					288.85	205.27	743.14		-34.01						769.42		3.52		0	4				
07/12/2018	3.3.2	Gaze Project	O4	3	M	Bilingual	G130	06/09/2018	89100	1280 x 720		Raw Data	Ord4_T2_L.avi	190	0	900	720									28003	10:16:17.024	1536226350796723															0	2674		Fixation	8	370	355	2.55	148.72	159.27																				3358	574	299	560	355	567	327	377	327	230.25	169.64	224.94	147.14	227.59	158.39	288.95	202.68	734.93	333.93	204.73	730.99					760.83	760.83	3.63	3.85	0	0				
07/12/2018	3.3.2	Gaze Project	O4	3	M	Bilingual	G130	06/09/2018	89100	1280 x 720		Raw Data	Ord4_T2_L.avi	190	0	900	720									28011	10:16:17.032	1536226350804983															0	2675		Fixation	8	387	377	0.86	307.61	158.89																				3359	608	296	577	377	592	336	402	336	244.13	170.89	231.66	138.20	237.90	154.54	289.00	202.72	735.15	334.67	206.34	735.47					761.05	761.05	3.58	4.26	0	0				
07/12/2018	3.3.2	Gaze Project	O4	3	M	Bilingual	G130	06/09/2018	89100	1280 x 720		Raw Data	Ord4_T2_L.avi	190	0	900	720									28020	10:16:17.041	1536226350813319															0			Unclassified	8																									3360	541	436			541	436	351	436	217.36	114.57					289.08	202.61	735.20		-34.01						761.06		4.28		0	4				
07/12/2018	3.3.2	Gaze Project	O4	3	M	Bilingual	G130	06/09/2018	89100	1280 x 720		Raw Data	Ord4_T2_L.avi	190	0	900	720									28028	10:16:17.049	1536226350821679															0	2676		Fixation	8	326	506	4.26	244.76	297.16																				3361	644	460	516	506	580	483	390	483	258.64	104.61	207.17	86.35	232.90	95.48	294.07	220.73	789.35	335.44	212.33	754.43					818.33	818.33	5.14	4.82	0	0				
07/12/2018	3.3.2	Gaze Project	O4	3	M	Bilingual	G130	06/09/2018	89100	1280 x 720		Raw Data	Ord4_T2_L.avi	190	0	900	720									28037	10:16:17.057	1536226350830036															0	2677		Fixation	8	348	462	1.46	63.51	178.75																				3362	612	450	538	462	575	456	385	456	245.63	108.71	216.08	103.96	230.86	106.34	289.08	207.90	751.34	334.15	204.55	730.82					778.03	778.03	4.47	4.70	0	0				
07/12/2018	3.3.2	Gaze Project	O4	3	M	Bilingual	G130	06/09/2018	89100	1280 x 720		Raw Data	Ord4_T2_L.avi	190	0	900	720									28045	10:16:17.066	1536226350838305															0	2678		Fixation	8	322	396	2.07	111.44	47.93																				3363	550	459	512	396	531	427	341	427	220.70	105.04	205.40	130.34	213.05	117.69	289.18	202.82	735.11	346.38	231.15	810.14					761.05	761.05	4.55	5.23	0	0				
07/12/2018	3.3.2	Gaze Project	O4	3	M	Bilingual	G130	06/09/2018	89100	1280 x 720		Raw Data	Ord4_T2_L.avi	190	0	900	720									28053	10:16:17.074	1536226350846661															0	2679		Fixation	8	344	528	3.88	279.43	167.99																				3364	589	507	534	528	561	517	371	517	236.32	85.75	214.46	77.32	225.39	81.54	289.27	202.71	735.26	334.25	204.51	730.84					761.16	761.16	4.39	4.64	0	0				
07/12/2018	3.3.2	Gaze Project	O4	3	M	Bilingual	G130	06/09/2018	89100	1280 x 720		Raw Data	Ord4_T2_L.avi	190	0	900	720									28062	10:16:17.082	1536226350854990															0			Unclassified	8																									3365	544	429			544	429	354	429	218.51	117.01					289.30	202.62	734.99		-34.01						760.88		4.18		0	4				
07/12/2018	3.3.2	Gaze Project	O4	3	M	Bilingual	G130	06/09/2018	89100	1280 x 720		Raw Data	Ord4_T2_L.avi	190	0	900	720									28070	10:16:17.091	1536226350863336															0	2680		Fixation	8	297	515	1.48	164.49	245.06																				3366	603	465	487	515	545	490	355	490	242.19	102.55	195.66	82.39	218.92	92.47	289.27	208.63	753.70	334.34	204.59	730.81					780.51	780.51	4.50	4.75	0	0				
07/12/2018	3.3.2	Gaze Project	O4	3	M	Bilingual	G130	06/09/2018	89100	1280 x 720		Raw Data	Ord4_T2_L.avi	190	0	900	720									28078	10:16:17.099	1536226350871706															0	2681		Fixation	8	350	486	1.80	28.76	224.27																				3367	600	504	540	486	570	495	380	495	240.69	86.89	216.76	94.24	228.72	90.57	289.32	208.25	752.58	334.36	204.31	730.41					779.33	779.33	4.51	4.75	0	0				
07/12/2018	3.3.2	Gaze Project	O4	3	M	Bilingual	G130	06/09/2018	89100	1280 x 720		Raw Data	Ord4_T2_L.avi	190	0	900	720									28086	10:16:17.107	1536226350879942															0	2682		Fixation	8	369	510	0.94	308.28	279.51																				3368	660	619	559	510	609	564	419	564	264.93	40.82	224.35	84.48	244.64	62.65	289.37	202.73	734.95	334.37	204.42	730.36					760.87	760.87	4.45	4.55	0	0				
07/12/2018	3.3.2	Gaze Project	O4	3	M	Bilingual	G130	06/09/2018	89100	1280 x 720		Raw Data	Ord4_T2_L.avi	190	0	900	720									28095	10:16:17.116	1536226350888298															0	2683		Fixation	8	359	458	1.63	100.85	152.57																				3369	557	475	549	458	553	466	363	466	223.60	98.72	220.28	105.69	221.94	102.20	289.49	202.25	733.96	334.43	204.09	729.85					759.80	759.80	4.25	4.60	0	0				
07/12/2018	3.3.2	Gaze Project	O4	3	M	Bilingual	G130	06/09/2018	89100	1280 x 720		Raw Data	Ord4_T2_L.avi	190	0	900	720									28103	10:16:17.124	1536226350896661															0	2684		Fixation	8	343	332	3.70	97.21	356.36																				3370	557	499	533	332	545	415	355	415	223.72	88.95	214.11	156.28	218.91	122.62	289.53	202.13	734.01	348.15	233.99	819.00					759.81	759.81	4.41	5.00	0	0				
07/12/2018	3.3.2	Gaze Project	O4	3	M	Bilingual	G130	06/09/2018	89100	1280 x 720		Raw Data	Ord4_T2_L.avi	190	0	900	720									28112	10:16:17.132	1536226350905019															0	2685		Fixation	8	365	520	5.49	276.65	179.44																				3371	595	425	555	520	575	472	385	472	238.80	118.91	222.66	80.40	230.73	99.65	289.55	202.59	734.98	334.52	204.21	730.24					760.87	760.87	4.03	4.68	0	0				
07/12/2018	3.3.2	Gaze Project	O4	3	M	Bilingual	G130	06/09/2018	89100	1280 x 720		Raw Data	Ord4_T2_L.avi	190	0	900	720									28120	10:16:17.141	1536226350913363															0	2686		Fixation	8	366	435	2.56	89.33	172.67																				3372	608	507	556	435	582	471	392	471	244.03	85.82	222.99	114.95	233.51	100.39	289.57	202.60	734.98	335.96	212.21	754.61					760.87	760.87	4.32	4.82	0	0				
07/12/2018	3.3.2	Gaze Project	O4	3	M	Bilingual	G130	06/09/2018	89100	1280 x 720		Raw Data	Ord4_T2_L.avi	190	0	900	720									28128	10:16:17.149	1536226350921638															0			Unclassified	8																									3373	618	518			618	518	428	518	248.23	81.17					289.60	202.46	734.51		-34.01						760.38		4.43		0	4				
07/12/2018	3.3.2	Gaze Project	O4	3	M	Bilingual	G130	06/09/2018	89100	1280 x 720		Raw Data	Ord4_T2_L.avi	190	0	900	720									28136	10:16:17.157	1536226350929968															0	2687		Fixation	8	344	405	1.06	126.17	36.84																				3374	599	533	534	405	566	469	376	469	240.39	75.38	214.52	127.04	227.45	101.21	289.67	202.58	734.80	349.83	237.18	828.54					760.70	760.70	4.32	5.04	0	0				
07/12/2018	3.3.2	Gaze Project	O4	3	M	Bilingual	G130	06/09/2018	89100	1280 x 720		Raw Data	Ord4_T2_L.avi	190	0	900	720									28145	10:16:17.166	1536226350938330															0	2688		Fixation	8	382	444	1.55	314.16	188.00																				3375	607	451	572	444	589	447	399	447	243.65	108.15	229.78	111.04	236.72	109.59	289.69	202.60	734.76	336.00	211.80	753.27					760.67	760.67	4.15	4.68	0	0				
07/12/2018	3.3.2	Gaze Project	O4	3	M	Bilingual	G130	06/09/2018	89100	1280 x 720		Raw Data	Ord4_T2_L.avi	190	0	900	720									28153	10:16:17.174	1536226350946690															0	2689		Fixation	8	356	335	3.24	103.37	149.21																				3376	571	326	546	335	558	330	368	330	229.24	158.75	218.97	154.95	224.11	156.85	289.69	202.76	734.70	347.42	231.94	812.67					760.66	760.66	3.73	4.77	0	0				
07/12/2018	3.3.2	Gaze Project	O4	3	M	Bilingual	G130	06/09/2018	89100	1280 x 720		Raw Data	Ord4_T2_L.avi	190	0	900	720									28161	10:16:17.182	1536226350954955															0	2690		Fixation	8	371	307	0.91	61.90	318.52																				3377	589	495	561	307	575	401	385	401	236.34	90.45	225.25	166.19	230.79	128.32	289.75	202.43	733.99	336.06	211.84	753.16					759.89	759.89	4.29	4.42	0	0				
07/12/2018	3.3.2	Gaze Project	O4	3	M	Bilingual	G130	06/09/2018	89100	1280 x 720		Raw Data	Ord4_T2_L.avi	190	0	900	720									28170	10:16:17.191	1536226350963302															0	2691		Fixation	8	397	382	2.39	289.06	227.16																				3378	631	285	587	382	609	333	419	333	253.10	175.19	235.63	136.19	244.36	155.69	289.65	202.61	733.92	336.27	212.89	756.18					759.87	759.87	3.79	4.49	0	0				
07/12/2018	3.3.2	Gaze Project	O4	3	M	Bilingual	G130	06/09/2018	89100	1280 x 720		Raw Data	Ord4_T2_L.avi	190	0	900	720									28178	10:16:17.199	1536226350971631															0	2692		Fixation	8	386	372	0.45	137.63	208.57																				3379	537	411	576	372	556	391	366	391	215.41	124.48	231.20	140.31	223.30	132.39	289.73	213.72	768.32	336.28	212.64	755.22					796.00	796.00	4.44	4.55	0	0				
07/12/2018	3.3.2	Gaze Project	O4	3	M	Bilingual	G130	06/09/2018	89100	1280 x 720		Raw Data	Ord4_T2_L.avi	190	0	900	720									28187	10:16:17.207	1536226350979987															0	2693		Fixation	8	354	430	1.96	241.19	103.56																				3380			544	430	544	430	354	430			218.52	116.79						336.19	212.02	753.15						0.00		4.74	4	0				
07/12/2018	3.3.2	Gaze Project	O4	3	M	Bilingual	G130	06/09/2018	89100	1280 x 720		Raw Data	Ord4_T2_L.avi	190	0	900	720									28195	10:16:17.216	1536226350988357															0	2694		Fixation	8	383	430	0.86	0.00	118.81																				3381			573	430	573	430	383	430			230.00	116.84						336.31	212.49	754.31						0.00		4.62	4	0				
07/12/2018	3.3.2	Gaze Project	O4	3	M	Bilingual	G130	06/09/2018	89100	1280 x 720		Raw Data	Ord4_T2_L.avi	190	0	900	720									28203	10:16:17.224	1536226350996625															0	2695		Fixation	8	369	416	0.60	134.91	134.91																				3382	583	493	559	416	571	454	381	454	234.09	91.47	224.39	122.42	229.24	106.95	289.97	202.86	734.20	334.92	204.40	729.45					760.24	760.24	4.29	4.48	0	0				
07/12/2018	3.3.2	Gaze Project	O4	3	M	Bilingual	G130	06/09/2018	89100	1280 x 720		Raw Data	Ord4_T2_L.avi	190	0	900	720									28211	10:16:17.232	1536226351004963															0	2696		Fixation	8	357	516	3.08	263.18	128.27																				3383	560	438	547	516	553	477	363	477	224.62	113.49	219.76	82.20	222.19	97.84	290.00	203.08	734.12	334.92	204.60	729.37					760.22	760.22	4.16	4.68	0	0				
07/12/2018	3.3.2	Gaze Project	O4	3	M	Bilingual	G130	06/09/2018	89100	1280 x 720		Raw Data	Ord4_T2_L.avi	190	0	900	720									28220	10:16:17.241	1536226351013304															0	2697		Fixation	8	404	410	3.53	66.16	162.98																				3384	561	520	594	410	577	465	387	465	225.34	80.66	238.53	124.68	231.93	102.67	290.10	202.91	734.19	335.11	204.92	730.44					760.24	760.24	4.41	4.39	0	0				
07/12/2018	3.3.2	Gaze Project	O4	3	M	Bilingual	G130	06/09/2018	89100	1280 x 720		Raw Data	Ord4_T2_L.avi	190	0	900	720									28228	10:16:17.249	1536226351021672															0	2698		Fixation	8	347	486	2.84	233.22	167.06																				3385	574	429	537	486	555	457	365	457	230.40	117.38	215.48	94.05	222.94	105.71	290.07	203.25	734.05	336.53	212.72	753.84					760.21	760.21	4.31	4.82	0	0				
07/12/2018	3.3.2	Gaze Project	O4	3	M	Bilingual	G130	06/09/2018	89100	1280 x 720		Raw Data	Ord4_T2_L.avi	190	0	900	720									28236	10:16:17.257	1536226351029950															0	2699		Fixation	8	405	426	2.49	46.06	172.84																				3386	571	504	595	426	583	465	393	465	229.02	87.05	238.96	118.43	233.99	102.74	290.17	213.62	766.00	335.19	205.22	730.31					793.78	793.78	4.59	4.41	0	0				
07/12/2018	3.3.2	Gaze Project	O4	3	M	Bilingual	G130	06/09/2018	89100	1280 x 720		Raw Data	Ord4_T2_L.avi	190	0	900	720									28245	10:16:17.266	1536226351038289															0	2700		Fixation	8	364	484	2.16	234.83	188.77																				3387	638	543	554	484	596	513	406	513	255.94	71.41	222.25	94.85	239.10	83.13	290.26	210.30	755.65	335.32	205.25	730.51					782.92	782.92	4.61	4.55	0	0				
07/12/2018	3.3.2	Gaze Project	O4	3	M	Bilingual	G130	06/09/2018	89100	1280 x 720		Raw Data	Ord4_T2_L.avi	190	0	900	720									28253	10:16:17.274	1536226351046627															0	2701		Fixation	8	375	488	0.35	339.96	105.13																				3388	589	427	565	488	577	457	387	457	236.37	118.18	226.81	93.37	231.59	105.77	290.41	203.79	735.25	336.85	213.52	755.29					761.54	761.54	4.11	4.79	0	0				
07/12/2018	3.3.2	Gaze Project	O4	3	M	Bilingual	G130	06/09/2018	89100	1280 x 720		Raw Data	Ord4_T2_L.avi	190	0	900	720									28262	10:16:17.282	1536226351054976															0			Unclassified	8																									3389	556	438			556	438	366	438	223.30	113.39					290.48	203.32	733.59		-34.01						759.82		4.04		0	4				
07/12/2018	3.3.2	Gaze Project	O4	3	M	Bilingual	G130	06/09/2018	89100	1280 x 720		Raw Data	Ord4_T2_L.avi	190	0	900	720									28270	10:16:17.291	1536226351063341															0	2702		Fixation	8	332	544	2.08	232.57	252.61																				3390	602	457	522	544	562	500	372	500	241.76	105.83	209.56	70.89	225.66	88.36	290.55	203.84	734.85	335.56	205.45	730.21					761.18	761.18	4.17	4.64	0	0				
07/12/2018	3.3.2	Gaze Project	O4	3	M	Bilingual	G130	06/09/2018	89100	1280 x 720		Raw Data	Ord4_T2_L.avi	190	0	900	720									28278	10:16:17.299	1536226351071609															0	2703		Fixation	8	368	502	1.65	49.49	176.92																				3391	610	443	558	502	584	472	394	472	244.88	111.74	223.92	87.61	234.40	99.68	290.63	203.84	734.57	335.70	205.79	730.91					760.92	760.92	4.09	4.63	0	0				
07/12/2018	3.3.2	Gaze Project	O4	3	M	Bilingual	G130	06/09/2018	89100	1280 x 720		Raw Data	Ord4_T2_L.avi	190	0	900	720									28286	10:16:17.307	1536226351079962															0			Unclassified	8																									3392	559	531			559	531	369	531	224.54	75.96					290.74	203.81	734.58		-34.01						760.92		4.38		0	4				
07/12/2018	3.3.2	Gaze Project	O4	3	M	Bilingual	G130	06/09/2018	89100	1280 x 720		Raw Data	Ord4_T2_L.avi	190	0	900	720									28295	10:16:17.316	1536226351088296															0	2704		Fixation	8	393	435	2.17	69.60	20.11																				3393	562	481	583	435	572	458	382	458	225.47	96.38	233.90	114.84	229.69	105.61	290.80	203.94	734.17	335.89	205.88	730.88					760.58	760.58	4.11	4.30	0	0				
07/12/2018	3.3.2	Gaze Project	O4	3	M	Bilingual	G130	06/09/2018	89100	1280 x 720		Raw Data	Ord4_T2_L.avi	190	0	900	720									28303	10:16:17.324	1536226351096643															0	2705		Fixation	8	337	542	3.64	242.45	172.85																				3394	586	441	527	542	556	491	366	491	235.16	112.42	211.54	71.57	223.35	91.99	290.79	204.17	734.08	335.96	205.94	730.33					760.56	760.56	4.01	4.53	0	0				
07/12/2018	3.3.2	Gaze Project	O4	3	M	Bilingual	G130	06/09/2018	89100	1280 x 720		Raw Data	Ord4_T2_L.avi	190	0	900	720									28312	10:16:17.332	1536226351105009															0	2706		Fixation	8	395	480	2.55	47.00	164.55																				3395			585	480	585	480	395	480			234.68	96.83						336.08	205.91	730.34						0.00		4.42	4	0				
07/12/2018	3.3.2	Gaze Project	O4	3	M	Bilingual	G130	06/09/2018	89100	1280 x 720		Raw Data	Ord4_T2_L.avi	190	0	900	720									28320	10:16:17.341	1536226351113251															0	2707		Fixation	8	387	538	1.78	262.17	215.17																				3396	569	529	577	538	573	533	383	533	228.44	77.09	231.57	73.19	230.00	75.14	291.10	204.10	734.11	336.17	205.99	730.31					760.58	760.58	4.24	4.57	0	0				
07/12/2018	3.3.2	Gaze Project	O4	3	M	Bilingual	G130	06/09/2018	89100	1280 x 720		Raw Data	Ord4_T2_L.avi	190	0	900	720									28328	10:16:17.349	1536226351121605															0			Unclassified	8																									3397	620	599			620	599	430	599	248.72	48.54					291.18	204.19	734.07		-34.01						760.58		4.28		0	4				
07/12/2018	3.3.2	Gaze Project	O4	3	M	Bilingual	G130	06/09/2018	89100	1280 x 720		Raw Data	Ord4_T2_L.avi	190	0	900	720									28337	10:16:17.357	1536226351129968															0			Unclassified	8																									3398	593	562			593	562	403	562	238.13	63.58					291.31	204.27	734.04		-34.01						760.58		4.39		0	4				
07/12/2018	3.3.2	Gaze Project	O4	3	M	Bilingual	G130	06/09/2018	89100	1280 x 720		Raw Data	Ord4_T2_L.avi	190	0	900	720									28345	10:16:17.366	1536226351138322															0			Unclassified	8																									3399	584	607			584	607	394	607	234.38	45.37					291.42	213.57	761.83		-34.01						789.86		4.79		0	4				
07/12/2018	3.3.2	Gaze Project	O4	3	M	Bilingual	G130	06/09/2018	89100	1280 x 720		Raw Data	Ord4_T2_L.avi	190	0	900	720									28353	10:16:17.374	1536226351146588															0			Unclassified	8																									3400																			-34.01										4	4				
07/12/2018	3.3.2	Gaze Project	O4	3	M	Bilingual	G130	06/09/2018	89100	1280 x 720		Raw Data	Ord4_T2_L.avi	190	0	900	720									28361	10:16:17.382	1536226351154940															0			Unclassified	8																									3401																			-34.01										4	4				
07/12/2018	3.3.2	Gaze Project	O4	3	M	Bilingual	G130	06/09/2018	89100	1280 x 720		Raw Data	Ord4_T2_L.avi	190	0	900	720									28370	10:16:17.391	1536226351163274															0			Unclassified	8																									3402																			-34.01										4	4				
07/12/2018	3.3.2	Gaze Project	O4	3	M	Bilingual	G130	06/09/2018	89100	1280 x 720		Raw Data	Ord4_T2_L.avi	190	0	900	720									28378	10:16:17.399	1536226351171632															0			Unclassified	8																									3403																			-34.01										4	4				
07/12/2018	3.3.2	Gaze Project	O4	3	M	Bilingual	G130	06/09/2018	89100	1280 x 720		Raw Data	Ord4_T2_L.avi	190	0	900	720									28387	10:16:17.407	1536226351179993															0			Unclassified	8																									3404	1070	746			1070	746			429.53	-10.35					292.93	203.57	731.05		-34.01						757.60		3.27		0	4				
07/12/2018	3.3.2	Gaze Project	O4	3	M	Bilingual	G130	06/09/2018	89100	1280 x 720		Raw Data	Ord4_T2_L.avi	190	0	900	720									28395	10:16:17.416	1536226351188246															0			Unclassified	8																									3405																			-34.01										4	4				
07/12/2018	3.3.2	Gaze Project	O4	3	M	Bilingual	G130	06/09/2018	89100	1280 x 720		Raw Data	Ord4_T2_L.avi	190	0	900	720									28403	10:16:17.424	1536226351196585															0			Unclassified	8																									3406	1130	704			1130	704			453.64	6.54					293.53	202.51	727.91		-34.01						754.32		3.53		0	4				
07/12/2018	3.3.2	Gaze Project	O4	3	M	Bilingual	G130	06/09/2018	89100	1280 x 720		Raw Data	Ord4_T2_L.avi	190	0	900	720									28411	10:16:17.432	1536226351204946															0			Unclassified	8																									3407	1213	717			1213	717			486.78	1.35					293.85	205.50	736.59		-34.01						763.50		3.76		0	4				
07/12/2018	3.3.2	Gaze Project	O4	3	M	Bilingual	G130	06/09/2018	89100	1280 x 720		Raw Data	Ord4_T2_L.avi	190	0	900	720									28420	10:16:17.441	1536226351213307															0			Unclassified	8																									3408																			-34.01										4	4				
07/12/2018	3.3.2	Gaze Project	O4	3	M	Bilingual	G130	06/09/2018	89100	1280 x 720		Raw Data	Ord4_T2_L.avi	190	0	900	720									28428	10:16:17.449	1536226351221663															0	2708		Fixation	8			24.94	344.41	82.23																				3409	1356	642	1375	760	1365	701			544.17	31.27	552.08	-16.30	548.13	7.48	294.48	205.60	736.95	338.51	200.98	715.87					763.91	763.91	3.87	2.82	0	0				
07/12/2018	3.3.2	Gaze Project	O4	3	M	Bilingual	G130	06/09/2018	89100	1280 x 720		Raw Data	Ord4_T2_L.avi	190	0	900	720									28436	10:16:17.457	1536226351229936															0	2709		Fixation	8			2.35	101.14	116.73																				3410	1460	536	1359	679	1409	607			586.07	74.04	545.31	16.42	565.69	45.23	294.84	205.52	736.98	336.84	200.99	715.35					763.93	763.93	3.46	3.35	0	0				
07/12/2018	3.3.2	Gaze Project	O4	3	M	Bilingual	G130	06/09/2018	89100	1280 x 720		Raw Data	Ord4_T2_L.avi	190	0	900	720									28445	10:16:17.466	1536226351238260															0	2710		Fixation	8			2.01	156.63	55.49																				3411	1389	572	1294	651	1341	611			557.57	59.67	519.60	27.87	538.59	43.77	295.08	205.61	736.84	337.89	202.65	720.36					763.84	763.84	4.08	3.80	0	0				
07/12/2018	3.3.2	Gaze Project	O4	3	M	Bilingual	G130	06/09/2018	89100	1280 x 720		Raw Data	Ord4_T2_L.avi	190	0	900	720									28453	10:16:17.474	1536226351246605															0	2711		Fixation	8			2.53	91.33	294.70																				3412	1360	530	1292	565	1326	547			545.91	76.66	518.75	62.53	532.33	69.60	295.41	205.79	736.77	340.65	207.68	735.97					763.84	763.84	3.95	4.06	0	0				
07/12/2018	3.3.2	Gaze Project	O4	3	M	Bilingual	G130	06/09/2018	89100	1280 x 720		Raw Data	Ord4_T2_L.avi	190	0	900	720									28462	10:16:17.482	1536226351254975															0	2712		Fixation	8			2.47	23.89	292.56																				3413			1369	531	1369	531					549.45	76.01						340.94	207.71	736.18						0.00		4.25	4	0				
07/12/2018	3.3.2	Gaze Project	O4	3	M	Bilingual	G130	06/09/2018	89100	1280 x 720		Raw Data	Ord4_T2_L.avi	190	0	900	720									28470	10:16:17.491	1536226351263253															0	2713		Fixation	8			0.70	133.27	109.38																				3414	1369	542	1352	513	1360	527			549.49	71.58	542.78	83.48	546.14	77.53	295.94	205.82	736.98	341.24	207.78	736.45					764.07	764.07	3.87	4.33	0	0				
07/12/2018	3.3.2	Gaze Project	O4	3	M	Bilingual	G130	06/09/2018	89100	1280 x 720		Raw Data	Ord4_T2_L.avi	190	0	900	720									28478	10:16:17.499	1536226351271588															0	2714		Fixation	8			0.54	192.57	59.30																				3415			1334	517	1334	517					535.31	81.89						340.94	204.69	727.54						0.00		4.46	4	0				
07/12/2018	3.3.2	Gaze Project	O4	3	M	Bilingual	G130	06/09/2018	89100	1280 x 720		Raw Data	Ord4_T2_L.avi	190	0	900	720									28486	10:16:17.507	1536226351279929															0	2715		Fixation	8			1.25	169.18	336.61																				3416	1362	589	1292	509	1327	549			546.72	52.65	518.47	85.10	532.60	68.87	296.49	202.97	728.38	341.17	204.47	726.92					755.06	755.06	4.32	4.34	0	0				
07/12/2018	3.3.2	Gaze Project	O4	3	M	Bilingual	G130	06/09/2018	89100	1280 x 720		Raw Data	Ord4_T2_L.avi	190	0	900	720									28495	10:16:17.516	1536226351288277															0			Unclassified	8																									3417	1319	610			1319	610			529.28	44.46					296.77	202.58	726.92		-34.01						753.57		4.22		0	4				
07/12/2018	3.3.2	Gaze Project	O4	3	M	Bilingual	G130	06/09/2018	89100	1280 x 720		Raw Data	Ord4_T2_L.avi	190	0	900	720									28503	10:16:17.524	1536226351296644															0	2716		Fixation	8			1.95	352.32	183.14																				3418	1331	554	1359	518	1345	536			534.38	67.02	545.40	81.36	539.89	74.19	297.06	202.48	726.36	342.45	208.21	737.79					753.01	753.01	4.20	4.06	0	0				
07/12/2018	3.3.2	Gaze Project	O4	3	M	Bilingual	G130	06/09/2018	89100	1280 x 720		Raw Data	Ord4_T2_L.avi	190	0	900	720									28511	10:16:17.532	1536226351304905															0	2717		Fixation	8			3.75	6.07	13.75																				3419	1368	420	1491	504	1429	462			549.23	120.85	598.36	87.11	573.79	103.98	297.41	206.07	736.64	342.67	208.31	737.75					763.91	763.91	3.87	3.78	0	0				
07/12/2018	3.3.2	Gaze Project	O4	3	M	Bilingual	G130	06/09/2018	89100	1280 x 720		Raw Data	Ord4_T2_L.avi	190	0	900	720									28520	10:16:17.541	1536226351313254															0	2718		Fixation	8			6.08	216.07	210.00																				3420			1323	626	1323	626					531.07	37.95						342.29	204.83	728.03						0.00		4.40	4	0				
07/12/2018	3.3.2	Gaze Project	O4	3	M	Bilingual	G130	06/09/2018	89100	1280 x 720		Raw Data	Ord4_T2_L.avi	190	0	900	720									28528	10:16:17.549	1536226351321605															0	2719		Fixation	8			1.99	108.64	252.57																				3421	1367	351	1301	561	1334	456			548.63	148.62	522.10	64.12	535.36	106.37	297.96	206.38	737.12	342.69	205.61	730.41					764.49	764.49	3.55	4.24	0	0				
07/12/2018	3.3.2	Gaze Project	O4	3	M	Bilingual	G130	06/09/2018	89100	1280 x 720		Raw Data	Ord4_T2_L.avi	190	0	900	720									28537	10:16:17.557	1536226351329957															0	2720		Fixation	8			4.80	36.82	288.17																				3422			1431	464	1431	464					574.54	103.00						343.37	208.29	737.76						0.00		3.86	4	0				
07/12/2018	3.3.2	Gaze Project	O4	3	M	Bilingual	G130	06/09/2018	89100	1280 x 720		Raw Data	Ord4_T2_L.avi	190	0	900	720									28545	10:16:17.566	1536226351338311															0	2721		Fixation	8			4.74	222.05	185.24																				3423	1376	308	1312	571	1344	439			552.42	165.81	526.53	59.83	539.47	112.82	298.46	206.39	736.88	343.23	206.04	731.79					764.29	764.29	3.77	4.33	0	0				
07/12/2018	3.3.2	Gaze Project	O4	3	M	Bilingual	G130	06/09/2018	89100	1280 x 720		Raw Data	Ord4_T2_L.avi	190	0	900	720									28553	10:16:17.574	1536226351346571															0	2722		Fixation	8			4.36	23.72	161.67																				3424	1439	329	1449	511	1444	420			577.48	157.55	581.47	84.02	579.48	120.79	298.66	206.55	736.81	343.95	208.53	739.01					764.29	764.29	3.47	4.32	0	0				
07/12/2018	3.3.2	Gaze Project	O4	3	M	Bilingual	G130	06/09/2018	89100	1280 x 720		Raw Data	Ord4_T2_L.avi	190	0	900	720									28561	10:16:17.582	1536226351354909															0	2723		Fixation	8			4.16	187.54	163.82																				3425	1431	321	1305	530	1368	425			574.32	160.68	523.72	76.66	549.02	118.67	298.93	206.61	737.31	344.16	208.42	739.05					764.80	764.80	3.55	4.14	0	0				
07/12/2018	3.3.2	Gaze Project	O4	3	M	Bilingual	G130	06/09/2018	89100	1280 x 720		Raw Data	Ord4_T2_L.avi	190	0	900	720									28570	10:16:17.591	1536226351363262															0	2724		Fixation	8			0.32	296.49	108.95																				3426			1310	540	1310	540					525.73	72.59						344.35	208.39	739.06						0.00		4.06	4	0				
07/12/2018	3.3.2	Gaze Project	O4	3	M	Bilingual	G130	06/09/2018	89100	1280 x 720		Raw Data	Ord4_T2_L.avi	190	0	900	720									28578	10:16:17.599	1536226351371626															0	2725		Fixation	8			2.59	59.68	123.19																				3427	1421	371	1354	465	1387	418			570.27	140.70	543.57	102.55	556.92	121.63	299.33	206.61	737.15	344.56	208.72	739.86					764.67	764.67	3.50	3.90	0	0				
07/12/2018	3.3.2	Gaze Project	O4	3	M	Bilingual	G130	06/09/2018	89100	1280 x 720		Raw Data	Ord4_T2_L.avi	190	0	900	720									28586	10:16:17.607	1536226351379890															0	2726		Fixation	8			2.46	321.86	262.18																				3428			1423	519	1423	519					571.18	80.89						344.74	208.78	740.11						0.00		3.88	4	0				
07/12/2018	3.3.2	Gaze Project	O4	3	M	Bilingual	G130	06/09/2018	89100	1280 x 720		Raw Data	Ord4_T2_L.avi	190	0	900	720									28595	10:16:17.616	1536226351388257															0	2727		Fixation	8			1.79	152.96	191.10																				3429	1419	352	1366	490	1392	421			569.78	148.25	548.21	92.46	559.00	120.36	299.68	206.69	737.28	344.91	208.86	740.43					764.84	764.84	3.46	3.99	0	0				
07/12/2018	3.3.2	Gaze Project	O4	3	M	Bilingual	G130	06/09/2018	89100	1280 x 720		Raw Data	Ord4_T2_L.avi	190	0	900	720									28603	10:16:17.624	1536226351396584															0	2728		Fixation	8			4.62	227.17	74.21																				3430			1260	604	1260	604					505.91	46.57						345.07	208.74	740.47						0.00		4.03	4	0				
07/12/2018	3.3.2	Gaze Project	O4	3	M	Bilingual	G130	06/09/2018	89100	1280 x 720		Raw Data	Ord4_T2_L.avi	190	0	900	720									28611	10:16:17.632	1536226351404943															0	2729		Fixation	8			4.59	41.69	174.52																				3431	1345	599	1376	501	1360	550			540.02	48.61	552.28	88.29	546.15	68.45	299.89	203.83	728.93	345.19	208.86	740.63					756.04	756.04	4.10	4.02	0	0				
07/12/2018	3.3.2	Gaze Project	O4	3	M	Bilingual	G130	06/09/2018	89100	1280 x 720		Raw Data	Ord4_T2_L.avi	190	0	900	720									28620	10:16:17.641	1536226351413296															0	2730		Fixation	8			1.96	349.30	307.60																				3432	1465	272	1445	514	1455	393			588.19	180.59	580.07	82.98	584.13	131.78	300.06	206.87	737.21	345.31	208.90	740.88					764.85	764.85	3.85	3.73	0	0				
07/12/2018	3.3.2	Gaze Project	O4	3	M	Bilingual	G130	06/09/2018	89100	1280 x 720		Raw Data	Ord4_T2_L.avi	190	0	900	720									28628	10:16:17.649	1536226351421554															0	2731		Fixation	8			4.33	172.81	183.51																				3433	1368	552	1294	495	1331	523			548.96	67.57	519.36	90.45	534.16	79.01	300.27	206.67	737.29	345.01	206.89	735.26					764.87	764.87	4.10	4.04	0	0				
07/12/2018	3.3.2	Gaze Project	O4	3	M	Bilingual	G130	06/09/2018	89100	1280 x 720		Raw Data	Ord4_T2_L.avi	190	0	900	720									28636	10:16:17.657	1536226351429901															0	2732		Fixation	8			4.17	348.58	175.77																				3434	1468	185	1438	524	1453	354			589.20	215.45	577.35	78.86	583.28	147.16	300.26	206.89	737.20	345.53	208.93	741.13					764.86	764.86	3.91	4.46	0	0				
07/12/2018	3.3.2	Gaze Project	O4	3	M	Bilingual	G130	06/09/2018	89100	1280 x 720		Raw Data	Ord4_T2_L.avi	190	0	900	720									28645	10:16:17.666	1536226351438253															0	2733		Fixation	8			3.79	217.58	229.00																				3435	1347	542	1335	603	1341	572			540.56	71.63	535.75	47.19	538.16	59.41	300.50	206.68	737.29	345.64	208.81	741.17					764.89	764.89	4.05	4.26	0	0				
07/12/2018	3.3.2	Gaze Project	O4	3	M	Bilingual	G130	06/09/2018	89100	1280 x 720		Raw Data	Ord4_T2_L.avi	190	0	900	720									28653	10:16:17.674	1536226351446611															0	2734		Fixation	8			4.03	58.26	200.68																				3436			1407	487	1407	487					564.79	93.69						345.73	208.97	741.50						0.00		4.04	4	0				
07/12/2018	3.3.2	Gaze Project	O4	3	M	Bilingual	G130	06/09/2018	89100	1280 x 720		Raw Data	Ord4_T2_L.avi	190	0	900	720									28662	10:16:17.682	1536226351454968															0	2735		Fixation	8			0.99	300.88	242.63																				3437	1394	388	1425	517	1409	452			559.65	133.69	571.91	81.91	565.78	107.80	300.67	207.11	738.25	345.82	209.02	741.75					765.94	765.94	3.76	4.15	0	0				
07/12/2018	3.3.2	Gaze Project	O4	3	M	Bilingual	G130	06/09/2018	89100	1280 x 720		Raw Data	Ord4_T2_L.avi	190	0	900	720									28670	10:16:17.691	1536226351463228															0	2736		Fixation	8			1.60	69.63	128.74																				3438			1444	466	1444	466					579.62	102.24						345.91	209.08	742.03						0.00		3.99	4	0				
07/12/2018	3.3.2	Gaze Project	O4	3	M	Bilingual	G130	06/09/2018	89100	1280 x 720		Raw Data	Ord4_T2_L.avi	190	0	900	720									28678	10:16:17.699	1536226351471556															0	2737		Fixation	8			4.00	196.39	126.77																				3439	1382	534	1311	505	1346	519			554.87	74.74	526.43	86.39	540.65	80.56	300.73	204.25	730.12	345.99	208.95	742.08					757.35	757.35	3.96	4.15	0	0				
07/12/2018	3.3.2	Gaze Project	O4	3	M	Bilingual	G130	06/09/2018	89100	1280 x 720		Raw Data	Ord4_T2_L.avi	190	0	900	720									28686	10:16:17.707	1536226351479921															0	2738		Fixation	8			3.55	356.78	160.39																				3440			1436	512	1436	512					576.46	83.67						346.05	209.05	742.23						0.00		4.09	4	0				
07/12/2018	3.3.2	Gaze Project	O4	3	M	Bilingual	G130	06/09/2018	89100	1280 x 720		Raw Data	Ord4_T2_L.avi	190	0	900	720									28695	10:16:17.716	1536226351488279															0	2739		Fixation	8			2.48	142.26	145.48																				3441	1414	397	1366	458	1390	427			567.41	129.89	548.24	105.51	557.82	117.70	300.99	207.27	738.99	346.11	209.06	742.42					766.71	766.71	3.64	4.09	0	0				
07/12/2018	3.3.2	Gaze Project	O4	3	M	Bilingual	G130	06/09/2018	89100	1280 x 720		Raw Data	Ord4_T2_L.avi	190	0	900	720									28703	10:16:17.724	1536226351496547															0	2740		Fixation	8			2.95	229.18	86.91																				3442	1383	139	1301	533	1342	336			555.21	234.09	522.05	75.43	538.63	154.76	301.03	207.38	738.95	345.85	207.53	738.28					766.71	766.71	3.61	4.18	0	0				
07/12/2018	3.3.2	Gaze Project	O4	3	M	Bilingual	G130	06/09/2018	89100	1280 x 720		Raw Data	Ord4_T2_L.avi	190	0	900	720									28711	10:16:17.732	1536226351504898															0	2741		Fixation	8			1.24	232.94	3.77																				3443	1333	461	1276	566	1304	513			535.07	104.42	512.13	61.98	523.60	83.20	301.13	207.11	739.05	345.84	207.23	737.55					766.73	766.73	3.95	4.17	0	0				
07/12/2018	3.3.2	Gaze Project	O4	3	M	Bilingual	G130	06/09/2018	89100	1280 x 720		Raw Data	Ord4_T2_L.avi	190	0	900	720									28720	10:16:17.741	1536226351513223															0	2742		Fixation	8			1.28	35.62	162.68																				3444	1431	274	1311	541	1371	407			574.43	179.76	526.09	72.16	550.26	125.96	301.13	207.29	738.98	345.94	207.52	738.58					766.72	766.72	4.01	4.29	0	0				
07/12/2018	3.3.2	Gaze Project	O4	3	M	Bilingual	G130	06/09/2018	89100	1280 x 720		Raw Data	Ord4_T2_L.avi	190	0	900	720									28728	10:16:17.748								5	Space								2743		Fixation	8			1.35	248.03	212.40																																																						
07/12/2018	3.3.2	Gaze Project	O4	3	M	Bilingual	G130	06/09/2018	89100	1280 x 720		Raw Data	Ord4_T2_L.avi	190	0	900	720									28728	10:16:17.749	1536226351521578															0	2743		Fixation	8			1.35	248.03	212.40																				3445	1359	603	1294	583	1326	593			545.68	47.22	519.54	55.08	532.61	51.15	301.11	205.05	733.14	345.80	206.69	736.22					760.48	760.48	3.98	4.27	0	0				
07/12/2018	3.3.2	Gaze Project	O4	3	M	Bilingual	G130	06/09/2018	89100	1280 x 720		Raw Data	Ord4_T2_L.avi	190	0	900	720									28737	10:16:17.757	1536226351529948															0	2744		Fixation	8			0.89	187.62	299.59																				3446			1264	587	1264	587					507.33	53.68						345.79	206.50	735.80						0.00		4.27	4	0				
07/12/2018	3.3.2	Gaze Project	O4	3	M	Bilingual	G130	06/09/2018	89100	1280 x 720		Raw Data	Ord4_T2_L.avi	190	0	900	720									28745	10:16:17.766	1536226351538217															0	2745		Fixation	8			5.81	41.99	214.37																				3447	1371	534	1410	456	1390	495			550.51	74.73	566.18	106.50	558.35	90.61	301.11	203.67	729.27	346.34	209.05	743.28					756.38	756.38	4.07	4.03	0	0				
07/12/2018	3.3.2	Gaze Project	O4	3	M	Bilingual	G130	06/09/2018	89100	1280 x 720		Raw Data	Ord4_T2_L.avi	190	0	900	720									28753	10:16:17.774	1536226351546541															0	2746		Fixation	8			4.89	231.00	189.00																				3448	1438	267	1306	584	1372	425			577.36	182.29	524.25	54.80	550.81	118.55	300.88	206.15	736.15	345.89	206.84	737.05					763.66	763.66	3.34	4.33	0	0				
07/12/2018	3.3.2	Gaze Project	O4	3	M	Bilingual	G130	06/09/2018	89100	1280 x 720		Raw Data	Ord4_T2_L.avi	190	0	900	720									28761	10:16:17.782	1536226351554903															0	2747		Fixation	8			3.91	9.29	138.29																				3449	1369	514	1441	562	1405	538			549.38	83.03	578.55	63.80	563.97	73.42	301.16	204.64	732.49	346.35	209.05	743.44					759.73	759.73	3.97	3.93	0	0				
07/12/2018	3.3.2	Gaze Project	O4	3	M	Bilingual	G130	06/09/2018	89100	1280 x 720		Raw Data	Ord4_T2_L.avi	190	0	900	720									28770	10:16:17.791	1536226351563260															0	2748		Fixation	8			1.37	76.59	67.31																				3450	1429	341	1452	516	1440	428			573.53	152.74	582.76	81.97	578.14	117.35	301.17	207.03	739.09	346.33	209.02	743.40					766.74	766.74	3.90	3.89	0	0				
07/12/2018	3.3.2	Gaze Project	O4	3	M	Bilingual	G130	06/09/2018	89100	1280 x 720		Raw Data	Ord4_T2_L.avi	190	0	900	720									28778	10:16:17.799	1536226351571541															0	2749		Fixation	8			4.40	201.59	124.99																				3451	1357	609	1310	572	1333	590			544.71	44.79	525.87	59.68	535.29	52.23	301.10	204.11	731.20	346.31	208.91	743.44					758.34	758.34	4.17	4.28	0	0				
07/12/2018	3.3.2	Gaze Project	O4	3	M	Bilingual	G130	06/09/2018	89100	1280 x 720		Raw Data	Ord4_T2_L.avi	190	0	900	720									28786	10:16:17.807	1536226351579879															0	2750		Fixation	8			0.56	149.45	307.87																				3452			1293	562	1293	562					518.99	63.64						346.27	208.90	743.45						0.00		4.28	4	0				
07/12/2018	3.3.2	Gaze Project	O4	3	M	Bilingual	G130	06/09/2018	89100	1280 x 720		Raw Data	Ord4_T2_L.avi	190	0	900	720									28795	10:16:17.816	1536226351588207															0	2751		Fixation	8			4.05	69.90	280.44																				3453	1396	539	1340	434	1368	486			560.49	72.78	537.91	115.27	549.20	94.02	301.00	203.56	729.83	346.21	208.98	743.44					756.86	756.86	3.97	3.94	0	0				
07/12/2018	3.3.2	Gaze Project	O4	3	M	Bilingual	G130	06/09/2018	89100	1280 x 720		Raw Data	Ord4_T2_L.avi	190	0	900	720									28803	10:16:17.824	1536226351596573															0	2752		Fixation	8			2.97	243.77	173.87																				3454			1296	523	1296	523					520.06	79.40						345.77	207.06	738.05						0.00		4.20	4	0				
07/12/2018	3.3.2	Gaze Project	O4	3	M	Bilingual	G130	06/09/2018	89100	1280 x 720		Raw Data	Ord4_T2_L.avi	190	0	900	720									28811	10:16:17.832	1536226351604929															0	2753		Fixation	8			2.21	277.57	33.80																				3455	1356	515	1306	598	1331	556			544.18	82.70	524.36	49.31	534.27	66.00	300.87	203.27	729.35	345.80	207.52	739.47					756.31	756.31	3.95	4.36	0	0				
07/12/2018	3.3.2	Gaze Project	O4	3	M	Bilingual	G130	06/09/2018	89100	1280 x 720		Raw Data	Ord4_T2_L.avi	190	0	900	720									28820	10:16:17.841	1536226351613196															0			Unclassified	8																									3456	1332	222			1332	222			534.87	200.71					300.86	207.11	740.34		-34.01						767.93		2.87		0	4				
07/12/2018	3.3.2	Gaze Project	O4	3	M	Bilingual	G130	06/09/2018	89100	1280 x 720		Raw Data	Ord4_T2_L.avi	190	0	900	720									28828	10:16:17.849	1536226351621541															0	2754		Fixation	8	879	385	9.36	137.96	220.39																				3457	1167	464	1069	385	1118	424			468.38	103.13	429.23	134.72	448.81	118.93	300.49	204.80	734.30	345.63	208.85	743.20					761.47	761.47	4.05	3.61	0	0				
07/12/2018	3.3.2	Gaze Project	O4	3	M	Bilingual	G130	06/09/2018	89100	1280 x 720		Raw Data	Ord4_T2_L.avi	190	0	900	720									28836	10:16:17.857	1536226351629887															0	2755		Fixation	8	896	494	3.34	278.84	140.88																				3458			1086	494	1086	494	896	494			435.91	91.12						345.27	208.72	743.25						0.00		4.03	4	0				
07/12/2018	3.3.2	Gaze Project	O4	3	M	Bilingual	G130	06/09/2018	89100	1280 x 720		Raw Data	Ord4_T2_L.avi	190	0	900	720									28845	10:16:17.866	1536226351638229															0	2756		Fixation	8	797	377	4.63	130.15	211.31																				3459	966	461	987	377	976	419	786	419	387.89	104.41	396.05	138.29	391.97	121.35	300.05	208.79	746.91	344.94	208.77	743.11					774.64	774.64	4.15	3.81	0	0				
07/12/2018	3.3.2	Gaze Project	O4	3	M	Bilingual	G130	06/09/2018	89100	1280 x 720		Raw Data	Ord4_T2_L.avi	190	0	900	720									28853	10:16:17.874	1536226351646598															0	2757		Fixation	8	643	184	7.58	128.50	358.35																				3460			833	184	833	184	643	184			334.19	215.68						345.26	211.68	752.27						0.00		3.12	4	0				
07/12/2018	3.3.2	Gaze Project	O4	3	M	Bilingual	G130	06/09/2018	89100	1280 x 720		Raw Data	Ord4_T2_L.avi	190	0	900	720									28861	10:16:17.882	1536226351654864															0	2758		Fixation	8	550	520	10.56	254.58	126.08																				3461	747	461	740	520	743	490	553	490	299.99	104.22	296.87	80.46	298.43	92.34	299.39	207.66	744.10	345.02	212.10	753.58					771.58	771.58	4.06	4.35	0	0				
07/12/2018	3.3.2	Gaze Project	O4	3	M	Bilingual	G130	06/09/2018	89100	1280 x 720		Raw Data	Ord4_T2_L.avi	190	0	900	720									28870	10:16:17.891	1536226351663202															0	2759		Fixation	8	524	550	1.17	229.18	334.60																				3462	707	382	714	550	710	466	520	466	283.75	136.00	286.54	68.60	285.14	102.30	299.08	207.46	743.86	344.62	211.69	752.36					771.28	771.28	3.89	4.74	0	0				
07/12/2018	3.3.2	Gaze Project	O4	3	M	Bilingual	G130	06/09/2018	89100	1280 x 720		Raw Data	Ord4_T2_L.avi	190	0	900	720									28878	10:16:17.899	1536226351671540															0			Unclassified	8																									3463	652	552			652	552	462	552	261.62	67.68					298.85	208.96	748.68		-34.01						776.30		4.33		0	4				
07/12/2018	3.3.2	Gaze Project	O4	3	M	Bilingual	G130	06/09/2018	89100	1280 x 720		Raw Data	Ord4_T2_L.avi	190	0	900	720									28886	10:16:17.907	1536226351679910															0			Unclassified	8																									3464																			-34.01										4	4				
07/12/2018	3.3.2	Gaze Project	O4	3	M	Bilingual	G130	06/09/2018	89100	1280 x 720		Raw Data	Ord4_T2_L.avi	190	0	900	720									28895	10:16:17.915	1536226351688188															0	2760		Fixation	8	467	546	1.70	175.97	306.80																				3465	654	556	657	546	655	551	465	551	262.37	66.20	263.79	70.25	263.08	68.23	298.34	208.25	747.26	344.18	212.94	756.20					774.71	774.71	4.46	4.81	0	0				
07/12/2018	3.3.2	Gaze Project	O4	3	M	Bilingual	G130	06/09/2018	89100	1280 x 720		Raw Data	Ord4_T2_L.avi	190	0	900	720									28903	10:16:17.924	1536226351696529															0			Unclassified	8																									3466	693	560			693	560	503	560	278.34	64.27					298.04	207.54	745.44		-34.01						772.75		4.26		0	4				
07/12/2018	3.3.2	Gaze Project	O4	3	M	Bilingual	G130	06/09/2018	89100	1280 x 720		Raw Data	Ord4_T2_L.avi	190	0	900	720									28911	10:16:17.932	1536226351704866															0	2761		Fixation	8	466	489	1.68	91.00	275.03																				3467	701	429	656	489	678	459	488	459	281.55	117.15	263.13	92.92	272.34	105.04	297.76	208.78	749.47	343.54	212.47	754.81					776.94	776.94	4.13	4.74	0	0				
07/12/2018	3.3.2	Gaze Project	O4	3	M	Bilingual	G130	06/09/2018	89100	1280 x 720		Raw Data	Ord4_T2_L.avi	190	0	900	720									28920	10:16:17.941	1536226351713210															0			Unclassified	8																									3468	670	363			670	363	480	363	268.79	143.78					297.44	208.49	748.84		-34.01						776.24		3.86		0	4				
07/12/2018	3.3.2	Gaze Project	O4	3	M	Bilingual	G130	06/09/2018	89100	1280 x 720		Raw Data	Ord4_T2_L.avi	190	0	900	720									28928	10:16:17.949	1536226351721580															0	2762		Fixation	8	486	401	2.69	77.24	346.23																				3469	659	551	676	401	667	476	477	476	264.57	68.10	271.47	128.62	268.02	98.36	297.12	207.98	747.61	342.75	211.49	751.85					774.90	774.90	4.22	4.19	0	0				
07/12/2018	3.3.2	Gaze Project	O4	3	M	Bilingual	G130	06/09/2018	89100	1280 x 720		Raw Data	Ord4_T2_L.avi	190	0	900	720									28936	10:16:17.957	1536226351729843															0	2763		Fixation	8	486	401	0.00	0.00	282.76																				3470			676	401	676	401	486	401			271.47	128.62						343.27	215.59	764.13						0.00		4.19	4	0				
07/12/2018	3.3.2	Gaze Project	O4	3	M	Bilingual	G130	06/09/2018	89100	1280 x 720		Raw Data	Ord4_T2_L.avi	190	0	900	720									28945	10:16:17.965	1536226351738176															0			Unclassified	8																									3471																			-34.01										4	4				
07/12/2018	3.3.2	Gaze Project	O4	3	M	Bilingual	G130	06/09/2018	89100	1280 x 720		Raw Data	Ord4_T2_L.avi	190	0	900	720									28953	10:16:17.974	1536226351746522															0	2764		Fixation	8	567	183	6.96	69.68	69.68																				3472	692	521	757	183	724	352	534	352	277.95	80.22	303.82	216.33	290.89	148.27	296.38	219.08	781.83	342.68	215.70	764.38					810.79	810.79	4.70	3.58	0	0				
07/12/2018	3.3.2	Gaze Project	O4	3	M	Bilingual	G130	06/09/2018	89100	1280 x 720		Raw Data	Ord4_T2_L.avi	190	0	900	720									28961	10:16:17.982	1536226351754900															0			Unclassified	8																									3473	703	490			703	490	513	490	282.29	92.49					296.01	218.06	778.95		-34.01						807.72		4.71		0	4				
07/12/2018	3.3.2	Gaze Project	O4	3	M	Bilingual	G130	06/09/2018	89100	1280 x 720		Raw Data	Ord4_T2_L.avi	190	0	900	720									28970	10:16:17.991	1536226351763253															0			Unclassified	8																									3474	685	490			685	490	495	490	274.94	92.59					295.66	212.92	763.59		-34.01						791.52		4.54		0	4				
07/12/2018	3.3.2	Gaze Project	O4	3	M	Bilingual	G130	06/09/2018	89100	1280 x 720		Raw Data	Ord4_T2_L.avi	190	0	900	720									28978	10:16:17.999	1536226351771508															0			Unclassified	8																									3475	692	481			692	481	502	481	277.64	96.29					295.42	214.00	767.05		-34.01						795.13		4.65		0	4				
07/12/2018	3.3.2	Gaze Project	O4	3	M	Bilingual	G130	06/09/2018	89100	1280 x 720		Raw Data	Ord4_T2_L.avi	190	0	900	720									28986	10:16:18.007	1536226351779851															0			Unclassified	8																									3476	713	548			713	548	523	548	286.22	69.30					295.17	212.96	764.04		-34.01						791.94		4.70		0	4				
07/12/2018	3.3.2	Gaze Project	O4	3	M	Bilingual	G130	06/09/2018	89100	1280 x 720		Raw Data	Ord4_T2_L.avi	190	0	900	720									28995	10:16:18.016	1536226351788193															0			Unclassified	8																									3477	660	490			660	490	470	490	265.12	92.51					294.95	213.56	765.95		-34.01						793.93		4.72		0	4				
07/12/2018	3.3.2	Gaze Project	O4	3	M	Bilingual	G130	06/09/2018	89100	1280 x 720		Raw Data	Ord4_T2_L.avi	190	0	900	720									29003	10:16:18.024	1536226351796563															0			Unclassified	8																									3478	702	496			702	496	512	496	281.71	90.22					294.75	213.02	764.40		-34.01						792.28		4.83		0	4				
07/12/2018	3.3.2	Gaze Project	O4	3	M	Bilingual	G130	06/09/2018	89100	1280 x 720		Raw Data	Ord4_T2_L.avi	190	0	900	720									29011	10:16:18.032	1536226351804920															0			Unclassified	8																									3479	715	542			715	542	525	542	287.18	71.74					294.59	214.15	767.89		-34.01						795.93		4.80		0	4				
07/12/2018	3.3.2	Gaze Project	O4	3	M	Bilingual	G130	06/09/2018	89100	1280 x 720		Raw Data	Ord4_T2_L.avi	190	0	900	720									29020	10:16:18.040	1536226351813172															0			Unclassified	8																									3480	721	504			721	504	531	504	289.51	86.94					294.53	220.72	787.81		-34.01						816.88		5.00		0	4				
07/12/2018	3.3.2	Gaze Project	O4	3	M	Bilingual	G130	06/09/2018	89100	1280 x 720		Raw Data	Ord4_T2_L.avi	190	0	900	720									29028	10:16:18.049	1536226351821517															0			Unclassified	8																									3481	754	491			754	491	564	491	302.85	92.05					294.37	220.16	786.13		-34.01						815.10		5.05		0	4				
07/12/2018	3.3.2	Gaze Project	O4	3	M	Bilingual	G130	06/09/2018	89100	1280 x 720		Raw Data	Ord4_T2_L.avi	190	0	900	720									29036	10:16:18.057	1536226351829888															0	2765		Fixation	8	510	470	8.62	258.80	189.12																				3482	733	478	700	470	716	474	526	474	294.28	97.54	280.99	100.63	287.64	99.09	294.23	213.56	766.17	342.04	222.87	785.22					794.11	794.11	4.87	5.07	0	0				
07/12/2018	3.3.2	Gaze Project	O4	3	M	Bilingual	G130	06/09/2018	89100	1280 x 720		Raw Data	Ord4_T2_L.avi	190	0	900	720									29045	10:16:18.066	1536226351838232															0			Unclassified	8																									3483	658	505			658	505	468	505	264.24	86.60					294.16	213.45	765.81		-34.01						793.72		4.73		0	4				
07/12/2018	3.3.2	Gaze Project	O4	3	M	Bilingual	G130	06/09/2018	89100	1280 x 720		Raw Data	Ord4_T2_L.avi	190	0	900	720									29053	10:16:18.074	1536226351846505															0			Unclassified	8																									3484	692	462			692	462	502	462	277.81	103.74					294.13	218.43	780.88		-34.01						809.58		4.73		0	4				
07/12/2018	3.3.2	Gaze Project	O4	3	M	Bilingual	G130	06/09/2018	89100	1280 x 720		Raw Data	Ord4_T2_L.avi	190	0	900	720									29061	10:16:18.082	1536226351854844															0			Unclassified	8																									3485																			-34.01										4	4				
07/12/2018	3.3.2	Gaze Project	O4	3	M	Bilingual	G130	06/09/2018	89100	1280 x 720		Raw Data	Ord4_T2_L.avi	190	0	900	720									29070	10:16:18.091	1536226351863187															0			Unclassified	8																									3486	677	559			677	559	487	559	271.65	64.79					294.10	218.03	779.63		-34.01						808.26		4.88		0	4				
07/12/2018	3.3.2	Gaze Project	O4	3	M	Bilingual	G130	06/09/2018	89100	1280 x 720		Raw Data	Ord4_T2_L.avi	190	0	900	720									29078	10:16:18.099	1536226351871544															0			Unclassified	8																									3487	705	504			705	504	515	504	282.90	86.82					294.10	219.32	783.52		-34.01						812.35		4.99		0	4				
07/12/2018	3.3.2	Gaze Project	O4	3	M	Bilingual	G130	06/09/2018	89100	1280 x 720		Raw Data	Ord4_T2_L.avi	190	0	900	720									29086	10:16:18.107	1536226351879902															0			Unclassified	8																									3488	682	472			682	472	492	472	273.73	99.77					294.03	214.49	768.90		-34.01						796.98		4.66		0	4				
07/12/2018	3.3.2	Gaze Project	O4	3	M	Bilingual	G130	06/09/2018	89100	1280 x 720		Raw Data	Ord4_T2_L.avi	190	0	900	720									29095	10:16:18.115	1536226351888164															0			Unclassified	8																									3489	644	505			644	505	454	505	258.32	86.73					294.11	220.53	787.20		-34.01						816.23		4.94		0	4				
07/12/2018	3.3.2	Gaze Project	O4	3	M	Bilingual	G130	06/09/2018	89100	1280 x 720		Raw Data	Ord4_T2_L.avi	190	0	900	720									29103	10:16:18.124	1536226351896496															0			Unclassified	8																									3490	633	488			633	488	443	488	254.28	93.23					294.02	213.90	767.14		-34.01						795.12		4.69		0	4				
07/12/2018	3.3.2	Gaze Project	O4	3	M	Bilingual	G130	06/09/2018	89100	1280 x 720		Raw Data	Ord4_T2_L.avi	190	0	900	720									29111	10:16:18.132	1536226351904858															0			Unclassified	8																									3491	660	458			660	458	470	458	264.80	105.44					294.01	213.00	764.44		-34.01						792.28		4.62		0	4				
07/12/2018	3.3.2	Gaze Project	O4	3	M	Bilingual	G130	06/09/2018	89100	1280 x 720		Raw Data	Ord4_T2_L.avi	190	0	900	720									29120	10:16:18.141	1536226351913215															0			Unclassified	8																									3492																			-34.01										4	4				
07/12/2018	3.3.2	Gaze Project	O4	3	M	Bilingual	G130	06/09/2018	89100	1280 x 720		Raw Data	Ord4_T2_L.avi	190	0	900	720									29128	10:16:18.149	1536226351921487															0			Unclassified	8																									3493	710	448			710	448	520	448	285.07	109.35					293.98	211.40	759.71		-34.01						787.28		4.67		0	4				
07/12/2018	3.3.2	Gaze Project	O4	3	M	Bilingual	G130	06/09/2018	89100	1280 x 720		Raw Data	Ord4_T2_L.avi	190	0	900	720									29136	10:16:18.157	1536226351929826															0			Unclassified	8																									3494	635	474			635	474	445	474	254.70	98.96					293.96	213.44	765.96		-34.01						793.85		4.44		0	4				
07/12/2018	3.3.2	Gaze Project	O4	3	M	Bilingual	G130	06/09/2018	89100	1280 x 720		Raw Data	Ord4_T2_L.avi	190	0	900	720									29145	10:16:18.165	1536226351938170															0			Unclassified	8																									3495	668	488			668	488	478	488	268.14	93.26					293.94	219.34	783.95		-34.01						812.77		4.72		0	4				
07/12/2018	3.3.2	Gaze Project	O4	3	M	Bilingual	G130	06/09/2018	89100	1280 x 720		Raw Data	Ord4_T2_L.avi	190	0	900	720									29153	10:16:18.174	1536226351946514															0	2766		Fixation	8	480	477	0.89	193.17	294.37																				3496	664	504	670	477	667	490	477	490	266.39	86.93	269.14	97.71	267.76	92.32	293.90	218.61	781.89	340.33	215.97	764.23					810.58	810.58	4.65	4.85	0	0				
07/12/2018	3.3.2	Gaze Project	O4	3	M	Bilingual	G130	06/09/2018	89100	1280 x 720		Raw Data	Ord4_T2_L.avi	190	0	900	720									29161	10:16:18.182	1536226351954886															0	2767		Fixation	8	513	455	1.15	33.78	200.60																				3497	702	579	703	455	702	517	512	517	281.99	56.96	282.02	106.72	282.00	81.84	293.78	213.18	765.61	341.08	220.29	777.26					793.43	793.43	4.71	5.04	0	0				
07/12/2018	3.3.2	Gaze Project	O4	3	M	Bilingual	G130	06/09/2018	89100	1280 x 720		Raw Data	Ord4_T2_L.avi	190	0	900	720									29170	10:16:18.190	1536226351963154															0	2768		Fixation	8	483	421	1.34	131.33	97.56																				3498	715	467	673	421	694	444	504	444	286.96	101.96	270.27	120.36	278.61	111.16	293.72	214.68	770.35	340.06	215.32	762.51					798.39	798.39	4.63	4.80	0	0				
07/12/2018	3.3.2	Gaze Project	O4	3	M	Bilingual	G130	06/09/2018	89100	1280 x 720		Raw Data	Ord4_T2_L.avi	190	0	900	720									29178	10:16:18.199	1536226351971490															0			Unclassified	8																									3499																			-34.01										4	4				
07/12/2018	3.3.2	Gaze Project	O4	3	M	Bilingual	G130	06/09/2018	89100	1280 x 720		Raw Data	Ord4_T2_L.avi	190	0	900	720									29186	10:16:18.207	1536226351979840															0			Unclassified	8																									3500	690	736	589	408	639	572	449	572	276.82	-6.31	236.54	125.79	256.68	59.74	292.97	110.25	450.71	341.34	217.13	767.58					462.69	462.69	2.86	4.95	1	3				
07/12/2018	3.3.2	Gaze Project	O4	3	M	Bilingual	G130	06/09/2018	89100	1280 x 720		Raw Data	Ord4_T2_L.avi	190	0	900	720									29195	10:16:18.216	1536226351988198															0	2769		Fixation	8	418	256	5.22	111.44	340.11																				3501	530	753	608	256	569	504	379	504	212.94	-13.31	244.01	186.76	228.47	86.73	293.51	109.30	451.09	341.03	223.35	786.66					462.80	462.80	2.78	5.01	0	0				
07/12/2018	3.3.2	Gaze Project	O4	3	M	Bilingual	G130	06/09/2018	89100	1280 x 720		Raw Data	Ord4_T2_L.avi	190	0	900	720									29203	10:16:18.224	1536226351996477															0			Unclassified	8																									3502	604	455			604	455	414	455	242.59	106.84					293.05	210.35	757.61		-34.01						784.92		4.54		0	4				
07/12/2018	3.3.2	Gaze Project	O4	3	M	Bilingual	G130	06/09/2018	89100	1280 x 720		Raw Data	Ord4_T2_L.avi	190	0	900	720									29211	10:16:18.232	1536226352004814															0			Unclassified	8																									3503	625	475			625	475	435	475	250.91	98.79					292.90	210.63	758.67		-34.01						786.01		4.56		0	4				
07/12/2018	3.3.2	Gaze Project	O4	3	M	Bilingual	G130	06/09/2018	89100	1280 x 720		Raw Data	Ord4_T2_L.avi	190	0	900	720									29220	10:16:18.240	1536226352013155															0	2770		Fixation	8	381	419	4.87	257.25	145.81																				3504	580	449	571	419	575	434	385	434	232.99	109.12	229.10	121.34	231.04	115.23	292.74	210.79	759.35	339.34	216.73	767.12					786.70	786.70	4.45	4.86	0	0				
07/12/2018	3.3.2	Gaze Project	O4	3	M	Bilingual	G130	06/09/2018	89100	1280 x 720		Raw Data	Ord4_T2_L.avi	190	0	900	720									29228	10:16:18.249	1536226352021512															0			Unclassified	8																									3505																			-34.01										4	4				
07/12/2018	3.3.2	Gaze Project	O4	3	M	Bilingual	G130	06/09/2018	89100	1280 x 720		Raw Data	Ord4_T2_L.avi	190	0	900	720									29236	10:16:18.257	1536226352029867															0			Unclassified	8																									3506	522	377			522	377	332	377	209.38	138.15					292.42	211.14	760.76		-34.01						788.13		4.25		0	4				
07/12/2018	3.3.2	Gaze Project	O4	3	M	Bilingual	G130	06/09/2018	89100	1280 x 720		Raw Data	Ord4_T2_L.avi	190	0	900	720									29245	10:16:18.265	1536226352038138															0			Unclassified	8																									3507																			-34.01										4	4				
07/12/2018	3.3.2	Gaze Project	O4	3	M	Bilingual	G130	06/09/2018	89100	1280 x 720		Raw Data	Ord4_T2_L.avi	190	0	900	720									29253	10:16:18.274	1536226352046490															0	2771		Fixation	8	465	316	3.91	50.89	153.64																				3508	654	277	655	316	654	296	464	296	262.70	178.36	263.04	162.83	262.87	170.60	292.04	209.81	756.94	338.41	215.25	762.90					784.07	784.07	3.58	4.63	0	0				
07/12/2018	3.3.2	Gaze Project	O4	3	M	Bilingual	G130	06/09/2018	89100	1280 x 720		Raw Data	Ord4_T2_L.avi	190	0	900	720									29261	10:16:18.282	1536226352054820															0	2772		Fixation	8	408	120	6.11	106.17	55.27																				3509	648	452	598	120	623	286	433	286	260.23	107.74	239.95	241.68	250.09	174.71	291.82	216.03	775.91	338.40	216.21	765.82					804.01	804.01	4.63	3.39	0	0				
07/12/2018	3.3.2	Gaze Project	O4	3	M	Bilingual	G130	06/09/2018	89100	1280 x 720		Raw Data	Ord4_T2_L.avi	190	0	900	720									29270	10:16:18.291	1536226352063184															0			Unclassified	8																									3510	635	380			635	380	445	380	254.82	136.94					291.61	218.96	784.89		-34.01						813.44		4.61		0	4				
07/12/2018	3.3.2	Gaze Project	O4	3	M	Bilingual	G130	06/09/2018	89100	1280 x 720		Raw Data	Ord4_T2_L.avi	190	0	900	720									29278	10:16:18.299	1536226352071529															0			Unclassified	8																									3511	660	478			660	478	470	478	264.93	97.57					291.49	210.44	759.05		-34.01						786.24		4.58		0	4				
07/12/2018	3.3.2	Gaze Project	O4	3	M	Bilingual	G130	06/09/2018	89100	1280 x 720		Raw Data	Ord4_T2_L.avi	190	0	900	720									29286	10:16:18.307	1536226352079798															0	2773		Fixation	8	416	362	7.15	271.89	165.72																				3512	609	440	606	362	607	401	417	401	244.27	112.59	243.16	144.02	243.71	128.30	291.31	210.45	759.11	338.82	221.47	781.56					786.30	786.30	4.39	4.71	0	0				
07/12/2018	3.3.2	Gaze Project	O4	3	M	Bilingual	G130	06/09/2018	89100	1280 x 720		Raw Data	Ord4_T2_L.avi	190	0	900	720									29295	10:16:18.315	1536226352088138															0			Unclassified	8																									3513	575	415			575	415	385	415	230.87	122.82					291.13	212.26	764.67		-34.01						792.14		4.44		0	4				
07/12/2018	3.3.2	Gaze Project	O4	3	M	Bilingual	G130	06/09/2018	89100	1280 x 720		Raw Data	Ord4_T2_L.avi	190	0	900	720									29303	10:16:18.324	1536226352096493															0			Unclassified	8																									3514	597	340			597	340	407	340	239.77	152.97					290.96	214.97	772.96		-34.01						800.84		4.45		0	4				
07/12/2018	3.3.2	Gaze Project	O4	3	M	Bilingual	G130	06/09/2018	89100	1280 x 720		Raw Data	Ord4_T2_L.avi	190	0	900	720									29311	10:16:18.332	1536226352104854															0	2774		Fixation	8	416	310	1.53	90.00	178.11																				3515	630	499	606	310	618	404	428	404	252.91	89.07	243.32	165.29	248.11	127.18	290.86	209.39	756.02	337.46	216.38	766.36					783.01	783.01	4.57	4.48	0	0				
07/12/2018	3.3.2	Gaze Project	O4	3	M	Bilingual	G130	06/09/2018	89100	1280 x 720		Raw Data	Ord4_T2_L.avi	190	0	900	720									29320	10:16:18.340	1536226352113128															0	2775		Fixation	8	403	301	0.46	145.22	55.22																				3516	611	421	593	301	602	361	412	361	245.26	120.23	238.17	168.54	241.72	144.39	290.71	211.11	761.31	338.30	221.98	783.17					788.56	788.56	4.46	4.30	0	0				
07/12/2018	3.3.2	Gaze Project	O4	3	M	Bilingual	G130	06/09/2018	89100	1280 x 720		Raw Data	Ord4_T2_L.avi	190	0	900	720									29328	10:16:18.349	1536226352121475															0			Unclassified	8																									3517	570	406			570	406	380	406	228.81	126.26					290.55	215.57	774.94		-34.01						802.89		4.54		0	4				
07/12/2018	3.3.2	Gaze Project	O4	3	M	Bilingual	G130	06/09/2018	89100	1280 x 720		Raw Data	Ord4_T2_L.avi	190	0	900	720									29336	10:16:18.357	1536226352129797															0	2776		Fixation	8	389	408	3.12	262.57	117.35																				3518			579	408	579	408	389	408			232.29	125.80						338.01	221.50	781.85						0.00		4.76	4	0				
07/12/2018	3.3.2	Gaze Project	O4	3	M	Bilingual	G130	06/09/2018	89100	1280 x 720		Raw Data	Ord4_T2_L.avi	190	0	900	720									29345	10:16:18.365	1536226352138163															0	2777		Fixation	8	445	283	4.01	65.94	163.37																				3519	631	394	635	283	633	338	443	338	253.16	131.15	255.07	176.00	254.12	153.57	290.33	216.01	776.46	336.91	215.72	764.59					804.46	804.46	4.68	4.58	0	0				
07/12/2018	3.3.2	Gaze Project	O4	3	M	Bilingual	G130	06/09/2018	89100	1280 x 720		Raw Data	Ord4_T2_L.avi	190	0	900	720									29353	10:16:18.374	1536226352146520															0			Unclassified	8																									3520	604	411			604	411	414	411	242.45	124.55					290.29	210.99	761.26		-34.01						788.47		4.50		0	4				
07/12/2018	3.3.2	Gaze Project	O4	3	M	Bilingual	G130	06/09/2018	89100	1280 x 720		Raw Data	Ord4_T2_L.avi	190	0	900	720									29361	10:16:18.382	1536226352154790															0	2778		Fixation	8	389	322	1.99	214.94	149.00																				3521	571	434	579	322	575	378	385	378	229.00	115.02	232.25	160.45	230.63	137.74	290.14	216.45	777.99	337.94	222.45	784.85					806.04	806.04	4.58	4.79	0	0				
07/12/2018	3.3.2	Gaze Project	O4	3	M	Bilingual	G130	06/09/2018	89100	1280 x 720		Raw Data	Ord4_T2_L.avi	190	0	900	720									29370	10:16:18.390	1536226352163131															0	2779		Fixation	8	379	298	0.77	112.55	257.61																				3522			569	298	569	298	379	298			228.33	170.06						336.65	215.50	764.09						0.00		4.41	4	0				
07/12/2018	3.3.2	Gaze Project	O4	3	M	Bilingual	G130	06/09/2018	89100	1280 x 720		Raw Data	Ord4_T2_L.avi	190	0	900	720									29378	10:16:18.399	1536226352171476															0	2780		Fixation	8	445	315	2.00	345.51	232.96																				3523	624	490	635	315	629	402	439	402	250.64	92.77	254.69	163.17	252.66	127.97	290.07	211.13	761.98	337.52	221.00	780.58					789.18	789.18	4.40	4.63	0	0				
07/12/2018	3.3.2	Gaze Project	O4	3	M	Bilingual	G130	06/09/2018	89100	1280 x 720		Raw Data	Ord4_T2_L.avi	190	0	900	720									29386	10:16:18.407	1536226352179835															0	2781		Fixation	8	391	317	1.57	182.13	196.62																				3524			581	317	581	317	391	317			233.20	162.30						337.33	220.07	777.85						0.00		4.71	4	0				
07/12/2018	3.3.2	Gaze Project	O4	3	M	Bilingual	G130	06/09/2018	89100	1280 x 720		Raw Data	Ord4_T2_L.avi	190	0	900	720									29395	10:16:18.416	1536226352188177															0			Unclassified	8																									3525																			-34.01										4	4				
07/12/2018	3.3.2	Gaze Project	O4	3	M	Bilingual	G130	06/09/2018	89100	1280 x 720		Raw Data	Ord4_T2_L.avi	190	0	900	720									29403	10:16:18.424	1536226352196450															0	2782		Fixation	8	430	309	1.17	11.63	189.50																				3526	626	261	620	309	623	285	433	285	251.46	184.97	248.67	165.36	250.07	175.16	289.91	210.12	759.15	336.26	214.47	761.13					786.18	786.18	3.41	4.46	0	0				
07/12/2018	3.3.2	Gaze Project	O4	3	M	Bilingual	G130	06/09/2018	89100	1280 x 720		Raw Data	Ord4_T2_L.avi	190	0	900	720									29411	10:16:18.432	1536226352204792															0			Unclassified	8																									3527	608	405			608	405	418	405	244.12	126.83					289.87	209.63	757.73		-34.01						784.68		4.31		0	4				
07/12/2018	3.3.2	Gaze Project	O4	3	M	Bilingual	G130	06/09/2018	89100	1280 x 720		Raw Data	Ord4_T2_L.avi	190	0	900	720									29420	10:16:18.440	1536226352213147															0	2783		Fixation	8	438	272	1.12	77.84	66.21																				3528	577	460	628	272	602	366	412	366	231.50	104.80	251.98	180.35	241.74	142.57	289.83	209.82	758.41	337.08	219.72	776.92					785.38	785.38	4.32	4.69	0	0				
07/12/2018	3.3.2	Gaze Project	O4	3	M	Bilingual	G130	06/09/2018	89100	1280 x 720		Raw Data	Ord4_T2_L.avi	190	0	900	720									29428	10:16:18.449	1536226352221500															0	2784		Fixation	8	433	359	2.57	266.72	188.88																				3529	625	486	623	359	624	422	434	422	251.03	94.25	249.93	145.25	250.48	119.75	289.70	216.84	779.82	336.45	216.31	766.75					807.88	807.88	4.52	4.50	0	0				
07/12/2018	3.3.2	Gaze Project	O4	3	M	Bilingual	G130	06/09/2018	89100	1280 x 720		Raw Data	Ord4_T2_L.avi	190	0	900	720									29436	10:16:18.457	1536226352229759															0	2785		Fixation	8	372	289	2.77	130.98	224.26																				3530			562	289	562	289	372	289			225.49	173.61						336.17	214.91	762.57						0.00		4.45	4	0				
07/12/2018	3.3.2	Gaze Project	O4	3	M	Bilingual	G130	06/09/2018	89100	1280 x 720		Raw Data	Ord4_T2_L.avi	190	0	900	720									29445	10:16:18.465	1536226352238118															0	2786		Fixation	8	438	373	3.19	308.07	177.09																				3531	573	354	628	373	600	363	410	363	230.01	147.31	251.89	139.55	240.95	143.43	289.67	211.72	764.43	336.22	215.41	764.11					791.67	791.67	4.05	4.53	0	0				
07/12/2018	3.3.2	Gaze Project	O4	3	M	Bilingual	G130	06/09/2018	89100	1280 x 720		Raw Data	Ord4_T2_L.avi	190	0	900	720									29453	10:16:18.474	1536226352246455															0	2787		Fixation	8	418	394	0.86	226.49	278.42																				3532	629	492	608	394	618	443	428	443	252.55	91.89	243.96	131.24	248.26	111.56	289.65	209.68	758.30	336.04	214.56	761.64					785.22	785.22	4.54	4.46	0	0				
07/12/2018	3.3.2	Gaze Project	O4	3	M	Bilingual	G130	06/09/2018	89100	1280 x 720		Raw Data	Ord4_T2_L.avi	190	0	900	720									29461	10:16:18.482	1536226352254813															0	2788		Fixation	8	379	369	1.36	147.26	280.77																				3533			569	369	569	369	379	369			228.48	141.37						336.99	220.37	779.10						0.00		4.65	4	0				
07/12/2018	3.3.2	Gaze Project	O4	3	M	Bilingual	G130	06/09/2018	89100	1280 x 720		Raw Data	Ord4_T2_L.avi	190	0	900	720									29470	10:16:18.491	1536226352263173															0	2789		Fixation	8	424	300	2.41	56.97	269.72																				3534	569	372	614	300	591	336	401	336	228.54	140.31	246.48	169.21	237.51	154.76	289.48	216.41	778.97	336.01	214.93	762.81					806.93	806.93	4.40	4.28	0	0				
07/12/2018	3.3.2	Gaze Project	O4	3	M	Bilingual	G130	06/09/2018	89100	1280 x 720		Raw Data	Ord4_T2_L.avi	190	0	900	720									29478	10:16:18.499	1536226352271431															0	2790		Fixation	8	422	378	2.33	268.54	211.56																				3535	597	466	612	378	604	422	414	422	239.54	102.37	245.69	137.73	242.61	120.05	289.45	216.41	779.03	336.04	215.35	764.08					806.99	806.99	4.67	4.58	0	0				
07/12/2018	3.3.2	Gaze Project	O4	3	M	Bilingual	G130	06/09/2018	89100	1280 x 720		Raw Data	Ord4_T2_L.avi	190	0	900	720									29486	10:16:18.507	1536226352279793															0			Unclassified	8																									3536	564	478			564	478	374	478	226.50	97.44					289.44	210.55	761.23		-34.01						788.26		4.43		0	4				
07/12/2018	3.3.2	Gaze Project	O4	3	M	Bilingual	G130	06/09/2018	89100	1280 x 720		Raw Data	Ord4_T2_L.avi	190	0	900	720									29495	10:16:18.515	1536226352288127															0	2791		Fixation	8	386	353	1.29	145.14	236.60																				3537	643	433	576	353	609	393	419	393	258.25	115.43	231.09	147.75	244.67	131.59	289.31	216.28	778.73	336.69	219.78	777.39					806.66	806.66	4.65	4.49	0	0				
07/12/2018	3.3.2	Gaze Project	O4	3	M	Bilingual	G130	06/09/2018	89100	1280 x 720		Raw Data	Ord4_T2_L.avi	190	0	900	720									29503	10:16:18.524	1536226352296488															0			Unclassified	8																									3538	586	471			586	471	396	471	235.09	100.27					289.28	215.62	776.76		-34.01						804.58		4.57		0	4				
07/12/2018	3.3.2	Gaze Project	O4	3	M	Bilingual	G130	06/09/2018	89100	1280 x 720		Raw Data	Ord4_T2_L.avi	190	0	900	720									29511	10:16:18.532	1536226352304840															0	2792		Fixation	8	431	288	2.32	55.39	270.26																				3539	587	350	621	288	604	319	414	319	235.62	149.02	249.21	174.10	242.41	161.56	289.26	212.23	766.43	335.99	216.27	766.85					793.72	793.72	4.24	4.48	0	0				
07/12/2018	3.3.2	Gaze Project	O4	3	M	Bilingual	G130	06/09/2018	89100	1280 x 720		Raw Data	Ord4_T2_L.avi	190	0	900	720									29520	10:16:18.540	1536226352313092															0	2793		Fixation	8	380	403	3.71	246.15	190.76																				3540			570	403	570	403	380	403			228.96	127.55						335.80	215.42	764.26						0.00		4.62	4	0				
07/12/2018	3.3.2	Gaze Project	O4	3	M	Bilingual	G130	06/09/2018	89100	1280 x 720		Raw Data	Ord4_T2_L.avi	190	0	900	720									29528	10:16:18.549	1536226352321440															0	2794		Fixation	8	388	263	4.11	86.74	200.59																				3541	607	492	578	263	592	377	402	377	243.55	91.75	232.03	183.92	237.79	137.84	289.09	216.65	779.89	336.84	221.91	783.68					807.87	807.87	4.60	4.57	0	0				
07/12/2018	3.3.2	Gaze Project	O4	3	M	Bilingual	G130	06/09/2018	89100	1280 x 720		Raw Data	Ord4_T2_L.avi	190	0	900	720									29536	10:16:18.557	1536226352329797															0			Unclassified	8																									3542	589	476			589	476	399	476	236.51	98.09					289.04	217.80	783.39		-34.01						811.55		4.57		0	4				
07/12/2018	3.3.2	Gaze Project	O4	3	M	Bilingual	G130	06/09/2018	89100	1280 x 720		Raw Data	Ord4_T2_L.avi	190	0	900	720									29545	10:16:18.566	1536226352338157															0			Unclassified	8																									3543	603	447			603	447	413	447	242.11	109.97					289.02	217.20	781.50		-34.01						809.57		4.60		0	4				
07/12/2018	3.3.2	Gaze Project	O4	3	M	Bilingual	G130	06/09/2018	89100	1280 x 720		Raw Data	Ord4_T2_L.avi	190	0	900	720									29553	10:16:18.574	1536226352346431															0	2795		Fixation	8	386	340	2.27	268.52	181.78																				3544	616	467	576	340	596	403	406	403	247.44	101.93	231.13	152.89	239.28	127.41	289.06	209.82	758.95	335.62	215.46	764.19					785.86	785.86	4.40	4.44	0	0				
07/12/2018	3.3.2	Gaze Project	O4	3	M	Bilingual	G130	06/09/2018	89100	1280 x 720		Raw Data	Ord4_T2_L.avi	190	0	900	720									29561	10:16:18.582	1536226352354770															0	2796		Fixation	8	388	233	3.20	88.93	180.42																				3545	644	508	578	233	611	370	421	370	258.40	85.49	231.96	196.00	245.18	140.75	289.03	209.28	757.28	335.44	214.62	761.61					784.10	784.10	4.36	4.08	0	0				
07/12/2018	3.3.2	Gaze Project	O4	3	M	Bilingual	G130	06/09/2018	89100	1280 x 720		Raw Data	Ord4_T2_L.avi	190	0	900	720									29570	10:16:18.590	1536226352363107															0			Unclassified	8																									3546	621	465			621	465	431	465	249.11	102.51					289.00	209.64	758.32		-34.01						785.20		4.33		0	4				
07/12/2018	3.3.2	Gaze Project	O4	3	M	Bilingual	G130	06/09/2018	89100	1280 x 720		Raw Data	Ord4_T2_L.avi	190	0	900	720									29578	10:16:18.599	1536226352371467															0	2797		Fixation	8	382	438	6.03	268.33	179.40																				3547	633	444	572	438	602	441	412	441	254.06	111.17	229.43	113.68	241.75	112.42	288.87	216.80	780.04	336.53	221.43	781.88					808.04	808.04	4.61	4.87	0	0				
07/12/2018	3.3.2	Gaze Project	O4	3	M	Bilingual	G130	06/09/2018	89100	1280 x 720		Raw Data	Ord4_T2_L.avi	190	0	900	720									29586	10:16:18.607	1536226352379823															0	2798		Fixation	8	451	265	5.39	68.32	159.99																				3548	618	495	641	265	629	380	439	380	248.09	90.57	257.31	183.39	252.70	136.98	288.96	211.12	762.63	336.45	221.03	780.61					789.75	789.75	4.42	4.43	0	0				
07/12/2018	3.3.2	Gaze Project	O4	3	M	Bilingual	G130	06/09/2018	89100	1280 x 720		Raw Data	Ord4_T2_L.avi	190	0	900	720									29595	10:16:18.615	1536226352388083															0	2799		Fixation	8	372	388	4.23	237.37	169.05																				3549	590	458	562	388	576	423	386	423	236.67	105.60	225.63	133.77	231.15	119.68	288.90	214.82	773.80	336.48	221.09	780.69					801.51	801.51	4.40	4.78	0	0				
07/12/2018	3.3.2	Gaze Project	O4	3	M	Bilingual	G130	06/09/2018	89100	1280 x 720		Raw Data	Ord4_T2_L.avi	190	0	900	720									29603	10:16:18.624	1536226352396423															0	2800		Fixation	8	474	386	3.03	1.13	123.75																				3550	641	416	664	386	652	401	462	401	257.19	122.35	266.42	134.66	261.80	128.51	289.06	216.10	777.53	334.14	206.79	737.34					805.45	805.45	4.28	4.18	0	0				
07/12/2018	3.3.2	Gaze Project	O4	3	M	Bilingual	G130	06/09/2018	89100	1280 x 720		Raw Data	Ord4_T2_L.avi	190	0	900	720									29611	10:16:18.632	1536226352404780															0	2801		Fixation	8	581	370	3.34	8.53	7.40																				3551	778	323	771	370	774	346	584	346	312.20	159.88	309.31	140.96	310.75	150.42	289.35	211.93	764.73	334.33	206.88	737.48					792.01	792.01	4.15	4.28	0	0				
07/12/2018	3.3.2	Gaze Project	O4	3	M	Bilingual	G130	06/09/2018	89100	1280 x 720		Raw Data	Ord4_T2_L.avi	190	0	900	720									29620	10:16:18.640	1536226352413136															0			Unclassified	8																									3552	836	450			836	450	646	450	335.53	108.83					289.62	210.84	761.25		-34.01						788.38		4.33		0	4				
07/12/2018	3.3.2	Gaze Project	O4	3	M	Bilingual	G130	06/09/2018	89100	1280 x 720		Raw Data	Ord4_T2_L.avi	190	0	900	720									29628	10:16:18.649	1536226352421493															0			Unclassified	8																									3553	1015	387			1015	387	825	387	407.38	134.26					289.89	208.79	754.77		-34.01						781.60		4.28		0	4				
07/12/2018	3.3.2	Gaze Project	O4	3	M	Bilingual	G130	06/09/2018	89100	1280 x 720		Raw Data	Ord4_T2_L.avi	190	0	900	720									29636	10:16:18.657	1536226352429752															0	2802		Fixation	8	876	404	8.95	353.40	344.87																				3554	1085	414	1066	404	1075	409	885	409	435.46	123.34	427.80	127.35	431.63	125.35	290.11	210.62	760.16	337.07	218.88	773.49					787.30	787.30	4.22	4.52	0	0				
07/12/2018	3.3.2	Gaze Project	O4	3	M	Bilingual	G130	06/09/2018	89100	1280 x 720		Raw Data	Ord4_T2_L.avi	190	0	900	720									29645	10:16:18.666	1536226352438164															0			Unclassified	8																									3555	1201	353			1201	353			482.09	147.75					290.30	214.06	770.43		-34.01						798.13		4.29		0	4				
07/12/2018	3.3.2	Gaze Project	O4	3	M	Bilingual	G130	06/09/2018	89100	1280 x 720		Raw Data	Ord4_T2_L.avi	190	0	900	720									29653	10:16:18.674	1536226352446449															0	2803		Fixation	8			7.33	6.89	13.49																				3556	1204	467	1315	374	1259	420			483.30	101.73	527.94	139.14	505.62	120.44	290.51	208.24	752.57	335.52	207.97	740.27					779.37	779.37	4.25	3.42	0	0				
07/12/2018	3.3.2	Gaze Project	O4	3	M	Bilingual	G130	06/09/2018	89100	1280 x 720		Raw Data	Ord4_T2_L.avi	190	0	900	720									29661	10:16:18.682	1536226352454805															0	2804		Fixation	8			3.34	201.21	194.32																				3557	1234	388	1209	415	1221	401			495.42	133.72	485.33	122.88	490.37	128.30	290.62	204.65	741.05	336.65	213.45	756.95					767.31	767.31	4.00	4.46	0	0				
07/12/2018	3.3.2	Gaze Project	O4	3	M	Bilingual	G130	06/09/2018	89100	1280 x 720		Raw Data	Ord4_T2_L.avi	190	0	900	720									29670	10:16:18.690	1536226352463072															0			Unclassified	8																									3558	1146	351			1146	351			460.19	148.45					290.80	203.01	736.26		-34.01						762.27		3.67		0	4				
07/12/2018	3.3.2	Gaze Project	O4	3	M	Bilingual	G130	06/09/2018	89100	1280 x 720		Raw Data	Ord4_T2_L.avi	190	0	900	720									29678	10:16:18.699	1536226352471428															0	2805		Fixation	8			2.60	153.65	312.44																				3559	1196	282	1130	376	1163	329			479.91	176.40	453.54	138.38	466.72	157.39	290.95	204.31	739.69	335.92	207.61	739.00					765.94	765.94	3.66	3.82	0	0				
07/12/2018	3.3.2	Gaze Project	O4	3	M	Bilingual	G130	06/09/2018	89100	1280 x 720		Raw Data	Ord4_T2_L.avi	190	0	900	720									29686	10:16:18.707	1536226352479759															0	2806		Fixation	8			2.90	275.39	121.74																				3560	1185	267	1139	471	1162	369			475.75	182.56	457.24	100.13	466.49	141.34	291.11	204.36	739.57	336.08	207.54	739.03					765.85	765.85	3.64	4.18	0	0				
07/12/2018	3.3.2	Gaze Project	O4	3	M	Bilingual	G130	06/09/2018	89100	1280 x 720		Raw Data	Ord4_T2_L.avi	190	0	900	720									29695	10:16:18.715	1536226352488105															0	2807		Fixation	8			6.29	98.34	182.94																				3561	1186	356	1109	267	1147	311			476.14	146.69	445.30	182.33	460.72	164.51	291.27	204.39	739.49	336.24	207.79	738.92					765.78	765.78	3.79	3.42	0	0				
07/12/2018	3.3.2	Gaze Project	O4	3	M	Bilingual	G130	06/09/2018	89100	1280 x 720		Raw Data	Ord4_T2_L.avi	190	0	900	720									29703	10:16:18.724	1536226352496472															0	2808		Fixation	8			2.07	311.33	212.99																				3562	1155	276	1154	318	1154	297			463.80	178.88	463.14	161.76	463.47	170.32	291.45	204.58	739.80	336.45	207.85	739.40					766.14	766.14	3.90	3.84	0	0				
07/12/2018	3.3.2	Gaze Project	O4	3	M	Bilingual	G130	06/09/2018	89100	1280 x 720		Raw Data	Ord4_T2_L.avi	190	0	900	720									29711	10:16:18.732	1536226352504746															0	2809		Fixation	8			1.71	81.75	130.42																				3563	1198	341	1162	263	1180	302			480.93	152.71	466.58	184.22	473.76	168.47	291.62	204.55	739.81	336.61	207.99	739.35					766.15	766.15	3.65	3.54	0	0				
07/12/2018	3.3.2	Gaze Project	O4	3	M	Bilingual	G130	06/09/2018	89100	1280 x 720		Raw Data	Ord4_T2_L.avi	190	0	900	720									29720	10:16:18.740	1536226352513072															0	2810		Fixation	8			2.82	251.62	169.87																				3564	1141	295	1133	350	1137	322			458.00	171.23	454.92	148.98	456.46	160.11	291.78	204.68	739.67	336.78	207.95	739.53					766.07	766.07	3.66	3.87	0	0				
07/12/2018	3.3.2	Gaze Project	O4	3	M	Bilingual	G130	06/09/2018	89100	1280 x 720		Raw Data	Ord4_T2_L.avi	190	0	900	720									29728	10:16:18.749	1536226352521435															0	2811		Fixation	8			2.70	60.90	169.28																				3565	1175	243	1176	273	1175	258			471.74	192.04	471.92	180.17	471.83	186.11	291.92	204.65	739.37	336.92	208.09	739.47					765.78	765.78	3.59	3.63	0	0				
07/12/2018	3.3.2	Gaze Project	O4	3	M	Bilingual	G130	06/09/2018	89100	1280 x 720		Raw Data	Ord4_T2_L.avi	190	0	900	720									29736	10:16:18.757	1536226352529787															0	2812		Fixation	8			2.36	295.83	234.94																				3566	1172	262	1210	343	1191	302			470.49	184.48	485.84	151.95	478.17	168.22	292.07	204.83	739.78	337.08	208.07	739.67					766.23	766.23	3.65	3.78	0	0				
07/12/2018	3.3.2	Gaze Project	O4	3	M	Bilingual	G130	06/09/2018	89100	1280 x 720		Raw Data	Ord4_T2_L.avi	190	0	900	720									29745	10:16:18.765	1536226352538048															0	2813		Fixation	8			1.44	85.15	149.32																				3567	1187	243	1214	296	1200	269			476.55	192.17	487.47	170.62	482.01	181.40	292.18	204.85	739.60	337.19	208.22	739.61					766.08	766.08	3.41	3.67	0	0				
07/12/2018	3.3.2	Gaze Project	O4	3	M	Bilingual	G130	06/09/2018	89100	1280 x 720		Raw Data	Ord4_T2_L.avi	190	0	900	720									29753	10:16:18.774	1536226352546403															0	2814		Fixation	8			2.78	206.64	121.49																				3568	1195	236	1132	337	1163	286			479.78	194.79	454.49	154.28	467.14	174.54	292.29	204.78	739.22	337.33	208.25	740.04					765.70	765.70	3.37	3.74	0	0				
07/12/2018	3.3.2	Gaze Project	O4	3	M	Bilingual	G130	06/09/2018	89100	1280 x 720		Raw Data	Ord4_T2_L.avi	190	0	900	720									29761	10:16:18.782	1536226352554736															0			Unclassified	8																									3569	1149	229			1149	229			461.32	197.76					292.39	204.95	739.57		-34.01						766.09		3.37		0	4				
07/12/2018	3.3.2	Gaze Project	O4	3	M	Bilingual	G130	06/09/2018	89100	1280 x 720		Raw Data	Ord4_T2_L.avi	190	0	900	720									29770	10:16:18.790	1536226352563099															0	2815		Fixation	8			0.25	277.10	70.46																				3570	1199	245	1133	345	1166	295			481.33	191.27	454.62	150.88	467.98	171.08	292.47	205.09	739.84	337.49	208.32	740.03					766.40	766.40	3.41	3.77	0	0				
07/12/2018	3.3.2	Gaze Project	O4	3	M	Bilingual	G130	06/09/2018	89100	1280 x 720		Raw Data	Ord4_T2_L.avi	190	0	900	720									29778	10:16:18.799	1536226352571458															0			Unclassified	8																									3571	1197	275			1197	275			480.40	179.23					292.52	205.07	739.51		-34.01						766.08		3.51		0	4				
07/12/2018	3.3.2	Gaze Project	O4	3	M	Bilingual	G130	06/09/2018	89100	1280 x 720		Raw Data	Ord4_T2_L.avi	190	0	900	720									29786	10:16:18.807	1536226352579724															0	2816		Fixation	8			4.03	252.44	335.34																				3572	1180	256	1093	471	1136	363			473.76	186.86	438.82	100.37	456.29	143.62	292.57	205.15	739.66	337.88	209.86	744.86					766.24	766.24	3.49	4.33	0	0				
07/12/2018	3.3.2	Gaze Project	O4	3	M	Bilingual	G130	06/09/2018	89100	1280 x 720		Raw Data	Ord4_T2_L.avi	190	0	900	720									29795	10:16:18.815	1536226352588083															0	2817		Fixation	8			5.86	55.24	162.80																				3573	1191	311	1203	313	1197	312			477.90	164.65	482.81	163.95	480.35	164.30	292.58	205.16	739.51	337.59	208.51	739.95					766.11	766.11	3.58	3.74	0	0				
07/12/2018	3.3.2	Gaze Project	O4	3	M	Bilingual	G130	06/09/2018	89100	1280 x 720		Raw Data	Ord4_T2_L.avi	190	0	900	720									29803	10:16:18.824	1536226352596411															0	2818		Fixation	8			4.49	241.78	186.54																				3574	1189	252	1133	443	1161	347			477.13	188.34	454.64	111.40	465.89	149.87	292.61	205.33	739.85	337.93	209.97	745.01					766.48	766.48	3.49	4.28	0	0				
07/12/2018	3.3.2	Gaze Project	O4	3	M	Bilingual	G130	06/09/2018	89100	1280 x 720		Raw Data	Ord4_T2_L.avi	190	0	900	720									29811	10:16:18.832	1536226352604771															0	2819		Fixation	8			3.04	102.61	220.84																				3575	1212	272	1111	345	1161	308			486.59	180.33	446.03	150.99	466.31	165.66	292.60	205.36	739.81	337.66	208.64	740.57					766.45	766.45	3.52	3.83	0	0				
07/12/2018	3.3.2	Gaze Project	O4	3	M	Bilingual	G130	06/09/2018	89100	1280 x 720		Raw Data	Ord4_T2_L.avi	190	0	900	720									29820	10:16:18.840	1536226352613127															0	2820		Fixation	8			3.26	271.07	168.45																				3576	1179	255	1113	452	1146	353			473.22	187.41	446.67	107.85	459.95	147.63	292.59	205.40	739.82	337.64	208.66	740.54					766.47	766.47	3.42	3.84	0	0				
07/12/2018	3.3.2	Gaze Project	O4	3	M	Bilingual	G130	06/09/2018	89100	1280 x 720		Raw Data	Ord4_T2_L.avi	190	0	900	720									29828	10:16:18.849	1536226352621394															0	2821		Fixation	8			4.89	75.57	164.51																				3577	1184	265	1153	297	1168	281			475.30	183.14	463.00	170.44	469.15	176.79	292.57	205.52	740.01	337.63	208.72	740.65					766.69	766.69	3.38	3.67	0	0				
07/12/2018	3.3.2	Gaze Project	O4	3	M	Bilingual	G130	06/09/2018	89100	1280 x 720		Raw Data	Ord4_T2_L.avi	190	0	900	720									29836	10:16:18.857	1536226352629722															0	2822		Fixation	8			1.39	312.27	236.69																				3578	1172	269	1184	331	1178	300			470.48	181.59	475.13	156.59	472.81	169.09	292.54	205.64	740.42	337.60	208.78	740.74					767.12	767.12	3.92	3.73	0	0				
07/12/2018	3.3.2	Gaze Project	O4	3	M	Bilingual	G130	06/09/2018	89100	1280 x 720		Raw Data	Ord4_T2_L.avi	190	0	900	720									29845	10:16:18.865	1536226352638082															0	2823		Fixation	8			2.08	231.04	278.77																				3579	1176	343	1141	384	1158	363			472.16	151.95	457.85	135.29	465.01	143.62	292.49	205.62	740.43	337.57	208.87	740.92					767.12	767.12	3.91	3.93	0	0				
07/12/2018	3.3.2	Gaze Project	O4	3	M	Bilingual	G130	06/09/2018	89100	1280 x 720		Raw Data	Ord4_T2_L.avi	190	0	900	720									29853	10:16:18.874	1536226352646440															0	2824		Fixation	8			1.07	276.50	45.46																				3580	1150	235	1145	419	1147	327			461.79	195.27	459.59	121.10	460.69	158.19	292.47	205.72	740.38	337.53	208.78	740.96					767.10	767.10	3.47	3.93	0	0				
07/12/2018	3.3.2	Gaze Project	O4	3	M	Bilingual	G130	06/09/2018	89100	1280 x 720		Raw Data	Ord4_T2_L.avi	190	0	900	720									29861	10:16:18.882	1536226352654707															0	2825		Fixation	8			2.92	108.76	192.26																				3581	1198	237	1114	328	1156	282			480.78	194.56	447.32	157.90	464.05	176.23	292.42	205.66	740.17	337.48	208.90	740.88					766.88	766.88	3.46	3.78	0	0				
07/12/2018	3.3.2	Gaze Project	O4	3	M	Bilingual	G130	06/09/2018	89100	1280 x 720		Raw Data	Ord4_T2_L.avi	190	0	900	720									29870	10:16:18.890	1536226352663058															0	2826		Fixation	8			2.46	276.40	167.64																				3582	1175	258	1123	408	1149	333			471.47	185.90	450.61	125.65	461.04	155.77	292.39	205.76	740.45	337.44	208.80	740.92					767.18	767.18	3.56	3.95	0	0				
07/12/2018	3.3.2	Gaze Project	O4	3	M	Bilingual	G130	06/09/2018	89100	1280 x 720		Raw Data	Ord4_T2_L.avi	190	0	900	720									29878	10:16:18.899	1536226352671396															0	2827		Fixation	8			2.11	91.65	175.26																				3583	1186	208	1121	339	1153	273			475.95	206.17	450.02	153.47	462.98	179.82	292.34	205.90	740.71	337.43	209.08	741.34					767.46	767.46	3.60	3.79	0	0				
07/12/2018	3.3.2	Gaze Project	O4	3	M	Bilingual	G130	06/09/2018	89100	1280 x 720		Raw Data	Ord4_T2_L.avi	190	0	900	720									29886	10:16:18.907	1536226352679756															0	2828		Fixation	8			2.25	270.77	179.12																				3584	1190	301	1122	413	1156	357			477.87	168.92	450.37	123.62	464.12	146.27	292.31	205.89	740.72	337.70	210.70	746.46					767.47	767.47	3.91	3.96	0	0				
07/12/2018	3.3.2	Gaze Project	O4	3	M	Bilingual	G130	06/09/2018	89100	1280 x 720		Raw Data	Ord4_T2_L.avi	190	0	900	720									29895	10:16:18.915	1536226352688109															0	2829		Fixation	8			0.59	342.42	71.65																				3585	1187	251	1141	419	1164	335			476.62	188.99	457.87	121.11	467.25	155.05	292.28	205.89	740.68	337.76	211.30	748.19					767.42	767.42	3.89	4.02	0	0				
07/12/2018	3.3.2	Gaze Project	O4	3	M	Bilingual	G130	06/09/2018	89100	1280 x 720		Raw Data	Ord4_T2_L.avi	190	0	900	720									29903	10:16:18.924	1536226352696378															0	2830		Fixation	8			2.84	68.72	86.30																				3586	1210	259	1175	332	1192	295			485.70	185.73	471.53	156.40	478.62	171.07	292.24	205.90	740.71	337.32	209.15	741.36					767.46	767.46	3.85	3.77	0	0				
07/12/2018	3.3.2	Gaze Project	O4	3	M	Bilingual	G130	06/09/2018	89100	1280 x 720		Raw Data	Ord4_T2_L.avi	190	0	900	720									29911	10:16:18.932	1536226352704738															0	2831		Fixation	8			2.20	229.58	160.86																				3587	1208	417	1128	387	1168	402			484.97	121.89	452.92	134.20	468.95	128.05	292.22	203.95	735.01	337.68	211.20	747.77					761.44	761.44	4.00	4.01	0	0				
07/12/2018	3.3.2	Gaze Project	O4	3	M	Bilingual	G130	06/09/2018	89100	1280 x 720		Raw Data	Ord4_T2_L.avi	190	0	900	720									29920	10:16:18.940	1536226352713067															0	2832		Fixation	8			2.15	81.90	212.32																				3588	1183	293	1138	317	1160	305			474.71	172.11	456.81	162.10	465.76	167.10	292.19	206.09	741.22	337.29	209.32	741.80					768.00	768.00	3.93	3.77	0	0				
07/12/2018	3.3.2	Gaze Project	O4	3	M	Bilingual	G130	06/09/2018	89100	1280 x 720		Raw Data	Ord4_T2_L.avi	190	0	900	720									29928	10:16:18.949	1536226352721427															0	2833		Fixation	8			2.28	262.33	180.43																				3589	1204	238	1128	391	1166	314			483.27	194.04	452.65	132.36	467.96	163.20	292.18	206.04	741.24	337.25	209.24	741.83					768.00	768.00	3.84	3.96	0	0				
07/12/2018	3.3.2	Gaze Project	O4	3	M	Bilingual	G130	06/09/2018	89100	1280 x 720		Raw Data	Ord4_T2_L.avi	190	0	900	720									29936	10:16:18.957	1536226352729777															0	2834		Fixation	8			2.80	58.47	156.15																				3590	1178	382	1176	313	1177	347			472.97	136.20	471.87	164.08	472.42	150.14	292.14	204.81	737.51	337.22	209.33	741.77					764.08	764.08	3.91	3.76	0	0				
07/12/2018	3.3.2	Gaze Project	O4	3	M	Bilingual	G130	06/09/2018	89100	1280 x 720		Raw Data	Ord4_T2_L.avi	190	0	900	720									29945	10:16:18.965	1536226352738031															0	2835		Fixation	8			1.28	164.94	106.46																				3591	1169	375	1135	302	1152	338			469.14	138.89	455.72	168.42	462.43	153.65	292.11	204.59	736.86	337.18	209.32	741.70					763.39	763.39	3.96	3.87	0	0				
07/12/2018	3.3.2	Gaze Project	O4	3	M	Bilingual	G130	06/09/2018	89100	1280 x 720		Raw Data	Ord4_T2_L.avi	190	0	900	720									29953	10:16:18.974	1536226352746446															0	2836		Fixation	8			2.73	356.84	191.91																				3592	1193	237	1226	307	1209	272			479.04	194.66	492.30	166.17	485.67	180.41	292.08	206.29	741.86	337.17	209.47	742.14					768.66	768.66	3.38	3.76	0	0				
07/12/2018	3.3.2	Gaze Project	O4	3	M	Bilingual	G130	06/09/2018	89100	1280 x 720		Raw Data	Ord4_T2_L.avi	190	0	900	720									29961	10:16:18.982	1536226352754736															0	2837		Fixation	8			3.67	215.35	218.51																				3593	1196	417	1127	377	1161	397			480.18	122.05	452.50	138.03	466.34	130.04	292.03	206.20	741.89	337.23	209.93	743.80					768.67	768.67	4.02	3.91	0	0				
07/12/2018	3.3.2	Gaze Project	O4	3	M	Bilingual	G130	06/09/2018	89100	1280 x 720		Raw Data	Ord4_T2_L.avi	190	0	900	720									29970	10:16:18.990	1536226352763090															0	2838		Fixation	8			6.32	85.30	229.95																				3594	1152	217	1144	171	1148	194			462.58	202.62	459.31	221.20	460.94	211.91	291.91	207.42	745.46	337.00	209.56	742.36					772.43	772.43	3.50	3.77	0	0				
07/12/2018	3.3.2	Gaze Project	O4	3	M	Bilingual	G130	06/09/2018	89100	1280 x 720		Raw Data	Ord4_T2_L.avi	190	0	900	720									29978	10:16:18.999	1536226352771368															0	2839		Fixation	8	796	312	6.49	221.84	136.54																				3595	950	312	986	312	968	312	778	312	381.44	164.40	395.64	164.39	388.54	164.40	291.69	206.57	742.96	336.73	209.48	742.39					769.78	769.78	3.97	3.83	0	0				
07/12/2018	3.3.2	Gaze Project	O4	3	M	Bilingual	G130	06/09/2018	89100	1280 x 720		Raw Data	Ord4_T2_L.avi	190	0	900	720									29986	10:16:19.007	1536226352779704															0	2840		Fixation	8	688	238	4.03	145.50	283.66																				3596	883	156	878	238	880	197	690	197	354.39	227.05	352.33	194.06	353.36	210.55	291.45	206.44	742.24	336.78	211.35	747.99					769.04	769.04	3.30	3.55	0	0				
07/12/2018	3.3.2	Gaze Project	O4	3	M	Bilingual	G130	06/09/2018	89100	1280 x 720		Raw Data	Ord4_T2_L.avi	190	0	900	720									29995	10:16:19.015	1536226352788037															0	2841		Fixation	8	577	245	3.42	183.62	38.12																				3597	762	385	767	245	764	315	574	315	305.83	134.84	307.99	191.32	306.91	163.08	291.18	206.28	742.30	336.40	210.92	746.64					769.04	769.04	4.08	3.64	0	0				
07/12/2018	3.3.2	Gaze Project	O4	3	M	Bilingual	G130	06/09/2018	89100	1280 x 720		Raw Data	Ord4_T2_L.avi	190	0	900	720									30003	10:16:19.024	1536226352796409															0	2842		Fixation	8	516	212	2.12	151.51	327.89																				3598	704	188	706	212	705	200	515	200	282.53	214.13	283.47	204.41	283.00	209.27	290.97	206.41	742.59	336.48	212.92	752.66					769.34	769.34	3.82	3.44	0	0				
07/12/2018	3.3.2	Gaze Project	O4	3	M	Bilingual	G130	06/09/2018	89100	1280 x 720		Raw Data	Ord4_T2_L.avi	190	0	900	720									30011	10:16:19.032	1536226352804760															0	2843		Fixation	8	443	191	2.31	163.90	12.39																				3599	656	241	633	191	644	216	454	216	263.23	192.94	254.14	212.95	258.69	202.95	290.75	209.13	751.13	336.17	212.35	750.99					778.29	778.29	3.95	3.63	0	0				
07/12/2018	3.3.2	Gaze Project	O4	3	M	Bilingual	G130	06/09/2018	89100	1280 x 720		Raw Data	Ord4_T2_L.avi	190	0	900	720									30020	10:16:19.040	1536226352813030															0	2844		Fixation	8	428	172	0.74	128.20	324.30																				3600	608	265	618	172	613	218	423	218	243.86	183.16	248.02	220.82	245.94	201.99	290.61	206.43	742.89	335.71	210.63	745.84					769.62	769.62	3.64	3.56	0	0				
07/12/2018	3.3.2	Gaze Project	O4	3	M	Bilingual	G130	06/09/2018	89100	1280 x 720		Raw Data	Ord4_T2_L.avi	190	0	900	720									30028	10:16:19.049	1536226352821396															0	2845		Fixation	8	410	210	1.29	244.73	116.52																				3601	589	252	600	210	594	231	404	231	236.31	188.40	240.86	205.40	238.58	196.90	290.43	209.08	751.49	335.50	210.13	744.40					778.60	778.60	3.97	3.88	0	0				
07/12/2018	3.3.2	Gaze Project	O4	3	M	Bilingual	G130	06/09/2018	89100	1280 x 720		Raw Data	Ord4_T2_L.avi	190	0	900	720									30036	10:16:19.057	1536226352829716															0	2846		Fixation	8	448	300	2.95	292.82	48.10																				3602	632	359	638	300	635	329	445	329	253.83	145.56	255.94	169.09	254.89	157.33	290.25	206.22	742.97	336.96	219.57	772.50					769.62	769.62	4.31	4.82	0	0				
07/12/2018	3.3.2	Gaze Project	O4	3	M	Bilingual	G130	06/09/2018	89100	1280 x 720		Raw Data	Ord4_T2_L.avi	190	0	900	720									30045	10:16:19.065	1536226352838075															0	2847		Fixation	8	402	335	1.69	217.36	284.53																				3603			592	335	592	335	402	335			237.67	155.17						336.66	218.89	770.43						0.00		4.73	4	0				
07/12/2018	3.3.2	Gaze Project	O4	3	M	Bilingual	G130	06/09/2018	89100	1280 x 720		Raw Data	Ord4_T2_L.avi	190	0	900	720									30053	10:16:19.074	1536226352846430															0	2848		Fixation	8	452	330	1.46	5.73	148.37																				3604	675	283	642	330	658	306	468	306	271.05	175.90	257.51	156.92	264.28	166.41	289.88	206.11	743.02	337.63	225.58	790.37					769.61	769.61	4.32	4.93	0	0				
07/12/2018	3.3.2	Gaze Project	O4	3	M	Bilingual	G130	06/09/2018	89100	1280 x 720		Raw Data	Ord4_T2_L.avi	190	0	900	720									30061	10:16:19.082	1536226352854694															0			Unclassified	8																									3605																			-34.01										4	4				
07/12/2018	3.3.2	Gaze Project	O4	3	M	Bilingual	G130	06/09/2018	89100	1280 x 720		Raw Data	Ord4_T2_L.avi	190	0	900	720									30070	10:16:19.090	1536226352863024															0			Unclassified	8																									3606	625	312			625	312	435	312	250.95	164.35					289.40	215.81	772.77		-34.01						800.86		4.66		0	4				
07/12/2018	3.3.2	Gaze Project	O4	3	M	Bilingual	G130	06/09/2018	89100	1280 x 720		Raw Data	Ord4_T2_L.avi	190	0	900	720									30078	10:16:19.099	1536226352871385															0	2849		Fixation	8	473	204	3.61	80.57	74.84																				3607	597	308	663	204	630	256	440	256	239.82	165.94	266.27	207.86	253.05	186.90	289.19	215.74	772.76	338.88	237.15	824.93					800.82	800.82	4.65	5.06	0	0				
07/12/2018	3.3.2	Gaze Project	O4	3	M	Bilingual	G130	06/09/2018	89100	1280 x 720		Raw Data	Ord4_T2_L.avi	190	0	900	720									30086	10:16:19.107	1536226352879744															0	2850		Fixation	8	448	338	3.85	259.47	178.90																				3608			638	338	638	338	448	338			255.93	153.77						336.79	225.63	790.59						0.00		5.05	4	0				
07/12/2018	3.3.2	Gaze Project	O4	3	M	Bilingual	G130	06/09/2018	89100	1280 x 720		Raw Data	Ord4_T2_L.avi	190	0	900	720									30095	10:16:19.115	1536226352888012															0			Unclassified	8																									3609	610	339			610	339	420	339	244.85	153.35					288.80	214.88	770.48		-34.01						798.37		4.39		0	4				
07/12/2018	3.3.2	Gaze Project	O4	3	M	Bilingual	G130	06/09/2018	89100	1280 x 720		Raw Data	Ord4_T2_L.avi	190	0	900	720									30103	10:16:19.124	1536226352896357															0			Unclassified	8																									3610	653	122			653	122	463	122	262.26	241.01					288.57	217.15	777.54		-34.01						805.77		3.83		0	4				
07/12/2018	3.3.2	Gaze Project	O4	3	M	Bilingual	G130	06/09/2018	89100	1280 x 720		Raw Data	Ord4_T2_L.avi	190	0	900	720									30111	10:16:19.132	1536226352904683															0			Unclassified	8																									3611	648	156			648	156	458	156	259.93	227.03					288.35	220.68	788.46		-34.01						817.23		3.99		0	4				
07/12/2018	3.3.2	Gaze Project	O4	3	M	Bilingual	G130	06/09/2018	89100	1280 x 720		Raw Data	Ord4_T2_L.avi	190	0	900	720									30120	10:16:19.140	1536226352913042															0	2851		Fixation	8	459	164	5.06	86.39	186.93																				3612	655	320	649	164	652	242	462	242	263.02	161.00	260.40	223.97	261.71	192.48	288.14	221.83	792.10	335.84	224.67	787.80					821.03	821.03	4.71	4.59	0	0				
07/12/2018	3.3.2	Gaze Project	O4	3	M	Bilingual	G130	06/09/2018	89100	1280 x 720		Raw Data	Ord4_T2_L.avi	190	0	900	720									30128	10:16:19.149	1536226352921414															0	2852		Fixation	8	410	390	6.76	257.80	171.41																				3613			600	390	600	390	410	390			240.73	132.91						334.85	219.48	772.33						0.00		5.17	4	0				
07/12/2018	3.3.2	Gaze Project	O4	3	M	Bilingual	G130	06/09/2018	89100	1280 x 720		Raw Data	Ord4_T2_L.avi	190	0	900	720									30136	10:16:19.157	1536226352929696															0	2853		Fixation	8	420	312	2.29	82.72	184.91																				3614			610	312	610	312	420	312			244.68	164.46						335.55	224.51	787.35						0.00		4.95	4	0				
07/12/2018	3.3.2	Gaze Project	O4	3	M	Bilingual	G130	06/09/2018	89100	1280 x 720		Raw Data	Ord4_T2_L.avi	190	0	900	720									30145	10:16:19.165	1536226352938016															0			Unclassified	8																									3615	661	248			661	248	471	248	265.41	190.24					287.71	221.82	792.50		-34.01						821.40		4.61		0	4				
07/12/2018	3.3.2	Gaze Project	O4	3	M	Bilingual	G130	06/09/2018	89100	1280 x 720		Raw Data	Ord4_T2_L.avi	190	0	900	720									30153	10:16:19.174	1536226352946373															0	2854		Fixation	8	417	327	0.45	258.73	176.01																				3616			607	327	607	327	417	327			243.70	158.25						334.31	218.54	769.58						0.00		4.81	4	0				
07/12/2018	3.3.2	Gaze Project	O4	3	M	Bilingual	G130	06/09/2018	89100	1280 x 720		Raw Data	Ord4_T2_L.avi	190	0	900	720									30161	10:16:19.182	1536226352954726															0			Unclassified	8																									3617	589	258			589	258	399	258	236.47	186.15					287.52	220.83	789.81		-34.01						818.52		4.55		0	4				
07/12/2018	3.3.2	Gaze Project	O4	3	M	Bilingual	G130	06/09/2018	89100	1280 x 720		Raw Data	Ord4_T2_L.avi	190	0	900	720									30170	10:16:19.190	1536226352963083															0	2855		Fixation	8	440	274	1.69	66.61	167.88																				3618	622	334	630	274	626	304	436	304	249.53	155.25	252.86	179.55	251.20	167.40	287.55	214.76	771.50	335.21	225.11	789.28					799.25	799.25	4.68	5.01	0	0				
07/12/2018	3.3.2	Gaze Project	O4	3	M	Bilingual	G130	06/09/2018	89100	1280 x 720		Raw Data	Ord4_T2_L.avi	190	0	900	720									30178	10:16:19.199	1536226352971343															0	2856		Fixation	8	470	243	1.24	46.03	339.42																				3619	593	382	660	243	626	312	436	312	237.85	136.02	264.74	192.17	251.29	164.09	287.23	225.62	804.63	335.10	225.18	789.58					834.08	834.08	4.90	4.80	0	0				
07/12/2018	3.3.2	Gaze Project	O4	3	M	Bilingual	G130	06/09/2018	89100	1280 x 720		Raw Data	Ord4_T2_L.avi	190	0	900	720									30186	10:16:19.207	1536226352979679															0	2857		Fixation	8	439	217	1.17	139.92	93.89																				3620	657	270	629	217	643	243	453	243	263.79	181.33	252.53	202.59	258.16	191.96	287.26	221.50	792.31	335.27	226.47	793.55					821.10	821.10	4.44	4.88	0	0				
07/12/2018	3.3.2	Gaze Project	O4	3	M	Bilingual	G130	06/09/2018	89100	1280 x 720		Raw Data	Ord4_T2_L.avi	190	0	900	720									30195	10:16:19.215	1536226352988037															0			Unclassified	8																									3621	585	254			585	254	395	254	234.62	187.81					287.32	215.53	774.39		-34.01						802.22		4.23		0	4				
07/12/2018	3.3.2	Gaze Project	O4	3	M	Bilingual	G130	06/09/2018	89100	1280 x 720		Raw Data	Ord4_T2_L.avi	190	0	900	720									30202	10:16:19.223	1536226352996396															0			Unclassified	8																									3622	551	144			551	144	361	144	221.22	232.01					287.27	215.14	773.45		-34.01						801.21		3.55		0	4				
07/12/2018	3.3.2	Gaze Project	O4	3	M	Bilingual	G130	06/09/2018	89100	1280 x 720		Raw Data	Ord4_T2_L.avi	190	0	900	720									30210	10:16:19.231	1536226353004663															0			Unclassified	8																									3623	620	80			620	80	430	80	248.88	257.63					287.10	220.12	788.84		-34.01						817.36		3.47		0	4				
07/12/2018	3.3.2	Gaze Project	O4	3	M	Bilingual	G130	06/09/2018	89100	1280 x 720		Raw Data	Ord4_T2_L.avi	190	0	900	720									30219	10:16:19.240	1536226353013008															0			Unclassified	8																									3624	690	101			690	101	500	101	276.78	249.20					287.06	220.64	790.75		-34.01						819.34		3.78		0	4				
07/12/2018	3.3.2	Gaze Project	O4	3	M	Bilingual	G130	06/09/2018	89100	1280 x 720		Raw Data	Ord4_T2_L.avi	190	0	900	720									30227	10:16:19.248	1536226353021350															0			Unclassified	8																									3625	697	83			697	83	507	83	279.71	256.37					287.11	215.12	774.35		-34.01						802.05		3.36		0	4				
07/12/2018	3.3.2	Gaze Project	O4	3	M	Bilingual	G130	06/09/2018	89100	1280 x 720		Raw Data	Ord4_T2_L.avi	190	0	900	720									30235	10:16:19.256	1536226353029706															0			Unclassified	8																									3626	646	132			646	132	456	132	259.18	236.60					287.11	213.44	769.68		-34.01						797.09		3.29		0	4				
07/12/2018	3.3.2	Gaze Project	O4	3	M	Bilingual	G130	06/09/2018	89100	1280 x 720		Raw Data	Ord4_T2_L.avi	190	0	900	720									30244	10:16:19.265	1536226353038065															0			Unclassified	8																									3627	622	88			622	88	432	88	249.87	254.70					286.83	223.02	799.36		-34.01						828.25		3.85		0	4				
07/12/2018	3.3.2	Gaze Project	O4	3	M	Bilingual	G130	06/09/2018	89100	1280 x 720		Raw Data	Ord4_T2_L.avi	190	0	900	720									30252	10:16:19.273	1536226353046331															0	2858		Fixation	8	403	303	2.69	247.35	107.43																				3628			593	303	593	303	403	303			237.96	168.10						334.39	223.12	785.79						0.00		4.85	4	0				
07/12/2018	3.3.2	Gaze Project	O4	3	M	Bilingual	G130	06/09/2018	89100	1280 x 720		Raw Data	Ord4_T2_L.avi	190	0	900	720									30260	10:16:19.281	1536226353054665															0	2859		Fixation	8	457	328	1.71	335.09	87.74																				3629	608	345	647	328	627	336	437	336	243.89	150.87	259.57	157.92	251.73	154.39	286.93	214.68	775.19	334.84	226.46	796.34					802.71	802.71	4.52	5.14	0	0				
07/12/2018	3.3.2	Gaze Project	O4	3	M	Bilingual	G130	06/09/2018	89100	1280 x 720		Raw Data	Ord4_T2_L.avi	190	0	900	720									30269	10:16:19.290	1536226353063022															0			Unclassified	8																									3630	631	283			631	283	441	283	253.11	175.92					286.92	213.21	771.33		-34.01						798.58		4.43		0	4				
07/12/2018	3.3.2	Gaze Project	O4	3	M	Bilingual	G130	06/09/2018	89100	1280 x 720		Raw Data	Ord4_T2_L.avi	190	0	900	720									30277	10:16:19.298	1536226353071378															0			Unclassified	8																									3631	617	355			617	355	427	355	247.83	147.17					286.59	224.04	805.05		-34.01						833.96		4.91		0	4				
07/12/2018	3.3.2	Gaze Project	O4	3	M	Bilingual	G130	06/09/2018	89100	1280 x 720		Raw Data	Ord4_T2_L.avi	190	0	900	720									30285	10:16:19.306	1536226353079657															0	2860		Fixation	8	401	355	1.78	205.81	230.73																				3632			591	355	591	355	401	355			237.17	146.91						334.00	221.29	782.73						0.00		4.99	4	0				
07/12/2018	3.3.2	Gaze Project	O4	3	M	Bilingual	G130	06/09/2018	89100	1280 x 720		Raw Data	Ord4_T2_L.avi	190	0	900	720									30294	10:16:19.315	1536226353087993															0	2861		Fixation	8	443	263	2.95	65.53	219.72																				3633	645	415	633	263	639	339	449	339	258.76	122.71	254.02	183.96	256.39	153.34	286.72	213.61	774.46	333.41	217.83	772.99					801.68	801.68	4.80	4.65	0	0				
07/12/2018	3.3.2	Gaze Project	O4	3	M	Bilingual	G130	06/09/2018	89100	1280 x 720		Raw Data	Ord4_T2_L.avi	190	0	900	720									30302	10:16:19.323	1536226353096326															0	2862		Fixation	8	456	318	1.65	283.26	217.73																				3634	618	284	646	318	632	301	442	301	248.14	175.39	259.24	161.69	253.69	168.54	286.29	228.20	819.75	334.54	225.18	795.74					849.21	849.21	5.03	5.09	0	0				
07/12/2018	3.3.2	Gaze Project	O4	3	M	Bilingual	G130	06/09/2018	89100	1280 x 720		Raw Data	Ord4_T2_L.avi	190	0	900	720									30310	10:16:19.331	1536226353104691															0	2863		Fixation	8	427	253	2.05	113.98	190.72																				3635	655	346	617	253	636	299	446	299	263.11	150.55	247.52	188.15	255.32	169.35	286.39	222.40	802.54	334.23	223.28	790.61					831.07	831.07	5.06	4.79	0	0				
07/12/2018	3.3.2	Gaze Project	O4	3	M	Bilingual	G130	06/09/2018	89100	1280 x 720		Raw Data	Ord4_T2_L.avi	190	0	900	720									30319	10:16:19.340	1536226353113048															0			Unclassified	8																									3636	629	398			629	398	439	398	252.45	129.62					286.43	218.81	792.04		-34.01						819.98		4.96		0	4				
07/12/2018	3.3.2	Gaze Project	O4	3	M	Bilingual	G130	06/09/2018	89100	1280 x 720		Raw Data	Ord4_T2_L.avi	190	0	900	720									30327	10:16:19.348	1536226353121315															0	2864		Fixation	8	383	238	1.35	161.12	47.14																				3637			573	238	573	238	383	238			229.84	194.18						333.16	216.93	772.66						0.00		4.52	4	0				
07/12/2018	3.3.2	Gaze Project	O4	3	M	Bilingual	G130	06/09/2018	89100	1280 x 720		Raw Data	Ord4_T2_L.avi	190	0	900	720									30335	10:16:19.356	1536226353129660															0	2865		Fixation	8	382	350	3.31	269.49	108.37																				3638			572	350	572	350	382	350			229.73	149.07						333.05	216.35	771.40						0.00		4.75	4	0				
07/12/2018	3.3.2	Gaze Project	O4	3	M	Bilingual	G130	06/09/2018	89100	1280 x 720		Raw Data	Ord4_T2_L.avi	190	0	900	720									30344	10:16:19.365	1536226353138004															0			Unclassified	8																									3639																			-34.01										4	4				
07/12/2018	3.3.2	Gaze Project	O4	3	M	Bilingual	G130	06/09/2018	89100	1280 x 720		Raw Data	Ord4_T2_L.avi	190	0	900	720									30352	10:16:19.373	1536226353146358															0			Unclassified	8																									3640																			-34.01										4	4				
07/12/2018	3.3.2	Gaze Project	O4	3	M	Bilingual	G130	06/09/2018	89100	1280 x 720		Raw Data	Ord4_T2_L.avi	190	0	900	720									30360	10:16:19.381	1536226353154714															0			Unclassified	8																									3641	616	200			616	200	426	200	247.44	209.33					286.25	218.61	792.88		-34.01						820.71		3.73		0	4				
07/12/2018	3.3.2	Gaze Project	O4	3	M	Bilingual	G130	06/09/2018	89100	1280 x 720		Raw Data	Ord4_T2_L.avi	190	0	900	720									30369	10:16:19.389	1536226353162973															0			Unclassified	8																									3642	619	118			619	118	429	118	248.63	242.52					286.22	220.47	798.67		-34.01						826.79		3.73		0	4				
07/12/2018	3.3.2	Gaze Project	O4	3	M	Bilingual	G130	06/09/2018	89100	1280 x 720		Raw Data	Ord4_T2_L.avi	190	0	900	720									30377	10:16:19.398	1536226353171316															0	2866		Fixation	8	378	259	2.59	92.51	183.02																				3643	560	249	568	259	564	254	374	254	224.61	189.76	227.88	185.55	226.25	187.65	286.54	209.79	765.92	336.14	235.12	829.31					792.37	792.37	3.75	5.02	0	0				
07/12/2018	3.3.2	Gaze Project	O4	3	M	Bilingual	G130	06/09/2018	89100	1280 x 720		Raw Data	Ord4_T2_L.avi	190	0	900	720									30385	10:16:19.406	1536226353179672															0	2867		Fixation	8	373	296	1.05	262.33	169.82																				3644	620	150	563	296	591	223	401	223	248.70	229.42	225.81	170.57	237.25	200.00	286.04	230.23	828.74	333.93	220.58	785.51					858.37	858.37	4.96	4.72	0	0				
07/12/2018	3.3.2	Gaze Project	O4	3	M	Bilingual	G130	06/09/2018	89100	1280 x 720		Raw Data	Ord4_T2_L.avi	190	0	900	720									30394	10:16:19.415	1536226353188029															0	2868		Fixation	8	378	374	2.29	273.66	11.33																				3645	569	407	568	374	568	390	378	390	228.36	125.90	228.12	139.17	228.24	132.53	286.50	215.43	783.25	333.13	215.01	768.75					810.58	810.58	4.83	4.85	0	0				
07/12/2018	3.3.2	Gaze Project	O4	3	M	Bilingual	G130	06/09/2018	89100	1280 x 720		Raw Data	Ord4_T2_L.avi	190	0	900	720									30402	10:16:19.423	1536226353196307															0			Unclassified	8																									3646																			-34.01										4	4				
07/12/2018	3.3.2	Gaze Project	O4	3	M	Bilingual	G130	06/09/2018	89100	1280 x 720		Raw Data	Ord4_T2_L.avi	190	0	900	720									30410	10:16:19.431	1536226353204644															0	2869		Fixation	8	439	229	4.71	67.25	153.59																				3647	535	368	629	229	582	298	392	298	214.85	141.82	252.31	197.64	233.58	169.73	286.92	203.58	746.78	332.24	208.43	749.02					772.28	772.28	4.13	4.01	0	0				
07/12/2018	3.3.2	Gaze Project	O4	3	M	Bilingual	G130	06/09/2018	89100	1280 x 720		Raw Data	Ord4_T2_L.avi	190	0	900	720									30419	10:16:19.440	1536226353212991															0	2870		Fixation	8	451	211	0.66	56.40	349.15																				3648	647	170	641	211	644	190	454	190	259.62	221.30	257.12	204.79	258.37	213.05	287.00	203.48	746.46	332.24	207.86	747.38					771.95	771.95	3.46	3.54	0	0				
07/12/2018	3.3.2	Gaze Project	O4	3	M	Bilingual	G130	06/09/2018	89100	1280 x 720		Raw Data	Ord4_T2_L.avi	190	0	900	720									30427	10:16:19.448	1536226353221345															0	2871		Fixation	8	408	248	1.73	220.80	164.41																				3649	611	346	598	248	604	297	414	297	245.31	150.76	240.08	190.18	242.70	170.47	287.08	203.09	745.25	332.36	208.04	747.98					770.68	770.68	4.09	3.86	0	0				
07/12/2018	3.3.2	Gaze Project	O4	3	M	Bilingual	G130	06/09/2018	89100	1280 x 720		Raw Data	Ord4_T2_L.avi	190	0	900	720									30435	10:16:19.456	1536226353229700															0			Unclassified	8																									3650	600	468			600	468	410	468	240.66	101.34					287.16	203.19	745.55		-34.01						771.00		4.37		0	4				
07/12/2018	3.3.2	Gaze Project	O4	3	M	Bilingual	G130	06/09/2018	89100	1280 x 720		Raw Data	Ord4_T2_L.avi	190	0	900	720									30444	10:16:19.464	1536226353237965															0			Unclassified	8																									3651																			-34.01										4	4				
07/12/2018	3.3.2	Gaze Project	O4	3	M	Bilingual	G130	06/09/2018	89100	1280 x 720		Raw Data	Ord4_T2_L.avi	190	0	900	720									30452	10:16:19.473	1536226353246310															0			Unclassified	8																									3652	576	275			576	275	386	275	231.24	179.38					287.31	203.48	746.50		-34.01						772.00		3.68		0	4				
07/12/2018	3.3.2	Gaze Project	O4	3	M	Bilingual	G130	06/09/2018	89100	1280 x 720		Raw Data	Ord4_T2_L.avi	190	0	900	720									30460	10:16:19.481	1536226353254654															0	2872		Fixation	8	437	151	3.10	73.41	212.60																				3653	588	256	627	151	607	203	417	203	235.97	186.76	251.54	229.08	243.76	207.92	287.39	203.88	747.73	332.73	207.82	747.78					773.29	773.29	3.72	3.32	0	0				
07/12/2018	3.3.2	Gaze Project	O4	3	M	Bilingual	G130	06/09/2018	89100	1280 x 720		Raw Data	Ord4_T2_L.avi	190	0	900	720									30469	10:16:19.490	1536226353263014															0	2873		Fixation	8	406	178	1.25	221.15	147.74																				3654	594	513	596	178	595	345	405	345	238.32	83.25	239.23	218.24	238.77	150.74	287.47	204.05	748.34	332.83	207.70	747.57					773.93	773.93	4.50	3.66	0	0				
07/12/2018	3.3.2	Gaze Project	O4	3	M	Bilingual	G130	06/09/2018	89100	1280 x 720		Raw Data	Ord4_T2_L.avi	190	0	900	720									30477	10:16:19.498	1536226353271369															0	2874		Fixation	8	410	344	5.07	271.38	50.23																				3655	566	241	600	344	583	292	393	292	227.14	192.95	240.90	151.57	234.02	172.26	287.60	202.67	744.09	332.99	207.99	748.61					769.47	769.47	3.36	4.15	0	0				
07/12/2018	3.3.2	Gaze Project	O4	3	M	Bilingual	G130	06/09/2018	89100	1280 x 720		Raw Data	Ord4_T2_L.avi	190	0	900	720									30485	10:16:19.506	1536226353279633															0	2875		Fixation	8	447	185	4.99	76.94	165.56																				3656	573	387	637	185	605	286	415	286	230.07	134.06	255.87	215.27	242.97	174.67	287.69	202.87	744.78	332.98	207.18	746.33					770.19	770.19	3.96	3.31	0	0				
07/12/2018	3.3.2	Gaze Project	O4	3	M	Bilingual	G130	06/09/2018	89100	1280 x 720		Raw Data	Ord4_T2_L.avi	190	0	900	720									30494	10:16:19.514	1536226353287963															0	2876		Fixation	8			7.50	127.10	50.16																				3657	623	121	483	-18	553	51	363	51	249.97	241.02	194.01	297.06	221.99	269.04	287.57	214.27	779.90	335.26	220.34	786.31					807.08	807.08	3.39	2.87	0	0				
07/12/2018	3.3.2	Gaze Project	O4	3	M	Bilingual	G130	06/09/2018	89100	1280 x 720		Raw Data	Ord4_T2_L.avi	190	0	900	720									30502	10:16:19.523	1536226353296324															0			Unclassified	8																									3658	586	239			586	239	396	239	235.16	193.75					287.80	208.51	762.25		-34.01						788.54		3.60		0	4				
07/12/2018	3.3.2	Gaze Project	O4	3	M	Bilingual	G130	06/09/2018	89100	1280 x 720		Raw Data	Ord4_T2_L.avi	190	0	900	720									30510	10:16:19.531	1536226353304683															0	2877		Fixation	8	414	89	4.66	318.42	191.33																				3659	564	266	604	89	584	177	394	177	226.24	182.72	242.63	254.08	234.44	218.40	287.79	214.81	781.63	334.46	213.58	766.20					808.90	808.90	4.06	3.11	0	0				
07/12/2018	3.3.2	Gaze Project	O4	3	M	Bilingual	G130	06/09/2018	89100	1280 x 720		Raw Data	Ord4_T2_L.avi	190	0	900	720									30519	10:16:19.539	1536226353312962															0	2878		Fixation	8	404	440	10.32	268.37	309.95																				3660	621	465	594	440	607	452	417	452	249.19	102.57	238.55	112.73	243.87	107.65	288.03	209.50	765.38	335.61	219.69	784.86					791.83	791.83	4.69	5.03	0	0				
07/12/2018	3.3.2	Gaze Project	O4	3	M	Bilingual	G130	06/09/2018	89100	1280 x 720		Raw Data	Ord4_T2_L.avi	190	0	900	720									30527	10:16:19.548	1536226353321308															0	2879		Fixation	8	396	366	2.15	96.15	187.78																				3661	626	451	586	366	606	408	416	408	251.45	108.37	235.28	142.68	243.37	125.52	288.21	207.55	759.40	335.51	217.96	779.80					785.55	785.55	4.61	4.77	0	0				
07/12/2018	3.3.2	Gaze Project	O4	3	M	Bilingual	G130	06/09/2018	89100	1280 x 720		Raw Data	Ord4_T2_L.avi	190	0	900	720									30535	10:16:19.556	1536226353329636															0	2880		Fixation	8	401	364	0.16	21.87	285.71																				3662	573	377	591	364	582	370	392	370	230.15	138.32	237.40	143.19	233.78	140.76	288.22	213.93	779.07	335.01	213.98	767.93					806.21	806.21	4.55	4.67	0	0				
07/12/2018	3.3.2	Gaze Project	O4	3	M	Bilingual	G130	06/09/2018	89100	1280 x 720		Raw Data	Ord4_T2_L.avi	190	0	900	720									30544	10:16:19.565	1536226353337987															0			Unclassified	8																									3663																			-34.01										4	4				
07/12/2018	3.3.2	Gaze Project	O4	3	M	Bilingual	G130	06/09/2018	89100	1280 x 720		Raw Data	Ord4_T2_L.avi	190	0	900	720									30552	10:16:19.573	1536226353346350															0			Unclassified	8																									3664	571	301			571	301	381	301	229.19	168.81					288.62	207.28	758.69		-34.01						784.81		3.75		0	4				
07/12/2018	3.3.2	Gaze Project	O4	3	M	Bilingual	G130	06/09/2018	89100	1280 x 720		Raw Data	Ord4_T2_L.avi	190	0	900	720									30560	10:16:19.581	1536226353354622															0	2881		Fixation	8	391	351	0.48	127.48	105.61																				3665	626	330	581	351	603	340	413	340	251.20	156.95	233.14	148.46	242.17	152.71	288.78	206.83	757.36	336.04	217.08	777.94					783.41	783.41	3.77	4.75	0	0				
07/12/2018	3.3.2	Gaze Project	O4	3	M	Bilingual	G130	06/09/2018	89100	1280 x 720		Raw Data	Ord4_T2_L.avi	190	0	900	720									30569	10:16:19.589	1536226353362962															0	2882		Fixation	8	341	487	4.17	249.87	122.39																				3666	625	464	531	487	578	475	388	475	250.74	103.02	212.98	94.02	231.86	98.52	288.87	209.33	765.08	336.12	216.35	775.95					791.52	791.52	4.64	5.01	0	0				
07/12/2018	3.3.2	Gaze Project	O4	3	M	Bilingual	G130	06/09/2018	89100	1280 x 720		Raw Data	Ord4_T2_L.avi	190	0	900	720									30577	10:16:19.598	1536226353371307															0	2883		Fixation	8	399	430	2.34	44.59	154.72																				3667	624	492	589	430	606	461	416	461	250.54	91.65	236.27	116.68	243.41	104.17	289.04	207.63	759.88	335.55	212.00	762.98					786.07	786.07	4.64	4.71	0	0				
07/12/2018	3.3.2	Gaze Project	O4	3	M	Bilingual	G130	06/09/2018	89100	1280 x 720		Raw Data	Ord4_T2_L.avi	190	0	900	720									30585	10:16:19.606	1536226353379666															0			Unclassified	8																									3668																			-34.01										4	4				
07/12/2018	3.3.2	Gaze Project	O4	3	M	Bilingual	G130	06/09/2018	89100	1280 x 720		Raw Data	Ord4_T2_L.avi	190	0	900	720									30594	10:16:19.615	1536226353388024															0			Unclassified	8																									3669	668	637	602	206	635	421	445	421	267.96	33.44	241.47	206.83	254.72	120.13	290.75	107.75	449.54	334.90	205.11	741.99					460.64	460.64	2.20	3.67	1	3				
07/12/2018	3.3.2	Gaze Project	O4	3	M	Bilingual	G130	06/09/2018	89100	1280 x 720		Raw Data	Ord4_T2_L.avi	190	0	900	720									30602	10:16:19.623	1536226353396272															0			Unclassified	8																									3670	857	315	609	303	733	309	543	309	344.01	163.12	244.64	167.83	294.33	165.48	334.75	203.99	738.36	335.31	205.18	741.97					767.77	767.77	3.99	4.03	1	3				
07/12/2018	3.3.2	Gaze Project	O4	3	M	Bilingual	G130	06/09/2018	89100	1280 x 720		Raw Data	Ord4_T2_L.avi	190	0	900	720									30610	10:16:19.631	1536226353404620															0			Unclassified	8																									3671	651	650	568	308	609	479	419	479	261.50	28.05	228.15	165.76	244.83	96.90	290.92	107.62	449.25	335.47	205.13	741.99					460.33	460.33	2.39	4.13	1	3				
07/12/2018	3.3.2	Gaze Project	O4	3	M	Bilingual	G130	06/09/2018	89100	1280 x 720		Raw Data	Ord4_T2_L.avi	190	0	900	720									30619	10:16:19.639	1536226353412976															0	2884		Fixation	8	415	236	5.87	85.30	40.71																				3672	653	662	605	236	629	449	439	449	261.93	23.16	243.02	194.83	252.48	108.99	291.00	107.51	448.94	335.28	205.55	744.18					460.01	460.01	2.35	3.93	0	0				
07/12/2018	3.3.2	Gaze Project	O4	3	M	Bilingual	G130	06/09/2018	89100	1280 x 720		Raw Data	Ord4_T2_L.avi	190	0	900	720									30627	10:16:19.648	1536226353421333															0			Unclassified	8																									3673	600	527			600	527	410	527	240.79	77.83					289.96	202.12	742.83		-34.01						768.20		4.45		0	4				
07/12/2018	3.3.2	Gaze Project	O4	3	M	Bilingual	G130	06/09/2018	89100	1280 x 720		Raw Data	Ord4_T2_L.avi	190	0	900	720									30635	10:16:19.656	1536226353429603															0	2885		Fixation	8	406	292	1.75	260.90	175.60																				3674			596	292	596	292	406	292			239.34	172.51						335.12	202.93	736.17						0.00		4.01	4	0				
07/12/2018	3.3.2	Gaze Project	O4	3	M	Bilingual	G130	06/09/2018	89100	1280 x 720		Raw Data	Ord4_T2_L.avi	190	0	900	720									30644	10:16:19.664	1536226353437963															0			Unclassified	8																									3675	574	523			574	523	384	523	230.48	79.36					290.22	201.37	740.50		-34.01						765.76		4.40		0	4				
07/12/2018	3.3.2	Gaze Project	O4	3	M	Bilingual	G130	06/09/2018	89100	1280 x 720		Raw Data	Ord4_T2_L.avi	190	0	900	720									30652	10:16:19.673	1536226353446291															0	2886		Fixation	8	422	227	2.08	76.21	175.32																				3676	574	351	612	227	593	289	403	289	230.33	148.68	245.71	198.43	238.02	173.55	290.35	201.32	740.33	335.42	202.75	736.25					765.59	765.59	3.85	3.99	0	0				
07/12/2018	3.3.2	Gaze Project	O4	3	M	Bilingual	G130	06/09/2018	89100	1280 x 720		Raw Data	Ord4_T2_L.avi	190	0	900	720									30660	10:16:19.681	1536226353454634															0			Unclassified	8																									3677	629	211			629	211	439	211	252.31	205.03					290.47	201.65	741.31		-34.01						766.63		3.42		0	4				
07/12/2018	3.3.2	Gaze Project	O4	3	M	Bilingual	G130	06/09/2018	89100	1280 x 720		Raw Data	Ord4_T2_L.avi	190	0	900	720									30669	10:16:19.690	1536226353463002															0	2887		Fixation	8	395	399	5.37	261.11	184.89																				3678	565	457	585	399	575	428	385	428	226.83	105.78	234.68	129.19	230.75	117.49	290.61	201.00	739.30	336.28	203.91	739.32					764.53	764.53	4.26	4.25	0	0				
07/12/2018	3.3.2	Gaze Project	O4	3	M	Bilingual	G130	06/09/2018	89100	1280 x 720		Raw Data	Ord4_T2_L.avi	190	0	900	720									30677	10:16:19.698	1536226353471260															0			Unclassified	8																									3679	625	378			625	378	435	378	250.73	137.69					290.68	205.44	752.96		-34.01						778.88		4.46		0	4				
07/12/2018	3.3.2	Gaze Project	O4	3	M	Bilingual	G130	06/09/2018	89100	1280 x 720		Raw Data	Ord4_T2_L.avi	190	0	900	720									30685	10:16:19.706	1536226353479608															0	2888		Fixation	8	443	353	2.03	43.87	142.77																				3680	577	387	633	353	605	370	415	370	231.42	134.22	254.04	147.81	242.73	141.01	290.81	205.65	753.50	335.88	202.67	736.06					779.46	779.46	4.41	4.43	0	0				
07/12/2018	3.3.2	Gaze Project	O4	3	M	Bilingual	G130	06/09/2018	89100	1280 x 720		Raw Data	Ord4_T2_L.avi	190	0	900	720									30694	10:16:19.714	1536226353487960															0	2889		Fixation	8	488	43	8.70	81.77	37.89																				3681	546	-23	678	43	612	10	422	10	219.22	299.23	272.25	272.48	245.74	285.86	306.66	255.30	904.96	363.31	260.56	911.58					939.43	939.43	4.89	5.57	0	0				
07/12/2018	3.3.2	Gaze Project	O4	3	M	Bilingual	G130	06/09/2018	89100	1280 x 720		Raw Data	Ord4_T2_L.avi	190	0	900	720									30702	10:16:19.723	1536226353496304															0			Unclassified	8																									3682	622	472			622	472	432	472	249.68	99.88					291.05	205.09	751.63		-34.01						777.53		4.66		0	4				
07/12/2018	3.3.2	Gaze Project	O4	3	M	Bilingual	G130	06/09/2018	89100	1280 x 720		Raw Data	Ord4_T2_L.avi	190	0	900	720									30710	10:16:19.731	1536226353504598															0			Unclassified	8																									3683	548	332			548	332	358	332	219.95	156.12					291.15	206.18	754.86		-34.01						780.94		4.33		0	4				
07/12/2018	3.3.2	Gaze Project	O4	3	M	Bilingual	G130	06/09/2018	89100	1280 x 720		Raw Data	Ord4_T2_L.avi	190	0	900	720									30719	10:16:19.739	1536226353512933															0	2890		Fixation	8	411	397	9.92	257.77	176.00																				3684	581	168	601	397	591	282	401	282	233.29	222.37	241.33	130.13	237.31	176.25	291.27	204.84	750.67	337.62	208.63	754.61					776.55	776.55	4.33	4.70	0	0				
07/12/2018	3.3.2	Gaze Project	O4	3	M	Bilingual	G130	06/09/2018	89100	1280 x 720		Raw Data	Ord4_T2_L.avi	190	0	900	720									30727	10:16:19.748	1536226353521265															0	2891		Fixation	8	391	423	0.97	232.52	334.75																				3685	608	379	581	423	594	401	404	401	244.16	137.43	233.41	119.79	238.79	128.61	291.39	200.02	735.36	338.08	210.48	760.24					760.52	760.52	4.21	4.69	0	0				
07/12/2018	3.3.2	Gaze Project	O4	3	M	Bilingual	G130	06/09/2018	89100	1280 x 720		Raw Data	Ord4_T2_L.avi	190	0	900	720									30735	10:16:19.756	1536226353529627															0			Unclassified	8																									3686	567	393			567	393	377	393	227.65	131.78					291.50	204.16	748.37		-34.01						774.16		4.43		0	4				
07/12/2018	3.3.2	Gaze Project	O4	3	M	Bilingual	G130	06/09/2018	89100	1280 x 720		Raw Data	Ord4_T2_L.avi	190	0	900	720									30744	10:16:19.765	1536226353537986															0	2892		Fixation	8	411	400	0.89	49.08	176.56																				3687	568	349	601	400	584	374	394	374	228.05	149.38	241.08	129.01	234.56	139.19	291.73	200.18	735.61	338.97	213.97	770.82					760.82	760.82	4.13	4.73	0	0				
07/12/2018	3.3.2	Gaze Project	O4	3	M	Bilingual	G130	06/09/2018	89100	1280 x 720		Raw Data	Ord4_T2_L.avi	190	0	900	720									30752	10:16:19.773	1536226353546265															0	2893		Fixation	8	420	359	1.24	77.66	28.58																				3688	572	495	610	359	591	427	401	427	229.56	90.72	245.03	145.47	237.30	118.09	291.76	200.08	735.65	338.23	209.16	756.16					760.83	760.83	4.43	4.73	0	0				
07/12/2018	3.3.2	Gaze Project	O4	3	M	Bilingual	G130	06/09/2018	89100	1280 x 720		Raw Data	Ord4_T2_L.avi	190	0	900	720									30760	10:16:19.781	1536226353554608															0	2894		Fixation	8			11.76	75.91	358.25																				3689	627	364	715	-58	671	153	481	153	251.63	143.35	286.90	313.25	269.26	228.30	291.85	200.12	735.63	365.40	261.86	915.44					760.83	760.83	4.39	5.23	0	0				
07/12/2018	3.3.2	Gaze Project	O4	3	M	Bilingual	G130	06/09/2018	89100	1280 x 720		Raw Data	Ord4_T2_L.avi	190	0	900	720									30769	10:16:19.789	1536226353562943															0	2895		Fixation	8	370	407	13.51	251.62	175.71																				3690			560	407	560	407	370	407			224.91	126.22						337.85	203.22	737.24						0.00		4.42	4	0				
07/12/2018	3.3.2	Gaze Project	O4	3	M	Bilingual	G130	06/09/2018	89100	1280 x 720		Raw Data	Ord4_T2_L.avi	190	0	900	720									30777	10:16:19.798	1536226353571303															0	2896		Fixation	8	372	394	0.40	81.28	189.66																				3691			562	394	562	394	372	394			225.73	131.47						337.80	202.80	735.90						0.00		4.16	4	0				
07/12/2018	3.3.2	Gaze Project	O4	3	M	Bilingual	G130	06/09/2018	89100	1280 x 720		Raw Data	Ord4_T2_L.avi	190	0	900	720									30785	10:16:19.806	1536226353579658															0	2897		Fixation	8	463	407	2.83	351.84	270.56																				3692	656	487	653	407	654	447	464	447	263.26	93.94	262.27	126.08	262.76	110.01	292.30	199.93	734.49	337.37	201.27	731.57					759.70	759.70	4.63	4.24	0	0				
07/12/2018	3.3.2	Gaze Project	O4	3	M	Bilingual	G130	06/09/2018	89100	1280 x 720		Raw Data	Ord4_T2_L.avi	190	0	900	720									30794	10:16:19.814	1536226353587922															0			Unclassified	8																									3693																			-34.01										4	4				
07/12/2018	3.3.2	Gaze Project	O4	3	M	Bilingual	G130	06/09/2018	89100	1280 x 720		Raw Data	Ord4_T2_L.avi	190	0	900	720									30802	10:16:19.823	1536226353596249															0	2898		Fixation	8	680	514	7.53	333.68	341.84																				3694	851	579	870	514	860	546	670	546	341.47	56.84	349.18	83.03	345.33	69.93	293.19	199.98	733.63	338.02	201.21	731.36					758.94	758.94	4.19	4.22	0	0				
07/12/2018	3.3.2	Gaze Project	O4	3	M	Bilingual	G130	06/09/2018	89100	1280 x 720		Raw Data	Ord4_T2_L.avi	190	0	900	720									30810	10:16:19.831	1536226353604611															0	2899		Fixation	8	776	589	3.73	321.91	348.23																				3695			966	589	966	589	776	589			387.89	52.92						338.64	201.86	732.93						0.00		4.16	4	0				
07/12/2018	3.3.2	Gaze Project	O4	3	M	Bilingual	G130	06/09/2018	89100	1280 x 720		Raw Data	Ord4_T2_L.avi	190	0	900	720									30819	10:16:19.839	1536226353612968															0	2900		Fixation	8	854	662	3.19	316.80	354.89																				3696	1120	641	1044	662	1082	651	892	651	449.58	31.91	419.02	23.25	434.30	27.58	293.28	197.74	726.22	338.76	201.19	731.19					751.22	751.22	3.96	4.22	0	0				
07/12/2018	3.3.2	Gaze Project	O4	3	M	Bilingual	G130	06/09/2018	89100	1280 x 720		Raw Data	Ord4_T2_L.avi	190	0	900	720									30827	10:16:19.848	1536226353621246															0	2901		Fixation	8			3.99	338.29	21.49																				3697			1170	712	1170	712					469.65	3.42						339.16	201.22	731.17						0.00		4.39	4	0				
07/12/2018	3.3.2	Gaze Project	O4	3	M	Bilingual	G130	06/09/2018	89100	1280 x 720		Raw Data	Ord4_T2_L.avi	190	0	900	720									30835	10:16:19.856	1536226353629592															0	2902		Fixation	8			1.65	240.72	262.43																				3698	1330	749	1143	760	1236	754			533.90	-11.58	458.90	-16.18	496.40	-13.88	294.68	199.63	731.67	337.11	196.30	715.64					757.05	757.05	4.24	4.24	0	0				
07/12/2018	3.3.2	Gaze Project	O4	3	M	Bilingual	G130	06/09/2018	89100	1280 x 720		Raw Data	Ord4_T2_L.avi	190	0	900	720									30844	10:16:19.864	1536226353637926															0	2903		Fixation	8			4.75	349.82	109.10																				3699	1312	779	1305	789	1308	784			526.82	-23.71	523.70	-27.82	525.26	-25.76	292.56	191.42	705.63	340.02	201.28	730.98					729.67	729.67	4.07	4.41	0	0				
07/12/2018	3.3.2	Gaze Project	O4	3	M	Bilingual	G130	06/09/2018	89100	1280 x 720		Raw Data	Ord4_T2_L.avi	190	0	900	720									30852	10:16:19.873	1536226353646279															0	2904		Fixation	8			1.28	107.60	117.78																				3700	1367	703	1291	745	1329	724			548.72	6.68	518.20	-9.89	533.46	-1.60	295.48	199.79	731.00	340.45	201.35	730.95					756.50	756.50	4.22	4.37	0	0				
07/12/2018	3.3.2	Gaze Project	O4	3	M	Bilingual	G130	06/09/2018	89100	1280 x 720		Raw Data	Ord4_T2_L.avi	190	0	900	720									30860	10:16:19.881	1536226353654637															0			Unclassified	8																									3701	1374	729			1374	729			551.60	-3.71					295.91	199.00	728.45		-34.01						753.86		4.01		0	4				
07/12/2018	3.3.2	Gaze Project	O4	3	M	Bilingual	G130	06/09/2018	89100	1280 x 720		Raw Data	Ord4_T2_L.avi	190	0	900	720									30869	10:16:19.889	1536226353662908															0	2905		Fixation	8			1.56	307.79	200.19																				3702	1410	755	1326	790	1368	772			565.95	-13.97	532.20	-28.02	549.07	-20.99	296.38	198.93	727.63	341.40	201.52	730.98					753.08	753.08	4.08	4.37	0	0				
07/12/2018	3.3.2	Gaze Project	O4	3	M	Bilingual	G130	06/09/2018	89100	1280 x 720		Raw Data	Ord4_T2_L.avi	190	0	900	720									30877	10:16:19.898	1536226353671266															0	2906		Fixation	8			2.17	148.45	200.67																				3703	1402	743	1259	749	1330	746			562.74	-9.14	505.18	-11.63	533.96	-10.39	296.87	198.47	725.64	341.90	201.59	730.95					751.08	751.08	3.97	4.23	0	0				
07/12/2018	3.3.2	Gaze Project	O4	3	M	Bilingual	G130	06/09/2018	89100	1280 x 720		Raw Data	Ord4_T2_L.avi	190	0	900	720									30885	10:16:19.906	1536226353679595															0	2907		Fixation	8			1.30	64.66	276.21																				3704	1400	755	1278	709	1339	732			562.03	-14.06	513.07	4.51	537.55	-4.77	297.38	198.04	723.82	342.29	200.87	728.96					749.24	749.24	3.95	4.08	0	0				
07/12/2018	3.3.2	Gaze Project	O4	3	M	Bilingual	G130	06/09/2018	89100	1280 x 720		Raw Data	Ord4_T2_L.avi	190	0	900	720									30894	10:16:19.914	1536226353687951															0	2908		Fixation	8			1.31	289.92	225.26																				3705	1366	770	1294	753	1330	761			548.32	-20.08	519.49	-13.47	533.90	-16.77	297.90	197.88	722.78	342.97	201.77	731.18					748.23	748.23	4.03	4.13	0	0				
07/12/2018	3.3.2	Gaze Project	O4	3	M	Bilingual	G130	06/09/2018	89100	1280 x 720		Raw Data	Ord4_T2_L.avi	190	0	900	720									30902	10:16:19.923	1536226353696308															0	2909		Fixation	8			0.81	148.95	219.03																				3706	1381	795	1269	738	1325	766			554.19	-30.35	509.25	-7.05	531.72	-18.70	298.47	198.59	724.47	343.50	201.84	731.27					750.09	750.09	4.07	4.17	0	0				
07/12/2018	3.3.2	Gaze Project	O4	3	M	Bilingual	G130	06/09/2018	89100	1280 x 720		Raw Data	Ord4_T2_L.avi	190	0	900	720									30910	10:16:19.931	1536226353704574															0	2910		Fixation	8			1.84	351.09	202.14																				3707	1409	766	1333	748	1371	757			565.54	-18.68	534.92	-11.36	550.23	-15.02	299.01	198.69	724.32	344.04	201.90	731.38					750.01	750.01	4.00	4.22	0	0				
07/12/2018	3.3.2	Gaze Project	O4	3	M	Bilingual	G130	06/09/2018	89100	1280 x 720		Raw Data	Ord4_T2_L.avi	190	0	900	720									30919	10:16:19.939	1536226353712903															0	2911		Fixation	8			0.56	147.01	155.92																				3708	1393	768	1316	737	1354	752			559.36	-19.49	528.20	-6.94	543.78	-13.22	299.55	199.00	724.89	344.52	201.66	730.96					750.68	750.68	4.02	4.15	0	0				
07/12/2018	3.3.2	Gaze Project	O4	3	M	Bilingual	G130	06/09/2018	89100	1280 x 720		Raw Data	Ord4_T2_L.avi	190	0	900	720									30927	10:16:19.948	1536226353721262															0	2912		Fixation	8			0.36	157.31	10.30																				3709	1450	705	1304	732	1377	718			582.19	6.04	523.24	-4.73	552.71	0.66	300.12	200.47	728.59	345.10	202.07	731.87					754.68	754.68	4.25	4.13	0	0				
07/12/2018	3.3.2	Gaze Project	O4	3	M	Bilingual	G130	06/09/2018	89100	1280 x 720		Raw Data	Ord4_T2_L.avi	190	0	900	720									30935	10:16:19.956	1536226353729616															0	2913		Fixation	8			1.13	291.48	134.16																				3710	1411	738	1319	770	1365	754			566.55	-7.43	529.49	-19.98	548.02	-13.71	300.63	200.46	728.31	345.57	202.04	731.85					754.43	754.43	4.12	4.44	0	0				
07/12/2018	3.3.2	Gaze Project	O4	3	M	Bilingual	G130	06/09/2018	89100	1280 x 720		Raw Data	Ord4_T2_L.avi	190	0	900	720									30944	10:16:19.964	1536226353737898															0	2914		Fixation	8			0.61	70.77	139.29																				3711	1401	774	1326	750	1363	762			562.40	-21.84	532.42	-11.93	547.41	-16.89	301.12	200.52	728.30	346.05	202.06	732.03					754.47	754.47	4.20	4.21	0	0				
07/12/2018	3.3.2	Gaze Project	O4	3	M	Bilingual	G130	06/09/2018	89100	1280 x 720		Raw Data	Ord4_T2_L.avi	190	0	900	720									30952	10:16:19.973	1536226353746230															0	2915		Fixation	8			0.57	150.87	80.10																				3712	1440	778	1308	740	1374	759			578.19	-23.56	524.90	-8.00	551.55	-15.78	301.54	199.23	724.72	346.49	202.05	732.15					750.70	750.70	4.05	4.27	0	0				
07/12/2018	3.3.2	Gaze Project	O4	3	M	Bilingual	G130	06/09/2018	89100	1280 x 720		Raw Data	Ord4_T2_L.avi	190	0	900	720									30960	10:16:19.981	1536226353754568															0	2916		Fixation	8			1.68	73.83	282.96																				3713	1396	748	1324	685	1360	716			560.56	-11.27	531.47	14.23	546.01	1.48	302.02	200.49	728.09	344.82	198.08	719.99					754.31	754.31	4.14	4.27	0	0				
07/12/2018	3.3.2	Gaze Project	O4	3	M	Bilingual	G130	06/09/2018	89100	1280 x 720		Raw Data	Ord4_T2_L.avi	190	0	900	720									30969	10:16:19.989	1536226353762932															0	2917		Fixation	8			1.84	262.79	188.96																				3714	1414	733	1316	748	1365	740			567.71	-5.26	528.37	-11.10	548.04	-8.18	302.41	200.44	728.00	347.29	201.97	732.46					754.24	754.24	4.41	4.28	0	0				
07/12/2018	3.3.2	Gaze Project	O4	3	M	Bilingual	G130	06/09/2018	89100	1280 x 720		Raw Data	Ord4_T2_L.avi	190	0	900	720									30977	10:16:19.998	1536226353771288															0	2918		Fixation	8			0.96	185.21	282.42																				3715	1361	752	1283	751	1322	751			546.43	-12.92	515.15	-12.46	530.79	-12.69	302.72	199.01	724.24	347.57	201.45	731.61					750.25	750.25	3.96	4.17	0	0				
07/12/2018	3.3.2	Gaze Project	O4	3	M	Bilingual	G130	06/09/2018	89100	1280 x 720		Raw Data	Ord4_T2_L.avi	190	0	900	720									30985	10:16:20.006	1536226353779532															0	2919		Fixation	8			1.06	20.99	195.78																				3716	1425	759	1317	738	1371	748			572.08	-15.69	528.74	-7.21	550.41	-11.45	303.11	200.21	728.10	347.96	201.77	732.61					754.30	754.30	4.03	4.26	0	0				
07/12/2018	3.3.2	Gaze Project	O4	3	M	Bilingual	G130	06/09/2018	89100	1280 x 720		Raw Data	Ord4_T2_L.avi	190	0	900	720									30994	10:16:20.014	1536226353787902															0	2920		Fixation	8			0.74	296.49	275.51																				3717	1425	774	1329	762	1377	768			572.17	-21.78	533.40	-17.05	552.78	-19.41	303.39	200.13	728.13	348.25	201.70	732.85					754.33	754.33	4.14	4.27	0	0				
07/12/2018	3.3.2	Gaze Project	O4	3	M	Bilingual	G130	06/09/2018	89100	1280 x 720		Raw Data	Ord4_T2_L.avi	190	0	900	720									31002	10:16:20.023	1536226353796243															0			Unclassified	8																									3718	1378	793			1378	793			553.31	-29.38					303.59	199.02	725.06		-34.01						751.08		4.02		0	4				
07/12/2018	3.3.2	Gaze Project	O4	3	M	Bilingual	G130	06/09/2018	89100	1280 x 720		Raw Data	Ord4_T2_L.avi	190	0	900	720									31010	10:16:20.031	1536226353804599															0	2921		Fixation	8			0.71	357.70	61.21																				3719	1416	787	1354	763	1385	775			568.33	-27.13	543.46	-17.46	555.90	-22.29	303.85	199.93	728.21	348.69	201.35	732.85					754.37	754.37	4.02	4.41	0	0				
07/12/2018	3.3.2	Gaze Project	O4	3	M	Bilingual	G130	06/09/2018	89100	1280 x 720		Raw Data	Ord4_T2_L.avi	190	0	900	720									31019	10:16:20.039	1536226353812963															0	2922		Fixation	8			0.99	162.02	164.32																				3720	1404	736	1320	752	1362	744			563.72	-6.61	529.76	-12.89	546.74	-9.75	304.02	199.92	728.16	348.87	201.20	732.94					754.33	754.33	4.01	4.47	0	0				
07/12/2018	3.3.2	Gaze Project	O4	3	M	Bilingual	G130	06/09/2018	89100	1280 x 720		Raw Data	Ord4_T2_L.avi	190	0	900	720									31027	10:16:20.048	1536226353821224															0			Unclassified	8																									3721	1417	755			1417	755			568.94	-14.00					304.17	199.79	728.19		-34.01						754.33		3.98		0	4				
07/12/2018	3.3.2	Gaze Project	O4	3	M	Bilingual	G130	06/09/2018	89100	1280 x 720		Raw Data	Ord4_T2_L.avi	190	0	900	720									31035	10:16:20.056	1536226353829549															0	2923		Fixation	8			0.85	211.05	49.03																				3722	1384	747	1295	767	1339	757			555.46	-10.77	519.76	-19.05	537.61	-14.91	304.29	199.55	728.29	349.15	200.76	733.11					754.35	754.35	4.16	4.19	0	0				
07/12/2018	3.3.2	Gaze Project	O4	3	M	Bilingual	G130	06/09/2018	89100	1280 x 720		Raw Data	Ord4_T2_L.avi	190	0	900	720									31044	10:16:20.064	1536226353837924															0	2924		Fixation	8			0.69	46.83	195.78																				3723	1381	783	1311	750	1346	766			554.48	-25.51	526.43	-11.94	540.46	-18.73	304.37	199.54	728.26	349.23	200.63	732.92					754.33	754.33	4.10	4.29	0	0				
07/12/2018	3.3.2	Gaze Project	O4	3	M	Bilingual	G130	06/09/2018	89100	1280 x 720		Raw Data	Ord4_T2_L.avi	190	0	900	720									31052	10:16:20.073	1536226353846272															0	2925		Fixation	8			0.60	264.58	217.75																				3724	1353	767	1309	771	1331	769			543.09	-18.83	525.62	-20.53	534.36	-19.68	304.44	199.30	728.36	349.30	200.42	732.87					754.35	754.35	4.17	4.30	0	0				
07/12/2018	3.3.2	Gaze Project	O4	3	M	Bilingual	G130	06/09/2018	89100	1280 x 720		Raw Data	Ord4_T2_L.avi	190	0	900	720									31060	10:16:20.081	1536226353854536															0	2926		Fixation	8			1.13	75.30	170.72																				3725	1390	784	1319	733	1354	758			557.93	-25.77	529.35	-5.20	543.64	-15.49	304.38	197.48	723.22	349.38	200.33	733.18					748.91	748.91	4.12	4.27	0	0				
07/12/2018	3.3.2	Gaze Project	O4	3	M	Bilingual	G130	06/09/2018	89100	1280 x 720		Raw Data	Ord4_T2_L.avi	190	0	900	720									31069	10:16:20.089	1536226353862895															0	2927		Fixation	8			1.11	198.49	123.19																				3726			1283	745	1283	745					515.18	-10.25						349.41	200.07	733.29						0.00		4.21	4	0				
07/12/2018	3.3.2	Gaze Project	O4	3	M	Bilingual	G130	06/09/2018	89100	1280 x 720		Raw Data	Ord4_T2_L.avi	190	0	900	720									31077	10:16:20.098	1536226353871226															0	2928		Fixation	8			0.42	12.13	173.64																				3727	1363	743	1297	742	1330	742			547.26	-9.32	520.75	-8.93	534.00	-9.13	304.49	198.94	728.50	349.44	199.89	733.36					754.38	754.38	4.01	4.22	0	0				
07/12/2018	3.3.2	Gaze Project	O4	3	M	Bilingual	G130	06/09/2018	89100	1280 x 720		Raw Data	Ord4_T2_L.avi	190	0	900	720									31085	10:16:20.106	1536226353879571															0	2929		Fixation	8			0.64	325.53	313.40																				3728	1389	765	1316	755	1352	760			557.63	-18.18	528.33	-14.11	542.98	-16.15	304.48	198.81	728.55	349.41	199.68	732.93					754.39	754.39	4.10	4.21	0	0				
07/12/2018	3.3.2	Gaze Project	O4	3	M	Bilingual	G130	06/09/2018	89100	1280 x 720		Raw Data	Ord4_T2_L.avi	190	0	900	720									31094	10:16:20.114	1536226353887930															0	2930		Fixation	8			1.24	116.49	150.96																				3729	1382	764	1296	715	1339	739			554.93	-17.82	520.07	1.96	537.50	-7.93	304.37	197.00	723.42	349.40	199.49	732.92					748.95	748.95	4.06	4.26	0	0				
07/12/2018	3.3.2	Gaze Project	O4	3	M	Bilingual	G130	06/09/2018	89100	1280 x 720		Raw Data	Ord4_T2_L.avi	190	0	900	720									31102	10:16:20.123	1536226353896209															0	2931		Fixation	8			0.32	280.27	163.78																				3730	1378	744	1298	726	1338	735			553.01	-9.59	520.89	-2.57	536.95	-6.08	304.43	198.57	728.65	349.30	198.83	731.86					754.40	754.40	4.18	4.16	0	0				
07/12/2018	3.3.2	Gaze Project	O4	3	M	Bilingual	G130	06/09/2018	89100	1280 x 720		Raw Data	Ord4_T2_L.avi	190	0	900	720									31110	10:16:20.131	1536226353904540															0	2932		Fixation	8			1.47	347.79	67.52																				3731	1383	737	1349	737	1366	737			555.12	-6.67	541.39	-6.68	548.26	-6.67	304.32	196.93	724.09	349.34	199.00	732.61					749.57	749.57	4.10	4.19	0	0				
07/12/2018	3.3.2	Gaze Project	O4	3	M	Bilingual	G130	06/09/2018	89100	1280 x 720		Raw Data	Ord4_T2_L.avi	190	0	900	720									31119	10:16:20.139	1536226353912898															0	2933		Fixation	8			1.18	222.08	234.29																				3732	1397	772	1319	764	1358	768			560.62	-20.75	529.52	-17.86	545.07	-19.31	304.37	198.32	728.75	349.32	198.80	732.59					754.42	754.42	4.15	4.32	0	0				
07/12/2018	3.3.2	Gaze Project	O4	3	M	Bilingual	G130	06/09/2018	89100	1280 x 720		Raw Data	Ord4_T2_L.avi	190	0	900	720									31127	10:16:20.148	1536226353921255															0	2934		Fixation	8			1.04	191.35	329.27																				3733	1370	740	1284	771	1327	755			549.84	-7.97	515.40	-20.49	532.62	-14.23	304.29	198.18	728.81	349.11	197.83	730.56					754.42	754.42	4.01	4.16	0	0				
07/12/2018	3.3.2	Gaze Project	O4	3	M	Bilingual	G130	06/09/2018	89100	1280 x 720		Raw Data	Ord4_T2_L.avi	190	0	900	720									31135	10:16:20.156	1536226353929608															0	2935		Fixation	8			2.50	144.97	313.63																				3734	1253	713	1211	720	1232	716			502.79	2.67	486.18	0.04	494.49	1.35	304.12	198.23	728.86	349.42	199.62	736.62					754.48	754.48	3.85	4.11	0	0				
07/12/2018	3.3.2	Gaze Project	O4	3	M	Bilingual	G130	06/09/2018	89100	1280 x 720		Raw Data	Ord4_T2_L.avi	190	0	900	720									31144	10:16:20.164	1536226353937883															0	2936		Fixation	8			2.71	159.17	14.19																				3735	1105	703	1124	687	1114	695			443.63	6.71	451.04	13.17	447.34	9.94	303.89	198.02	728.94	348.84	198.12	732.13					754.48	754.48	4.12	4.10	0	0				
07/12/2018	3.3.2	Gaze Project	O4	3	M	Bilingual	G130	06/09/2018	89100	1280 x 720		Raw Data	Ord4_T2_L.avi	190	0	900	720									31152	10:16:20.173	1536226353946208															0	2937		Fixation	8	849	656	2.70	159.90	0.74																				3736	1007	727	1039	656	1023	691	833	691	404.15	-2.85	417.01	25.71	410.58	11.43	303.81	200.75	737.64	348.59	197.87	732.23					763.57	763.57	4.17	3.94	0	0				
07/12/2018	3.3.2	Gaze Project	O4	3	M	Bilingual	G130	06/09/2018	89100	1280 x 720		Raw Data	Ord4_T2_L.avi	190	0	900	720									31160	10:16:20.181	1536226353954566															0	2938		Fixation	8	784	675	2.06	196.34	36.44																				3737	943	672	974	675	958	673	768	673	378.60	19.44	391.08	17.92	384.84	18.68	303.46	197.87	728.76	348.37	197.75	732.28					754.23	754.23	4.15	4.00	0	0				
07/12/2018	3.3.2	Gaze Project	O4	3	M	Bilingual	G130	06/09/2018	89100	1280 x 720		Raw Data	Ord4_T2_L.avi	190	0	900	720									31169	10:16:20.189	1536226353962923															0	2939		Fixation	8	630	653	4.74	171.84	335.50																				3738	853	702	820	653	836	677	646	677	342.52	7.15	329.12	27.05	335.82	17.10	303.44	200.64	738.16	348.20	197.61	732.34					764.01	764.01	4.26	4.23	0	0				
07/12/2018	3.3.2	Gaze Project	O4	3	M	Bilingual	G130	06/09/2018	89100	1280 x 720		Raw Data	Ord4_T2_L.avi	190	0	900	720									31177	10:16:20.198	1536226353971192															0	2940		Fixation	8	551	687	2.60	203.35	31.51																				3739	838	681	741	687	789	684	599	684	336.56	15.71	297.26	13.27	316.91	14.49	303.15	197.52	728.63	348.09	197.49	732.39					753.98	753.98	4.39	4.36	0	0				
07/12/2018	3.3.2	Gaze Project	O4	3	M	Bilingual	G130	06/09/2018	89100	1280 x 720		Raw Data	Ord4_T2_L.avi	190	0	900	720									31185	10:16:20.206	1536226353979549															0	2941		Fixation	8	674	639	3.98	21.38	178.03																				3740	857	702	864	639	860	670	670	670	344.17	7.43	346.83	32.76	345.50	20.10	303.07	197.34	728.61	348.83	200.64	742.53					753.90	753.90	4.49	4.21	0	0				
07/12/2018	3.3.2	Gaze Project	O4	3	M	Bilingual	G130	06/09/2018	89100	1280 x 720		Raw Data	Ord4_T2_L.avi	190	0	900	720									31194	10:16:20.214	1536226353987881															0	2942		Fixation	8	596	670	2.52	201.74	180.36																				3741	854	684	786	670	820	677	630	677	342.87	14.40	315.58	20.00	329.23	17.20	302.98	197.16	728.50	348.68	200.13	741.33					753.74	753.74	4.35	4.39	0	0				
07/12/2018	3.3.2	Gaze Project	O4	3	M	Bilingual	G130	06/09/2018	89100	1280 x 720		Raw Data	Ord4_T2_L.avi	190	0	900	720									31202	10:16:20.223	1536226353996223															0	2943		Fixation	8	621	643	1.09	47.29	205.56																				3742	834	697	811	643	822	670	632	670	334.83	9.45	325.56	31.15	330.19	20.30	302.89	196.93	728.59	348.77	200.74	743.52					753.75	753.75	4.20	4.25	0	0				
07/12/2018	3.3.2	Gaze Project	O4	3	M	Bilingual	G130	06/09/2018	89100	1280 x 720		Raw Data	Ord4_T2_L.avi	190	0	900	720									31210	10:16:20.231	1536226354004592															0	2944		Fixation	8	612	656	0.47	235.39	188.10																				3743	859	705	802	656	830	680	640	680	344.98	6.22	321.76	25.83	333.37	16.03	302.77	196.82	728.64	348.63	200.46	742.93					753.75	753.75	4.22	4.30	0	0				
07/12/2018	3.3.2	Gaze Project	O4	3	M	Bilingual	G130	06/09/2018	89100	1280 x 720		Raw Data	Ord4_T2_L.avi	190	0	900	720									31219	10:16:20.239	1536226354012862															0	2945		Fixation	8	669	638	1.80	17.58	142.19																				3744	806	673	859	638	832	655	642	655	323.59	19.00	344.99	32.97	334.29	25.98	302.63	196.78	728.43	348.43	199.92	741.51					753.53	753.53	4.37	4.20	0	0				
07/12/2018	3.3.2	Gaze Project	O4	3	M	Bilingual	G130	06/09/2018	89100	1280 x 720		Raw Data	Ord4_T2_L.avi	190	0	900	720									31227	10:16:20.248	1536226354021192															0	2946		Fixation	8	585	631	2.53	175.22	157.64																				3745	855	684	775	631	815	657	625	657	343.32	14.61	310.94	35.87	327.13	25.24	302.49	196.59	728.51	349.34	204.25	755.07					753.54	753.54	4.31	4.58	0	0				
07/12/2018	3.3.2	Gaze Project	O4	3	M	Bilingual	G130	06/09/2018	89100	1280 x 720		Raw Data	Ord4_T2_L.avi	190	0	900	720									31235	10:16:20.256	1536226354029549															0	2947		Fixation	8	591	632	0.18	350.51	175.29																				3746	839	683	781	632	810	657	620	657	336.80	14.97	313.63	35.39	325.21	25.18	302.33	196.42	727.82	348.91	202.92	751.09					752.83	752.83	4.35	4.60	0	0				
07/12/2018	3.3.2	Gaze Project	O4	3	M	Bilingual	G130	06/09/2018	89100	1280 x 720		Raw Data	Ord4_T2_L.avi	190	0	900	720									31244	10:16:20.264	1536226354037917															0	2948		Fixation	8			9.52	0.72	10.21																				3747	818	660	1101	628	959	644	769	644	328.24	24.33	442.04	37.03	385.14	30.68	302.19	196.34	727.78	349.00	203.73	753.69					752.76	752.76	4.31	3.90	0	0				
07/12/2018	3.3.2	Gaze Project	O4	3	M	Bilingual	G130	06/09/2018	89100	1280 x 720		Raw Data	Ord4_T2_L.avi	190	0	900	720									31252	10:16:20.273	1536226354046188															0	2949		Fixation	8	680	628	6.85	180.00	179.28																				3748	839	664	870	628	854	646	664	646	336.63	22.37	349.23	37.11	342.93	29.74	302.04	196.15	727.37	348.81	203.51	753.09					752.29	752.29	4.20	4.45	0	0				
07/12/2018	3.3.2	Gaze Project	O4	3	M	Bilingual	G130	06/09/2018	89100	1280 x 720		Raw Data	Ord4_T2_L.avi	190	0	900	720									31260	10:16:20.281	1536226354054525															0			Unclassified	8																									3749	795	673			795	673	605	673	319.00	19.09					301.84	196.21	727.34		-34.01						752.28		4.27		0	4				
07/12/2018	3.3.2	Gaze Project	O4	3	M	Bilingual	G130	06/09/2018	89100	1280 x 720		Raw Data	Ord4_T2_L.avi	190	0	900	720									31269	10:16:20.289	1536226354062871															0	2950		Fixation	8	666	628	0.42	180.00	0.00																				3750			856	628	856	628	666	628			343.48	37.03						348.12	201.57	747.17						0.00		4.43	4	0				
07/12/2018	3.3.2	Gaze Project	O4	3	M	Bilingual	G130	06/09/2018	89100	1280 x 720		Raw Data	Ord4_T2_L.avi	190	0	900	720									31277	10:16:20.298	1536226354071217															0	2951		Fixation	8	626	652	1.37	211.05	31.05																				3751	808	697	816	652	812	674	622	674	324.34	9.09	327.57	27.33	325.96	18.21	301.62	196.17	727.85	354.02	210.00	772.47					752.74	752.74	4.29	4.69	0	0				
07/12/2018	3.3.2	Gaze Project	O4	3	M	Bilingual	G130	06/09/2018	89100	1280 x 720		Raw Data	Ord4_T2_L.avi	190	0	900	720									31285	10:16:20.306	1536226354079578															0	2952		Fixation	8	645	648	0.57	11.93	160.88																				3752	838	701	835	648	836	674	646	674	336.35	7.83	335.13	29.16	335.74	18.49	301.49	196.01	727.92	348.75	205.41	759.08					752.74	752.74	4.33	4.61	0	0				
07/12/2018	3.3.2	Gaze Project	O4	3	M	Bilingual	G130	06/09/2018	89100	1280 x 720		Raw Data	Ord4_T2_L.avi	190	0	900	720									31294	10:16:20.314	1536226354087846															0	2953		Fixation	8	747	564	3.92	39.56	27.64																				3753	791	669	937	564	864	616	674	616	317.56	20.60	376.13	62.82	346.85	41.71	301.38	196.03	727.69	347.91	202.13	748.95					752.53	752.53	4.38	4.06	0	0				
07/12/2018	3.3.2	Gaze Project	O4	3	M	Bilingual	G130	06/09/2018	89100	1280 x 720		Raw Data	Ord4_T2_L.avi	190	0	900	720									31302	10:16:20.323	1536226354096197															0			Unclassified	8																									3754	799	655			799	655	609	655	320.78	26.24					301.26	195.89	727.75		-34.01						752.53		4.35		0	4				
07/12/2018	3.3.2	Gaze Project	O4	3	M	Bilingual	G130	06/09/2018	89100	1280 x 720		Raw Data	Ord4_T2_L.avi	190	0	900	720									31310	10:16:20.331	1536226354104530															0	2954		Fixation	8	621	666	4.90	219.08	179.52																				3755	807	666	811	666	809	666	619	666	323.90	21.90	325.68	21.81	324.79	21.85	301.16	196.01	727.82	346.26	195.87	729.20					752.63	752.63	4.22	4.40	0	0				
07/12/2018	3.3.2	Gaze Project	O4	3	M	Bilingual	G130	06/09/2018	89100	1280 x 720		Raw Data	Ord4_T2_L.avi	190	0	900	720									31319	10:16:20.339	1536226354112888															0	2955		Fixation	8	651	620	1.64	56.97	197.89																				3756	804	679	841	620	822	649	632	649	322.87	16.59	337.74	40.29	330.31	28.44	301.08	196.02	727.93	347.40	201.11	745.84					752.73	752.73	4.36	4.42	0	0				
07/12/2018	3.3.2	Gaze Project	O4	3	M	Bilingual	G130	06/09/2018	89100	1280 x 720		Raw Data	Ord4_T2_L.avi	190	0	900	720									31327	10:16:20.348	1536226354121243															0	2956		Fixation	8	708	661	2.12	324.19	267.21																				3757	804	688	898	661	851	674	661	674	322.74	12.95	360.41	23.75	341.58	18.35	301.00	195.92	727.71	346.01	195.99	729.15					752.49	752.49	4.33	4.40	0	0				
07/12/2018	3.3.2	Gaze Project	O4	3	M	Bilingual	G130	06/09/2018	89100	1280 x 720		Raw Data	Ord4_T2_L.avi	190	0	900	720									31335	10:16:20.356	1536226354129515															0	2957		Fixation	8	613	673	2.93	187.22	223.04																				3758	804	700	803	673	803	686	613	686	322.81	7.93	322.31	18.96	322.56	13.44	300.92	195.87	727.64	346.03	195.84	729.13					752.40	752.40	4.36	4.67	0	0				
07/12/2018	3.3.2	Gaze Project	O4	3	M	Bilingual	G130	06/09/2018	89100	1280 x 720		Raw Data	Ord4_T2_L.avi	190	0	900	720									31344	10:16:20.364	1536226354137838															0	2958		Fixation	8	681	621	2.57	37.49	210.27																				3759	839	668	871	621	855	644	665	644	336.96	21.00	349.77	39.92	343.37	30.46	301.13	203.03	750.27	347.25	201.36	746.66					776.11	776.11	4.51	4.38	0	0				
07/12/2018	3.3.2	Gaze Project	O4	3	M	Bilingual	G130	06/09/2018	89100	1280 x 720		Raw Data	Ord4_T2_L.avi	190	0	900	720									31352	10:16:20.373	1536226354146202															0			Unclassified	8																									3760	785	684			785	684	595	684	314.91	14.54					300.81	195.86	727.78		-34.01						752.53		4.37		0	4				
07/12/2018	3.3.2	Gaze Project	O4	3	M	Bilingual	G130	06/09/2018	89100	1280 x 720		Raw Data	Ord4_T2_L.avi	190	0	900	720									31360	10:16:20.381	1536226354154556															0	2959		Fixation	8	607	697	3.13	225.86	188.36																				3761	823	706	797	697	810	701	620	701	330.45	5.59	320.02	9.29	325.24	7.44	305.36	209.87	770.79	347.36	202.24	749.47					797.95	797.95	4.57	4.95	0	0				
07/12/2018	3.3.2	Gaze Project	O4	3	M	Bilingual	G130	06/09/2018	89100	1280 x 720		Raw Data	Ord4_T2_L.avi	190	0	900	720									31369	10:16:20.389	1536226354162834															0	2960		Fixation	8	619	680	0.61	54.87	189.01																				3762	877	653	809	680	843	666	653	666	351.89	26.82	324.84	16.09	338.36	21.45	309.49	222.12	808.77	345.84	195.79	729.12					838.04	838.04	4.70	4.41	0	0				
07/12/2018	3.3.2	Gaze Project	O4	3	M	Bilingual	G130	06/09/2018	89100	1280 x 720		Raw Data	Ord4_T2_L.avi	190	0	900	720									31377	10:16:20.398	1536226354171172															0	2961		Fixation	8	589	701	1.10	215.08	160.21																				3763	863	650	779	701	821	675	631	675	346.33	28.16	312.63	7.70	329.48	17.93	300.93	202.21	748.16	345.81	195.67	729.17					773.84	773.84	4.55	4.74	0	0				
07/12/2018	3.3.2	Gaze Project	O4	3	M	Bilingual	G130	06/09/2018	89100	1280 x 720		Raw Data	Ord4_T2_L.avi	190	0	900	720									31385	10:16:20.406	1536226354179511															0	2962		Fixation	8	680	674	2.89	16.58	161.50																				3764	814	669	870	674	842	671	652	671	326.81	20.60	349.38	18.33	338.10	19.46	300.68	195.84	728.14	345.65	195.88	729.09					752.86	752.86	4.39	4.57	0	0				
07/12/2018	3.3.2	Gaze Project	O4	3	M	Bilingual	G130	06/09/2018	89100	1280 x 720		Raw Data	Ord4_T2_L.avi	190	0	900	720									31394	10:16:20.414	1536226354187872															0	2963		Fixation	8	718	641	1.45	41.06	24.49																				3765	806	708	908	641	857	674	667	674	323.56	4.82	364.35	31.80	343.96	18.31	300.67	195.80	728.16	358.88	220.99	806.91					752.86	752.86	4.36	4.99	0	0				
07/12/2018	3.3.2	Gaze Project	O4	3	M	Bilingual	G130	06/09/2018	89100	1280 x 720		Raw Data	Ord4_T2_L.avi	190	0	900	720									31402	10:16:20.423	1536226354196223															0	2964		Fixation	8	679	680	1.59	225.09	184.03																				3766	819	690	869	680	844	685	654	685	328.76	12.16	348.99	16.11	338.87	14.13	300.64	195.49	727.35	345.64	195.85	729.10					751.99	751.99	4.39	4.60	0	0				
07/12/2018	3.3.2	Gaze Project	O4	3	M	Bilingual	G130	06/09/2018	89100	1280 x 720		Raw Data	Ord4_T2_L.avi	190	0	900	720									31410	10:16:20.431	1536226354204490															0	2965		Fixation	8	618	660	1.87	161.79	296.70																				3767	813	673	808	660	810	666	620	666	326.43	18.88	324.46	24.00	325.44	21.44	300.63	195.52	727.59	357.93	219.19	801.44					752.23	752.23	4.30	5.13	0	0				
07/12/2018	3.3.2	Gaze Project	O4	3	M	Bilingual	G130	06/09/2018	89100	1280 x 720		Raw Data	Ord4_T2_L.avi	190	0	900	720									31419	10:16:20.439	1536226354212827															0	2966		Fixation	8	760	693	4.19	346.88	185.08																				3768	849	705	950	693	899	699	709	699	340.66	5.98	381.48	10.86	361.07	8.42	300.71	195.74	728.55	347.12	201.57	747.87					753.22	753.22	4.42	4.32	0	0				
07/12/2018	3.3.2	Gaze Project	O4	3	M	Bilingual	G130	06/09/2018	89100	1280 x 720		Raw Data	Ord4_T2_L.avi	190	0	900	720									31427	10:16:20.448	1536226354221181															0	2967		Fixation	8			2.32	220.93	234.06																				3769	896	750	891	744	893	747			359.58	-11.96	357.63	-9.53	358.60	-10.75	301.06	202.91	751.54	345.86	195.75	729.64					777.27	777.27	4.44	4.55	0	0				
07/12/2018	3.3.2	Gaze Project	O4	3	M	Bilingual	G130	06/09/2018	89100	1280 x 720		Raw Data	Ord4_T2_L.avi	190	0	900	720									31435	10:16:20.456	1536226354229539															0	2968		Fixation	8			0.93	290.08	69.15																				3770	910	753	902	774	906	763			365.40	-13.43	361.87	-21.92	363.63	-17.67	300.87	195.57	728.69	345.90	195.75	729.83					753.30	753.30	4.33	4.52	0	0				
07/12/2018	3.3.2	Gaze Project	O4	3	M	Bilingual	G130	06/09/2018	89100	1280 x 720		Raw Data	Ord4_T2_L.avi	190	0	900	720									31444	10:16:20.464	1536226354237901															0	2969		Fixation	8			1.47	349.56	59.48																				3771	902	749	951	783	926	766			361.96	-11.68	381.92	-25.56	371.94	-18.62	305.00	207.93	766.80	347.66	203.34	753.89					793.55	793.55	4.62	4.64	0	0				
07/12/2018	3.3.2	Gaze Project	O4	3	M	Bilingual	G130	06/09/2018	89100	1280 x 720		Raw Data	Ord4_T2_L.avi	190	0	900	720									31452	10:16:20.473	1536226354246153															0	2970		Fixation	8			1.43	24.03	34.47																				3772	924	737	996	763	960	750			370.74	-6.81	399.94	-17.15	385.34	-11.98	301.09	201.28	747.20	347.67	203.37	754.04					772.65	772.65	4.36	4.51	0	0				
07/12/2018	3.3.2	Gaze Project	O4	3	M	Bilingual	G130	06/09/2018	89100	1280 x 720		Raw Data	Ord4_T2_L.avi	190	0	900	720									31460	10:16:20.481	1536226354254493															0	2971		Fixation	8			4.27	348.73	324.70																				3773	940	795	1142	792	1041	793			377.44	-30.28	458.36	-28.82	417.90	-29.55	300.85	195.51	729.04	347.56	202.95	752.80					753.62	753.62	4.35	4.25	0	0				
07/12/2018	3.3.2	Gaze Project	O4	3	M	Bilingual	G130	06/09/2018	89100	1280 x 720		Raw Data	Ord4_T2_L.avi	190	0	900	720									31469	10:16:20.489	1536226354262853															0	2972		Fixation	8			4.49	169.66	180.93																				3774	933	791	988	764	960	777			374.55	-28.66	396.44	-17.61	385.49	-23.14	300.84	195.45	729.06	347.81	204.08	756.39					753.62	753.62	4.43	4.50	0	0				
07/12/2018	3.3.2	Gaze Project	O4	3	M	Bilingual	G130	06/09/2018	89100	1280 x 720		Raw Data	Ord4_T2_L.avi	190	0	900	720									31477	10:16:20.498	1536226354271211															0	2973		Fixation	8			0.58	327.01	157.35																				3775	977	719	1005	775	991	747			392.08	0.53	403.60	-21.99	397.84	-10.73	304.82	207.57	766.43	347.76	203.90	755.97					793.08	793.08	4.51	4.48	0	0				
07/12/2018	3.3.2	Gaze Project	O4	3	M	Bilingual	G130	06/09/2018	89100	1280 x 720		Raw Data	Ord4_T2_L.avi	190	0	900	720									31485	10:16:20.506	1536226354279488															0	2974		Fixation	8			1.33	191.35	224.33																				3776	923	760	960	784	941	772			370.62	-15.97	385.35	-25.95	377.99	-20.96	300.80	195.20	729.16	347.82	204.17	756.95					753.64	753.64	4.30	4.59	0	0				
07/12/2018	3.3.2	Gaze Project	O4	3	M	Bilingual	G130	06/09/2018	89100	1280 x 720		Raw Data	Ord4_T2_L.avi	190	0	900	720									31494	10:16:20.514	1536226354287822															0	2975		Fixation	8			1.26	44.15	212.81																				3777	940	750	991	754	965	752			377.51	-12.08	397.87	-13.87	387.69	-12.98	300.81	195.43	729.72	345.91	195.90	730.99					754.24	754.24	4.29	4.25	0	0				
07/12/2018	3.3.2	Gaze Project	O4	3	M	Bilingual	G130	06/09/2018	89100	1280 x 720		Raw Data	Ord4_T2_L.avi	190	0	900	720									31502	10:16:20.523	1536226354296166															0	2976		Fixation	8			1.17	184.41	140.26																				3778	958	776	952	757	955	766			384.53	-22.71	382.05	-14.81	383.29	-18.76	300.79	195.37	729.78	346.67	199.17	741.71					754.28	754.28	4.29	4.14	0	0				
07/12/2018	3.3.2	Gaze Project	O4	3	M	Bilingual	G130	06/09/2018	89100	1280 x 720		Raw Data	Ord4_T2_L.avi	190	0	900	720									31510	10:16:20.531	1536226354304523															0	2977		Fixation	8			1.12	346.29	161.87																				3779	934	813	989	766	961	789			374.90	-37.38	396.83	-18.38	385.87	-27.88	300.94	199.02	741.82	346.75	199.58	743.13					766.84	766.84	4.06	4.24	0	0				
07/12/2018	3.3.2	Gaze Project	O4	3	M	Bilingual	G130	06/09/2018	89100	1280 x 720		Raw Data	Ord4_T2_L.avi	190	0	900	720									31519	10:16:20.539	1536226354312883															0	2978		Fixation	8			0.73	151.31	165.03																				3780	949	761	967	754	958	757			380.88	-16.40	388.08	-13.77	384.48	-15.09	300.78	195.33	730.18	346.79	199.76	743.84					754.64	754.64	4.22	4.25	0	0				
07/12/2018	3.3.2	Gaze Project	O4	3	M	Bilingual	G130	06/09/2018	89100	1280 x 720		Raw Data	Ord4_T2_L.avi	190	0	900	720									31527	10:16:20.548	1536226354321146															0	2979		Fixation	8			1.80	193.39	42.08																				3781	960	758	908	768	934	763			385.53	-15.23	364.31	-19.47	374.92	-17.35	300.78	195.30	730.29	346.68	199.31	742.57					754.74	754.74	4.18	4.27	0	0				
07/12/2018	3.3.2	Gaze Project	O4	3	M	Bilingual	G130	06/09/2018	89100	1280 x 720		Raw Data	Ord4_T2_L.avi	190	0	900	720									31535	10:16:20.556	1536226354329488															0	2980		Fixation	8			0.38	38.75	205.36																				3782	940	781	918	760	929	770			377.36	-24.49	368.58	-16.15	372.97	-20.32	300.77	195.13	730.36	346.80	199.88	744.42					754.75	754.75	4.03	4.27	0	0				
07/12/2018	3.3.2	Gaze Project	O4	3	M	Bilingual	G130	06/09/2018	89100	1280 x 720		Raw Data	Ord4_T2_L.avi	190	0	900	720									31544	10:16:20.564	1536226354337834															0	2981		Fixation	8			0.48	37.66	358.91																				3783	945	780	931	750	938	765			379.23	-24.10	373.75	-12.13	376.49	-18.12	300.77	195.32	730.69	346.78	199.84	744.36					755.12	755.12	4.19	4.27	0	0				
07/12/2018	3.3.2	Gaze Project	O4	3	M	Bilingual	G130	06/09/2018	89100	1280 x 720		Raw Data	Ord4_T2_L.avi	190	0	900	720									31552	10:16:20.573	1536226354346193															0	2982		Fixation	8			0.73	290.50	252.84																				3784	997	778	940	774	968	776			400.33	-23.39	377.20	-21.76	388.76	-22.58	300.76	195.30	730.73	346.75	199.78	744.18					755.16	755.16	4.16	4.05	0	0				
07/12/2018	3.3.2	Gaze Project	O4	3	M	Bilingual	G130	06/09/2018	89100	1280 x 720		Raw Data	Ord4_T2_L.avi	190	0	900	720									31560	10:16:20.581	1536226354354549															0	2983		Fixation	8			1.17	90.00	159.50																				3785	926	779	940	733	933	756			371.71	-23.63	377.33	-5.28	374.52	-14.46	300.89	198.88	742.31	346.74	199.82	744.27					767.26	767.26	4.16	4.11	0	0				
07/12/2018	3.3.2	Gaze Project	O4	3	M	Bilingual	G130	06/09/2018	89100	1280 x 720		Raw Data	Ord4_T2_L.avi	190	0	900	720									31569	10:16:20.589	1536226354362814															0	2984		Fixation	8			0.80	313.44	223.44																				3786	941	770	959	753	950	761			377.81	-20.17	385.12	-13.23	381.46	-16.70	300.74	195.39	731.04	346.77	200.02	744.80					755.48	755.48	4.25	4.19	0	0				
07/12/2018	3.3.2	Gaze Project	O4	3	M	Bilingual	G130	06/09/2018	89100	1280 x 720		Raw Data	Ord4_T2_L.avi	190	0	900	720									31577	10:16:20.598	1536226354371144															0	2985		Fixation	8			0.65	243.51	290.07																				3787	972	793	949	773	960	783			389.98	-29.35	381.06	-21.34	385.52	-25.34	300.73	195.47	731.28	346.67	199.71	743.74					755.73	755.73	4.20	4.16	0	0				
07/12/2018	3.3.2	Gaze Project	O4	3	M	Bilingual	G130	06/09/2018	89100	1280 x 720		Raw Data	Ord4_T2_L.avi	190	0	900	720									31585	10:16:20.606	1536226354379505															0	2986		Fixation	8			0.60	47.07	163.56																				3788	935	803	963	758	949	780			375.40	-33.53	386.75	-15.35	381.07	-24.44	300.84	198.43	740.83	346.65	199.76	743.77					765.72	765.72	4.05	4.30	0	0				
07/12/2018	3.3.2	Gaze Project	O4	3	M	Bilingual	G130	06/09/2018	89100	1280 x 720		Raw Data	Ord4_T2_L.avi	190	0	900	720									31594	10:16:20.614	1536226354387861															0	2987		Fixation	8			1.03	148.95	101.89																				3789	900	711	933	740	916	725			361.39	3.82	374.64	-8.13	368.02	-2.15	300.72	195.30	730.59	345.83	196.28	732.40					755.02	755.02	4.18	4.42	0	0				
07/12/2018	3.3.2	Gaze Project	O4	3	M	Bilingual	G130	06/09/2018	89100	1280 x 720		Raw Data	Ord4_T2_L.avi	190	0	900	720									31602	10:16:20.623	1536226354396132															0	2988		Fixation	8			0.41	94.07	305.12																				3790	942	750	932	726	937	738			377.97	-11.94	374.26	-2.27	376.11	-7.10	300.74	195.97	732.59	345.85	196.47	732.87					757.12	757.12	4.56	4.42	0	0				
07/12/2018	3.3.2	Gaze Project	O4	3	M	Bilingual	G130	06/09/2018	89100	1280 x 720		Raw Data	Ord4_T2_L.avi	190	0	900	720									31610	10:16:20.631	1536226354404471															0	2989		Fixation	8			1.86	269.11	175.04																				3791	911	775	931	790	921	782			365.57	-22.01	373.60	-28.33	369.59	-25.17	305.23	209.28	773.43	345.82	196.53	732.85					800.27	800.27	4.48	4.34	0	0				
07/12/2018	3.3.2	Gaze Project	O4	3	M	Bilingual	G130	06/09/2018	89100	1280 x 720		Raw Data	Ord4_T2_L.avi	190	0	900	720									31619	10:16:20.639	1536226354412817															0	2990		Fixation	8			1.44	59.32	150.21																				3792	946	747	956	748	951	747			379.65	-10.95	383.85	-11.23	381.75	-11.09	300.92	201.33	749.50	345.76	196.36	732.18					774.85	774.85	4.38	4.36	0	0				
07/12/2018	3.3.2	Gaze Project	O4	3	M	Bilingual	G130	06/09/2018	89100	1280 x 720		Raw Data	Ord4_T2_L.avi	190	0	900	720									31627	10:16:20.648	1536226354421161															0	2991		Fixation	8			1.81	214.30	154.98																				3793	895	777	906	782	900	779			359.32	-23.01	363.79	-24.88	361.56	-23.94	300.72	195.98	732.29	345.56	196.53	732.11					756.85	756.85	4.23	4.54	0	0				
07/12/2018	3.3.2	Gaze Project	O4	3	M	Bilingual	G130	06/09/2018	89100	1280 x 720		Raw Data	Ord4_T2_L.avi	190	0	900	720									31635	10:16:20.656	1536226354429532															0	2992		Fixation	8			3.98	14.08	159.78																				3794	942	781	1038	749	990	765			378.05	-24.65	416.72	-11.51	397.38	-18.08	300.72	196.05	732.40	348.79	209.81	773.97					756.97	756.97	4.22	4.41	0	0				
07/12/2018	3.3.2	Gaze Project	O4	3	M	Bilingual	G130	06/09/2018	89100	1280 x 720		Raw Data	Ord4_T2_L.avi	190	0	900	720									31644	10:16:20.664	1536226354437798															0	2993		Fixation	8			2.82	236.23	222.15																				3795	934	788	983	831	958	809			375.06	-27.21	394.41	-44.90	384.74	-36.05	300.95	202.35	752.31	345.46	196.62	732.08					777.83	777.83	4.28	4.45	0	0				
07/12/2018	3.3.2	Gaze Project	O4	3	M	Bilingual	G130	06/09/2018	89100	1280 x 720		Raw Data	Ord4_T2_L.avi	190	0	900	720									31652	10:16:20.673	1536226354446130															0	2994		Fixation	8			2.84	135.74	259.50																				3796	935	773	913	763	924	768			375.29	-21.46	366.45	-17.27	370.87	-19.37	300.73	196.21	732.66	345.82	196.96	733.38					757.27	757.27	4.18	4.29	0	0				
07/12/2018	3.3.2	Gaze Project	O4	3	M	Bilingual	G130	06/09/2018	89100	1280 x 720		Raw Data	Ord4_T2_L.avi	190	0	900	720									31660	10:16:20.681	1536226354454487															0	2995		Fixation	8			2.82	10.50	234.76																				3797	945	773	1005	746	975	759			379.29	-21.21	403.49	-10.64	391.39	-15.92	300.73	196.26	732.73	345.82	196.89	733.41					757.35	757.35	4.17	4.07	0	0				
07/12/2018	3.3.2	Gaze Project	O4	3	M	Bilingual	G130	06/09/2018	89100	1280 x 720		Raw Data	Ord4_T2_L.avi	190	0	900	720									31669	10:16:20.689	1536226354462846															0	2996		Fixation	8			0.30	174.27	163.77																				3798	960	778	995	745	977	761			385.42	-23.16	399.48	-9.90	392.45	-16.53	300.98	202.41	752.11	345.86	197.25	733.96					777.66	777.66	4.35	4.27	0	0				
07/12/2018	3.3.2	Gaze Project	O4	3	M	Bilingual	G130	06/09/2018	89100	1280 x 720		Raw Data	Ord4_T2_L.avi	190	0	900	720									31677	10:16:20.698	1536226354471200															0	2997		Fixation	8	816	719	0.82	67.13	252.86																				3799	1030	740	1006	719	1018	729			413.48	-8.13	403.91	0.31	408.70	-3.91	300.74	197.07	734.90	347.66	205.11	758.57					759.66	759.66	4.50	4.44	0	0				
07/12/2018	3.3.2	Gaze Project	O4	3	M	Bilingual	G130	06/09/2018	89100	1280 x 720		Raw Data	Ord4_T2_L.avi	190	0	900	720									31685	10:16:20.706	1536226354479458															0	2998		Fixation	8			0.94	254.34	187.21																				3800			997	751	997	751					400.07	-12.29						347.80	205.79	760.55						0.00		4.80	4	0				
07/12/2018	3.3.2	Gaze Project	O4	3	M	Bilingual	G130	06/09/2018	89100	1280 x 720		Raw Data	Ord4_T2_L.avi	190	0	900	720									31694	10:16:20.714	1536226354487796															0	2999		Fixation	8			2.92	179.42	285.08																				3801	954	726	898	750	926	738			382.82	-2.60	360.48	-12.07	371.65	-7.34	301.02	202.33	751.51	345.87	197.34	733.90					777.07	777.07	4.38	4.48	0	0				
07/12/2018	3.3.2	Gaze Project	O4	3	M	Bilingual	G130	06/09/2018	89100	1280 x 720		Raw Data	Ord4_T2_L.avi	190	0	900	720									31702	10:16:20.723	1536226354496153															0	3000		Fixation	8			2.49	16.95	197.53																				3802	1027	662	977	726	1002	694	812	694	412.24	23.19	392.15	-2.36	402.20	10.41	300.80	197.38	735.68	345.87	197.38	733.99					760.50	760.50	4.11	4.35	0	0				
07/12/2018	3.3.2	Gaze Project	O4	3	M	Bilingual	G130	06/09/2018	89100	1280 x 720		Raw Data	Ord4_T2_L.avi	190	0	900	720									31710	10:16:20.731	1536226354504515															0	3001		Fixation	8			1.56	194.62	177.67																				3803	961	736	927	739	944	737			385.85	-6.51	372.29	-7.72	379.07	-7.12	300.85	197.26	735.73	345.93	197.62	734.71					760.51	760.51	4.20	4.34	0	0				
07/12/2018	3.3.2	Gaze Project	O4	3	M	Bilingual	G130	06/09/2018	89100	1280 x 720		Raw Data	Ord4_T2_L.avi	190	0	900	720									31719	10:16:20.739	1536226354512783															0	3002		Fixation	8	800	715	2.03	20.92	186.30																				3804	950	701	990	715	970	708	780	708	381.47	7.79	397.40	2.02	389.44	4.90	300.88	197.27	735.72	345.92	197.51	734.75					760.51	760.51	4.13	4.11	0	0				
07/12/2018	3.3.2	Gaze Project	O4	3	M	Bilingual	G130	06/09/2018	89100	1280 x 720		Raw Data	Ord4_T2_L.avi	190	0	900	720									31727	10:16:20.748	1536226354521137															0	3003		Fixation	8			1.84	208.31	187.40																				3805	961	754	936	744	948	749			385.62	-13.80	375.67	-9.59	380.65	-11.69	300.88	197.27	735.72	345.93	197.51	734.75					760.51	760.51	4.28	4.52	0	0				
07/12/2018	3.3.2	Gaze Project	O4	3	M	Bilingual	G130	06/09/2018	89100	1280 x 720		Raw Data	Ord4_T2_L.avi	190	0	900	720									31735	10:16:20.756	1536226354529467															0	3004		Fixation	8			2.65	9.17	160.86																				3806			1023	730	1023	730					410.77	-4.01						345.92	197.50	734.76						0.00		4.10	4	0				
07/12/2018	3.3.2	Gaze Project	O4	3	M	Bilingual	G130	06/09/2018	89100	1280 x 720		Raw Data	Ord4_T2_L.avi	190	0	900	720									31744	10:16:20.764	1536226354537812															0	3005		Fixation	8	796	699	1.42	139.95	130.78																				3807	980	705	986	699	983	702	793	702	393.49	6.19	395.95	8.35	394.72	7.27	301.29	207.69	768.08	345.93	197.49	734.76					794.48	794.48	4.37	4.08	0	0				
07/12/2018	3.3.2	Gaze Project	O4	3	M	Bilingual	G130	06/09/2018	89100	1280 x 720		Raw Data	Ord4_T2_L.avi	190	0	900	720									31752	10:16:20.773	1536226354546183															0	3006		Fixation	8			1.03	236.85	96.90																				3808	1039	711	967	728	1003	719	813	719	417.13	3.80	388.08	-3.42	402.60	0.19	300.83	197.58	736.25	346.07	198.21	736.64					761.10	761.10	4.28	4.30	0	0				
07/12/2018	3.3.2	Gaze Project	O4	3	M	Bilingual	G130	06/09/2018	89100	1280 x 720		Raw Data	Ord4_T2_L.avi	190	0	900	720									31760	10:16:20.781	1536226354554453															0	3007		Fixation	8	736	672	2.01	126.12	249.27																				3809			926	672	926	672	736	672			371.63	19.46						348.09	207.04	764.47						0.00		4.35	4	0				
07/12/2018	3.3.2	Gaze Project	O4	3	M	Bilingual	G130	06/09/2018	89100	1280 x 720		Raw Data	Ord4_T2_L.avi	190	0	900	720									31769	10:16:20.789	1536226354562783															0	3008		Fixation	8			2.83	309.94	183.82																				3810	995	667	989	747	992	707	802	707	399.29	21.38	396.92	-10.80	398.10	5.29	300.97	197.69	736.67	346.08	198.20	736.74					761.54	761.54	4.08	4.31	0	0				
07/12/2018	3.3.2	Gaze Project	O4	3	M	Bilingual	G130	06/09/2018	89100	1280 x 720		Raw Data	Ord4_T2_L.avi	190	0	900	720									31777	10:16:20.798	1536226354571138															0	3009		Fixation	8	829	621	3.80	76.65	126.71																				3811	1017	543	1019	621	1018	582	828	582	408.06	71.26	409.01	39.97	408.54	55.62	300.94	197.40	735.83	346.95	201.94	748.82					760.66	760.66	3.16	3.68	0	0				
07/12/2018	3.3.2	Gaze Project	O4	3	M	Bilingual	G130	06/09/2018	89100	1280 x 720		Raw Data	Ord4_T2_L.avi	190	0	900	720									31785	10:16:20.806	1536226354579501															0			Unclassified	8																									3812	922	748			922	748			370.11	-11.17					300.93	197.27	735.89		-34.01						760.67		3.96		0	4				
07/12/2018	3.3.2	Gaze Project	O4	3	M	Bilingual	G130	06/09/2018	89100	1280 x 720		Raw Data	Ord4_T2_L.avi	190	0	900	720									31794	10:16:20.814	1536226354587770															0	3010		Fixation	8			3.91	250.00	173.35																				3813	991	726	973	747	982	736			397.73	-2.47	390.45	-11.00	394.09	-6.74	301.11	201.41	748.85	346.89	201.76	748.41					774.27	774.27	4.17	4.40	0	0				
07/12/2018	3.3.2	Gaze Project	O4	3	M	Bilingual	G130	06/09/2018	89100	1280 x 720		Raw Data	Ord4_T2_L.avi	190	0	900	720									31802	10:16:20.823	1536226354596116															0	3011		Fixation	8			1.30	215.93	325.92																				3814	1013	722	937	773	975	747			406.51	-0.69	375.98	-21.15	391.25	-10.92	301.09	201.32	748.62	346.99	202.24	749.99					774.02	774.02	3.92	4.40	0	0				
07/12/2018	3.3.2	Gaze Project	O4	3	M	Bilingual	G130	06/09/2018	89100	1280 x 720		Raw Data	Ord4_T2_L.avi	190	0	900	720									31810	10:16:20.831	1536226354604451															0	3012		Fixation	8			1.71	33.23	177.31																				3815	1024	745	986	741	1005	743			411.07	-10.13	395.88	-8.51	403.47	-9.32	301.07	201.29	748.63	346.94	202.19	749.89					774.01	774.01	3.97	3.92	0	0				
07/12/2018	3.3.2	Gaze Project	O4	3	M	Bilingual	G130	06/09/2018	89100	1280 x 720		Raw Data	Ord4_T2_L.avi	190	0	900	720									31819	10:16:20.839	1536226354612799															0	3013		Fixation	8	751	712	1.56	147.12	113.89																				3816	1010	703	941	712	975	707	785	707	405.36	6.83	377.91	3.30	391.64	5.07	301.03	200.95	747.66	346.79	201.68	748.40					772.99	772.99	3.96	4.12	0	0				
07/12/2018	3.3.2	Gaze Project	O4	3	M	Bilingual	G130	06/09/2018	89100	1280 x 720		Raw Data	Ord4_T2_L.avi	190	0	900	720									31827	10:16:20.848	1536226354621165															0	3014		Fixation	8			0.77	229.73	82.61																				3817	963	722	924	732	943	727			386.75	-0.70	370.82	-4.98	378.78	-2.84	301.01	201.64	749.89	346.61	201.06	746.58					775.32	775.32	4.09	3.99	0	0				
07/12/2018	3.3.2	Gaze Project	O4	3	M	Bilingual	G130	06/09/2018	89100	1280 x 720		Raw Data	Ord4_T2_L.avi	190	0	900	720									31835	10:16:20.856	1536226354629441															0	3015		Fixation	8	761	700	1.23	49.93	180.21																				3818	977	758	951	700	964	729			392.27	-15.47	381.74	8.11	387.01	-3.68	300.77	197.12	735.95	346.67	201.62	748.40					760.67	760.67	3.99	4.02	0	0				
07/12/2018	3.3.2	Gaze Project	O4	3	M	Bilingual	G130	06/09/2018	89100	1280 x 720		Raw Data	Ord4_T2_L.avi	190	0	900	720									31844	10:16:20.864	1536226354637794															0	3016		Fixation	8	738	709	0.73	201.43	151.50																				3819	982	731	928	709	955	720			394.08	-4.26	372.48	4.47	383.28	0.11	300.82	199.78	744.35	346.61	201.64	748.54					769.47	769.47	3.90	3.93	0	0				
07/12/2018	3.3.2	Gaze Project	O4	3	M	Bilingual	G130	06/09/2018	89100	1280 x 720		Raw Data	Ord4_T2_L.avi	190	0	900	720									31852	10:16:20.873	1536226354646122															0	3017		Fixation	8			1.00	324.38	122.94																				3820	954	545	956	729	955	637	765	637	382.95	70.42	383.85	-3.57	383.40	33.43	300.66	197.59	737.20	346.65	202.13	750.13					762.00	762.00	3.15	3.87	0	0				
07/12/2018	3.3.2	Gaze Project	O4	3	M	Bilingual	G130	06/09/2018	89100	1280 x 720		Raw Data	Ord4_T2_L.avi	190	0	900	720									31860	10:16:20.881	1536226354654476															0	3018		Fixation	8			0.87	187.88	223.50																				3821	931	791	927	733	929	762			373.66	-28.41	372.03	-5.43	372.84	-16.92	300.57	197.46	737.25	346.47	201.75	748.99					762.00	762.00	3.96	3.99	0	0				
07/12/2018	3.3.2	Gaze Project	O4	3	M	Bilingual	G130	06/09/2018	89100	1280 x 720		Raw Data	Ord4_T2_L.avi	190	0	900	720									31869	10:16:20.889	1536226354662832															0	3019		Fixation	8	876	677	4.23	22.01	194.13																				3822	947	741	1066	677	1006	709	816	709	380.03	-8.34	427.85	17.47	403.94	4.56	300.49	197.43	737.26	351.64	225.65	823.18					762.00	762.00	4.12	4.58	0	0				
07/12/2018	3.3.2	Gaze Project	O4	3	M	Bilingual	G130	06/09/2018	89100	1280 x 720		Raw Data	Ord4_T2_L.avi	190	0	900	720									31877	10:16:20.898	1536226354671102															0	3020		Fixation	8	774	655	2.87	167.79	145.78																				3823	930	770	964	655	947	712	757	712	373.32	-20.17	386.97	26.11	380.15	2.97	300.40	197.42	737.27	348.97	214.03	787.15					762.00	762.00	4.25	4.38	0	0				
07/12/2018	3.3.2	Gaze Project	O4	3	M	Bilingual	G130	06/09/2018	89100	1280 x 720		Raw Data	Ord4_T2_L.avi	190	0	900	720									31885	10:16:20.906	1536226354679432															0	3021		Fixation	8	837	690	2.07	330.87	163.08																				3824	942	744	1027	690	984	717	794	717	378.13	-9.68	412.27	12.17	395.20	1.24	300.28	197.40	737.27	345.44	198.61	738.88					761.99	761.99	4.21	4.28	0	0				
07/12/2018	3.3.2	Gaze Project	O4	3	M	Bilingual	G130	06/09/2018	89100	1280 x 720		Raw Data	Ord4_T2_L.avi	190	0	900	720									31894	10:16:20.914	1536226354687791															0	3022		Fixation	8			2.50	216.82	245.95																				3825			960	740	960	740					385.53	-7.97						345.29	198.61	738.89						0.00		4.18	4	0				
07/12/2018	3.3.2	Gaze Project	O4	3	M	Bilingual	G130	06/09/2018	89100	1280 x 720		Raw Data	Ord4_T2_L.avi	190	0	900	720									31902	10:16:20.923	1536226354696148															0	3023		Fixation	8	820	643	3.18	62.81	205.98																				3826	909	806	1010	643	959	724			364.71	-34.55	405.42	31.13	385.06	-1.71	300.09	197.38	737.28	346.96	206.45	763.64					761.98	761.98	4.16	4.16	0	0				
07/12/2018	3.3.2	Gaze Project	O4	3	M	Bilingual	G130	06/09/2018	89100	1280 x 720		Raw Data	Ord4_T2_L.avi	190	0	900	720									31910	10:16:20.931	1536226354704424															0	3024		Fixation	8			3.62	231.00	168.19																				3827	906	734	932	739	919	736			363.83	-5.60	373.94	-7.51	368.89	-6.56	299.94	197.37	737.29	345.12	198.72	739.24					761.98	761.98	4.21	4.20	0	0				
07/12/2018	3.3.2	Gaze Project	O4	3	M	Bilingual	G130	06/09/2018	89100	1280 x 720		Raw Data	Ord4_T2_L.avi	190	0	900	720									31919	10:16:20.939	1536226354712756															0	3025		Fixation	8	818	704	2.41	24.80	153.80																				3828	968	732	1008	704	988	718	798	718	388.72	-4.84	404.54	6.27	396.63	0.71	299.84	197.36	737.29	349.07	217.28	797.27					761.97	761.97	4.09	4.56	0	0				
07/12/2018	3.3.2	Gaze Project	O4	3	M	Bilingual	G130	06/09/2018	89100	1280 x 720		Raw Data	Ord4_T2_L.avi	190	0	900	720									31927	10:16:20.948	1536226354721094															0	3026		Fixation	8			2.10	244.51	219.71																				3829	903	739	975	773	939	756			362.59	-7.79	391.50	-21.43	377.05	-14.61	299.74	197.36	737.29	347.71	211.48	779.28					761.97	761.97	4.08	4.37	0	0				
07/12/2018	3.3.2	Gaze Project	O4	3	M	Bilingual	G130	06/09/2018	89100	1280 x 720		Raw Data	Ord4_T2_L.avi	190	0	900	720									31935	10:16:20.956	1536226354729464															0	3027		Fixation	8	895	669	4.25	43.49	158.97																				3830	1015	729	1085	669	1050	699	860	699	407.50	-3.43	435.49	20.65	421.50	8.61	299.65	198.28	739.78	348.07	213.86	786.64					764.60	764.60	4.07	4.26	0	0				
07/12/2018	3.3.2	Gaze Project	O4	3	M	Bilingual	G130	06/09/2018	89100	1280 x 720		Raw Data	Ord4_T2_L.avi	190	0	900	720									31944	10:16:20.964	1536226354737818															0	3028		Fixation	8	840	714	2.00	219.38	175.89																				3831	966	711	1030	714	998	712	808	712	387.95	3.46	413.47	2.38	400.71	2.92	299.91	209.88	776.28	347.74	212.67	782.95					802.87	802.87	4.24	4.27	0	0				
07/12/2018	3.3.2	Gaze Project	O4	3	M	Bilingual	G130	06/09/2018	89100	1280 x 720		Raw Data	Ord4_T2_L.avi	190	0	900	720									31952	10:16:20.973	1536226354746084															0	3029		Fixation	8			0.73	200.62	341.24																				3832	960	694	1006	723	983	708	793	708	385.24	10.48	403.94	-1.38	394.59	4.55	299.79	211.32	780.67	347.55	212.56	782.49					807.47	807.47	4.25	4.40	0	0				
07/12/2018	3.3.2	Gaze Project	O4	3	M	Bilingual	G130	06/09/2018	89100	1280 x 720		Raw Data	Ord4_T2_L.avi	190	0	900	720									31960	10:16:20.981	1536226354754438															0	3030		Fixation	8	717	670	3.15	151.76	311.14																				3833	872	711	907	670	889	690	699	690	350.04	3.63	363.95	20.30	356.99	11.96	299.23	198.29	739.77	347.49	213.34	784.63					764.58	764.58	4.08	4.39	0	0				
07/12/2018	3.3.2	Gaze Project	O4	3	M	Bilingual	G130	06/09/2018	89100	1280 x 720		Raw Data	Ord4_T2_L.avi	190	0	900	720									31969	10:16:20.989	1536226354762771															0	3031		Fixation	8	663	627	1.95	141.38	349.62																				3834	836	647	853	627	844	637	654	637	335.75	29.39	342.38	37.49	339.07	33.44	299.42	213.02	785.10	347.01	212.36	781.16					812.18	812.18	4.39	4.34	0	0				
07/12/2018	3.3.2	Gaze Project	O4	3	M	Bilingual	G130	06/09/2018	89100	1280 x 720		Raw Data	Ord4_T2_L.avi	190	0	900	720									31977	10:16:20.998	1536226354771129															0	3032		Fixation	8	628	480	4.36	103.35	321.97																				3835	802	596	818	480	810	538	620	538	321.77	49.98	328.17	96.54	324.97	73.26	299.01	204.70	758.93	345.79	208.08	767.47					784.74	784.74	4.25	4.14	0	0				
07/12/2018	3.3.2	Gaze Project	O4	3	M	Bilingual	G130	06/09/2018	89100	1280 x 720		Raw Data	Ord4_T2_L.avi	190	0	900	720									31985	10:16:21.006	1536226354779486															0	3033		Fixation	8	589	484	1.16	185.87	82.52																				3836	732	522	779	484	755	503	565	503	293.95	79.76	312.74	95.09	303.34	87.42	298.84	205.26	760.31	345.31	207.04	763.90					786.21	786.21	4.44	4.21	0	0				
07/12/2018	3.3.2	Gaze Project	O4	3	M	Bilingual	G130	06/09/2018	89100	1280 x 720		Raw Data	Ord4_T2_L.avi	190	0	900	720									31994	10:16:21.014	1536226354787754															0	3034		Fixation	8	493	430	3.29	150.56	324.69																				3837	668	566	683	430	675	498	485	498	268.09	61.88	274.27	116.80	271.18	89.34	298.63	204.40	757.39	344.98	206.57	762.02					783.16	783.16	4.30	4.02	0	0				
07/12/2018	3.3.2	Gaze Project	O4	3	M	Bilingual	G130	06/09/2018	89100	1280 x 720		Raw Data	Ord4_T2_L.avi	190	0	900	720									32002	10:16:21.023	1536226354796086															0	3035		Fixation	8	452	414	1.31	158.62	8.06																				3838	597	307	642	414	619	360	429	360	239.81	166.49	257.64	123.06	248.72	144.77	298.50	205.89	761.80	344.93	207.28	763.97					787.81	787.81	3.73	4.00	0	0				
07/12/2018	3.3.2	Gaze Project	O4	3	M	Bilingual	G130	06/09/2018	89100	1280 x 720		Raw Data	Ord4_T2_L.avi	190	0	900	720									32010	10:16:21.031	1536226354804429															0	3036		Fixation	8	459	460	1.36	278.63	120.01																				3839	605	489	649	460	627	474	437	474	243.04	92.89	260.37	104.75	251.71	98.82	298.52	211.54	779.22	346.08	213.30	782.30					806.09	806.09	4.28	4.39	0	0				
07/12/2018	3.3.2	Gaze Project	O4	3	M	Bilingual	G130	06/09/2018	89100	1280 x 720		Raw Data	Ord4_T2_L.avi	190	0	900	720									32019	10:16:21.039	1536226354812785															0	3037		Fixation	8	500	333	3.90	72.16	153.54																				3840	674	577	690	333	682	455	492	455	270.35	57.55	276.93	155.73	273.64	106.64	298.25	207.29	765.93	344.86	208.22	766.36					792.15	792.15	4.28	3.82	0	0				
07/12/2018	3.3.2	Gaze Project	O4	3	M	Bilingual	G130	06/09/2018	89100	1280 x 720		Raw Data	Ord4_T2_L.avi	190	0	900	720									32027	10:16:21.048	1536226354821057															0			Unclassified	8																									3841																			-34.01										4	4				
07/12/2018	3.3.2	Gaze Project	O4	3	M	Bilingual	G130	06/09/2018	89100	1280 x 720		Raw Data	Ord4_T2_L.avi	190	0	900	720									32035	10:16:21.056	1536226354829409															0	3038		Fixation	8	490	391	1.78	260.25	188.09																				3842	678	564	680	391	679	477	489	477	272.15	62.66	272.97	132.42	272.56	97.54	297.86	204.46	756.84	342.82	200.13	740.42					782.62	782.62	4.24	4.00	0	0				
07/12/2018	3.3.2	Gaze Project	O4	3	M	Bilingual	G130	06/09/2018	89100	1280 x 720		Raw Data	Ord4_T2_L.avi	190	0	900	720									32044	10:16:21.064	1536226354837754															0	3039		Fixation	8	483	349	1.28	99.43	199.18																				3843	678	506	673	349	675	427	485	427	272.11	86.31	270.00	149.25	271.06	117.78	297.91	212.55	781.79	345.43	213.36	781.45					808.81	808.81	4.41	4.11	0	0				
07/12/2018	3.3.2	Gaze Project	O4	3	M	Bilingual	G130	06/09/2018	89100	1280 x 720		Raw Data	Ord4_T2_L.avi	190	0	900	720									32052	10:16:21.073	1536226354846112															0	3040		Fixation	8	549	394	2.40	325.63	226.19																				3844			739	394	739	394	549	394			296.83	131.30						342.45	199.90	739.28						0.00		4.11	4	0				
07/12/2018	3.3.2	Gaze Project	O4	3	M	Bilingual	G130	06/09/2018	89100	1280 x 720		Raw Data	Ord4_T2_L.avi	190	0	900	720									32060	10:16:21.081	1536226354854467															0			Unclassified	8																									3845																			-34.01										4	4				
07/12/2018	3.3.2	Gaze Project	O4	3	M	Bilingual	G130	06/09/2018	89100	1280 x 720		Raw Data	Ord4_T2_L.avi	190	0	900	720									32069	10:16:21.089	1536226354862727															0	3041		Fixation	8	496	263	4.26	111.96	146.34																				3846	681	283	686	263	683	273	493	273	273.33	176.01	275.37	184.17	274.35	180.09	297.13	199.05	739.12	349.02	213.82	781.42					764.07	764.07	3.39	3.69	0	0				
07/12/2018	3.3.2	Gaze Project	O4	3	M	Bilingual	G130	06/09/2018	89100	1280 x 720		Raw Data	Ord4_T2_L.avi	190	0	900	720									32077	10:16:21.098	1536226354871071															0	3042		Fixation	8	482	285	0.77	237.61	125.65																				3847	727	278	672	285	699	281	509	281	291.87	178.06	269.82	174.99	280.84	176.53	297.01	198.98	739.14	347.11	210.34	770.50					764.07	764.07	2.97	3.65	0	0				
07/12/2018	3.3.2	Gaze Project	O4	3	M	Bilingual	G130	06/09/2018	89100	1280 x 720		Raw Data	Ord4_T2_L.avi	190	0	900	720									32085	10:16:21.106	1536226354879422															0			Unclassified	8																									3848																			-34.01										4	4				
07/12/2018	3.3.2	Gaze Project	O4	3	M	Bilingual	G130	06/09/2018	89100	1280 x 720		Raw Data	Ord4_T2_L.avi	190	0	900	720									32094	10:16:21.114	1536226354887779															0			Unclassified	8																									3849																			-34.01										4	4				
07/12/2018	3.3.2	Gaze Project	O4	3	M	Bilingual	G130	06/09/2018	89100	1280 x 720		Raw Data	Ord4_T2_L.avi	190	0	900	720									32102	10:16:21.123	1536226354896138															0	3043		Fixation	8	496	308	0.79	301.25	63.63																				3850	694	262	686	308	690	285	500	285	278.52	184.60	275.35	165.90	276.93	175.25	296.74	200.47	743.55	348.75	214.31	782.30					768.70	768.70	3.24	3.69	0	0				
07/12/2018	3.3.2	Gaze Project	O4	3	M	Bilingual	G130	06/09/2018	89100	1280 x 720		Raw Data	Ord4_T2_L.avi	190	0	900	720									32110	10:16:21.131	1536226354904401															0	3044		Fixation	8	473	408	3.07	257.09	315.84																				3851	651	378	663	408	657	393	467	393	261.33	137.84	266.29	125.49	263.81	131.67	296.64	199.05	739.12	341.73	200.27	739.41					764.05	764.05	3.58	3.81	0	0				
07/12/2018	3.3.2	Gaze Project	O4	3	M	Bilingual	G130	06/09/2018	89100	1280 x 720		Raw Data	Ord4_T2_L.avi	190	0	900	720									32119	10:16:21.139	1536226354912733															0	3045		Fixation	8	472	379	0.89	91.97	194.88																				3852	716	336	662	379	689	357	499	357	287.32	154.55	265.89	137.20	276.61	145.87	296.58	199.25	739.73	341.67	200.29	739.38					764.69	764.69	3.51	3.72	0	0				
07/12/2018	3.3.2	Gaze Project	O4	3	M	Bilingual	G130	06/09/2018	89100	1280 x 720		Raw Data	Ord4_T2_L.avi	190	0	900	720									32127	10:16:21.148	1536226354921094															0	3046		Fixation	8	457	448	2.16	257.77	165.80																				3853	717	390	647	448	682	419	492	419	287.82	132.97	259.66	109.60	273.74	121.29	296.56	200.23	742.72	341.61	200.19	739.03					767.82	767.82	3.71	3.82	0	0				
07/12/2018	3.3.2	Gaze Project	O4	3	M	Bilingual	G130	06/09/2018	89100	1280 x 720		Raw Data	Ord4_T2_L.avi	190	0	900	720									32135	10:16:21.156	1536226354929446															0	3047		Fixation	8	529	333	4.16	58.03	160.26																				3854	651	267	719	333	685	300	495	300	261.40	182.45	288.53	155.90	274.96	169.18	296.53	200.16	742.51	341.49	200.32	738.98					767.61	767.61	3.12	3.52	0	0				
07/12/2018	3.3.2	Gaze Project	O4	3	M	Bilingual	G130	06/09/2018	89100	1280 x 720		Raw Data	Ord4_T2_L.avi	190	0	900	720									32144	10:16:21.164	1536226354937724															0			Unclassified	8																									3855	699	369			699	369	509	369	280.71	141.42					296.65	206.53	762.24		-34.01						788.32		3.94		0	4				
07/12/2018	3.3.2	Gaze Project	O4	3	M	Bilingual	G130	06/09/2018	89100	1280 x 720		Raw Data	Ord4_T2_L.avi	190	0	900	720									32152	10:16:21.173	1536226354946066															0	3048		Fixation	8	450	502	5.71	245.02	186.98																				3856	701	507	640	502	670	504	480	504	281.26	85.92	257.05	87.91	269.16	86.91	296.63	206.47	762.06	341.54	200.09	739.07					788.13	788.13	4.21	4.06	0	0				
07/12/2018	3.3.2	Gaze Project	O4	3	M	Bilingual	G130	06/09/2018	89100	1280 x 720		Raw Data	Ord4_T2_L.avi	190	0	900	720									32160	10:16:21.181	1536226354954406															0	3049		Fixation	8	489	403	3.24	68.56	183.54																				3857	659	387	679	403	669	395	479	395	264.67	134.11	272.63	127.61	268.65	130.86	296.64	206.66	762.71	341.55	200.08	739.08					788.80	788.80	4.01	3.96	0	0				
07/12/2018	3.3.2	Gaze Project	O4	3	M	Bilingual	G130	06/09/2018	89100	1280 x 720		Raw Data	Ord4_T2_L.avi	190	0	900	720									32169	10:16:21.189	1536226354962751															0	3050		Fixation	8	481	387	0.55	116.49	47.93																				3858	690	460	671	387	680	423	490	423	277.07	104.79	269.53	133.98	273.30	119.39	296.62	205.61	759.52	341.53	200.07	739.08					785.45	785.45	4.10	3.79	0	0				
07/12/2018	3.3.2	Gaze Project	O4	3	M	Bilingual	G130	06/09/2018	89100	1280 x 720		Raw Data	Ord4_T2_L.avi	190	0	900	720									32177	10:16:21.198	1536226354971122															0	3051		Fixation	8	488	451	1.98	276.22	159.73																				3859	704	538	678	451	691	494	501	494	282.49	73.23	272.19	108.47	277.34	90.85	296.66	206.28	761.67	341.55	200.04	739.09					787.69	787.69	4.33	3.95	0	0				
07/12/2018	3.3.2	Gaze Project	O4	3	M	Bilingual	G130	06/09/2018	89100	1280 x 720		Raw Data	Ord4_T2_L.avi	190	0	900	720									32185	10:16:21.206	1536226354979390															0	3052		Fixation	8	508	454	0.62	351.44	75.22																				3860	654	381	698	454	676	417	486	417	262.68	136.52	280.25	107.25	271.47	121.88	296.66	205.17	758.35	341.60	200.66	740.71					784.20	784.20	4.02	4.05	0	0				
07/12/2018	3.3.2	Gaze Project	O4	3	M	Bilingual	G130	06/09/2018	89100	1280 x 720		Raw Data	Ord4_T2_L.avi	190	0	900	720									32194	10:16:21.214	1536226354987727															0	3053		Fixation	8	451	469	1.76	194.79	203.35																				3861	682	534	641	469	661	501	471	501	273.92	75.02	257.43	101.26	265.68	88.14	296.85	211.99	779.65	343.31	208.03	764.03					806.55	806.55	4.36	3.93	0	0				
07/12/2018	3.3.2	Gaze Project	O4	3	M	Bilingual	G130	06/09/2018	89100	1280 x 720		Raw Data	Ord4_T2_L.avi	190	0	900	720									32202	10:16:21.223	1536226354996076															0			Unclassified	8																									3862	671	352			671	352	481	352	269.17	148.02					296.81	208.16	767.94		-34.01						794.24		4.07		0	4				
07/12/2018	3.3.2	Gaze Project	O4	3	M	Bilingual	G130	06/09/2018	89100	1280 x 720		Raw Data	Ord4_T2_L.avi	190	0	900	720									32210	10:16:21.231	1536226355004434															0	3054		Fixation	8	487	440	1.38	38.94	204.15																				3863	683	502	677	440	680	471	490	471	274.06	87.92	271.55	112.71	272.80	100.31	296.82	206.88	764.16	341.84	200.41	740.81					790.26	790.26	4.20	4.02	0	0				
07/12/2018	3.3.2	Gaze Project	O4	3	M	Bilingual	G130	06/09/2018	89100	1280 x 720		Raw Data	Ord4_T2_L.avi	190	0	900	720									32218	10:16:21.239	1536226355012707															0	3055		Fixation	8	455	337	3.32	107.21	68.26																				3864	691	417	645	337	668	377	478	377	277.43	121.86	259.09	154.17	268.26	138.02	296.83	205.64	760.51	341.91	200.35	740.83					786.41	786.41	4.00	3.74	0	0				
07/12/2018	3.3.2	Gaze Project	O4	3	M	Bilingual	G130	06/09/2018	89100	1280 x 720		Raw Data	Ord4_T2_L.avi	190	0	900	720									32227	10:16:21.248	1536226355021054															0	3056		Fixation	8	452	410	2.25	267.65	160.45																				3865	718	489	642	410	680	449	490	449	288.15	93.08	257.69	124.85	272.92	108.97	296.85	204.96	758.59	341.94	200.31	740.85					784.38	784.38	4.21	3.96	0	0				
07/12/2018	3.3.2	Gaze Project	O4	3	M	Bilingual	G130	06/09/2018	89100	1280 x 720		Raw Data	Ord4_T2_L.avi	190	0	900	720									32235	10:16:21.256	1536226355029399															0			Unclassified	8																									3866	649	467			649	467	459	467	260.66	102.07					297.07	212.92	783.49		-34.01						810.50		4.25		0	4				
07/12/2018	3.3.2	Gaze Project	O4	3	M	Bilingual	G130	06/09/2018	89100	1280 x 720		Raw Data	Ord4_T2_L.avi	190	0	900	720									32244	10:16:21.264	1536226355037746															0	3057		Fixation	8	446	489	2.34	265.67	358.02																				3867	642	326	636	489	639	407	449	407	257.64	158.80	255.44	93.15	256.54	125.98	297.05	211.22	778.38	344.84	213.77	782.66					805.11	805.11	4.03	4.60	0	0				
07/12/2018	3.3.2	Gaze Project	O4	3	M	Bilingual	G130	06/09/2018	89100	1280 x 720		Raw Data	Ord4_T2_L.avi	190	0	900	720									32252	10:16:21.273	1536226355046103															0			Unclassified	8																									3868	801	767	608	535	704	651	514	651	321.50	-19.06	244.00	74.69	282.75	27.82	294.67	105.82	449.95	348.87	213.99	782.57					460.74	460.74	2.68	4.81	1	3				
07/12/2018	3.3.2	Gaze Project	O4	3	M	Bilingual	G130	06/09/2018	89100	1280 x 720		Raw Data	Ord4_T2_L.avi	190	0	900	720									32260	10:16:21.281	1536226355054370															0			Unclassified	8																									3869	594	532			594	532	404	532	238.47	75.59					296.99	209.84	774.59		-34.01						801.09		4.26		0	4				
07/12/2018	3.3.2	Gaze Project	O4	3	M	Bilingual	G130	06/09/2018	89100	1280 x 720		Raw Data	Ord4_T2_L.avi	190	0	900	720									32269	10:16:21.289	1536226355062733															0			Unclassified	8																									3870	603	791			603	791			242.19	-28.54					295.46	105.31	450.16		-34.01						460.85		2.62		0	4				
07/12/2018	3.3.2	Gaze Project	O4	3	M	Bilingual	G130	06/09/2018	89100	1280 x 720		Raw Data	Ord4_T2_L.avi	190	0	900	720									32277	10:16:21.298	1536226355071056															0			Unclassified	8																									3871	582	694			582	694	392	694	233.76	10.47					296.81	204.57	759.33		-34.01						784.96		4.24		0	4				
07/12/2018	3.3.2	Gaze Project	O4	3	M	Bilingual	G130	06/09/2018	89100	1280 x 720		Raw Data	Ord4_T2_L.avi	190	0	900	720									32285	10:16:21.306	1536226355079418															0			Unclassified	8																									3872	695	839			695	839			279.07	-48.00					294.92	105.07	450.25		-34.01						460.82		2.52		0	4				
07/12/2018	3.3.2	Gaze Project	O4	3	M	Bilingual	G130	06/09/2018	89100	1280 x 720		Raw Data	Ord4_T2_L.avi	190	0	900	720									32294	10:16:21.314	1536226355087771															0			Unclassified	8																									3873	664	876			664	876			266.62	-62.62					294.99	104.92	450.31		-34.01						460.84		2.41		0	4				
07/12/2018	3.3.2	Gaze Project	O4	3	M	Bilingual	G130	06/09/2018	89100	1280 x 720		Raw Data	Ord4_T2_L.avi	190	0	900	720									32302	10:16:21.323	1536226355096038															0			Unclassified	8																									3874	689	912			689	912			276.50	-77.33					294.95	104.75	450.38		-34.01						460.85		2.48		0	4				
07/12/2018	3.3.2	Gaze Project	O4	3	M	Bilingual	G130	06/09/2018	89100	1280 x 720		Raw Data	Ord4_T2_L.avi	190	0	900	720									32310	10:16:21.331	1536226355104373															0	3058		Fixation	8			18.35	265.79	0.12																				3875	656	974	585	1180	620	1077			263.31	-102.33	234.79	-185.18	249.05	-143.76	295.02	104.57	450.46	343.43	206.31	764.11					460.87	460.87	2.52	4.14	0	0				
07/12/2018	3.3.2	Gaze Project	O4	3	M	Bilingual	G130	06/09/2018	89100	1280 x 720		Raw Data	Ord4_T2_L.avi	190	0	900	720									32319	10:16:21.339	1536226355112714															0			Unclassified	8																									3876	767	982			767	982			308.02	-105.52					294.48	104.36	450.54		-34.01						460.85		2.35		0	4				
07/12/2018	3.3.2	Gaze Project	O4	3	M	Bilingual	G130	06/09/2018	89100	1280 x 720		Raw Data	Ord4_T2_L.avi	190	0	900	720									32327	10:16:21.348	1536226355121087															0			Unclassified	8																									3877																			-34.01										4	4				
07/12/2018	3.3.2	Gaze Project	O4	3	M	Bilingual	G130	06/09/2018	89100	1280 x 720		Raw Data	Ord4_T2_L.avi	190	0	900	720									32335	10:16:21.356	1536226355129343															0			Unclassified	8																									3878																			-34.01										4	4				
07/12/2018	3.3.2	Gaze Project	O4	3	M	Bilingual	G130	06/09/2018	89100	1280 x 720		Raw Data	Ord4_T2_L.avi	190	0	900	720									32343	10:16:21.364	1536226355137704															0			Unclassified	8																									3879																			-34.01										4	4				
07/12/2018	3.3.2	Gaze Project	O4	3	M	Bilingual	G130	06/09/2018	89100	1280 x 720		Raw Data	Ord4_T2_L.avi	190	0	900	720									32352	10:16:21.373	1536226355146040															0			Unclassified	8																									3880																			-34.01										4	4				
07/12/2018	3.3.2	Gaze Project	O4	3	M	Bilingual	G130	06/09/2018	89100	1280 x 720		Raw Data	Ord4_T2_L.avi	190	0	900	720									32360	10:16:21.381	1536226355154401															0			Unclassified	8																									3881																			-34.01										4	4				
07/12/2018	3.3.2	Gaze Project	O4	3	M	Bilingual	G130	06/09/2018	89100	1280 x 720		Raw Data	Ord4_T2_L.avi	190	0	900	720									32369	10:16:21.389	1536226355162757															0			Unclassified	8																									3882																			-34.01										4	4				
07/12/2018	3.3.2	Gaze Project	O4	3	M	Bilingual	G130	06/09/2018	89100	1280 x 720		Raw Data	Ord4_T2_L.avi	190	0	900	720									32377	10:16:21.398	1536226355171022															0			Unclassified	8																									3883																			-34.01										4	4				
07/12/2018	3.3.2	Gaze Project	O4	3	M	Bilingual	G130	06/09/2018	89100	1280 x 720		Raw Data	Ord4_T2_L.avi	190	0	900	720									32385	10:16:21.406	1536226355179384															0			Unclassified	8																									3884																			-34.01										4	4				
07/12/2018	3.3.2	Gaze Project	O4	3	M	Bilingual	G130	06/09/2018	89100	1280 x 720		Raw Data	Ord4_T2_L.avi	190	0	900	720									32394	10:16:21.414	1536226355187714															0			Unclassified	8																									3885																			-34.01										4	4				
07/12/2018	3.3.2	Gaze Project	O4	3	M	Bilingual	G130	06/09/2018	89100	1280 x 720		Raw Data	Ord4_T2_L.avi	190	0	900	720									32402	10:16:21.423	1536226355196067															0			Unclassified	8																									3886																			-34.01										4	4				
07/12/2018	3.3.2	Gaze Project	O4	3	M	Bilingual	G130	06/09/2018	89100	1280 x 720		Raw Data	Ord4_T2_L.avi	190	0	900	720									32410	10:16:21.431	1536226355204427															0			Unclassified	8																									3887																			-34.01										4	4				
07/12/2018	3.3.2	Gaze Project	O4	3	M	Bilingual	G130	06/09/2018	89100	1280 x 720		Raw Data	Ord4_T2_L.avi	190	0	900	720									32418	10:16:21.439	1536226355212693															0			Unclassified	8																									3888																			-34.01										4	4				
07/12/2018	3.3.2	Gaze Project	O4	3	M	Bilingual	G130	06/09/2018	89100	1280 x 720		Raw Data	Ord4_T2_L.avi	190	0	900	720									32427	10:16:21.448	1536226355221022															0			Unclassified	8																									3889																			-34.01										4	4				
07/12/2018	3.3.2	Gaze Project	O4	3	M	Bilingual	G130	06/09/2018	89100	1280 x 720		Raw Data	Ord4_T2_L.avi	190	0	900	720									32435	10:16:21.456	1536226355229370															0			Unclassified	8																									3890																			-34.01										4	4				
07/12/2018	3.3.2	Gaze Project	O4	3	M	Bilingual	G130	06/09/2018	89100	1280 x 720		Raw Data	Ord4_T2_L.avi	190	0	900	720									32444	10:16:21.464	1536226355237740															0			Unclassified	8																									3891																			-34.01										4	4				
07/12/2018	3.3.2	Gaze Project	O4	3	M	Bilingual	G130	06/09/2018	89100	1280 x 720		Raw Data	Ord4_T2_L.avi	190	0	900	720									32452	10:16:21.473	1536226355246004															0			Unclassified	8																									3892																			-34.01										4	4				
07/12/2018	3.3.2	Gaze Project	O4	3	M	Bilingual	G130	06/09/2018	89100	1280 x 720		Raw Data	Ord4_T2_L.avi	190	0	900	720									32460	10:16:21.481	1536226355254355															0			Unclassified	8																									3893																			-34.01										4	4				
07/12/2018	3.3.2	Gaze Project	O4	3	M	Bilingual	G130	06/09/2018	89100	1280 x 720		Raw Data	Ord4_T2_L.avi	190	0	900	720									32468	10:16:21.489	1536226355262691															0			Unclassified	8																									3894																			-34.01										4	4				
07/12/2018	3.3.2	Gaze Project	O4	3	M	Bilingual	G130	06/09/2018	89100	1280 x 720		Raw Data	Ord4_T2_L.avi	190	0	900	720									32477	10:16:21.498	1536226355271055															0			Unclassified	8																									3895																			-34.01										4	4				
07/12/2018	3.3.2	Gaze Project	O4	3	M	Bilingual	G130	06/09/2018	89100	1280 x 720		Raw Data	Ord4_T2_L.avi	190	0	900	720									32485	10:16:21.506	1536226355279407															0			Unclassified	8																									3896																			-34.01										4	4				
07/12/2018	3.3.2	Gaze Project	O4	3	M	Bilingual	G130	06/09/2018	89100	1280 x 720		Raw Data	Ord4_T2_L.avi	190	0	900	720									32493	10:16:21.514	1536226355287676															0			Unclassified	8																									3897																			-34.01										4	4				
07/12/2018	3.3.2	Gaze Project	O4	3	M	Bilingual	G130	06/09/2018	89100	1280 x 720		Raw Data	Ord4_T2_L.avi	190	0	900	720									32502	10:16:21.523	1536226355296008															0			Unclassified	8																									3898																			-34.01										4	4				
07/12/2018	3.3.2	Gaze Project	O4	3	M	Bilingual	G130	06/09/2018	89100	1280 x 720		Raw Data	Ord4_T2_L.avi	190	0	900	720									32510	10:16:21.531	1536226355304365															0			Unclassified	8																									3899																			-34.01										4	4				
07/12/2018	3.3.2	Gaze Project	O4	3	M	Bilingual	G130	06/09/2018	89100	1280 x 720		Raw Data	Ord4_T2_L.avi	190	0	900	720									32519	10:16:21.539	1536226355312720															0			Unclassified	8																									3900																			-34.01										4	4				
07/12/2018	3.3.2	Gaze Project	O4	3	M	Bilingual	G130	06/09/2018	89100	1280 x 720		Raw Data	Ord4_T2_L.avi	190	0	900	720									32527	10:16:21.548	1536226355321077															0			Unclassified	8																									3901																			-34.01										4	4				
07/12/2018	3.3.2	Gaze Project	O4	3	M	Bilingual	G130	06/09/2018	89100	1280 x 720		Raw Data	Ord4_T2_L.avi	190	0	900	720									32535	10:16:21.556	1536226355329341															0			Unclassified	8																									3902																			-34.01										4	4				
07/12/2018	3.3.2	Gaze Project	O4	3	M	Bilingual	G130	06/09/2018	89100	1280 x 720		Raw Data	Ord4_T2_L.avi	190	0	900	720									32544	10:16:21.564	1536226355337746															0			Unclassified	8																									3903																			-34.01										4	4				
07/12/2018	3.3.2	Gaze Project	O4	3	M	Bilingual	G130	06/09/2018	89100	1280 x 720		Raw Data	Ord4_T2_L.avi	190	0	900	720									32552	10:16:21.573	1536226355346033															0			Unclassified	8																									3904																			-34.01										4	4				
07/12/2018	3.3.2	Gaze Project	O4	3	M	Bilingual	G130	06/09/2018	89100	1280 x 720		Raw Data	Ord4_T2_L.avi	190	0	900	720									32560	10:16:21.581	1536226355354390															0			Unclassified	8																									3905																			-34.01										4	4				
07/12/2018	3.3.2	Gaze Project	O4	3	M	Bilingual	G130	06/09/2018	89100	1280 x 720		Raw Data	Ord4_T2_L.avi	190	0	900	720									32568	10:16:21.589	1536226355362672															0			Unclassified	8																									3906																			-34.01										4	4				
07/12/2018	3.3.2	Gaze Project	O4	3	M	Bilingual	G130	06/09/2018	89100	1280 x 720		Raw Data	Ord4_T2_L.avi	190	0	900	720									32577	10:16:21.598	1536226355371005															0			Unclassified	8																									3907																			-34.01										4	4				
07/12/2018	3.3.2	Gaze Project	O4	3	M	Bilingual	G130	06/09/2018	89100	1280 x 720		Raw Data	Ord4_T2_L.avi	190	0	900	720									32585	10:16:21.606	1536226355379344															0			Unclassified	8																									3908																			-34.01										4	4				
07/12/2018	3.3.2	Gaze Project	O4	3	M	Bilingual	G130	06/09/2018	89100	1280 x 720		Raw Data	Ord4_T2_L.avi	190	0	900	720									32593	10:16:21.614	1536226355387689															0			Unclassified	8																									3909																			-34.01										4	4				
07/12/2018	3.3.2	Gaze Project	O4	3	M	Bilingual	G130	06/09/2018	89100	1280 x 720		Raw Data	Ord4_T2_L.avi	190	0	900	720									32602	10:16:21.623	1536226355396060															0			Unclassified	8																									3910																			-34.01										4	4				
07/12/2018	3.3.2	Gaze Project	O4	3	M	Bilingual	G130	06/09/2018	89100	1280 x 720		Raw Data	Ord4_T2_L.avi	190	0	900	720									32610	10:16:21.631	1536226355404318															0			Unclassified	8																									3911																			-34.01										4	4				
07/12/2018	3.3.2	Gaze Project	O4	3	M	Bilingual	G130	06/09/2018	89100	1280 x 720		Raw Data	Ord4_T2_L.avi	190	0	900	720									32618	10:16:21.639	1536226355412667															0			Unclassified	8																									3912																			-34.01										4	4				
07/12/2018	3.3.2	Gaze Project	O4	3	M	Bilingual	G130	06/09/2018	89100	1280 x 720		Raw Data	Ord4_T2_L.avi	190	0	900	720									32627	10:16:21.648	1536226355421015															0			Unclassified	8																									3913																			-34.01										4	4				
07/12/2018	3.3.2	Gaze Project	O4	3	M	Bilingual	G130	06/09/2018	89100	1280 x 720		Raw Data	Ord4_T2_L.avi	190	0	900	720									32635	10:16:21.656	1536226355429373															0			Unclassified	8																									3914																			-34.01										4	4				
07/12/2018	3.3.2	Gaze Project	O4	3	M	Bilingual	G130	06/09/2018	89100	1280 x 720		Raw Data	Ord4_T2_L.avi	190	0	900	720									32644	10:16:21.664	1536226355437738															0			Unclassified	8																									3915																			-34.01										4	4				
07/12/2018	3.3.2	Gaze Project	O4	3	M	Bilingual	G130	06/09/2018	89100	1280 x 720		Raw Data	Ord4_T2_L.avi	190	0	900	720									32652	10:16:21.673	1536226355445995															0			Unclassified	8																									3916																			-34.01										4	4				
07/12/2018	3.3.2	Gaze Project	O4	3	M	Bilingual	G130	06/09/2018	89100	1280 x 720		Raw Data	Ord4_T2_L.avi	190	0	900	720									32660	10:16:21.681	1536226355454325															0			Unclassified	8																									3917																			-34.01										4	4				
07/12/2018	3.3.2	Gaze Project	O4	3	M	Bilingual	G130	06/09/2018	89100	1280 x 720		Raw Data	Ord4_T2_L.avi	190	0	900	720									32668	10:16:21.689	1536226355462687															0			Unclassified	8																									3918																			-34.01										4	4				
07/12/2018	3.3.2	Gaze Project	O4	3	M	Bilingual	G130	06/09/2018	89100	1280 x 720		Raw Data	Ord4_T2_L.avi	190	0	900	720									32677	10:16:21.698	1536226355471041															0			Unclassified	8																									3919																			-34.01										4	4				
07/12/2018	3.3.2	Gaze Project	O4	3	M	Bilingual	G130	06/09/2018	89100	1280 x 720		Raw Data	Ord4_T2_L.avi	190	0	900	720									32685	10:16:21.706	1536226355479315															0			Unclassified	8																									3920																			-34.01										4	4				
07/12/2018	3.3.2	Gaze Project	O4	3	M	Bilingual	G130	06/09/2018	89100	1280 x 720		Raw Data	Ord4_T2_L.avi	190	0	900	720									32693	10:16:21.714	1536226355487656															0			Unclassified	8																									3921																			-34.01										4	4				
07/12/2018	3.3.2	Gaze Project	O4	3	M	Bilingual	G130	06/09/2018	89100	1280 x 720		Raw Data	Ord4_T2_L.avi	190	0	900	720									32702	10:16:21.723	1536226355495997															0			Unclassified	8																									3922																			-34.01										4	4				
07/12/2018	3.3.2	Gaze Project	O4	3	M	Bilingual	G130	06/09/2018	89100	1280 x 720		Raw Data	Ord4_T2_L.avi	190	0	900	720									32710	10:16:21.731	1536226355504340															0			Unclassified	8																									3923																			-34.01										4	4				
07/12/2018	3.3.2	Gaze Project	O4	3	M	Bilingual	G130	06/09/2018	89100	1280 x 720		Raw Data	Ord4_T2_L.avi	190	0	900	720									32719	10:16:21.739	1536226355512713															0			Unclassified	8																									3924																			-34.01										4	4				
07/12/2018	3.3.2	Gaze Project	O4	3	M	Bilingual	G130	06/09/2018	89100	1280 x 720		Raw Data	Ord4_T2_L.avi	190	0	900	720									32727	10:16:21.748	1536226355520979															0			Unclassified	8																									3925																			-34.01										4	4				
07/12/2018	3.3.2	Gaze Project	O4	3	M	Bilingual	G130	06/09/2018	89100	1280 x 720		Raw Data	Ord4_T2_L.avi	190	0	900	720									32735	10:16:21.756	1536226355529309															0			Unclassified	8																									3926																			-34.01										4	4				
07/12/2018	3.3.2	Gaze Project	O4	3	M	Bilingual	G130	06/09/2018	89100	1280 x 720		Raw Data	Ord4_T2_L.avi	190	0	900	720									32743	10:16:21.764	1536226355537665															0			Unclassified	8																									3927																			-34.01										4	4				
07/12/2018	3.3.2	Gaze Project	O4	3	M	Bilingual	G130	06/09/2018	89100	1280 x 720		Raw Data	Ord4_T2_L.avi	190	0	900	720									32752	10:16:21.773	1536226355546029															0			Unclassified	8																									3928																			-34.01										4	4				
07/12/2018	3.3.2	Gaze Project	O4	3	M	Bilingual	G130	06/09/2018	89100	1280 x 720		Raw Data	Ord4_T2_L.avi	190	0	900	720									32760	10:16:21.781	1536226355554305															0			Unclassified	8																									3929																			-34.01										4	4				
07/12/2018	3.3.2	Gaze Project	O4	3	M	Bilingual	G130	06/09/2018	89100	1280 x 720		Raw Data	Ord4_T2_L.avi	190	0	900	720									32768	10:16:21.789	1536226355562647															0			Unclassified	8																									3930																			-34.01										4	4				
07/12/2018	3.3.2	Gaze Project	O4	3	M	Bilingual	G130	06/09/2018	89100	1280 x 720		Raw Data	Ord4_T2_L.avi	190	0	900	720									32777	10:16:21.798	1536226355570974															0			Unclassified	8																									3931																			-34.01										4	4				
07/12/2018	3.3.2	Gaze Project	O4	3	M	Bilingual	G130	06/09/2018	89100	1280 x 720		Raw Data	Ord4_T2_L.avi	190	0	900	720									32785	10:16:21.806	1536226355579338															0			Unclassified	8																									3932																			-34.01										4	4				
07/12/2018	3.3.2	Gaze Project	O4	3	M	Bilingual	G130	06/09/2018	89100	1280 x 720		Raw Data	Ord4_T2_L.avi	190	0	900	720									32793	10:16:21.814	1536226355587694															0			Unclassified	8																									3933																			-34.01										4	4				
07/12/2018	3.3.2	Gaze Project	O4	3	M	Bilingual	G130	06/09/2018	89100	1280 x 720		Raw Data	Ord4_T2_L.avi	190	0	900	720									32802	10:16:21.823	1536226355595964															0			Unclassified	8																									3934																			-34.01										4	4				
07/12/2018	3.3.2	Gaze Project	O4	3	M	Bilingual	G130	06/09/2018	89100	1280 x 720		Raw Data	Ord4_T2_L.avi	190	0	900	720									32810	10:16:21.831	1536226355604322															0			Unclassified	8																									3935																			-34.01										4	4				
07/12/2018	3.3.2	Gaze Project	O4	3	M	Bilingual	G130	06/09/2018	89100	1280 x 720		Raw Data	Ord4_T2_L.avi	190	0	900	720									32818	10:16:21.839	1536226355612647															0			Unclassified	8																									3936																			-34.01										4	4				
07/12/2018	3.3.2	Gaze Project	O4	3	M	Bilingual	G130	06/09/2018	89100	1280 x 720		Raw Data	Ord4_T2_L.avi	190	0	900	720									32827	10:16:21.848	1536226355621010															0			Unclassified	8																									3937																			-34.01										4	4				
07/12/2018	3.3.2	Gaze Project	O4	3	M	Bilingual	G130	06/09/2018	89100	1280 x 720		Raw Data	Ord4_T2_L.avi	190	0	900	720									32835	10:16:21.856	1536226355629353															0			Unclassified	8																									3938																			-34.01										4	4				
07/12/2018	3.3.2	Gaze Project	O4	3	M	Bilingual	G130	06/09/2018	89100	1280 x 720		Raw Data	Ord4_T2_L.avi	190	0	900	720									32843	10:16:21.864	1536226355637633															0			Unclassified	8																									3939																			-34.01										4	4				
07/12/2018	3.3.2	Gaze Project	O4	3	M	Bilingual	G130	06/09/2018	89100	1280 x 720		Raw Data	Ord4_T2_L.avi	190	0	900	720									32852	10:16:21.873	1536226355645964															0			Unclassified	8																									3940																			-34.01										4	4				
07/12/2018	3.3.2	Gaze Project	O4	3	M	Bilingual	G130	06/09/2018	89100	1280 x 720		Raw Data	Ord4_T2_L.avi	190	0	900	720									32860	10:16:21.881	1536226355654313															0			Unclassified	8																									3941																			-34.01										4	4				
07/12/2018	3.3.2	Gaze Project	O4	3	M	Bilingual	G130	06/09/2018	89100	1280 x 720		Raw Data	Ord4_T2_L.avi	190	0	900	720									32868	10:16:21.889	1536226355662675															0			Unclassified	8																									3942																			-34.01										4	4				
07/12/2018	3.3.2	Gaze Project	O4	3	M	Bilingual	G130	06/09/2018	89100	1280 x 720		Raw Data	Ord4_T2_L.avi	190	0	900	720									32877	10:16:21.897	1536226355670957															0			Unclassified	8																									3943																			-34.01										4	4				
07/12/2018	3.3.2	Gaze Project	O4	3	M	Bilingual	G130	06/09/2018	89100	1280 x 720		Raw Data	Ord4_T2_L.avi	190	0	900	720									32885	10:16:21.906	1536226355679299															0			Unclassified	8																									3944																			-34.01										4	4				
07/12/2018	3.3.2	Gaze Project	O4	3	M	Bilingual	G130	06/09/2018	89100	1280 x 720		Raw Data	Ord4_T2_L.avi	190	0	900	720									32893	10:16:21.914	1536226355687624															0			Unclassified	8																									3945																			-34.01										4	4				
07/12/2018	3.3.2	Gaze Project	O4	3	M	Bilingual	G130	06/09/2018	89100	1280 x 720		Raw Data	Ord4_T2_L.avi	190	0	900	720									32902	10:16:21.923	1536226355695988															0			Unclassified	8																									3946																			-34.01										4	4				
07/12/2018	3.3.2	Gaze Project	O4	3	M	Bilingual	G130	06/09/2018	89100	1280 x 720		Raw Data	Ord4_T2_L.avi	190	0	900	720									32910	10:16:21.931	1536226355704346															0			Unclassified	8																									3947																			-34.01										4	4				
07/12/2018	3.3.2	Gaze Project	O4	3	M	Bilingual	G130	06/09/2018	89100	1280 x 720		Raw Data	Ord4_T2_L.avi	190	0	900	720									32918	10:16:21.939	1536226355712618															0			Unclassified	8																									3948																			-34.01										4	4				
07/12/2018	3.3.2	Gaze Project	O4	3	M	Bilingual	G130	06/09/2018	89100	1280 x 720		Raw Data	Ord4_T2_L.avi	190	0	900	720									32927	10:16:21.948	1536226355720968															0			Unclassified	8																									3949																			-34.01										4	4				
07/12/2018	3.3.2	Gaze Project	O4	3	M	Bilingual	G130	06/09/2018	89100	1280 x 720		Raw Data	Ord4_T2_L.avi	190	0	900	720									32935	10:16:21.956	1536226355729289															0			Unclassified	8																									3950																			-34.01										4	4				
07/12/2018	3.3.2	Gaze Project	O4	3	M	Bilingual	G130	06/09/2018	89100	1280 x 720		Raw Data	Ord4_T2_L.avi	190	0	900	720									32943	10:16:21.964	1536226355737660															0			Unclassified	8																									3951																			-34.01										4	4				
07/12/2018	3.3.2	Gaze Project	O4	3	M	Bilingual	G130	06/09/2018	89100	1280 x 720		Raw Data	Ord4_T2_L.avi	190	0	900	720									32945	10:16:21.965										12	MovieEnd	Ord4_T2_L.avi							Unclassified	8																																																											
07/12/2018	3.3.2	Gaze Project	O4	3	M	Bilingual	G130	06/09/2018	89100	1280 x 720		Raw Data														32952	10:16:21.973	1536226355746014															0			Unclassified	8																									3952																			-34.01										4	4				
07/12/2018	3.3.2	Gaze Project	O4	3	M	Bilingual	G130	06/09/2018	89100	1280 x 720		Raw Data														32960	10:16:21.981	1536226355754274															0			Unclassified	8																									3953																			-34.01										4	4				
07/12/2018	3.3.2	Gaze Project	O4	3	M	Bilingual	G130	06/09/2018	89100	1280 x 720		Raw Data														32968	10:16:21.989	1536226355762610															0			Unclassified	8																									3954																			-34.01										4	4				
07/12/2018	3.3.2	Gaze Project	O4	3	M	Bilingual	G130	06/09/2018	89100	1280 x 720		Raw Data														32977	10:16:21.998	1536226355770963															0			Unclassified	8																									3955																			-34.01										4	4				
07/12/2018	3.3.2	Gaze Project	O4	3	M	Bilingual	G130	06/09/2018	89100	1280 x 720		Raw Data														32985	10:16:22.006	1536226355779325															0			Unclassified	8																									3956																			-34.01										4	4				
07/12/2018	3.3.2	Gaze Project	O4	3	M	Bilingual	G130	06/09/2018	89100	1280 x 720		Raw Data														32993	10:16:22.014	1536226355787610															0			Unclassified	8																									3957																			-34.01										4	4				
07/12/2018	3.3.2	Gaze Project	O4	3	M	Bilingual	G130	06/09/2018	89100	1280 x 720		Raw Data														33002	10:16:22.022	1536226355795946															0			Unclassified	8																									3958																			-34.01										4	4				
07/12/2018	3.3.2	Gaze Project	O4	3	M	Bilingual	G130	06/09/2018	89100	1280 x 720		Raw Data														33010	10:16:22.031	1536226355804284															0			Unclassified	8																									3959																			-34.01										4	4				
07/12/2018	3.3.2	Gaze Project	O4	3	M	Bilingual	G130	06/09/2018	89100	1280 x 720		Raw Data														33018	10:16:22.039	1536226355812641															0			Unclassified	8																									3960																			-34.01										4	4				
07/12/2018	3.3.2	Gaze Project	O4	3	M	Bilingual	G130	06/09/2018	89100	1280 x 720		Raw Data														33027	10:16:22.048	1536226355820998															0			Unclassified	8																									3961																			-34.01										4	4				
07/12/2018	3.3.2	Gaze Project	O4	3	M	Bilingual	G130	06/09/2018	89100	1280 x 720		Raw Data														33035	10:16:22.056	1536226355829269															0			Unclassified	8																									3962																			-34.01										4	4				
07/12/2018	3.3.2	Gaze Project	O4	3	M	Bilingual	G130	06/09/2018	89100	1280 x 720		Raw Data														33043	10:16:22.064	1536226355837590															0			Unclassified	8																									3963																			-34.01										4	4				
07/12/2018	3.3.2	Gaze Project	O4	3	M	Bilingual	G130	06/09/2018	89100	1280 x 720		Raw Data														33052	10:16:22.072	1536226355845951															0			Unclassified	8																									3964																			-34.01										4	4				
07/12/2018	3.3.2	Gaze Project	O4	3	M	Bilingual	G130	06/09/2018	89100	1280 x 720		Raw Data														33060	10:16:22.081	1536226355854311															0			Unclassified	8																									3965																			-34.01										4	4				
07/12/2018	3.3.2	Gaze Project	O4	3	M	Bilingual	G130	06/09/2018	89100	1280 x 720		Raw Data														33068	10:16:22.089	1536226355862664															0			Unclassified	8																									3966																			-34.01										4	4				
07/12/2018	3.3.2	Gaze Project	O4	3	M	Bilingual	G130	06/09/2018	89100	1280 x 720		Raw Data														33077	10:16:22.097	1536226355870934															0			Unclassified	8																									3967																			-34.01										4	4				
07/12/2018	3.3.2	Gaze Project	O4	3	M	Bilingual	G130	06/09/2018	89100	1280 x 720		Raw Data														33085	10:16:22.106	1536226355879260															0			Unclassified	8																									3968																			-34.01										4	4				
07/12/2018	3.3.2	Gaze Project	O4	3	M	Bilingual	G130	06/09/2018	89100	1280 x 720		Raw Data														33093	10:16:22.114	1536226355887625															0			Unclassified	8																									3969																			-34.01										4	4				
07/12/2018	3.3.2	Gaze Project	O4	3	M	Bilingual	G130	06/09/2018	89100	1280 x 720		Raw Data														33102	10:16:22.123	1536226355895980															0			Unclassified	8																									3970																			-34.01										4	4				
07/12/2018	3.3.2	Gaze Project	O4	3	M	Bilingual	G130	06/09/2018	89100	1280 x 720		Raw Data														33110	10:16:22.131	1536226355904245															0			Unclassified	8																									3971																			-34.01										4	4				
07/12/2018	3.3.2	Gaze Project	O4	3	M	Bilingual	G130	06/09/2018	89100	1280 x 720		Raw Data														33118	10:16:22.139	1536226355912598															0			Unclassified	8																									3972																			-34.01										4	4				
07/12/2018	3.3.2	Gaze Project	O4	3	M	Bilingual	G130	06/09/2018	89100	1280 x 720		Raw Data														33127	10:16:22.147	1536226355920936															0			Unclassified	8																									3973																			-34.01										4	4				
07/12/2018	3.3.2	Gaze Project	O4	3	M	Bilingual	G130	06/09/2018	89100	1280 x 720		Raw Data														33135	10:16:22.156	1536226355929280															0			Unclassified	8																									3974																			-34.01										4	4				
07/12/2018	3.3.2	Gaze Project	O4	3	M	Bilingual	G130	06/09/2018	89100	1280 x 720		Raw Data														33143	10:16:22.164	1536226355937653															0			Unclassified	8																									3975																			-34.01										4	4				
07/12/2018	3.3.2	Gaze Project	O4	3	M	Bilingual	G130	06/09/2018	89100	1280 x 720		Raw Data														33152	10:16:22.172	1536226355945918															0			Unclassified	8																									3976																			-34.01										4	4				
07/12/2018	3.3.2	Gaze Project	O4	3	M	Bilingual	G130	06/09/2018	89100	1280 x 720		Raw Data														33160	10:16:22.181	1536226355954258															0			Unclassified	8																									3977																			-34.01										4	4				
07/12/2018	3.3.2	Gaze Project	O4	3	M	Bilingual	G130	06/09/2018	89100	1280 x 720		Raw Data														33168	10:16:22.189	1536226355962606															0			Unclassified	8																									3978																			-34.01										4	4				
07/12/2018	3.3.2	Gaze Project	O4	3	M	Bilingual	G130	06/09/2018	89100	1280 x 720		Raw Data														33177	10:16:22.198	1536226355970963															0			Unclassified	8																									3979																			-34.01										4	4				
07/12/2018	3.3.2	Gaze Project	O4	3	M	Bilingual	G130	06/09/2018	89100	1280 x 720		Raw Data														33185	10:16:22.206	1536226355979319															0			Unclassified	8																									3980																			-34.01										4	4				
07/12/2018	3.3.2	Gaze Project	O4	3	M	Bilingual	G130	06/09/2018	89100	1280 x 720		Raw Data														33193	10:16:22.214	1536226355987583															0			Unclassified	8																									3981																			-34.01										4	4				
07/12/2018	3.3.2	Gaze Project	O4	3	M	Bilingual	G130	06/09/2018	89100	1280 x 720		Raw Data														33202	10:16:22.222	1536226355995917															0			Unclassified	8																									3982																			-34.01										4	4				
07/12/2018	3.3.2	Gaze Project	O4	3	M	Bilingual	G130	06/09/2018	89100	1280 x 720		Raw Data														33210	10:16:22.231	1536226356004274															0			Unclassified	8																									3983																			-34.01										4	4				
07/12/2018	3.3.2	Gaze Project	O4	3	M	Bilingual	G130	06/09/2018	89100	1280 x 720		Raw Data														33218	10:16:22.239	1536226356012632															0			Unclassified	8																									3984																			-34.01										4	4				
07/12/2018	3.3.2	Gaze Project	O4	3	M	Bilingual	G130	06/09/2018	89100	1280 x 720		Raw Data														33227	10:16:22.247	1536226356020902															0			Unclassified	8																									3985																			-34.01										4	4				
07/12/2018	3.3.2	Gaze Project	O4	3	M	Bilingual	G130	06/09/2018	89100	1280 x 720		Raw Data														33235	10:16:22.256	1536226356029249															0			Unclassified	8																									3986																			-34.01										4	4				
07/12/2018	3.3.2	Gaze Project	O4	3	M	Bilingual	G130	06/09/2018	89100	1280 x 720		Raw Data														33243	10:16:22.264	1536226356037587															0			Unclassified	8																									3987																			-34.01										4	4				
07/12/2018	3.3.2	Gaze Project	O4	3	M	Bilingual	G130	06/09/2018	89100	1280 x 720		Raw Data														33252	10:16:22.272	1536226356045939															0			Unclassified	8																									3988																			-34.01										4	4				
07/12/2018	3.3.2	Gaze Project	O4	3	M	Bilingual	G130	06/09/2018	89100	1280 x 720		Raw Data														33260	10:16:22.281	1536226356054305															0			Unclassified	8																									3989																			-34.01										4	4				
07/12/2018	3.3.2	Gaze Project	O4	3	M	Bilingual	G130	06/09/2018	89100	1280 x 720		Raw Data														33268	10:16:22.289	1536226356062552															0			Unclassified	8																									3990																			-34.01										4	4				
07/12/2018	3.3.2	Gaze Project	O4	3	M	Bilingual	G130	06/09/2018	89100	1280 x 720		Raw Data														33277	10:16:22.297	1536226356070904															0			Unclassified	8																									3991																			-34.01										4	4				
07/12/2018	3.3.2	Gaze Project	O4	3	M	Bilingual	G130	06/09/2018	89100	1280 x 720		Raw Data														33285	10:16:22.306	1536226356079248															0			Unclassified	8																									3992																			-34.01										4	4				
07/12/2018	3.3.2	Gaze Project	O4	3	M	Bilingual	G130	06/09/2018	89100	1280 x 720		Raw Data														33293	10:16:22.314	1536226356087613															0			Unclassified	8																									3993																			-34.01										4	4				
07/12/2018	3.3.2	Gaze Project	O4	3	M	Bilingual	G130	06/09/2018	89100	1280 x 720		Raw Data														33302	10:16:22.322	1536226356095886															0			Unclassified	8																									3994																			-34.01										4	4				
07/12/2018	3.3.2	Gaze Project	O4	3	M	Bilingual	G130	06/09/2018	89100	1280 x 720		Raw Data														33310	10:16:22.331	1536226356104233															0			Unclassified	8																									3995																			-34.01										4	4				
07/12/2018	3.3.2	Gaze Project	O4	3	M	Bilingual	G130	06/09/2018	89100	1280 x 720		Raw Data														33318	10:16:22.339	1536226356112566															0			Unclassified	8																									3996																			-34.01										4	4				
07/12/2018	3.3.2	Gaze Project	O4	3	M	Bilingual	G130	06/09/2018	89100	1280 x 720		Raw Data														33327	10:16:22.347	1536226356120926															0			Unclassified	8																									3997																			-34.01										4	4				
07/12/2018	3.3.2	Gaze Project	O4	3	M	Bilingual	G130	06/09/2018	89100	1280 x 720		Raw Data														33335	10:16:22.356	1536226356129287															0			Unclassified	8																									3998																			-34.01										4	4				
07/12/2018	3.3.2	Gaze Project	O4	3	M	Bilingual	G130	06/09/2018	89100	1280 x 720		Raw Data														33343	10:16:22.364	1536226356137549															0			Unclassified	8																									3999																			-34.01										4	4				
07/12/2018	3.3.2	Gaze Project	O4	3	M	Bilingual	G130	06/09/2018	89100	1280 x 720		Raw Data														33352	10:16:22.372	1536226356145922															0			Unclassified	8																									4000																			-34.01										4	4				
07/12/2018	3.3.2	Gaze Project	O4	3	M	Bilingual	G130	06/09/2018	89100	1280 x 720		Raw Data														33360	10:16:22.381	1536226356154240															0			Unclassified	8																									4001																			-34.01										4	4				
07/12/2018	3.3.2	Gaze Project	O4	3	M	Bilingual	G130	06/09/2018	89100	1280 x 720		Raw Data														33362	10:16:22.383										13	InstructionStart	Instruction Element							Unclassified	8																																																											
07/12/2018	3.3.2	Gaze Project	O4	3	M	Bilingual	G130	06/09/2018	89100	1280 x 720		Raw Data														33368	10:16:22.389	1536226356162584															0			Unclassified	8																									4002																			-34.01										4	4				
07/12/2018	3.3.2	Gaze Project	O4	3	M	Bilingual	G130	06/09/2018	89100	1280 x 720		Raw Data														33377	10:16:22.397	1536226356170952															0			Unclassified	8																									4003																			-34.01										4	4				
07/12/2018	3.3.2	Gaze Project	O4	3	M	Bilingual	G130	06/09/2018	89100	1280 x 720		Raw Data														33385	10:16:22.406	1536226356179218															0			Unclassified	8																									4004																			-34.01										4	4				
07/12/2018	3.3.2	Gaze Project	O4	3	M	Bilingual	G130	06/09/2018	89100	1280 x 720		Raw Data														33393	10:16:22.414	1536226356187549															0			Unclassified	8																									4005																			-34.01										4	4				
07/12/2018	3.3.2	Gaze Project	O4	3	M	Bilingual	G130	06/09/2018	89100	1280 x 720		Raw Data														33402	10:16:22.422	1536226356195911															0			Unclassified	8																									4006																			-34.01										4	4				
07/12/2018	3.3.2	Gaze Project	O4	3	M	Bilingual	G130	06/09/2018	89100	1280 x 720		Raw Data														33410	10:16:22.431	1536226356204264															0			Unclassified	8																									4007																			-34.01										4	4				
07/12/2018	3.3.2	Gaze Project	O4	3	M	Bilingual	G130	06/09/2018	89100	1280 x 720		Raw Data														33418	10:16:22.439	1536226356212536															0			Unclassified	8																									4008																			-34.01										4	4				
07/12/2018	3.3.2	Gaze Project	O4	3	M	Bilingual	G130	06/09/2018	89100	1280 x 720		Raw Data														33427	10:16:22.447	1536226356220884															0			Unclassified	8																									4009																			-34.01										4	4				
07/12/2018	3.3.2	Gaze Project	O4	3	M	Bilingual	G130	06/09/2018	89100	1280 x 720		Raw Data														33435	10:16:22.456	1536226356229224															0			Unclassified	8																									4010																			-34.01										4	4				
07/12/2018	3.3.2	Gaze Project	O4	3	M	Bilingual	G130	06/09/2018	89100	1280 x 720		Raw Data														33443	10:16:22.464	1536226356237582															0			Unclassified	8																									4011																			-34.01										4	4				
07/12/2018	3.3.2	Gaze Project	O4	3	M	Bilingual	G130	06/09/2018	89100	1280 x 720		Raw Data														33452	10:16:22.472	1536226356245942															0			Unclassified	8																									4012																			-34.01										4	4				
07/12/2018	3.3.2	Gaze Project	O4	3	M	Bilingual	G130	06/09/2018	89100	1280 x 720		Raw Data														33460	10:16:22.481	1536226356254198															0			Unclassified	8																									4013																			-34.01										4	4				
07/12/2018	3.3.2	Gaze Project	O4	3	M	Bilingual	G130	06/09/2018	89100	1280 x 720		Raw Data														33468	10:16:22.489	1536226356262524															0			Unclassified	8																									4014																			-34.01										4	4				
07/12/2018	3.3.2	Gaze Project	O4	3	M	Bilingual	G130	06/09/2018	89100	1280 x 720		Raw Data														33477	10:16:22.497	1536226356270894															0			Unclassified	8																									4015																			-34.01										4	4				
07/12/2018	3.3.2	Gaze Project	O4	3	M	Bilingual	G130	06/09/2018	89100	1280 x 720		Raw Data														33485	10:16:22.506	1536226356279250															0			Unclassified	8																									4016																			-34.01										4	4				
07/12/2018	3.3.2	Gaze Project	O4	3	M	Bilingual	G130	06/09/2018	89100	1280 x 720		Raw Data														33493	10:16:22.514	1536226356287607															0			Unclassified	8																									4017																			-34.01										4	4				
07/12/2018	3.3.2	Gaze Project	O4	3	M	Bilingual	G130	06/09/2018	89100	1280 x 720		Raw Data														33502	10:16:22.522	1536226356295866															0			Unclassified	8																									4018																			-34.01										4	4				
07/12/2018	3.3.2	Gaze Project	O4	3	M	Bilingual	G130	06/09/2018	89100	1280 x 720		Raw Data														33510	10:16:22.531	1536226356304203															0			Unclassified	8																									4019																			-34.01										4	4				
07/12/2018	3.3.2	Gaze Project	O4	3	M	Bilingual	G130	06/09/2018	89100	1280 x 720		Raw Data														33518	10:16:22.539	1536226356312552															0			Unclassified	8																									4020																			-34.01										4	4				
07/12/2018	3.3.2	Gaze Project	O4	3	M	Bilingual	G130	06/09/2018	89100	1280 x 720		Raw Data														33527	10:16:22.547	1536226356320919															0			Unclassified	8																									4021																			-34.01										4	4				
07/12/2018	3.3.2	Gaze Project	O4	3	M	Bilingual	G130	06/09/2018	89100	1280 x 720		Raw Data														33535	10:16:22.556	1536226356329204															0			Unclassified	8																									4022																			-34.01										4	4				
07/12/2018	3.3.2	Gaze Project	O4	3	M	Bilingual	G130	06/09/2018	89100	1280 x 720		Raw Data														33543	10:16:22.564	1536226356337539															0			Unclassified	8																									4023																			-34.01										4	4				
07/12/2018	3.3.2	Gaze Project	O4	3	M	Bilingual	G130	06/09/2018	89100	1280 x 720		Raw Data														33552	10:16:22.572	1536226356345868															0			Unclassified	8																									4024																			-34.01										4	4				
07/12/2018	3.3.2	Gaze Project	O4	3	M	Bilingual	G130	06/09/2018	89100	1280 x 720		Raw Data														33560	10:16:22.581	1536226356354222															0			Unclassified	8																									4025																			-34.01										4	4				
07/12/2018	3.3.2	Gaze Project	O4	3	M	Bilingual	G130	06/09/2018	89100	1280 x 720		Raw Data														33568	10:16:22.589	1536226356362589															0			Unclassified	8																									4026																			-34.01										4	4				
07/12/2018	3.3.2	Gaze Project	O4	3	M	Bilingual	G130	06/09/2018	89100	1280 x 720		Raw Data														33577	10:16:22.597	1536226356370852															0			Unclassified	8																									4027																			-34.01										4	4				
07/12/2018	3.3.2	Gaze Project	O4	3	M	Bilingual	G130	06/09/2018	89100	1280 x 720		Raw Data														33585	10:16:22.606	1536226356379194															0			Unclassified	8																									4028																			-34.01										4	4				
07/12/2018	3.3.2	Gaze Project	O4	3	M	Bilingual	G130	06/09/2018	89100	1280 x 720		Raw Data														33593	10:16:22.614	1536226356387543															0			Unclassified	8																									4029																			-34.01										4	4				
07/12/2018	3.3.2	Gaze Project	O4	3	M	Bilingual	G130	06/09/2018	89100	1280 x 720		Raw Data														33602	10:16:22.622	1536226356395903															0			Unclassified	8																									4030																			-34.01										4	4				
07/12/2018	3.3.2	Gaze Project	O4	3	M	Bilingual	G130	06/09/2018	89100	1280 x 720		Raw Data														33610	10:16:22.631	1536226356404258															0			Unclassified	8																									4031																			-34.01										4	4				
07/12/2018	3.3.2	Gaze Project	O4	3	M	Bilingual	G130	06/09/2018	89100	1280 x 720		Raw Data														33618	10:16:22.639	1536226356412523															0			Unclassified	8																									4032																			-34.01										4	4				
07/12/2018	3.3.2	Gaze Project	O4	3	M	Bilingual	G130	06/09/2018	89100	1280 x 720		Raw Data														33627	10:16:22.647	1536226356420852															0			Unclassified	8																									4033																			-34.01										4	4				
07/12/2018	3.3.2	Gaze Project	O4	3	M	Bilingual	G130	06/09/2018	89100	1280 x 720		Raw Data														33635	10:16:22.656	1536226356429212															0			Unclassified	8																									4034																			-34.01										4	4				
07/12/2018	3.3.2	Gaze Project	O4	3	M	Bilingual	G130	06/09/2018	89100	1280 x 720		Raw Data														33643	10:16:22.664	1536226356437572															0			Unclassified	8																									4035																			-34.01										4	4				
07/12/2018	3.3.2	Gaze Project	O4	3	M	Bilingual	G130	06/09/2018	89100	1280 x 720		Raw Data														33652	10:16:22.672	1536226356445836															0			Unclassified	8																									4036																			-34.01										4	4				
07/12/2018	3.3.2	Gaze Project	O4	3	M	Bilingual	G130	06/09/2018	89100	1280 x 720		Raw Data														33660	10:16:22.681	1536226356454201															0			Unclassified	8																									4037																			-34.01										4	4				
07/12/2018	3.3.2	Gaze Project	O4	3	M	Bilingual	G130	06/09/2018	89100	1280 x 720		Raw Data														33668	10:16:22.689	1536226356462526															0			Unclassified	8																									4038																			-34.01										4	4				
07/12/2018	3.3.2	Gaze Project	O4	3	M	Bilingual	G130	06/09/2018	89100	1280 x 720		Raw Data														33677	10:16:22.697	1536226356470874															0			Unclassified	8																									4039																			-34.01										4	4				
07/12/2018	3.3.2	Gaze Project	O4	3	M	Bilingual	G130	06/09/2018	89100	1280 x 720		Raw Data														33685	10:16:22.706	1536226356479239															0	3059		Fixation	8			10.02	112.85	207.06																				4040	568	848	440	837	504	842			227.87	-51.42	176.77	-47.23	202.32	-49.32	291.63	185.31	729.79	336.82	186.56	725.56					750.81	750.81	4.30	4.34	0	0				
07/12/2018	3.3.2	Gaze Project	O4	3	M	Bilingual	G130	06/09/2018	89100	1280 x 720		Raw Data														33693	10:16:22.714	1536226356487513															0			Unclassified	8																									4041																			-34.01										4	4				
07/12/2018	3.3.2	Gaze Project	O4	3	M	Bilingual	G130	06/09/2018	89100	1280 x 720		Raw Data														33702	10:16:22.722	1536226356495834															0			Unclassified	8																									4042																			-34.01										4	4				
07/12/2018	3.3.2	Gaze Project	O4	3	M	Bilingual	G130	06/09/2018	89100	1280 x 720		Raw Data														33710	10:16:22.731	1536226356504192															0	3060		Fixation	8			1.66	20.04	267.19																				4043	557	823	495	817	526	820			223.54	-41.42	198.73	-39.18	211.14	-40.30	291.58	184.67	723.60	337.67	188.57	727.86					744.71	744.71	4.09	4.32	0	0				
07/12/2018	3.3.2	Gaze Project	O4	3	M	Bilingual	G130	06/09/2018	89100	1280 x 720		Raw Data														33718	10:16:22.739	1536226356512552															0	3061		Fixation	8			0.85	229.08	209.04																				4044	553	849	475	840	514	844			221.99	-52.04	190.64	-48.23	206.32	-50.13	291.78	185.18	724.04	336.64	186.45	720.50					745.28	745.28	4.03	4.33	0	0				
07/12/2018	3.3.2	Gaze Project	O4	3	M	Bilingual	G130	06/09/2018	89100	1280 x 720		Raw Data														33727	10:16:22.747	1536226356520908															0	3062		Fixation	8			1.11	4.53	135.45																				4045	544	838	513	837	528	837			218.40	-47.46	205.80	-47.26	212.10	-47.36	291.97	185.64	724.42	337.39	189.58	729.96					745.79	745.79	4.02	4.41	0	0				
07/12/2018	3.3.2	Gaze Project	O4	3	M	Bilingual	G130	06/09/2018	89100	1280 x 720		Raw Data														33735	10:16:22.756	1536226356529172															0	3063		Fixation	8			1.86	191.52	186.99																				4046	551	841	449	850	500	845			221.24	-48.74	180.12	-52.48	200.68	-50.61	292.16	186.08	724.87	338.30	189.86	729.28					746.36	746.36	4.14	4.38	0	0				
07/12/2018	3.3.2	Gaze Project	O4	3	M	Bilingual	G130	06/09/2018	89100	1280 x 720		Raw Data														33743	10:16:22.764	1536226356537502															0	3064		Fixation	8			1.03	345.13	153.61																				4047	556	818	483	859	519	838			223.27	-39.44	194.04	-56.00	208.65	-47.72	292.34	186.49	725.31	337.25	187.63	721.95					746.91	746.91	4.04	4.34	0	0				
07/12/2018	3.3.2	Gaze Project	O4	3	M	Bilingual	G130	06/09/2018	89100	1280 x 720		Raw Data														33752	10:16:22.772	1536226356545854															0	3065		Fixation	8			0.37	274.38	289.26																				4048	545	886	484	872	514	879			218.96	-66.70	194.11	-61.23	206.53	-63.96	292.52	186.89	725.76	337.78	189.60	728.02					747.47	747.47	4.06	4.42	0	0				
07/12/2018	3.3.2	Gaze Project	O4	3	M	Bilingual	G130	06/09/2018	89100	1280 x 720		Raw Data														33760	10:16:22.781	1536226356554222															0	3066		Fixation	8			1.15	142.16	227.78																				4049	492	852	453	848	472	850			197.44	-53.29	181.75	-51.35	189.59	-52.32	292.69	187.29	726.26	339.19	191.50	732.81					748.07	748.07	3.95	4.32	0	0				
07/12/2018	3.3.2	Gaze Project	O4	3	M	Bilingual	G130	06/09/2018	89100	1280 x 720		Raw Data														33768	10:16:22.789	1536226356562490															0	3067		Fixation	8			1.13	348.07	205.91																				4050	529	818	491	856	510	837			212.18	-39.44	196.92	-54.74	204.55	-47.09	292.85	187.66	726.66	337.77	188.52	723.30					748.57	748.57	4.04	4.37	0	0				
07/12/2018	3.3.2	Gaze Project	O4	3	M	Bilingual	G130	06/09/2018	89100	1280 x 720		Raw Data														33777	10:16:22.797	1536226356570843															0	3068		Fixation	8			0.95	42.71	54.63																				4051	529	826	516	833	522	829			212.24	-42.81	207.26	-45.61	209.75	-44.21	293.00	188.03	727.11	338.50	191.54	732.84					749.12	749.12	4.11	4.54	0	0				
07/12/2018	3.3.2	Gaze Project	O4	3	M	Bilingual	G130	06/09/2018	89100	1280 x 720		Raw Data														33785	10:16:22.806	1536226356579178															0	3069		Fixation	8			0.41	180.00	137.29																				4052	532	825	502	833	517	829			213.73	-42.29	201.55	-45.44	207.64	-43.87	293.15	188.41	727.53	338.09	189.04	724.09					749.64	749.64	4.12	4.36	0	0				
07/12/2018	3.3.2	Gaze Project	O4	3	M	Bilingual	G130	06/09/2018	89100	1280 x 720		Raw Data														33793	10:16:22.814	1536226356587520															0	3070		Fixation	8			0.90	35.22	215.22																				4053	546	835	529	814	537	824			219.20	-46.32	212.19	-37.74	215.69	-42.03	293.30	188.79	727.97	347.86	208.43	784.59					750.18	750.18	4.29	4.82	0	0				
07/12/2018	3.3.2	Gaze Project	O4	3	M	Bilingual	G130	06/09/2018	89100	1280 x 720		Raw Data														33802	10:16:22.822	1536226356595894															0	3071		Fixation	8			0.64	211.05	175.82																				4054	539	831	509	826	524	828			216.31	-44.54	204.12	-42.85	210.22	-43.69	293.44	189.19	728.49	338.35	189.38	724.34					750.80	750.80	4.37	4.36	0	0				
07/12/2018	3.3.2	Gaze Project	O4	3	M	Bilingual	G130	06/09/2018	89100	1280 x 720		Raw Data														33810	10:16:22.831	1536226356604155															0	3072		Fixation	8			0.44	39.90	188.85																				4055	540	859	521	816	530	837			216.64	-56.00	209.12	-38.77	212.88	-47.38	293.57	189.55	728.92	338.43	189.38	724.34					751.32	751.32	4.23	4.36	0	0				
07/12/2018	3.3.2	Gaze Project	O4	3	M	Bilingual	G130	06/09/2018	89100	1280 x 720		Raw Data														33818	10:16:22.839	1536226356612485															0	3073		Fixation	8			1.00	178.31	138.41																				4056	548	818	487	815	517	816			220.12	-39.39	195.64	-38.20	207.88	-38.80	293.72	195.62	747.93	338.54	189.46	724.30					771.26	771.26	4.47	4.31	0	0				
07/12/2018	3.3.2	Gaze Project	O4	3	M	Bilingual	G130	06/09/2018	89100	1280 x 720		Raw Data														33827	10:16:22.847	1536226356620836															0	3074		Fixation	8			1.30	240.79	62.48																				4057	549	837	464	856	506	846			220.44	-46.97	186.30	-54.81	203.37	-50.89	293.77	190.06	729.19	338.61	189.55	724.27					751.74	751.74	4.41	4.28	0	0				
07/12/2018	3.3.2	Gaze Project	O4	3	M	Bilingual	G130	06/09/2018	89100	1280 x 720		Raw Data														33835	10:16:22.856	1536226356629207															0	3075		Fixation	8			2.31	53.36	172.57																				4058	539	847	514	789	526	818			216.45	-50.99	206.32	-27.88	211.38	-39.43	293.85	190.46	729.80	339.66	194.59	739.87					752.45	752.45	4.33	4.30	0	0				
07/12/2018	3.3.2	Gaze Project	O4	3	M	Bilingual	G130	06/09/2018	89100	1280 x 720		Raw Data														33843	10:16:22.864	1536226356637484															0	3076		Fixation	8			1.68	274.83	221.47																				4059	556	839	519	848	537	843			223.01	-47.84	208.32	-51.42	215.66	-49.63	293.91	190.77	730.15	338.37	189.96	724.10					752.87	752.87	4.39	4.47	0	0				
07/12/2018	3.3.2	Gaze Project	O4	3	M	Bilingual	G130	06/09/2018	89100	1280 x 720		Raw Data														33852	10:16:22.872	1536226356645819															0	3077		Fixation	8			1.48	121.08	206.25																				4060	572	853	493	805	532	829			229.61	-53.75	197.93	-34.10	213.77	-43.92	293.94	191.04	730.42	338.91	190.90	727.11					753.21	753.21	4.35	4.36	0	0				
07/12/2018	3.3.2	Gaze Project	O4	3	M	Bilingual	G130	06/09/2018	89100	1280 x 720		Raw Data														33860	10:16:22.881	1536226356654151															0	3078		Fixation	8			0.06	296.49	175.41																				4061	564	843	494	807	529	825			226.58	-49.35	198.45	-35.06	212.52	-42.21	293.97	191.32	730.70	339.70	194.89	739.63					753.56	753.56	4.36	4.37	0	0				
07/12/2018	3.3.2	Gaze Project	O4	3	M	Bilingual	G130	06/09/2018	89100	1280 x 720		Raw Data														33864	10:16:22.884								6	Space								3078		Fixation	8			0.06	296.49	175.41																																																						
07/12/2018	3.3.2	Gaze Project	O4	3	M	Bilingual	G130	06/09/2018	89100	1280 x 720		Raw Data														33864	10:16:22.884										14	InstructionEnd	Instruction Element					3078		Fixation	8			0.06	296.49	175.41																																																						
07/12/2018	3.3.2	Gaze Project	O4	3	M	Bilingual	G130	06/09/2018	89100	1280 x 720		Raw Data														33868	10:16:22.889	1536226356662514															0	3079		Fixation	8			0.62	283.35	346.86																				4062	532	871	499	828	515	849			213.57	-61.00	200.24	-43.64	206.90	-52.32	301.12	214.64	803.42	338.89	191.17	727.11					830.20	830.20	4.77	4.43	0	0				
07/12/2018	3.3.2	Gaze Project	O4	3	M	Bilingual	G130	06/09/2018	89100	1280 x 720		Raw Data														33877	10:16:22.897	1536226356670873															0	3080		Fixation	8			0.42	335.15	51.80																				4063	577	849	512	834	544	841			231.72	-51.97	205.50	-45.99	218.61	-48.98	293.96	191.93	731.42	338.90	191.51	727.67					754.43	754.43	4.35	4.54	0	0				
07/12/2018	3.3.2	Gaze Project	O4	3	M	Bilingual	G130	06/09/2018	89100	1280 x 720		Raw Data														33885	10:16:22.906	1536226356679141															0	3081		Fixation	8			0.25	314.91	339.75																				4064	567	853	518	840	542	846			227.79	-53.61	207.91	-48.14	217.85	-50.87	293.93	192.21	731.72	338.86	191.77	727.92					754.80	754.80	4.42	4.69	0	0				
07/12/2018	3.3.2	Gaze Project	O4	3	M	Bilingual	G130	06/09/2018	89100	1280 x 720		Raw Data														33893	10:16:22.914	1536226356687479															0	3082		Fixation	8			0.32	15.30	60.39																				4065	554	840	529	837	541	838			222.43	-48.26	212.29	-47.01	217.36	-47.63	293.90	192.47	731.92	340.24	199.00	750.50					755.07	755.07	4.34	4.95	0	0				
07/12/2018	3.3.2	Gaze Project	O4	3	M	Bilingual	G130	06/09/2018	89100	1280 x 720		Raw Data														33902	10:16:22.922	1536226356695831															0	3083		Fixation	8			1.57	165.16	149.86																				4066	567	826	476	823	521	824			227.67	-42.61	191.19	-41.58	209.43	-42.09	293.87	192.78	732.26	339.78	197.18	744.20					755.48	755.48	4.40	4.52	0	0				
07/12/2018	3.3.2	Gaze Project	O4	3	M	Bilingual	G130	06/09/2018	89100	1280 x 720		Raw Data														33910	10:16:22.931	1536226356704187															0	3084		Fixation	8			1.73	56.64	251.49																				4067	541	861	511	770	526	815			217.29	-56.89	205.17	-20.08	211.23	-38.49	293.83	193.08	732.58	340.13	199.45	750.75					755.88	755.88	4.39	4.38	0	0				
07/12/2018	3.3.2	Gaze Project	O4	3	M	Bilingual	G130	06/09/2018	89100	1280 x 720		Raw Data														33918	10:16:22.939	1536226356712541															0	3085		Fixation	8			1.02	240.72	184.08																				4068	527	841	493	802	510	821			211.48	-48.80	198.09	-32.84	204.79	-40.82	293.79	193.31	732.68	338.72	192.92	729.25					756.04	756.04	4.31	4.41	0	0				
07/12/2018	3.3.2	Gaze Project	O4	3	M	Bilingual	G130	06/09/2018	89100	1280 x 720		Raw Data														33927	10:16:22.947	1536226356720811															0	3086		Fixation	8			2.38	295.87	55.15																				4069	570	856	529	876	549	866			228.96	-54.94	212.23	-62.63	220.59	-58.79	293.76	193.62	732.98	338.55	193.23	729.13					756.42	756.42	4.39	4.51	0	0				
07/12/2018	3.3.2	Gaze Project	O4	3	M	Bilingual	G130	06/09/2018	89100	1280 x 720		Raw Data														33935	10:16:22.956	1536226356729140															0	3087		Fixation	8			2.17	102.01	166.14																				4070	557	818	513	801	535	809			223.77	-39.30	206.03	-32.57	214.90	-35.94	293.80	193.95	733.10	339.59	197.94	743.84					756.63	756.63	4.39	4.78	0	0				
07/12/2018	3.3.2	Gaze Project	O4	3	M	Bilingual	G130	06/09/2018	89100	1280 x 720		Raw Data														33943	10:16:22.964	1536226356737487															0	3088		Fixation	8			4.79	70.78	328.78																				4071	591	680	570	638	580	659			237.40	16.19	228.61	32.89	233.00	24.54	293.90	194.39	733.31	345.76	208.15	773.69					756.97	756.97	4.42	4.92	0	0				
07/12/2018	3.3.2	Gaze Project	O4	3	M	Bilingual	G130	06/09/2018	89100	1280 x 720		Raw Data														33952	10:16:22.972	1536226356745854															0	3089		Fixation	8			6.37	23.20	312.41																				4072	645	638	769	553	707	595			258.84	32.89	308.54	67.29	283.69	50.09	293.99	194.62	733.22	338.37	194.16	728.75					756.96	756.96	4.34	4.44	0	0				
07/12/2018	3.3.2	Gaze Project	O4	3	M	Bilingual	G130	06/09/2018	89100	1280 x 720		Raw Data														33960	10:16:22.981	1536226356754136															0			Unclassified	8																									4073	619	596			619	596			248.32	49.79					294.06	195.36	734.10		-34.01						758.02		4.42		0	4				
07/12/2018	3.3.2	Gaze Project	O4	3	M	Bilingual	G130	06/09/2018	89100	1280 x 720		Raw Data														33968	10:16:22.989	1536226356762473															0	3090		Fixation	8			6.28	189.54	166.34																				4074	647	591	560	588	603	589			259.57	52.03	224.90	53.29	242.23	52.66	294.07	195.69	734.28	346.01	209.60	774.99					758.29	758.29	4.47	4.89	0	0				
07/12/2018	3.3.2	Gaze Project	O4	3	M	Bilingual	G130	06/09/2018	89100	1280 x 720		Raw Data														33977	10:16:22.997	1536226356770814															0	3091		Fixation	8			2.47	11.48	181.94																				4075	645	609	644	571	644	590			259.08	44.55	258.45	60.00	258.76	52.27	294.10	195.97	734.27	340.41	202.96	754.24					758.37	758.37	4.44	4.85	0	0				
07/12/2018	3.3.2	Gaze Project	O4	3	M	Bilingual	G130	06/09/2018	89100	1280 x 720		Raw Data														33985	10:16:23.006	1536226356779175															0			Unclassified	8																									4076	649	586			649	586			260.36	53.77					294.15	196.22	734.16		-34.01						758.34		4.46		0	4				
07/12/2018	3.3.2	Gaze Project	O4	3	M	Bilingual	G130	06/09/2018	89100	1280 x 720		Raw Data														33993	10:16:23.014	1536226356787526															0	3092		Fixation	8			0.98	176.52	165.04																				4077	642	592	611	569	626	580			257.56	51.36	245.46	60.98	251.51	56.17	294.21	196.57	734.35	340.60	203.77	755.01					758.64	758.64	4.43	4.91	0	0				
07/12/2018	3.3.2	Gaze Project	O4	3	M	Bilingual	G130	06/09/2018	89100	1280 x 720		Raw Data														34002	10:16:23.022	1536226356795792															0			Unclassified	8																									4078	636	569			636	569			255.35	61.00					294.28	196.79	734.26		-34.01						758.63		4.23		0	4				
07/12/2018	3.3.2	Gaze Project	O4	3	M	Bilingual	G130	06/09/2018	89100	1280 x 720		Raw Data														34010	10:16:23.031	1536226356804120															0			Unclassified	8																									4079	648	623			648	623			260.15	39.13					294.35	197.16	734.68		-34.01						759.13		4.41		0	4				
07/12/2018	3.3.2	Gaze Project	O4	3	M	Bilingual	G130	06/09/2018	89100	1280 x 720		Raw Data														34018	10:16:23.039	1536226356812486															0			Unclassified	8																									4080	635	579			635	579			254.83	56.71					294.43	197.35	734.69		-34.01						759.21		4.44		0	4				
07/12/2018	3.3.2	Gaze Project	O4	3	M	Bilingual	G130	06/09/2018	89100	1280 x 720		Raw Data														34027	10:16:23.047	1536226356820844															0	3093		Fixation	8			0.22	344.01	167.49																				4081	622	584	618	571	620	577			249.63	54.75	248.25	59.91	248.94	57.33	298.79	211.82	778.59	340.72	203.88	752.89					805.59	805.59	4.79	4.84	0	0				
07/12/2018	3.3.2	Gaze Project	O4	3	M	Bilingual	G130	06/09/2018	89100	1280 x 720		Raw Data														34035	10:16:23.056	1536226356829195															0			Unclassified	8																									4082	696	580			696	580			279.48	56.41					294.50	197.48	734.64		-34.01						759.20		4.46		0	4				
07/12/2018	3.3.2	Gaze Project	O4	3	M	Bilingual	G130	06/09/2018	89100	1280 x 720		Raw Data														34043	10:16:23.064	1536226356837464															0			Unclassified	8																									4083	628	588			628	588			252.25	53.25					294.53	197.91	735.26		-34.01						759.93		4.48		0	4				
07/12/2018	3.3.2	Gaze Project	O4	3	M	Bilingual	G130	06/09/2018	89100	1280 x 720		Raw Data														34052	10:16:23.072	1536226356845795															0	3094		Fixation	8			0.41	74.10	90.10																				4084	659	561	622	557	640	559			264.43	63.98	249.75	65.80	257.09	64.89	294.52	198.01	735.34	350.73	220.87	803.34					760.03	760.03	4.45	5.19	0	0				
07/12/2018	3.3.2	Gaze Project	O4	3	M	Bilingual	G130	06/09/2018	89100	1280 x 720		Raw Data														34060	10:16:23.081	1536226356854150															0	3095		Fixation	8			0.92	327.72	253.62																				4085	639	557	649	574	644	565			256.47	65.78	260.65	58.70	258.56	62.24	294.47	198.21	735.73	340.91	205.49	756.47					760.46	760.46	4.40	4.84	0	0				
07/12/2018	3.3.2	Gaze Project	O4	3	M	Bilingual	G130	06/09/2018	89100	1280 x 720		Raw Data														34068	10:16:23.089	1536226356862508															0			Unclassified	8																									4086	670	567			670	567			269.14	61.68					294.42	198.39	736.07		-34.01						760.83		4.48		0	4				
07/12/2018	3.3.2	Gaze Project	O4	3	M	Bilingual	G130	06/09/2018	89100	1280 x 720		Raw Data														34077	10:16:23.097	1536226356870777															0			Unclassified	8																									4087	638	568			638	568			255.97	61.32					294.30	198.47	736.03		-34.01						760.82		4.49		0	4				
07/12/2018	3.3.2	Gaze Project	O4	3	M	Bilingual	G130	06/09/2018	89100	1280 x 720		Raw Data														34085	10:16:23.106	1536226356879134															0	3096		Fixation	8			0.74	205.63	237.91																				4088	618	508	626	585	622	546			248.18	85.39	251.22	54.40	249.70	69.89	294.22	203.23	750.82	340.51	205.47	755.38					776.33	776.33	4.54	4.99	0	0				
07/12/2018	3.3.2	Gaze Project	O4	3	M	Bilingual	G130	06/09/2018	89100	1280 x 720		Raw Data														34093	10:16:23.114	1536226356887459															0	3097		Fixation	8			0.75	168.65	323.02																				4089	621	483	601	580	611	531			249.24	95.26	241.15	56.34	245.20	75.80	294.05	198.83	736.39	340.41	205.90	756.26					761.26	761.26	4.42	4.87	0	0				
07/12/2018	3.3.2	Gaze Project	O4	3	M	Bilingual	G130	06/09/2018	89100	1280 x 720		Raw Data														34102	10:16:23.122	1536226356895807															0			Unclassified	8																									4090	662	577			662	577			265.90	57.67					293.91	199.06	736.66		-34.01						761.57		4.52		0	4				
07/12/2018	3.3.2	Gaze Project	O4	3	M	Bilingual	G130	06/09/2018	89100	1280 x 720		Raw Data														34110	10:16:23.131	1536226356904177															0			Unclassified	8																									4091	654	504			654	504			262.45	87.17					301.02	223.46	811.03		-34.01						840.10		4.91		0	4				
07/12/2018	3.3.2	Gaze Project	O4	3	M	Bilingual	G130	06/09/2018	89100	1280 x 720		Raw Data														34118	10:16:23.139	1536226356912435															0	3098		Fixation	8			0.86	352.12	183.47																				4092	640	531	630	584	635	557			256.91	76.16	252.91	54.82	254.91	65.49	293.64	199.48	737.02	340.17	207.50	759.62					762.03	762.03	4.50	5.00	0	0				
07/12/2018	3.3.2	Gaze Project	O4	3	M	Bilingual	G130	06/09/2018	89100	1280 x 720		Raw Data														34127	10:16:23.147	1536226356920779															0			Unclassified	8																									4093	625	452			625	452			250.83	108.00					293.50	199.37	736.21		-34.01						761.22		4.28		0	4				
07/12/2018	3.3.2	Gaze Project	O4	3	M	Bilingual	G130	06/09/2018	89100	1280 x 720		Raw Data														34135	10:16:23.156	1536226356929138															0	3099		Fixation	8			1.34	208.29	216.17																				4094	665	553	589	606	627	579			267.13	67.40	236.46	45.92	251.79	56.66	293.36	199.81	737.15	339.74	207.03	757.20					762.25	762.25	4.50	5.05	0	0				
07/12/2018	3.3.2	Gaze Project	O4	3	M	Bilingual	G130	06/09/2018	89100	1280 x 720		Raw Data														34143	10:16:23.164	1536226356937490															0	3100		Fixation	8			1.50	60.06	211.77																				4095	643	513	615	561	629	537			257.94	83.24	246.79	64.12	252.37	73.68	293.25	199.86	736.89	339.46	206.44	755.01					762.01	762.01	4.41	4.98	0	0				
07/12/2018	3.3.2	Gaze Project	O4	3	M	Bilingual	G130	06/09/2018	89100	1280 x 720		Raw Data														34152	10:16:23.172	1536226356945847															0			Unclassified	8																									4096	616	524			616	524			247.38	78.77					293.13	200.22	737.68		-34.01						762.86		4.31		0	4				
07/12/2018	3.3.2	Gaze Project	O4	3	M	Bilingual	G130	06/09/2018	89100	1280 x 720		Raw Data														34160	10:16:23.181	1536226356954110															0			Unclassified	8																									4097	643	269			643	269			258.07	181.74					293.01	200.11	737.08		-34.01						762.25		3.19		0	4				
07/12/2018	3.3.2	Gaze Project	O4	3	M	Bilingual	G130	06/09/2018	89100	1280 x 720		Raw Data	attention.avi	190	0	900	720									34164	10:16:23.185										15	MovieStart	attention.avi					3101		Fixation	8	371	577	1.66	196.55	136.49																																																						
07/12/2018	3.3.2	Gaze Project	O4	3	M	Bilingual	G130	06/09/2018	89100	1280 x 720		Raw Data	attention.avi	190	0	900	720									34168	10:16:23.189	1536226356962439															0	3101		Fixation	8	371	577	1.66	196.55	136.49																				4098	580	599	561	577	570	588	380	588	232.98	48.62	225.07	57.78	229.03	53.20	292.91	201.55	741.61	338.24	202.27	741.45					767.00	767.00	4.43	4.59	0	0				
07/12/2018	3.3.2	Gaze Project	O4	3	M	Bilingual	G130	06/09/2018	89100	1280 x 720		Raw Data	attention.avi	190	0	900	720									34177	10:16:23.197	1536226356970804															0			Unclassified	8																									4099	604	567			604	567	414	567	242.38	61.44					292.80	202.13	743.23		-34.01						768.71		4.41		0	4				
07/12/2018	3.3.2	Gaze Project	O4	3	M	Bilingual	G130	06/09/2018	89100	1280 x 720		Raw Data	attention.avi	190	0	900	720									34185	10:16:23.206	1536226356979163															0	3102		Fixation	8	499	450	5.39	44.87	208.31																				4100	595	566	689	450	642	508	452	508	238.89	61.96	276.52	108.64	257.71	85.30	292.71	202.27	743.50	338.00	202.25	741.00					769.00	769.00	4.44	4.44	0	0				
07/12/2018	3.3.2	Gaze Project	O4	3	M	Bilingual	G130	06/09/2018	89100	1280 x 720		Raw Data	attention.avi	190	0	900	720									34193	10:16:23.214	1536226356987431															0			Unclassified	8																									4101	674	601			674	601	484	601	270.42	48.00					292.61	201.88	742.10		-34.01						767.55		4.90		0	4				
07/12/2018	3.3.2	Gaze Project	O4	3	M	Bilingual	G130	06/09/2018	89100	1280 x 720		Raw Data	attention.avi	190	0	900	720									34202	10:16:23.222	1536226356995778															0	3103		Fixation	8	411	482	2.85	200.04	155.17																				4102	653	480	601	482	627	481	437	481	262.30	96.70	241.22	95.91	251.76	96.30	295.93	212.45	773.63	337.43	200.48	734.78					800.92	800.92	5.00	4.48	0	0				
07/12/2018	3.3.2	Gaze Project	O4	3	M	Bilingual	G130	06/09/2018	89100	1280 x 720		Raw Data	attention.avi	190	0	900	720									34210	10:16:23.231	1536226357004118															0	3104		Fixation	8	602	494	5.89	356.39	156.35																				4103	554	423	792	494	673	458	483	458	222.45	119.52	318.08	90.95	270.27	105.24	292.43	202.57	743.92	337.34	200.44	734.79					769.48	769.48	4.07	4.31	0	0				
07/12/2018	3.3.2	Gaze Project	O4	3	M	Bilingual	G130	06/09/2018	89100	1280 x 720		Raw Data	attention.avi	190	0	900	720									34218	10:16:23.239	1536226357012462															0	3105		Fixation	8	415	562	6.07	200.04	203.65																				4104	663	489	605	562	634	525	444	525	266.08	92.92	242.96	63.45	254.52	78.18	292.35	202.19	742.62	337.24	200.52	734.76					768.13	768.13	4.35	4.73	0	0				
07/12/2018	3.3.2	Gaze Project	O4	3	M	Bilingual	G130	06/09/2018	89100	1280 x 720		Raw Data	attention.avi	190	0	900	720									34227	10:16:23.247	1536226357020829															0			Unclassified	8																									4105	682	187			682	187	492	187	273.76	214.62					297.76	219.71	795.46		-34.01						823.99		3.69		0	4				
07/12/2018	3.3.2	Gaze Project	O4	3	M	Bilingual	G130	06/09/2018	89100	1280 x 720		Raw Data	attention.avi	190	0	900	720									34235	10:16:23.256	1536226357029098															0			Unclassified	8																									4106	639	598			639	598	449	598	256.53	49.27					292.19	202.90	744.58		-34.01						770.20		4.53		0	4				
07/12/2018	3.3.2	Gaze Project	O4	3	M	Bilingual	G130	06/09/2018	89100	1280 x 720		Raw Data	attention.avi	190	0	900	720									34243	10:16:23.264	1536226357037430															0			Unclassified	8																									4107	636	343			636	343	446	343	255.13	151.85					292.13	200.90	737.97		-34.01						763.31		3.79		0	4				
07/12/2018	3.3.2	Gaze Project	O4	3	M	Bilingual	G130	06/09/2018	89100	1280 x 720		Raw Data	attention.avi	190	0	900	720									34252	10:16:23.272	1536226357045785															0			Unclassified	8																									4108	622	256			622	256	432	256	249.82	186.69					300.18	229.26	824.40		-34.01						854.55		3.52		0	4				
07/12/2018	3.3.2	Gaze Project	O4	3	M	Bilingual	G130	06/09/2018	89100	1280 x 720		Raw Data	attention.avi	190	0	900	720									34260	10:16:23.281	1536226357054141															0	3106		Fixation	8	420	543	0.58	75.30	235.26																				4109			610	543	610	543	420	543			244.77	71.47						338.29	208.77	758.74						0.00		5.01	4	0				
07/12/2018	3.3.2	Gaze Project	O4	3	M	Bilingual	G130	06/09/2018	89100	1280 x 720		Raw Data	attention.avi	190	0	900	720									34268	10:16:23.289	1536226357062421															0			Unclassified	8																									4110	648	467			648	467	458	467	259.99	102.05					291.83	201.09	737.90		-34.01						763.28		4.29		0	4				
07/12/2018	3.3.2	Gaze Project	O4	3	M	Bilingual	G130	06/09/2018	89100	1280 x 720		Raw Data	attention.avi	190	0	900	720									34277	10:16:23.297	1536226357070752															0	3107		Fixation	8	431	571	0.90	291.39	216.08																				4111	683	575	621	571	652	573	462	573	274.04	58.52	249.19	59.88	261.62	59.20	291.74	201.10	737.89	336.70	201.13	734.79					763.27	763.27	4.52	4.81	0	0				
07/12/2018	3.3.2	Gaze Project	O4	3	M	Bilingual	G130	06/09/2018	89100	1280 x 720		Raw Data	attention.avi	190	0	900	720									34285	10:16:23.306	1536226357079091															0			Unclassified	8																									4112	676	540			676	540	486	540	271.42	72.65					296.64	218.30	790.65		-34.01						818.94		5.03		0	4				
07/12/2018	3.3.2	Gaze Project	O4	3	M	Bilingual	G130	06/09/2018	89100	1280 x 720		Raw Data	attention.avi	190	0	900	720									34293	10:16:23.314	1536226357087443															0	3108		Fixation	8	431	530	1.17	90.00	158.61																				4113	635	600	621	530	628	565	438	565	254.96	48.24	249.35	76.53	252.15	62.39	291.69	201.37	739.11	349.20	228.05	816.39					764.51	764.51	4.63	5.44	0	0				
07/12/2018	3.3.2	Gaze Project	O4	3	M	Bilingual	G130	06/09/2018	89100	1280 x 720		Raw Data	attention.avi	190	0	900	720									34302	10:16:23.322	1536226357095815															0			Unclassified	8																									4114	641	562			641	562	451	562	257.50	63.75					291.61	201.43	739.24		-34.01						764.65		4.59		0	4				
07/12/2018	3.3.2	Gaze Project	O4	3	M	Bilingual	G130	06/09/2018	89100	1280 x 720		Raw Data	attention.avi	190	0	900	720									34310	10:16:23.331	1536226357104080															0			Unclassified	8																									4115	643	541			643	541	453	541	258.04	72.10					291.49	201.25	738.60		-34.01						763.98		4.57		0	4				
07/12/2018	3.3.2	Gaze Project	O4	3	M	Bilingual	G130	06/09/2018	89100	1280 x 720		Raw Data	attention.avi	190	0	900	720									34318	10:16:23.339	1536226357112424															0			Unclassified	8																									4116	676	315			676	315	486	315	271.51	163.17					291.34	201.42	738.53		-34.01						763.96		3.88		0	4				
07/12/2018	3.3.2	Gaze Project	O4	3	M	Bilingual	G130	06/09/2018	89100	1280 x 720		Raw Data	attention.avi	190	0	900	720									34327	10:16:23.347	1536226357120768															0	3109		Fixation	8	441	541	0.42	312.18	222.18																				4117	589	511	631	541	610	526	420	526	236.34	84.17	253.35	72.01	244.84	78.09	291.36	201.28	738.43	337.59	208.83	758.08					763.82	763.82	4.60	4.96	0	0				
07/12/2018	3.3.2	Gaze Project	O4	3	M	Bilingual	G130	06/09/2018	89100	1280 x 720		Raw Data	attention.avi	190	0	900	720									34335	10:16:23.356	1536226357129128															0			Unclassified	8																									4118	646	582			646	582	456	582	259.42	55.63					291.17	201.45	738.37		-34.01						763.80		4.57		0	4				
07/12/2018	3.3.2	Gaze Project	O4	3	M	Bilingual	G130	06/09/2018	89100	1280 x 720		Raw Data	attention.avi	190	0	900	720									34343	10:16:23.364	1536226357137480															0	3110		Fixation	8	398	627	2.81	243.51	291.33																				4119	630	543	588	627	609	585	419	585	252.97	71.17	236.02	37.60	244.50	54.39	291.21	201.50	738.81	335.95	201.52	734.63					764.24	764.24	4.66	4.85	0	0				
07/12/2018	3.3.2	Gaze Project	O4	3	M	Bilingual	G130	06/09/2018	89100	1280 x 720		Raw Data	attention.avi	190	0	900	720									34352	10:16:23.372	1536226357145746															0	3111		Fixation	8	420	528	2.98	77.51	194.00																				4120	653	568	610	528	631	548	441	548	262.23	61.11	245.04	77.44	253.63	69.28	291.18	201.68	739.22	337.44	209.42	759.33					764.69	764.69	4.54	4.94	0	0				
07/12/2018	3.3.2	Gaze Project	O4	3	M	Bilingual	G130	06/09/2018	89100	1280 x 720		Raw Data	attention.avi	190	0	900	720									34360	10:16:23.381	1536226357154080															0	3112		Fixation	8	426	562	1.03	279.98	202.47																				4121	636	552	616	562	626	557	436	557	255.27	67.77	247.17	63.62	251.22	65.69	291.10	201.80	739.44	335.96	201.83	735.56					764.93	764.93	4.52	4.87	0	0				
07/12/2018	3.3.2	Gaze Project	O4	3	M	Bilingual	G130	06/09/2018	89100	1280 x 720		Raw Data	attention.avi	190	0	900	720									34368	10:16:23.389	1536226357162436															0			Unclassified	8																									4122	629	527			629	527	439	527	252.63	77.61					296.23	220.24	795.26		-34.01						823.89		4.85		0	4				
07/12/2018	3.3.2	Gaze Project	O4	3	M	Bilingual	G130	06/09/2018	89100	1280 x 720		Raw Data	attention.avi	190	0	900	720									34377	10:16:23.397	1536226357170797															0			Unclassified	8																									4123	607	536			607	536	417	536	243.84	73.92					291.03	201.84	739.23		-34.01						764.74		4.53		0	4				
07/12/2018	3.3.2	Gaze Project	O4	3	M	Bilingual	G130	06/09/2018	89100	1280 x 720		Raw Data	attention.avi	190	0	900	720									34385	10:16:23.406	1536226357179063															0	3113		Fixation	8	433	517	1.35	81.19	161.21																				4124			623	517	623	517	433	517			249.99	81.68						337.22	209.53	758.77						0.00		5.03	4	0				
07/12/2018	3.3.2	Gaze Project	O4	3	M	Bilingual	G130	06/09/2018	89100	1280 x 720		Raw Data	attention.avi	190	0	900	720									34393	10:16:23.414	1536226357187414															0			Unclassified	8																									4125	685	520			685	520	495	520	274.91	80.38					290.81	202.06	739.14		-34.01						764.72		4.42		0	4				
07/12/2018	3.3.2	Gaze Project	O4	3	M	Bilingual	G130	06/09/2018	89100	1280 x 720		Raw Data	attention.avi	190	0	900	720									34402	10:16:23.422	1536226357195751															0			Unclassified	8																									4126																			-34.01										4	4				
07/12/2018	3.3.2	Gaze Project	O4	3	M	Bilingual	G130	06/09/2018	89100	1280 x 720		Raw Data	attention.avi	190	0	900	720									34410	10:16:23.431	1536226357204104															0	3114		Fixation	8	459	552	1.28	306.52	225.33																				4127	708	575	649	552	678	563	488	563	284.25	58.35	260.60	67.49	272.43	62.92	290.94	215.13	779.75	338.37	216.34	778.89					807.34	807.34	5.05	5.20	0	0				
07/12/2018	3.3.2	Gaze Project	O4	3	M	Bilingual	G130	06/09/2018	89100	1280 x 720		Raw Data	attention.avi	190	0	900	720									34418	10:16:23.439	1536226357212463															0	3115		Fixation	8	467	388	4.71	87.22	140.70																				4128	631	548	657	388	644	468	454	468	253.40	69.21	263.55	133.56	258.48	101.38	290.94	217.02	785.43	343.37	218.42	784.24					813.32	813.32	4.86	4.92	0	0				
07/12/2018	3.3.2	Gaze Project	O4	3	M	Bilingual	G130	06/09/2018	89100	1280 x 720		Raw Data	attention.avi	190	0	900	720									34427	10:16:23.447	1536226357220731															0	3116		Fixation	8	473	442	1.57	276.32	189.10																				4129			663	442	663	442	473	442			266.16	111.98						343.38	218.49	784.32						0.00		5.14	4	0				
07/12/2018	3.3.2	Gaze Project	O4	3	M	Bilingual	G130	06/09/2018	89100	1280 x 720		Raw Data	attention.avi	190	0	900	720									34435	10:16:23.456	1536226357229078															0	3117		Fixation	8	462	534	2.69	263.20	346.88																				4130	628	503	652	534	640	518	450	518	252.19	87.43	261.83	74.88	257.01	81.15	291.04	211.11	767.18	337.28	210.00	759.26					794.16	794.16	4.68	4.96	0	0				
07/12/2018	3.3.2	Gaze Project	O4	3	M	Bilingual	G130	06/09/2018	89100	1280 x 720		Raw Data	attention.avi	190	0	900	720									34443	10:16:23.464	1536226357237422															0	3118		Fixation	8	449	529	0.41	158.90	255.70																				4131			639	529	639	529	449	529			256.54	76.93						337.56	211.43	763.53						0.00		5.09	4	0				
07/12/2018	3.3.2	Gaze Project	O4	3	M	Bilingual	G130	06/09/2018	89100	1280 x 720		Raw Data	attention.avi	190	0	900	720									34452	10:16:23.472	1536226357245777															0	3119		Fixation	8	543	292	6.83	68.43	269.53																				4132	686	451	733	292	709	371	519	371	275.39	108.40	294.12	172.39	284.75	140.40	291.06	203.26	742.62	363.51	261.61	915.09					768.39	768.39	4.21	5.92	0	0				
07/12/2018	3.3.2	Gaze Project	O4	3	M	Bilingual	G130	06/09/2018	89100	1280 x 720		Raw Data	attention.avi	190	0	900	720									34460	10:16:23.481	1536226357254132															0	3120		Fixation	8	585	299	1.06	350.51	282.08																				4133	678	543	775	299	726	421	536	421	272.01	71.29	311.24	169.43	291.62	120.36	291.12	203.16	742.66	364.04	262.77	918.53					768.41	768.41	4.71	5.98	0	0				
07/12/2018	3.3.2	Gaze Project	O4	3	M	Bilingual	G130	06/09/2018	89100	1280 x 720		Raw Data	attention.avi	190	0	900	720									34468	10:16:23.489	1536226357262396															0			Unclassified	8																									4134	606	554			606	554	416	554	243.25	66.80					291.15	217.10	785.24		-34.01						813.17		4.84		0	4				
07/12/2018	3.3.2	Gaze Project	O4	3	M	Bilingual	G130	06/09/2018	89100	1280 x 720		Raw Data	attention.avi	190	0	900	720									34477	10:16:23.497	1536226357270728															0	3121		Fixation	8	475	507	6.41	242.20	251.70																				4135	659	567	665	507	662	537	472	537	264.57	61.80	266.88	85.65	265.72	73.73	291.23	203.21	742.63	336.04	202.63	736.01					768.41	768.41	4.58	4.71	0	0				
07/12/2018	3.3.2	Gaze Project	O4	3	M	Bilingual	G130	06/09/2018	89100	1280 x 720		Raw Data	attention.avi	190	0	900	720									34485	10:16:23.506	1536226357279089															0			Unclassified	8																									4136	654	449			654	449	464	449	262.65	108.93					291.28	212.57	771.15		-34.01						798.40		4.84		0	4				
07/12/2018	3.3.2	Gaze Project	O4	3	M	Bilingual	G130	06/09/2018	89100	1280 x 720		Raw Data	attention.avi	190	0	900	720									34493	10:16:23.514	1536226357287446															0	3122		Fixation	8	469	509	0.19	198.49	316.29																				4137	668	569	659	509	663	539	473	539	268.21	60.67	264.38	84.99	266.30	72.83	291.34	217.70	786.68	336.12	202.81	735.94					814.74	814.74	5.07	4.63	0	0				
07/12/2018	3.3.2	Gaze Project	O4	3	M	Bilingual	G130	06/09/2018	89100	1280 x 720		Raw Data	attention.avi	190	0	900	720									34502	10:16:23.522	1536226357295716															0	3123		Fixation	8	464	517	0.28	238.08	39.59																				4138			654	517	654	517	464	517			262.34	81.87						338.89	217.36	780.93						0.00		5.13	4	0				
07/12/2018	3.3.2	Gaze Project	O4	3	M	Bilingual	G130	06/09/2018	89100	1280 x 720		Raw Data	attention.avi	190	0	900	720									34510	10:16:23.531	1536226357304063															0	3124		Fixation	8	429	564	1.70	233.41	355.34																				4139	598	523	619	564	608	543	418	543	239.97	79.35	248.38	63.01	244.18	71.18	291.53	212.86	771.53	336.21	202.86	735.92					798.86	798.86	4.75	4.73	0	0				
07/12/2018	3.3.2	Gaze Project	O4	3	M	Bilingual	G130	06/09/2018	89100	1280 x 720		Raw Data	attention.avi	190	0	900	720									34518	10:16:23.539	1536226357312405															0	3125		Fixation	8	444	589	0.89	300.88	67.47																				4140	607	490	634	589	620	539	430	539	243.83	92.48	254.32	52.95	249.07	72.71	291.60	218.32	788.06	336.21	202.88	735.91					816.25	816.25	4.90	4.81	0	0				
07/12/2018	3.3.2	Gaze Project	O4	3	M	Bilingual	G130	06/09/2018	89100	1280 x 720		Raw Data	attention.avi	190	0	900	720									34527	10:16:23.547	1536226357320758															0			Unclassified	8																									4141																			-34.01										4	4				
07/12/2018	3.3.2	Gaze Project	O4	3	M	Bilingual	G130	06/09/2018	89100	1280 x 720		Raw Data	attention.avi	190	0	900	720									34535	10:16:23.556	1536226357329116															0	3126		Fixation	8	431	579	0.50	142.34	201.46																				4142			621	579	621	579	431	579			249.44	56.65						336.64	202.65	736.00						0.00		4.80	4	0				
07/12/2018	3.3.2	Gaze Project	O4	3	M	Bilingual	G130	06/09/2018	89100	1280 x 720		Raw Data	attention.avi	190	0	900	720									34543	10:16:23.564	1536226357337373															0	3127		Fixation	8	422	521	1.77	98.79	316.45																				4143	626	506	612	521	619	513	429	513	251.29	86.00	245.68	80.23	248.49	83.12	292.06	211.73	767.59	336.86	203.25	737.44					794.78	794.78	4.76	4.68	0	0				
07/12/2018	3.3.2	Gaze Project	O4	3	M	Bilingual	G130	06/09/2018	89100	1280 x 720		Raw Data	attention.avi	190	0	900	720									34552	10:16:23.572	1536226357345712															0			Unclassified	8																									4144	653	527			653	527	463	527	262.16	77.58					292.19	217.48	785.06		-34.01						813.17		4.72		0	4				
07/12/2018	3.3.2	Gaze Project	O4	3	M	Bilingual	G130	06/09/2018	89100	1280 x 720		Raw Data	attention.avi	190	0	900	720									34560	10:16:23.581	1536226357354072															0			Unclassified	8																									4145	698	602			698	602	508	602	280.30	47.63					292.33	213.70	773.46		-34.01						800.98		4.76		0	4				
07/12/2018	3.3.2	Gaze Project	O4	3	M	Bilingual	G130	06/09/2018	89100	1280 x 720		Raw Data	attention.avi	190	0	900	720									34568	10:16:23.589	1536226357362429															0	3128		Fixation	8	384	580	2.09	237.30	138.51																				4146	609	598	574	580	591	589	401	589	244.32	48.99	230.56	56.43	237.44	52.71	292.47	213.06	771.48	337.19	203.32	737.41					798.91	798.91	4.67	4.58	0	0				
07/12/2018	3.3.2	Gaze Project	O4	3	M	Bilingual	G130	06/09/2018	89100	1280 x 720		Raw Data	attention.avi	190	0	900	720									34577	10:16:23.597	1536226357370786															0			Unclassified	8																									4147	646	520			646	520	456	520	259.27	80.47					292.57	213.22	771.97		-34.01						799.43		4.66		0	4				
07/12/2018	3.3.2	Gaze Project	O4	3	M	Bilingual	G130	06/09/2018	89100	1280 x 720		Raw Data	attention.avi	190	0	900	720									34585	10:16:23.606	1536226357379046															0			Unclassified	8																									4148																			-34.01										4	4				
07/12/2018	3.3.2	Gaze Project	O4	3	M	Bilingual	G130	06/09/2018	89100	1280 x 720		Raw Data	attention.avi	190	0	900	720									34593	10:16:23.614	1536226357387378															0			Unclassified	8																									4149																			-34.01										4	4				
07/12/2018	3.3.2	Gaze Project	O4	3	M	Bilingual	G130	06/09/2018	89100	1280 x 720		Raw Data	attention.avi	190	0	900	720									34602	10:16:23.622	1536226357395745															0	3129		Fixation	8	451	547	2.23	26.30	149.00																				4150	648	549	641	547	644	548	454	548	260.12	68.94	257.30	69.76	258.71	69.35	292.82	217.11	783.72	337.55	203.22	737.69					811.80	811.80	4.61	4.64	0	0				
07/12/2018	3.3.2	Gaze Project	O4	3	M	Bilingual	G130	06/09/2018	89100	1280 x 720		Raw Data	attention.avi	190	0	900	720									34610	10:16:23.631	1536226357404086															0			Unclassified	8																									4151																			-34.01										4	4				
07/12/2018	3.3.2	Gaze Project	O4	3	M	Bilingual	G130	06/09/2018	89100	1280 x 720		Raw Data	attention.avi	190	0	900	720									34618	10:16:23.639	1536226357412367															0	3130		Fixation	8	490	548	1.17	358.53	332.23																				4152	607	213	680	548	643	380	453	380	243.46	204.36	273.11	69.25	258.28	136.80	297.81	220.83	794.13	338.53	207.77	751.87					823.08	823.08	3.51	4.41	0	0				
07/12/2018	3.3.2	Gaze Project	O4	3	M	Bilingual	G130	06/09/2018	89100	1280 x 720		Raw Data	attention.avi	190	0	900	720									34627	10:16:23.647	1536226357420712															0	3131		Fixation	8	428	568	1.93	197.93	199.41																				4153	663	458	618	568	640	513	450	513	266.31	105.48	248.25	61.33	257.28	83.40	292.87	205.49	748.08	338.42	207.07	749.71					774.36	774.36	4.04	4.49	0	0				
07/12/2018	3.3.2	Gaze Project	O4	3	M	Bilingual	G130	06/09/2018	89100	1280 x 720		Raw Data	attention.avi	190	0	900	720									34635	10:16:23.656	1536226357429055															0	3132		Fixation	8	429	524	1.30	88.70	250.77																				4154	668	406	619	524	643	465	453	465	268.09	126.53	248.65	78.99	258.37	102.76	292.88	203.65	742.09	338.52	207.59	751.26					768.10	768.10	3.74	4.48	0	0				
07/12/2018	3.3.2	Gaze Project	O4	3	M	Bilingual	G130	06/09/2018	89100	1280 x 720		Raw Data	attention.avi	190	0	900	720									34643	10:16:23.664	1536226357437400															0	3133		Fixation	8	452	450	2.32	72.79	344.08																				4155	624	298	642	450	633	374	443	374	250.29	169.80	257.71	108.75	254.00	139.27	292.88	203.65	742.11	337.74	203.45	738.26					768.12	768.12	3.36	4.04	0	0				
07/12/2018	3.3.2	Gaze Project	O4	3	M	Bilingual	G130	06/09/2018	89100	1280 x 720		Raw Data	attention.avi	190	0	900	720									34652	10:16:23.672	1536226357445768															0	3134		Fixation	8	371	528	3.34	224.01	151.22																				4156			561	528	561	528	371	528			225.14	77.42						339.73	207.82	751.08						0.00		4.39	4	0				
07/12/2018	3.3.2	Gaze Project	O4	3	M	Bilingual	G130	06/09/2018	89100	1280 x 720		Raw Data	attention.avi	190	0	900	720									34660	10:16:23.681	1536226357454038															0	3135		Fixation	8	367	547	0.57	258.15	34.14																				4157	633	154	557	547	595	350	405	350	253.90	228.09	223.71	69.56	238.80	148.82	296.90	217.61	784.41	339.09	206.49	747.02					812.81	812.81	3.89	4.36	0	0				
07/12/2018	3.3.2	Gaze Project	O4	3	M	Bilingual	G130	06/09/2018	89100	1280 x 720		Raw Data	attention.avi	190	0	900	720									34668	10:16:23.689	1536226357462362															0	3136		Fixation	8	372	553	0.23	309.71	51.57																				4158			562	553	562	553	372	553			225.79	67.35						339.08	206.51	747.06						0.00		4.48	4	0				
07/12/2018	3.3.2	Gaze Project	O4	3	M	Bilingual	G130	06/09/2018	89100	1280 x 720		Raw Data	attention.avi	190	0	900	720									34677	10:16:23.697	1536226357470723															0	3137		Fixation	8	442	493	2.73	40.69	90.98																				4159			632	493	632	493	442	493			253.59	91.47						337.68	203.51	738.28						0.00		4.29	4	0				
07/12/2018	3.3.2	Gaze Project	O4	3	M	Bilingual	G130	06/09/2018	89100	1280 x 720		Raw Data	attention.avi	190	0	900	720									34685	10:16:23.706	1536226357479085															0			Unclassified	8																									4160	631	355			631	355	441	355	253.21	147.17					292.77	203.49	742.17		-34.01						768.12		3.55		0	4				
07/12/2018	3.3.2	Gaze Project	O4	3	M	Bilingual	G130	06/09/2018	89100	1280 x 720		Raw Data	attention.avi	190	0	900	720									34693	10:16:23.714	1536226357487361															0	3138		Fixation	8	389	533	1.99	217.13	176.44																				4161			579	533	579	533	389	533			232.59	75.37						337.60	203.68	738.21						0.00		4.27	4	0				
07/12/2018	3.3.2	Gaze Project	O4	3	M	Bilingual	G130	06/09/2018	89100	1280 x 720		Raw Data	attention.avi	190	0	900	720									34702	10:16:23.722	1536226357495703															0	3139		Fixation	8	404	504	0.97	62.73	205.59																				4162	623	457	594	504	608	480	418	480	249.88	105.76	238.28	87.12	244.08	96.44	292.66	203.55	742.06	339.05	206.93	748.03					768.03	768.03	4.26	4.30	0	0				
07/12/2018	3.3.2	Gaze Project	O4	3	M	Bilingual	G130	06/09/2018	89100	1280 x 720		Raw Data	attention.avi	190	0	900	720									34710	10:16:23.731	1536226357504028															0	3140		Fixation	8	394	508	0.31	201.87	139.14																				4163	620	574	584	508	602	541	412	541	249.05	58.73	234.41	85.40	241.73	72.06	292.62	218.09	786.90	348.23	226.43	807.13					815.12	815.12	4.70	4.34	0	0				
07/12/2018	3.3.2	Gaze Project	O4	3	M	Bilingual	G130	06/09/2018	89100	1280 x 720		Raw Data	attention.avi	190	0	900	720									34718	10:16:23.739	1536226357512394															0	3141		Fixation	8	455	492	1.82	14.74	172.88																				4164	639	600	645	492	642	546	452	546	256.53	48.42	259.05	91.62	257.79	70.02	292.52	211.80	767.76	337.29	203.73	738.19					794.99	794.99	4.43	4.39	0	0				
07/12/2018	3.3.2	Gaze Project	O4	3	M	Bilingual	G130	06/09/2018	89100	1280 x 720		Raw Data	attention.avi	190	0	900	720									34727	10:16:23.747	1536226357520756															0			Unclassified	8																									4165	660	591			660	591	470	591	264.97	51.98					292.42	217.48	785.26		-34.01						813.36		4.65		0	4				
07/12/2018	3.3.2	Gaze Project	O4	3	M	Bilingual	G130	06/09/2018	89100	1280 x 720		Raw Data	attention.avi	190	0	900	720									34735	10:16:23.756	1536226357529010															0	3142		Fixation	8	452	477	0.47	101.27	86.53																				4166	645	574	642	477	643	525	453	525	258.88	58.87	257.81	98.05	258.34	78.46	292.34	212.91	771.45	337.19	203.73	738.65					798.82	798.82	4.58	4.39	0	0				
07/12/2018	3.3.2	Gaze Project	O4	3	M	Bilingual	G130	06/09/2018	89100	1280 x 720		Raw Data	attention.avi	190	0	900	720									34743	10:16:23.764	1536226357537361															0			Unclassified	8																									4167	668	542			668	542	478	542	268.32	71.84					292.23	219.31	791.22		-34.01						819.59		4.58		0	4				
07/12/2018	3.3.2	Gaze Project	O4	3	M	Bilingual	G130	06/09/2018	89100	1280 x 720		Raw Data	attention.avi	190	0	900	720									34752	10:16:23.772	1536226357545705															0	3143		Fixation	8	390	613	4.46	245.56	144.29																				4168	573	531	580	613	576	572	386	572	230.01	76.06	232.85	42.93	231.43	59.50	292.18	217.50	785.92	336.92	203.28	737.40					813.99	813.99	4.60	4.61	0	0				
07/12/2018	3.3.2	Gaze Project	O4	3	M	Bilingual	G130	06/09/2018	89100	1280 x 720		Raw Data	attention.avi	190	0	900	720									34760	10:16:23.781	1536226357554049															0			Unclassified	8																									4169	696	573			696	573	506	573	279.29	59.17					292.04	220.22	794.48		-34.01						822.95		4.89		0	4				
07/12/2018	3.3.2	Gaze Project	O4	3	M	Bilingual	G130	06/09/2018	89100	1280 x 720		Raw Data	attention.avi	190	0	900	720									34768	10:16:23.789	1536226357562419															0	3144		Fixation	8	427	550	2.16	59.65	174.09																				4170	649	602	617	550	633	576	443	576	260.36	47.67	247.51	68.36	253.94	58.01	291.98	217.05	785.05	336.75	203.33	737.38					813.01	813.01	4.57	4.60	0	0				
07/12/2018	3.3.2	Gaze Project	O4	3	M	Bilingual	G130	06/09/2018	89100	1280 x 720		Raw Data	attention.avi	190	0	900	720									34776	10:16:23.797	1536226357570685															0	3145		Fixation	8	434	522	0.81	76.01	16.35																				4171			624	522	624	522	434	522			250.56	79.79						351.12	234.17	831.18						0.00		5.27	4	0				
07/12/2018	3.3.2	Gaze Project	O4	3	M	Bilingual	G130	06/09/2018	89100	1280 x 720		Raw Data	attention.avi	190	0	900	720									34785	10:16:23.806	1536226357579019															0	3146		Fixation	8	502	479	2.28	32.39	316.38																				4172			692	479	692	479	502	479			277.61	96.97						336.62	203.01	737.51						0.00		4.31	4	0				
07/12/2018	3.3.2	Gaze Project	O4	3	M	Bilingual	G130	06/09/2018	89100	1280 x 720		Raw Data	attention.avi	190	0	900	720									34793	10:16:23.814	1536226357587366															0			Unclassified	8																									4173																			-34.01										4	4				
07/12/2018	3.3.2	Gaze Project	O4	3	M	Bilingual	G130	06/09/2018	89100	1280 x 720		Raw Data	attention.avi	190	0	900	720									34802	10:16:23.822	1536226357595736															0	3147		Fixation	8	467	534	1.91	237.61	205.22																				4174			657	534	657	534	467	534			263.55	74.93						339.29	218.18	783.93						0.00		5.04	4	0				
07/12/2018	3.3.2	Gaze Project	O4	3	M	Bilingual	G130	06/09/2018	89100	1280 x 720		Raw Data	attention.avi	190	0	900	720									34810	10:16:23.831	1536226357604011															0	3148		Fixation	8	396	525	2.04	172.75	295.14																				4175	638	32	586	525	612	278	422	278	256.28	277.16	235.32	78.54	245.80	177.85	310.70	270.05	947.38	339.39	218.82	786.02					984.49	984.49	4.84	4.85	0	0				
07/12/2018	3.3.2	Gaze Project	O4	3	M	Bilingual	G130	06/09/2018	89100	1280 x 720		Raw Data	attention.avi	190	0	900	720									34818	10:16:23.839	1536226357612350															0	3149		Fixation	8	475	515	2.28	7.24	194.48																				4176			665	515	665	515	475	515			266.81	82.58						338.63	214.74	773.73						0.00		4.75	4	0				
07/12/2018	3.3.2	Gaze Project	O4	3	M	Bilingual	G130	06/09/2018	89100	1280 x 720		Raw Data	attention.avi	190	0	900	720									34826	10:16:23.847	1536226357620685															0			Unclassified	8																									4177																			-34.01										4	4				
07/12/2018	3.3.2	Gaze Project	O4	3	M	Bilingual	G130	06/09/2018	89100	1280 x 720		Raw Data	attention.avi	190	0	900	720									34835	10:16:23.856	1536226357629048															0	3150		Fixation	8	537	438	2.93	51.25	44.01																				4178			727	438	727	438	537	438			291.73	113.53						336.52	203.11	738.14						0.00		3.96	4	0				
07/12/2018	3.3.2	Gaze Project	O4	3	M	Bilingual	G130	06/09/2018	89100	1280 x 720		Raw Data	attention.avi	190	0	900	720									34843	10:16:23.864	1536226357637410															0			Unclassified	8																									4179	662	316			662	316	472	316	265.64	162.79					291.78	217.61	788.20		-34.01						816.17		3.79		0	4				
07/12/2018	3.3.2	Gaze Project	O4	3	M	Bilingual	G130	06/09/2018	89100	1280 x 720		Raw Data	attention.avi	190	0	900	720									34851	10:16:23.872	1536226357645673															0	3151		Fixation	8	485	435	1.54	176.69	125.44																				4180	607	522	675	435	641	478	451	478	243.61	79.82	271.10	114.78	257.35	97.30	291.84	212.07	771.25	339.90	221.18	793.82					798.35	798.35	4.20	4.83	0	0				
07/12/2018	3.3.2	Gaze Project	O4	3	M	Bilingual	G130	06/09/2018	89100	1280 x 720		Raw Data	attention.avi	190	0	900	720									34860	10:16:23.881	1536226357654022															0			Unclassified	8																									4181	672	196			672	196	482	196	269.87	210.99					291.88	212.53	772.71		-34.01						799.89		3.23		0	4				
07/12/2018	3.3.2	Gaze Project	O4	3	M	Bilingual	G130	06/09/2018	89100	1280 x 720		Raw Data	attention.avi	190	0	900	720									34868	10:16:23.889	1536226357662360															0			Unclassified	8																									4182	687	540			687	540	497	540	275.69	72.50					291.88	203.61	745.00		-34.01						770.80		4.19		0	4				
07/12/2018	3.3.2	Gaze Project	O4	3	M	Bilingual	G130	06/09/2018	89100	1280 x 720		Raw Data	attention.avi	190	0	900	720									34877	10:16:23.897	1536226357670713															0	3152		Fixation	8	459	493	1.79	245.92	69.24																				4183	619	562	649	493	634	527	444	527	248.29	63.54	260.41	91.24	254.35	77.39	291.99	217.26	787.42	339.92	220.13	791.02					815.33	815.33	4.63	4.86	0	0				
07/12/2018	3.3.2	Gaze Project	O4	3	M	Bilingual	G130	06/09/2018	89100	1280 x 720		Raw Data	attention.avi	190	0	900	720									34885	10:16:23.906	1536226357679074															0			Unclassified	8																									4184																			-34.01										4	4				
07/12/2018	3.3.2	Gaze Project	O4	3	M	Bilingual	G130	06/09/2018	89100	1280 x 720		Raw Data	attention.avi	190	0	900	720									34893	10:16:23.914	1536226357687335															0			Unclassified	8																									4185	628	273			628	273	438	273	252.17	179.95					292.08	203.39	745.09		-34.01						770.83		3.16		0	4				
07/12/2018	3.3.2	Gaze Project	O4	3	M	Bilingual	G130	06/09/2018	89100	1280 x 720		Raw Data	attention.avi	190	0	900	720									34901	10:16:23.922	1536226357695663															0			Unclassified	8																									4186																			-34.01										4	4				
07/12/2018	3.3.2	Gaze Project	O4	3	M	Bilingual	G130	06/09/2018	89100	1280 x 720		Raw Data	attention.avi	190	0	900	720									34910	10:16:23.931	1536226357704025															0			Unclassified	8																									4187																			-34.01										4	4				
07/12/2018	3.3.2	Gaze Project	O4	3	M	Bilingual	G130	06/09/2018	89100	1280 x 720		Raw Data	attention.avi	190	0	900	720									34918	10:16:23.939	1536226357712386															0			Unclassified	8																									4188	641	305			641	305	451	305	257.26	167.17					292.19	203.23	745.15		-34.01						770.85		3.56		0	4				
07/12/2018	3.3.2	Gaze Project	O4	3	M	Bilingual	G130	06/09/2018	89100	1280 x 720		Raw Data	attention.avi	190	0	900	720									34926	10:16:23.947	1536226357720644															0			Unclassified	8																									4189	719	222			719	222	529	222	288.51	200.72					292.36	212.02	772.33		-34.01						799.39		3.10		0	4				
07/12/2018	3.3.2	Gaze Project	O4	3	M	Bilingual	G130	06/09/2018	89100	1280 x 720		Raw Data	attention.avi	190	0	900	720									34935	10:16:23.956	1536226357729002															0			Unclassified	8																									4190	697	473			697	473	507	473	279.74	99.47					292.32	203.41	745.61		-34.01						771.34		4.05		0	4				
07/12/2018	3.3.2	Gaze Project	O4	3	M	Bilingual	G130	06/09/2018	89100	1280 x 720		Raw Data	attention.avi	190	0	900	720									34943	10:16:23.964	1536226357737343															0			Unclassified	8																									4191	731	493			731	493	541	493	293.34	91.59					292.32	203.48	745.58		-34.01						771.34		4.09		0	4				
07/12/2018	3.3.2	Gaze Project	O4	3	M	Bilingual	G130	06/09/2018	89100	1280 x 720		Raw Data	attention.avi	190	0	900	720									34952	10:16:23.972	1536226357745699															0			Unclassified	8																									4192	635	597			635	597	445	597	254.95	49.54					292.49	212.46	774.21		-34.01						801.31		4.81		0	4				
07/12/2018	3.3.2	Gaze Project	O4	3	M	Bilingual	G130	06/09/2018	89100	1280 x 720		Raw Data	attention.avi	190	0	900	720									34960	10:16:23.981	1536226357754038															0			Unclassified	8																									4193																			-34.01										4	4				
07/12/2018	3.3.2	Gaze Project	O4	3	M	Bilingual	G130	06/09/2018	89100	1280 x 720		Raw Data	attention.avi	190	0	900	720									34968	10:16:23.989	1536226357762321															0	3153		Fixation	8	502	488	1.25	6.65	120.73																				4194	630	531	692	488	661	509	471	509	252.94	76.14	277.95	93.37	265.45	84.76	292.53	211.26	770.86	339.12	212.22	768.82					797.76	797.76	4.80	4.70	0	0				
07/12/2018	3.3.2	Gaze Project	O4	3	M	Bilingual	G130	06/09/2018	89100	1280 x 720		Raw Data	attention.avi	190	0	900	720									34976	10:16:23.997	1536226357770674															0	3154		Fixation	8	474	504	0.91	209.82	203.17																				4195	590	557	664	504	627	530	437	530	236.79	65.81	266.56	86.87	251.68	76.34	292.59	218.16	792.29	348.62	226.49	811.64					820.26	820.26	4.85	4.87	0	0				
07/12/2018	3.3.2	Gaze Project	O4	3	M	Bilingual	G130	06/09/2018	89100	1280 x 720		Raw Data	attention.avi	190	0	900	720									34985	10:16:24.006	1536226357779008															0	3155		Fixation	8	421	508	1.52	184.33	334.51																				4196			611	508	611	508	421	508			245.40	85.41						339.99	208.38	756.50						0.00		4.20	4	0				
07/12/2018	3.3.2	Gaze Project	O4	3	M	Bilingual	G130	06/09/2018	89100	1280 x 720		Raw Data	attention.avi	190	0	900	720									34993	10:16:24.014	1536226357787373															0	3156		Fixation	8	469	510	1.44	357.61	173.28																				4197	592	369	659	510	625	439	435	439	237.83	141.20	264.65	84.73	251.24	112.96	292.56	202.95	745.79	337.42	202.79	739.96					771.39	771.39	3.80	4.21	0	0				
07/12/2018	3.3.2	Gaze Project	O4	3	M	Bilingual	G130	06/09/2018	89100	1280 x 720		Raw Data	attention.avi	190	0	900	720									35002	10:16:24.022	1536226357795721															0	3157		Fixation	8	416	526	1.65	196.85	199.24																				4198	623	147	606	526	614	336	424	336	250.07	230.85	243.20	78.06	246.63	154.45	298.74	223.65	808.79	339.91	208.15	756.04					837.91	837.91	3.70	4.34	0	0				
07/12/2018	3.3.2	Gaze Project	O4	3	M	Bilingual	G130	06/09/2018	89100	1280 x 720		Raw Data	attention.avi	190	0	900	720									35010	10:16:24.031	1536226357803961															0	3158		Fixation	8	453	557	1.45	319.95	123.10																				4199	675	244	643	557	659	400	469	400	271.15	191.79	258.15	65.58	264.65	128.69	292.58	204.36	750.44	337.42	202.74	740.02					776.24	776.24	3.25	4.30	0	0				
07/12/2018	3.3.2	Gaze Project	O4	3	M	Bilingual	G130	06/09/2018	89100	1280 x 720		Raw Data	attention.avi	190	0	900	720									35018	10:16:24.039	1536226357812323															0			Unclassified	8																									4200	624	135			624	135	434	135	250.53	235.52					299.54	226.35	817.31		-34.01						846.88		3.74		0	4				
07/12/2018	3.3.2	Gaze Project	O4	3	M	Bilingual	G130	06/09/2018	89100	1280 x 720		Raw Data	attention.avi	190	0	900	720									35026	10:16:24.047	1536226357820666															0	3159		Fixation	8	452	468	2.69	90.64	130.69																				4201	609	124	642	468	625	296	435	296	244.50	239.98	257.66	101.44	251.08	170.71	299.12	224.93	813.00	337.42	202.83	739.99					842.33	842.33	3.52	4.31	0	0				
07/12/2018	3.3.2	Gaze Project	O4	3	M	Bilingual	G130	06/09/2018	89100	1280 x 720		Raw Data	attention.avi	190	0	900	720									35035	10:16:24.056	1536226357829034															0	3160		Fixation	8	435	510	1.37	248.03	157.39																				4202	596	254	625	510	610	382	420	382	239.07	187.60	250.84	84.72	244.95	136.16	292.65	202.44	744.29	337.45	202.81	740.32					769.81	769.81	3.33	4.23	0	0				
07/12/2018	3.3.2	Gaze Project	O4	3	M	Bilingual	G130	06/09/2018	89100	1280 x 720		Raw Data	attention.avi	190	0	900	720									35043	10:16:24.064	1536226357837304															0	3161		Fixation	8	441	528	0.57	288.38	40.35																				4203			631	528	631	528	441	528			253.43	77.15						339.66	207.58	754.50						0.00		4.38	4	0				
07/12/2018	3.3.2	Gaze Project	O4	3	M	Bilingual	G130	06/09/2018	89100	1280 x 720		Raw Data	attention.avi	190	0	900	720									35051	10:16:24.072	1536226357845632															0	3162		Fixation	8	422	549	0.84	227.95	299.57																				4204			612	549	612	549	422	549			245.78	68.95						337.49	202.87	740.49						0.00		4.42	4	0				
07/12/2018	3.3.2	Gaze Project	O4	3	M	Bilingual	G130	06/09/2018	89100	1280 x 720		Raw Data	attention.avi	190	0	900	720									35060	10:16:24.081	1536226357853991															0	3163		Fixation	8	444	498	1.66	66.73	198.78																				4205	611	237	634	498	622	367	432	367	245.15	194.35	254.39	89.29	249.77	141.82	292.67	202.52	744.43	337.50	202.87	740.46					769.96	769.96	3.24	4.34	0	0				
07/12/2018	3.3.2	Gaze Project	O4	3	M	Bilingual	G130	06/09/2018	89100	1280 x 720		Raw Data	attention.avi	190	0	900	720									35068	10:16:24.089	1536226357862350															0	3164		Fixation	8	423	544	1.51	245.53	178.80																				4206	649	173	613	544	631	358	441	358	260.67	220.23	246.23	70.68	253.45	145.46	297.40	218.96	794.48	337.51	202.85	740.38					822.81	822.81	3.37	4.29	0	0				
07/12/2018	3.3.2	Gaze Project	O4	3	M	Bilingual	G130	06/09/2018	89100	1280 x 720		Raw Data	attention.avi	190	0	900	720									35077	10:16:24.097	1536226357870704															0			Unclassified	8																									4207																			-34.01										4	4				
07/12/2018	3.3.2	Gaze Project	O4	3	M	Bilingual	G130	06/09/2018	89100	1280 x 720		Raw Data	attention.avi	190	0	900	720									35085	10:16:24.106	1536226357878960															0			Unclassified	8																									4208																			-34.01										4	4				
07/12/2018	3.3.2	Gaze Project	O4	3	M	Bilingual	G130	06/09/2018	89100	1280 x 720		Raw Data	attention.avi	190	0	900	720									35093	10:16:24.114	1536226357887298															0			Unclassified	8																									4209	643	565			643	565	453	565	258.09	62.56					292.75	212.74	776.02		-34.01						803.14		4.76		0	4				
07/12/2018	3.3.2	Gaze Project	O4	3	M	Bilingual	G130	06/09/2018	89100	1280 x 720		Raw Data	attention.avi	190	0	900	720									35101	10:16:24.122	1536226357895663															0			Unclassified	8																									4210	698	270			698	270	508	270	280.21	181.38					311.34	267.54	943.39		-34.01						979.96		5.39		0	4				
07/12/2018	3.3.2	Gaze Project	O4	3	M	Bilingual	G130	06/09/2018	89100	1280 x 720		Raw Data	attention.avi	190	0	900	720									35110	10:16:24.131	1536226357904018															0			Unclassified	8																									4211	621	559			621	559	431	559	249.10	64.79					292.81	217.08	789.18		-34.01						816.99		4.78		0	4				
07/12/2018	3.3.2	Gaze Project	O4	3	M	Bilingual	G130	06/09/2018	89100	1280 x 720		Raw Data	attention.avi	190	0	900	720									35118	10:16:24.139	1536226357912375															0			Unclassified	8																									4212																			-34.01										4	4				
07/12/2018	3.3.2	Gaze Project	O4	3	M	Bilingual	G130	06/09/2018	89100	1280 x 720		Raw Data	attention.avi	190	0	900	720									35126	10:16:24.147	1536226357920636															0			Unclassified	8																									4213	651	558			651	558	461	558	261.46	65.30					292.82	218.39	793.08		-34.01						821.09		4.95		0	4				
07/12/2018	3.3.2	Gaze Project	O4	3	M	Bilingual	G130	06/09/2018	89100	1280 x 720		Raw Data	attention.avi	190	0	900	720									35135	10:16:24.156	1536226357928980															0			Unclassified	8																									4214																			-34.01										4	4				
07/12/2018	3.3.2	Gaze Project	O4	3	M	Bilingual	G130	06/09/2018	89100	1280 x 720		Raw Data	attention.avi	190	0	900	720									35143	10:16:24.164	1536226357937330															0			Unclassified	8																									4215	658	533			658	533	468	533	263.96	75.39					292.74	212.28	774.28		-34.01						801.35		4.39		0	4				
07/12/2018	3.3.2	Gaze Project	O4	3	M	Bilingual	G130	06/09/2018	89100	1280 x 720		Raw Data	attention.avi	190	0	900	720									35152	10:16:24.172	1536226357945689															0			Unclassified	8																									4216																			-34.01										4	4				
07/12/2018	3.3.2	Gaze Project	O4	3	M	Bilingual	G130	06/09/2018	89100	1280 x 720		Raw Data	attention.avi	190	0	900	720									35160	10:16:24.181	1536226357953957															0			Unclassified	8																									4217	587	481			587	481	397	481	235.58	96.41					292.66	219.02	795.11		-34.01						823.21		4.77		0	4				
07/12/2018	3.3.2	Gaze Project	O4	3	M	Bilingual	G130	06/09/2018	89100	1280 x 720		Raw Data	attention.avi	190	0	900	720									35168	10:16:24.189	1536226357962304															0	3165		Fixation	8	469	560	1.45	340.76	95.23																				4218			659	560	659	560	469	560			264.55	64.39						339.37	213.29	772.70						0.00		5.03	4	0				
07/12/2018	3.3.2	Gaze Project	O4	3	M	Bilingual	G130	06/09/2018	89100	1280 x 720		Raw Data	attention.avi	190	0	900	720									35176	10:16:24.197	1536226357970643															0			Unclassified	8																									4219	648	542			648	542	458	542	260.15	71.82					292.56	213.90	779.56		-34.01						806.84		4.90		0	4				
07/12/2018	3.3.2	Gaze Project	O4	3	M	Bilingual	G130	06/09/2018	89100	1280 x 720		Raw Data	attention.avi	190	0	900	720									35185	10:16:24.206	1536226357978987															0			Unclassified	8																									4220	614	553			614	553	424	553	246.58	67.13					292.49	212.80	776.30		-34.01						803.41		4.72		0	4				
07/12/2018	3.3.2	Gaze Project	O4	3	M	Bilingual	G130	06/09/2018	89100	1280 x 720		Raw Data	attention.avi	190	0	900	720									35193	10:16:24.214	1536226357987358															0			Unclassified	8																									4221	699	530			699	530	509	530	280.60	76.65					292.42	219.06	795.69		-34.01						823.77		5.05		0	4				
07/12/2018	3.3.2	Gaze Project	O4	3	M	Bilingual	G130	06/09/2018	89100	1280 x 720		Raw Data	attention.avi	190	0	900	720									35201	10:16:24.222	1536226357995628															0			Unclassified	8																									4222	631	521			631	521	441	521	253.17	80.15					292.32	213.16	777.65		-34.01						804.80		4.67		0	4				
07/12/2018	3.3.2	Gaze Project	O4	3	M	Bilingual	G130	06/09/2018	89100	1280 x 720		Raw Data	attention.avi	190	0	900	720									35210	10:16:24.231	1536226358003959															0	3166		Fixation	8	438	491	2.20	114.12	133.36																				4223	586	527	628	491	607	509	417	509	235.14	77.55	252.23	92.15	243.69	84.85	292.22	217.68	791.66	339.05	213.70	774.24					819.49	819.49	4.69	4.83	0	0				
07/12/2018	3.3.2	Gaze Project	O4	3	M	Bilingual	G130	06/09/2018	89100	1280 x 720		Raw Data	attention.avi	190	0	900	720									35218	10:16:24.239	1536226358012313															0			Unclassified	8																									4224	567	529			567	529	377	529	227.60	76.81					292.13	213.21	778.00		-34.01						805.13		4.47		0	4				
07/12/2018	3.3.2	Gaze Project	O4	3	M	Bilingual	G130	06/09/2018	89100	1280 x 720		Raw Data	attention.avi	190	0	900	720									35226	10:16:24.247	1536226358020672															0			Unclassified	8																									4225																			-34.01										4	4				
07/12/2018	3.3.2	Gaze Project	O4	3	M	Bilingual	G130	06/09/2018	89100	1280 x 720		Raw Data	attention.avi	190	0	900	720									35235	10:16:24.255	1536226358028930															0			Unclassified	8																									4226	618	557			618	557	428	557	248.24	65.83					291.92	212.19	775.01		-34.01						801.97		4.73		0	4				
07/12/2018	3.3.2	Gaze Project	O4	3	M	Bilingual	G130	06/09/2018	89100	1280 x 720		Raw Data	attention.avi	190	0	900	720									35243	10:16:24.264	1536226358037289															0			Unclassified	8																									4227																			-34.01										4	4				
07/12/2018	3.3.2	Gaze Project	O4	3	M	Bilingual	G130	06/09/2018	89100	1280 x 720		Raw Data	attention.avi	190	0	900	720									35251	10:16:24.272	1536226358045624															0	3167		Fixation	8	586	194	9.63	63.59	309.46																				4228			776	194	776	194	586	194			311.45	211.94						339.60	219.77	792.61						0.00		3.32	4	0				
07/12/2018	3.3.2	Gaze Project	O4	3	M	Bilingual	G130	06/09/2018	89100	1280 x 720		Raw Data	attention.avi	190	0	900	720									35260	10:16:24.281	1536226358053984															0	3168		Fixation	8	585	160	1.00	91.68	28.09																				4229			775	160	775	160	585	160			310.91	225.70						338.47	213.93	774.77						0.00		3.16	4	0				
07/12/2018	3.3.2	Gaze Project	O4	3	M	Bilingual	G130	06/09/2018	89100	1280 x 720		Raw Data	attention.avi	190	0	900	720									35268	10:16:24.289	1536226358062338															0			Unclassified	8																									4230																			-34.01										4	4				
07/12/2018	3.3.2	Gaze Project	O4	3	M	Bilingual	G130	06/09/2018	89100	1280 x 720		Raw Data	attention.avi	190	0	900	720									35276	10:16:24.297	1536226358070610															0	3169		Fixation	8	428	503	10.56	245.47	153.80																				4231	607	507	618	503	612	505	422	505	243.48	85.91	248.12	87.54	245.80	86.73	291.46	213.56	779.65	342.56	237.96	848.09					806.78	806.78	4.75	5.45	0	0				
07/12/2018	3.3.2	Gaze Project	O4	3	M	Bilingual	G130	06/09/2018	89100	1280 x 720		Raw Data	attention.avi	190	0	900	720									35285	10:16:24.306	1536226358078962															0	3170		Fixation	8	501	494	2.03	7.05	121.58																				4232			691	494	691	494	501	494			277.45	91.08						338.29	214.38	775.92						0.00		4.85	4	0				
07/12/2018	3.3.2	Gaze Project	O4	3	M	Bilingual	G130	06/09/2018	89100	1280 x 720		Raw Data	attention.avi	190	0	900	720									35293	10:16:24.314	1536226358087299															0	3171		Fixation	8	455	577	2.67	241.08	234.03																				4233			645	577	645	577	455	577			258.73	57.44						339.36	220.89	795.69						0.00		5.26	4	0				
07/12/2018	3.3.2	Gaze Project	O4	3	M	Bilingual	G130	06/09/2018	89100	1280 x 720		Raw Data	attention.avi	190	0	900	720									35301	10:16:24.322	1536226358095652															0			Unclassified	8																									4234																			-34.01										4	4				
07/12/2018	3.3.2	Gaze Project	O4	3	M	Bilingual	G130	06/09/2018	89100	1280 x 720		Raw Data	attention.avi	190	0	900	720									35310	10:16:24.331	1536226358104009															0			Unclassified	8																									4235																			-34.01										4	4				
07/12/2018	3.3.2	Gaze Project	O4	3	M	Bilingual	G130	06/09/2018	89100	1280 x 720		Raw Data	attention.avi	190	0	900	720									35318	10:16:24.339	1536226358112279															0	3172		Fixation	8	461	516	1.71	84.40	203.32																				4236			651	516	651	516	461	516			261.51	82.25						338.85	219.49	790.96						0.00		5.17	4	0				
07/12/2018	3.3.2	Gaze Project	O4	3	M	Bilingual	G130	06/09/2018	89100	1280 x 720		Raw Data	attention.avi	190	0	900	720									35326	10:16:24.347	1536226358120609															0			Unclassified	8																									4237																			-34.01										4	4				
07/12/2018	3.3.2	Gaze Project	O4	3	M	Bilingual	G130	06/09/2018	89100	1280 x 720		Raw Data	attention.avi	190	0	900	720									35335	10:16:24.356	1536226358128954															0			Unclassified	8																									4238																			-34.01										4	4				
07/12/2018	3.3.2	Gaze Project	O4	3	M	Bilingual	G130	06/09/2018	89100	1280 x 720		Raw Data	attention.avi	190	0	900	720									35343	10:16:24.364	1536226358137321															0	3173		Fixation	8	436	509	0.74	164.31	79.91																				4239			626	509	626	509	436	509			251.14	85.06						338.65	219.85	791.42						0.00		5.07	4	0				
07/12/2018	3.3.2	Gaze Project	O4	3	M	Bilingual	G130	06/09/2018	89100	1280 x 720		Raw Data	attention.avi	190	0	900	720									35351	10:16:24.372	1536226358145606															0	3174		Fixation	8	487	351	4.85	72.16	267.85																				4240			677	351	677	351	487	351			271.68	148.69						336.26	206.99	751.77						0.00		4.15	4	0				
07/12/2018	3.3.2	Gaze Project	O4	3	M	Bilingual	G130	06/09/2018	89100	1280 x 720		Raw Data	attention.avi	190	0	900	720									35360	10:16:24.380	1536226358153943															0	3175		Fixation	8	465	294	1.87	111.04	38.88																				4241	668	191	655	294	661	242	471	242	267.99	213.20	262.78	171.71	265.38	192.45	290.80	204.91	752.35	335.73	204.66	743.83					778.14	778.14	3.53	3.91	0	0				
07/12/2018	3.3.2	Gaze Project	O4	3	M	Bilingual	G130	06/09/2018	89100	1280 x 720		Raw Data	attention.avi	190	0	900	720									35368	10:16:24.389	1536226358162277															0	3176		Fixation	8	455	317	0.77	246.57	135.53																				4242			645	317	645	317	455	317			259.06	162.45						335.68	204.78	743.82						0.00		4.29	4	0				
07/12/2018	3.3.2	Gaze Project	O4	3	M	Bilingual	G130	06/09/2018	89100	1280 x 720		Raw Data	attention.avi	190	0	900	720									35376	10:16:24.397	1536226358170634															0	3177		Fixation	8	449	291	0.82	102.95	216.39																				4243	650	228	639	291	644	259	454	259	260.80	198.32	256.58	172.89	258.69	185.61	290.71	205.18	752.71	335.66	205.00	744.19					778.57	778.57	3.96	4.09	0	0				
07/12/2018	3.3.2	Gaze Project	O4	3	M	Bilingual	G130	06/09/2018	89100	1280 x 720		Raw Data	attention.avi	190	0	900	720									35385	10:16:24.406	1536226358178991															0	3178		Fixation	8	474	175	3.66	77.88	334.92																				4244	637	233	664	175	650	204	460	204	255.81	196.07	266.53	219.57	261.17	207.82	290.68	204.59	750.63	335.63	204.97	744.20					776.41	776.41	4.02	3.71	0	0				
07/12/2018	3.3.2	Gaze Project	O4	3	M	Bilingual	G130	06/09/2018	89100	1280 x 720		Raw Data	attention.avi	190	0	900	720									35393	10:16:24.414	1536226358187259															0	3179		Fixation	8	549	180	2.31	356.17	278.30																				4245	697	441	739	180	718	310	528	310	279.95	112.21	296.65	217.26	288.30	164.74	290.65	205.78	754.05	335.61	205.05	744.16					780.02	780.02	4.38	3.60	0	0				
07/12/2018	3.3.2	Gaze Project	O4	3	M	Bilingual	G130	06/09/2018	89100	1280 x 720		Raw Data	attention.avi	190	0	900	720									35401	10:16:24.422	1536226358195602															0	3180		Fixation	8	441	379	6.92	241.59	245.41																				4246	628	172	631	379	629	275	439	275	252.16	220.68	253.20	137.48	252.68	179.08	290.63	205.78	753.79	336.99	208.39	753.20					779.78	779.78	3.55	4.40	0	0				
07/12/2018	3.3.2	Gaze Project	O4	3	M	Bilingual	G130	06/09/2018	89100	1280 x 720		Raw Data	attention.avi	190	0	900	720									35410	10:16:24.430	1536226358203936															0	3181		Fixation	8	448	362	0.55	67.68	186.10																				4247			638	362	638	362	448	362			256.06	144.37						336.41	207.25	749.45						0.00		4.47	4	0				
07/12/2018	3.3.2	Gaze Project	O4	3	M	Bilingual	G130	06/09/2018	89100	1280 x 720		Raw Data	attention.avi	190	0	900	720									35418	10:16:24.439	1536226358212291															0	3182		Fixation	8	486	261	3.30	69.44	1.76																				4248			676	261	676	261	486	261			271.48	184.97						335.60	205.47	744.18						0.00		3.84	4	0				
07/12/2018	3.3.2	Gaze Project	O4	3	M	Bilingual	G130	06/09/2018	89100	1280 x 720		Raw Data	attention.avi	190	0	900	720									35426	10:16:24.447	1536226358220665															0	3183		Fixation	8	466	321	1.95	251.62	182.18																				4249	643	364	656	321	649	342	459	342	257.95	143.29	263.21	160.55	260.58	151.92	290.61	205.61	752.51	335.59	205.54	744.13					778.50	778.50	4.35	4.26	0	0				
07/12/2018	3.3.2	Gaze Project	O4	3	M	Bilingual	G130	06/09/2018	89100	1280 x 720		Raw Data	attention.avi	190	0	900	720									35435	10:16:24.455	1536226358228914															0	3184		Fixation	8	450	186	4.17	96.74	205.12																				4250	691	195	640	186	665	190	475	190	277.35	211.36	257.09	214.96	267.22	213.16	290.60	205.88	753.15	336.05	208.15	752.27					779.19	779.19	3.72	3.93	0	0				
07/12/2018	3.3.2	Gaze Project	O4	3	M	Bilingual	G130	06/09/2018	89100	1280 x 720		Raw Data	attention.avi	190	0	900	720									35443	10:16:24.464	1536226358237262															0	3185		Fixation	8	505	394	6.59	284.77	188.03																				4251			695	394	695	394	505	394			278.82	131.24						335.42	205.78	744.03						0.00		4.79	4	0				
07/12/2018	3.3.2	Gaze Project	O4	3	M	Bilingual	G130	06/09/2018	89100	1280 x 720		Raw Data	attention.avi	190	0	900	720									35451	10:16:24.472	1536226358245616															0			Unclassified	8																									4252																			-34.01										4	4				
07/12/2018	3.3.2	Gaze Project	O4	3	M	Bilingual	G130	06/09/2018	89100	1280 x 720		Raw Data	attention.avi	190	0	900	720									35460	10:16:24.481	1536226358253974															0	3186		Fixation	8	418	390	2.66	177.36	252.59																				4253			608	390	608	390	418	390			244.11	132.77						335.50	205.47	743.27						0.00		4.67	4	0				
07/12/2018	3.3.2	Gaze Project	O4	3	M	Bilingual	G130	06/09/2018	89100	1280 x 720		Raw Data	attention.avi	190	0	900	720									35468	10:16:24.489	1536226358262254															0	3187		Fixation	8	430	411	0.74	299.67	122.31																				4254	666	272	620	411	643	341	453	341	267.24	180.59	248.91	124.38	258.08	152.48	290.46	218.82	792.37	335.41	205.44	743.09					820.45	820.45	4.69	4.70	0	0				
07/12/2018	3.3.2	Gaze Project	O4	3	M	Bilingual	G130	06/09/2018	89100	1280 x 720		Raw Data	attention.avi	190	0	900	720									35476	10:16:24.497	1536226358270601															0	3188		Fixation	8	445	417	0.49	338.13	38.47																				4255			635	417	635	417	445	417			254.88	122.03						335.22	205.57	743.04						0.00		4.73	4	0				
07/12/2018	3.3.2	Gaze Project	O4	3	M	Bilingual	G130	06/09/2018	89100	1280 x 720		Raw Data	attention.avi	190	0	900	720									35485	10:16:24.505	1536226358278927															0	3189		Fixation	8	431	384	1.10	112.92	134.79																				4256			621	384	621	384	431	384			249.11	135.36						335.51	205.85	744.27						0.00		4.77	4	0				
07/12/2018	3.3.2	Gaze Project	O4	3	M	Bilingual	G130	06/09/2018	89100	1280 x 720		Raw Data	attention.avi	190	0	900	720									35493	10:16:24.514	1536226358287286															0	3190		Fixation	8	535	128	7.96	67.95	315.03																				4257	615	318	725	128	670	223	480	223	246.80	161.93	291.02	238.49	268.91	200.21	290.42	219.01	792.96	350.46	238.39	842.55					821.07	821.07	4.84	5.16	0	0				
07/12/2018	3.3.2	Gaze Project	O4	3	M	Bilingual	G130	06/09/2018	89100	1280 x 720		Raw Data	attention.avi	190	0	900	720									35501	10:16:24.522	1536226358295642															0	3191		Fixation	8	480	467	9.88	260.81	192.86																				4258			670	467	670	467	480	467			269.04	101.95						335.42	205.95	744.23						0.00		4.77	4	0				
07/12/2018	3.3.2	Gaze Project	O4	3	M	Bilingual	G130	06/09/2018	89100	1280 x 720		Raw Data	attention.avi	190	0	900	720									35510	10:16:24.530	1536226358303901															0	3192		Fixation	8	431	314	4.72	107.70	206.89																				4259			621	314	621	314	431	314			249.15	163.51						344.37	225.29	802.96						0.00		4.91	4	0				
07/12/2018	3.3.2	Gaze Project	O4	3	M	Bilingual	G130	06/09/2018	89100	1280 x 720		Raw Data	attention.avi	190	0	900	720									35518	10:16:24.539	1536226358312258															0	3193		Fixation	8	440	432	3.48	274.35	166.64																				4260	683	343	630	432	656	387	466	387	274.04	151.81	252.98	116.09	263.51	133.95	290.32	219.81	795.67	335.45	205.67	744.34					823.88	823.88	4.99	4.70	0	0				
07/12/2018	3.3.2	Gaze Project	O4	3	M	Bilingual	G130	06/09/2018	89100	1280 x 720		Raw Data	attention.avi	190	0	900	720									35526	10:16:24.547	1536226358320599															0			Unclassified	8																									4261																			-34.01										4	4				
07/12/2018	3.3.2	Gaze Project	O4	3	M	Bilingual	G130	06/09/2018	89100	1280 x 720		Raw Data	attention.avi	190	0	900	720									35535	10:16:24.556	1536226358328960															0	3194		Fixation	8	449	343	2.67	84.24	169.90																				4262	672	318	639	343	655	330	465	330	269.90	161.75	256.49	151.82	263.20	156.78	290.43	212.24	772.67	337.16	215.17	773.42					799.69	799.69	4.68	4.77	0	0				
07/12/2018	3.3.2	Gaze Project	O4	3	M	Bilingual	G130	06/09/2018	89100	1280 x 720		Raw Data	attention.avi	190	0	900	720									35543	10:16:24.564	1536226358337313															0			Unclassified	8																									4263	686	356			686	356	496	356	275.31	146.63					290.45	213.00	775.16		-34.01						802.30		4.59		0	4				
07/12/2018	3.3.2	Gaze Project	O4	3	M	Bilingual	G130	06/09/2018	89100	1280 x 720		Raw Data	attention.avi	190	0	900	720									35551	10:16:24.572	1536226358345558															0			Unclassified	8																									4264	615	425			615	425	425	425	246.67	118.77					290.47	218.01	790.64		-34.01						818.55		5.01		0	4				
07/12/2018	3.3.2	Gaze Project	O4	3	M	Bilingual	G130	06/09/2018	89100	1280 x 720		Raw Data	attention.avi	190	0	900	720									35560	10:16:24.580	1536226358353919															0			Unclassified	8																									4265	951	232	684	278	817	255	627	255	381.73	196.39	274.43	177.98	328.08	187.19	344.03	223.92	799.60	340.00	215.28	773.37					832.79	832.79	5.00	4.86	1	3				
07/12/2018	3.3.2	Gaze Project	O4	3	M	Bilingual	G130	06/09/2018	89100	1280 x 720		Raw Data	attention.avi	190	0	900	720									35568	10:16:24.589	1536226358362269															0			Unclassified	8																									4266	618	207			618	207	428	207	247.99	206.50					290.52	219.17	794.40		-34.01						822.49		4.11		0	4				
07/12/2018	3.3.2	Gaze Project	O4	3	M	Bilingual	G130	06/09/2018	89100	1280 x 720		Raw Data	attention.avi	190	0	900	720									35576	10:16:24.597	1536226358370626															0			Unclassified	8																									4267	618	421			618	421	428	421	247.94	120.27					290.65	212.37	773.59		-34.01						800.62		4.82		0	4				
07/12/2018	3.3.2	Gaze Project	O4	3	M	Bilingual	G130	06/09/2018	89100	1280 x 720		Raw Data	attention.avi	190	0	900	720									35585	10:16:24.605	1536226358378888															0			Unclassified	8																									4268	655	443			655	443	465	443	262.83	111.74					290.70	216.68	786.88		-34.01						814.58		4.97		0	4				
07/12/2018	3.3.2	Gaze Project	O4	3	M	Bilingual	G130	06/09/2018	89100	1280 x 720		Raw Data	attention.avi	190	0	900	720									35593	10:16:24.614	1536226358387237															0	3195		Fixation	8	451	384	1.23	272.78	188.54																				4269	677	380	641	384	659	382	469	382	271.92	136.73	257.28	135.24	264.60	135.99	290.74	217.88	790.52	335.89	205.74	745.09					818.42	818.42	4.94	4.77	0	0				
07/12/2018	3.3.2	Gaze Project	O4	3	M	Bilingual	G130	06/09/2018	89100	1280 x 720		Raw Data	attention.avi	190	0	900	720									35601	10:16:24.622	1536226358395581															0			Unclassified	8																									4270																			-34.01										4	4				
07/12/2018	3.3.2	Gaze Project	O4	3	M	Bilingual	G130	06/09/2018	89100	1280 x 720		Raw Data	attention.avi	190	0	900	720									35610	10:16:24.630	1536226358403930															0	3196		Fixation	8	464	159	6.22	86.70	173.92																				4271	607	376	654	159	630	267	440	267	243.54	138.72	262.52	225.89	253.03	182.30	290.90	217.51	789.28	361.01	259.55	907.98					817.13	817.13	4.82	5.77	0	0				
07/12/2018	3.3.2	Gaze Project	O4	3	M	Bilingual	G130	06/09/2018	89100	1280 x 720		Raw Data	attention.avi	190	0	900	720									35618	10:16:24.639	1536226358412294															0			Unclassified	8																									4272	626	363			626	363	436	363	251.43	143.66					290.94	217.99	790.68		-34.01						818.61		5.00		0	4				
07/12/2018	3.3.2	Gaze Project	O4	3	M	Bilingual	G130	06/09/2018	89100	1280 x 720		Raw Data	attention.avi	190	0	900	720									35626	10:16:24.647	1536226358420554															0	3197		Fixation	8	435	374	5.94	262.34	175.64																				4273	647	195	625	374	636	284	446	284	259.70	211.48	250.91	139.48	255.31	175.48	291.06	203.65	746.28	338.05	209.96	757.25					772.00	772.00	3.47	4.67	0	0				
07/12/2018	3.3.2	Gaze Project	O4	3	M	Bilingual	G130	06/09/2018	89100	1280 x 720		Raw Data	attention.avi	190	0	900	720									35635	10:16:24.655	1536226358428895															0	3198		Fixation	8	419	288	2.65	100.51	198.16																				4274			609	288	609	288	419	288			244.45	173.88						336.52	207.72	751.22						0.00		4.05	4	0				
07/12/2018	3.3.2	Gaze Project	O4	3	M	Bilingual	G130	06/09/2018	89100	1280 x 720		Raw Data	attention.avi	190	0	900	720									35643	10:16:24.664	1536226358437251															0	3199		Fixation	8	415	451	4.93	268.60	168.09																				4275	588	444	605	451	596	447	406	447	236.10	111.08	242.71	108.52	239.40	109.80	291.14	203.62	746.29	336.95	207.44	749.47					772.00	772.00	4.36	4.63	0	0				
07/12/2018	3.3.2	Gaze Project	O4	3	M	Bilingual	G130	06/09/2018	89100	1280 x 720		Raw Data	attention.avi	190	0	900	720									35651	10:16:24.672	1536226358445610															0	3200		Fixation	8	506	209	7.81	69.45	160.85																				4276	643	367	696	209	669	288	479	288	258.02	142.23	279.33	205.66	268.68	173.94	291.15	203.63	746.29	336.85	209.40	756.20					772.00	772.00	4.39	4.05	0	0				
07/12/2018	3.3.2	Gaze Project	O4	3	M	Bilingual	G130	06/09/2018	89100	1280 x 720		Raw Data	attention.avi	190	0	900	720									35660	10:16:24.680	1536226358453896															0	3201		Fixation	8	532	320	3.49	283.14	213.69																				4277			722	320	722	320	532	320			289.95	161.08						336.15	205.56	744.07						0.00		4.01	4	0				
07/12/2018	3.3.2	Gaze Project	O4	3	M	Bilingual	G130	06/09/2018	89100	1280 x 720		Raw Data	attention.avi	190	0	900	720									35668	10:16:24.689	1536226358462232															0	3202		Fixation	8	450	399	3.46	224.02	300.88																				4278	616	216	640	399	628	307	438	307	247.37	202.94	256.75	129.36	252.06	166.15	291.11	204.64	749.27	336.96	207.46	749.38					775.14	775.14	3.80	4.50	0	0				
07/12/2018	3.3.2	Gaze Project	O4	3	M	Bilingual	G130	06/09/2018	89100	1280 x 720		Raw Data	attention.avi	190	0	900	720									35676	10:16:24.697	1536226358470556															0	3203		Fixation	8	512	246	5.04	68.00	203.98																				4279			702	246	702	246	512	246			281.74	190.81						336.12	205.60	744.10						0.00		4.00	4	0				
07/12/2018	3.3.2	Gaze Project	O4	3	M	Bilingual	G130	06/09/2018	89100	1280 x 720		Raw Data	attention.avi	190	0	900	720									35685	10:16:24.705	1536226358478913															0	3204		Fixation	8	415	449	6.84	244.53	176.53																				4280	664	257	605	449	634	353	444	353	266.43	186.62	242.94	109.33	254.68	147.98	291.05	205.26	751.09	337.05	207.78	750.29					777.06	777.06	3.77	4.66	0	0				
07/12/2018	3.3.2	Gaze Project	O4	3	M	Bilingual	G130	06/09/2018	89100	1280 x 720		Raw Data	attention.avi	190	0	900	720									35693	10:16:24.714	1536226358487275															0	3205		Fixation	8	426	423	0.85	67.13	182.60																				4281	613	174	616	423	614	298	424	298	246.16	219.92	247.15	119.63	246.66	169.78	291.01	205.10	750.64	336.05	205.60	744.03					776.58	776.58	4.03	4.64	0	0				
07/12/2018	3.3.2	Gaze Project	O4	3	M	Bilingual	G130	06/09/2018	89100	1280 x 720		Raw Data	attention.avi	190	0	900	720									35701	10:16:24.722	1536226358495546															0	3206		Fixation	8	436	366	1.75	80.08	12.95																				4282	670	260	626	366	648	313	458	313	269.01	185.35	251.11	142.74	260.06	164.05	290.97	203.65	745.90	337.59	209.13	754.33					771.63	771.63	3.83	4.60	0	0				
07/12/2018	3.3.2	Gaze Project	O4	3	M	Bilingual	G130	06/09/2018	89100	1280 x 720		Raw Data	attention.avi	190	0	900	720									35710	10:16:24.730	1536226358503902															0	3207		Fixation	8	464	374	0.88	344.01	263.93																				4283	651	229	654	374	652	301	462	301	261.26	197.69	262.63	139.24	261.94	168.46	290.93	203.55	745.93	337.61	209.28	754.76					771.63	771.63	3.73	4.56	0	0				
07/12/2018	3.3.2	Gaze Project	O4	3	M	Bilingual	G130	06/09/2018	89100	1280 x 720		Raw Data	attention.avi	190	0	900	720									35718	10:16:24.739	1536226358512234															0			Unclassified	8																									4284	640	338			640	338	450	338	256.99	153.90					290.87	203.54	745.94		-34.01						771.63		4.19		0	4				
07/12/2018	3.3.2	Gaze Project	O4	3	M	Bilingual	G130	06/09/2018	89100	1280 x 720		Raw Data	attention.avi	190	0	900	720									35726	10:16:24.747	1536226358520592															0	3208		Fixation	8	470	377	0.20	333.36	349.36																				4285	681	253	660	377	670	315	480	315	273.45	188.17	264.76	138.17	269.10	163.17	290.78	204.65	749.41	337.48	209.26	754.67					775.27	775.27	4.04	4.56	0	0				
07/12/2018	3.3.2	Gaze Project	O4	3	M	Bilingual	G130	06/09/2018	89100	1280 x 720		Raw Data	attention.avi	190	0	900	720									35735	10:16:24.756	1536226358528947															0			Unclassified	8																									4286	656	208			656	208	466	208	263.46	206.14					290.74	203.51	745.95		-34.01						771.63		3.68		0	4				
07/12/2018	3.3.2	Gaze Project	O4	3	M	Bilingual	G130	06/09/2018	89100	1280 x 720		Raw Data	attention.avi	190	0	900	720									35743	10:16:24.764	1536226358537204															0	3209		Fixation	8	440	336	1.54	126.11	152.74																				4287	645	220	630	336	637	278	447	278	258.84	201.16	252.70	154.49	255.77	177.83	290.68	203.49	745.96	336.67	207.76	750.11					771.63	771.63	4.05	4.44	0	0				
07/12/2018	3.3.2	Gaze Project	O4	3	M	Bilingual	G130	06/09/2018	89100	1280 x 720		Raw Data	attention.avi	190	0	900	720									35751	10:16:24.772	1536226358545542															0	3210		Fixation	8	436	299	1.13	96.15	330.05																				4288	680	209	626	299	653	254	463	254	272.78	205.72	251.30	169.44	262.04	187.58	290.57	205.49	752.16	337.63	210.02	756.96					778.14	778.14	3.89	4.44	0	0				
07/12/2018	3.3.2	Gaze Project	O4	3	M	Bilingual	G130	06/09/2018	89100	1280 x 720		Raw Data	attention.avi	190	0	900	720									35760	10:16:24.780	1536226358553901															0	3211		Fixation	8	449	245	1.68	76.51	340.36																				4289	694	173	639	245	666	209	476	209	278.76	220.35	256.62	191.10	267.69	205.72	290.51	205.35	751.79	337.13	209.07	754.03					777.74	777.74	3.57	4.07	0	0				
07/12/2018	3.3.2	Gaze Project	O4	3	M	Bilingual	G130	06/09/2018	89100	1280 x 720		Raw Data	attention.avi	190	0	900	720									35768	10:16:24.789	1536226358562263															0			Unclassified	8																									4290																			-34.01										4	4				
07/12/2018	3.3.2	Gaze Project	O4	3	M	Bilingual	G130	06/09/2018	89100	1280 x 720		Raw Data	attention.avi	190	0	900	720									35776	10:16:24.797	1536226358570537															0	3212		Fixation	8	437	155	2.76	97.57	21.06																				4291			627	155	627	155	437	155			251.84	227.58						337.03	209.21	754.40						0.00		3.43	4	0				
07/12/2018	3.3.2	Gaze Project	O4	3	M	Bilingual	G130	06/09/2018	89100	1280 x 720		Raw Data	attention.avi	190	0	900	720									35785	10:16:24.805	1536226358578875															0			Unclassified	8																									4292	622	290			622	290	432	290	249.62	173.07					290.32	203.41	745.99		-34.01						771.62		4.06		0	4				
07/12/2018	3.3.2	Gaze Project	O4	3	M	Bilingual	G130	06/09/2018	89100	1280 x 720		Raw Data	attention.avi	190	0	900	720									35793	10:16:24.814	1536226358587212															0	3213		Fixation	8	383	405	7.76	257.85	160.28																				4293	672	424	573	405	622	414	432	414	269.93	119.24	229.96	126.89	249.94	123.06	290.20	205.25	751.67	335.88	207.07	747.76					777.58	777.58	4.63	4.56	0	0				
07/12/2018	3.3.2	Gaze Project	O4	3	M	Bilingual	G130	06/09/2018	89100	1280 x 720		Raw Data	attention.avi	190	0	900	720									35801	10:16:24.822	1536226358595573															0	3214		Fixation	8	386	466	1.83	272.81	14.96																				4294			576	466	576	466	386	466			231.33	102.26						336.71	209.08	753.79						0.00		4.72	4	0				
07/12/2018	3.3.2	Gaze Project	O4	3	M	Bilingual	G130	06/09/2018	89100	1280 x 720		Raw Data	attention.avi	190	0	900	720									35810	10:16:24.830	1536226358603931															0			Unclassified	8																									4295	689	392			689	392	499	392	276.43	132.20					289.89	219.00	794.01		-34.01						822.04		5.09		0	4				
07/12/2018	3.3.2	Gaze Project	O4	3	M	Bilingual	G130	06/09/2018	89100	1280 x 720		Raw Data	attention.avi	190	0	900	720									35818	10:16:24.839	1536226358612197															0			Unclassified	8																									4296	616	373			616	373	426	373	247.46	139.88					289.84	218.28	791.83		-34.01						819.75		4.98		0	4				
07/12/2018	3.3.2	Gaze Project	O4	3	M	Bilingual	G130	06/09/2018	89100	1280 x 720		Raw Data	attention.avi	190	0	900	720									35826	10:16:24.847	1536226358620538															0	3215		Fixation	8	479	250	6.90	66.77	153.97																				4297	681	440	669	250	675	345	485	345	273.16	112.67	268.49	189.37	270.83	151.02	289.81	211.59	771.32	337.46	220.32	788.40					798.19	798.19	4.89	5.07	0	0				
07/12/2018	3.3.2	Gaze Project	O4	3	M	Bilingual	G130	06/09/2018	89100	1280 x 720		Raw Data	attention.avi	190	0	900	720									35835	10:16:24.855	1536226358628886															0	3216		Fixation	8	412	355	3.64	237.54	170.77																				4298	608	391	602	355	605	373	415	373	243.94	132.62	241.83	147.15	242.89	139.89	289.66	217.02	788.00	336.27	214.08	769.32					815.71	815.71	4.91	4.98	0	0				
07/12/2018	3.3.2	Gaze Project	O4	3	M	Bilingual	G130	06/09/2018	89100	1280 x 720		Raw Data	attention.avi	190	0	900	720									35843	10:16:24.864	1536226358637244															0	3217		Fixation	8	456	306	1.90	48.17	170.63																				4299			646	306	646	306	456	306			259.17	166.66						343.21	224.34	799.46						0.00		5.09	4	0				
07/12/2018	3.3.2	Gaze Project	O4	3	M	Bilingual	G130	06/09/2018	89100	1280 x 720		Raw Data	attention.avi	190	0	900	720									35851	10:16:24.872	1536226358645600															0	3218		Fixation	8	490	168	3.93	76.20	28.03																				4300	606	301	680	168	643	234	453	234	243.10	168.83	273.05	222.20	258.08	195.52	289.46	217.67	790.07	351.40	242.25	853.54					817.87	817.87	4.82	5.36	0	0				
07/12/2018	3.3.2	Gaze Project	O4	3	M	Bilingual	G130	06/09/2018	89100	1280 x 720		Raw Data	attention.avi	190	0	900	720									35860	10:16:24.880	1536226358653857															0	3219		Fixation	8	438	341	5.09	253.32	177.12																				4301	616	384	628	341	622	362	432	362	247.42	135.31	251.98	152.77	249.70	144.04	289.44	212.52	774.23	335.93	213.75	767.86					801.23	801.23	4.79	5.03	0	0				
07/12/2018	3.3.2	Gaze Project	O4	3	M	Bilingual	G130	06/09/2018	89100	1280 x 720		Raw Data	attention.avi	190	0	900	720									35868	10:16:24.889	1536226358662195															0	3220		Fixation	8	516	120	6.41	70.62	177.30																				4302	720	-210	706	120	713	-45			288.97	374.58	283.31	241.80	286.14	308.19	306.03	263.65	930.17	358.69	258.95	903.71					965.92	965.92	4.84	5.76	0	0				
07/12/2018	3.3.2	Gaze Project	O4	3	M	Bilingual	G130	06/09/2018	89100	1280 x 720		Raw Data	attention.avi	190	0	900	720									35876	10:16:24.897	1536226358670554															0	3221		Fixation	8	461	297	5.08	252.79	182.17																				4303			651	297	651	297	461	297			261.35	170.35						335.75	213.95	768.13						0.00		4.95	4	0				
07/12/2018	3.3.2	Gaze Project	O4	3	M	Bilingual	G130	06/09/2018	89100	1280 x 720		Raw Data	attention.avi	190	0	900	720									35885	10:16:24.905	1536226358678912															0	3222		Fixation	8	412	359	2.30	231.77	338.98																				4304	696	449	602	359	649	404	459	404	279.53	108.99	241.82	145.40	260.68	127.19	289.05	219.87	796.72	336.69	220.03	786.35					824.85	824.85	5.17	5.10	0	0				
07/12/2018	3.3.2	Gaze Project	O4	3	M	Bilingual	G130	06/09/2018	89100	1280 x 720		Raw Data	attention.avi	190	0	900	720									35893	10:16:24.914	1536226358687191															0			Unclassified	8																									4305	640	356			640	356	450	356	256.76	146.49					289.00	218.42	792.25		-34.01						820.15		4.94		0	4				
07/12/2018	3.3.2	Gaze Project	O4	3	M	Bilingual	G130	06/09/2018	89100	1280 x 720		Raw Data	attention.avi	190	0	900	720									35901	10:16:24.922	1536226358695530															0			Unclassified	8																									4306																			-34.01										4	4				
07/12/2018	3.3.2	Gaze Project	O4	3	M	Bilingual	G130	06/09/2018	89100	1280 x 720		Raw Data	attention.avi	190	0	900	720									35910	10:16:24.930	1536226358703865															0	3223		Fixation	8	435	289	2.15	71.87	200.10																				4307	627	325	625	289	626	307	436	307	251.81	159.22	250.99	173.39	251.40	166.31	288.81	217.37	788.91	335.37	214.29	768.50					816.65	816.65	4.87	4.83	0	0				
07/12/2018	3.3.2	Gaze Project	O4	3	M	Bilingual	G130	06/09/2018	89100	1280 x 720		Raw Data	attention.avi	190	0	900	720									35918	10:16:24.939	1536226358712226															0	3224		Fixation	8	425	256	1.01	106.81	34.94																				4308	666	442	615	256	640	349	450	349	267.39	111.91	246.73	186.74	257.06	149.32	288.77	212.33	773.43	342.20	224.52	798.49					800.38	800.38	5.07	5.05	0	0				
07/12/2018	3.3.2	Gaze Project	O4	3	M	Bilingual	G130	06/09/2018	89100	1280 x 720		Raw Data	attention.avi	190	0	900	720									35926	10:16:24.947	1536226358720582															0			Unclassified	8																									4309	685	427			685	427	495	427	275.03	118.03					288.61	216.49	786.21		-34.01						813.80		5.12		0	4				
07/12/2018	3.3.2	Gaze Project	O4	3	M	Bilingual	G130	06/09/2018	89100	1280 x 720		Raw Data	attention.avi	190	0	900	720									35935	10:16:24.955	1536226358728853															0	3225		Fixation	8	421	376	3.45	268.10	161.29																				4310			611	376	611	376	421	376			245.26	138.41						335.97	219.65	784.50						0.00		5.14	4	0				
07/12/2018	3.3.2	Gaze Project	O4	3	M	Bilingual	G130	06/09/2018	89100	1280 x 720		Raw Data	attention.avi	190	0	900	720									35943	10:16:24.964	1536226358737203															0	3226		Fixation	8	430	428	1.54	279.79	11.69																				4311	643	390	620	428	631	409	441	409	258.25	132.81	248.72	117.40	253.49	125.10	288.38	218.68	792.99	334.97	214.34	768.40					820.91	820.91	5.08	5.05	0	0				
07/12/2018	3.3.2	Gaze Project	O4	3	M	Bilingual	G130	06/09/2018	89100	1280 x 720		Raw Data	attention.avi	190	0	900	720									35951	10:16:24.972	1536226358745539															0	3227		Fixation	8	417	307	3.56	96.11	176.32																				4312	616	319	607	307	611	313	421	313	247.22	161.61	243.73	166.29	245.47	163.95	288.40	212.15	773.00	335.84	220.03	785.60					799.91	799.91	4.92	5.01	0	0				
07/12/2018	3.3.2	Gaze Project	O4	3	M	Bilingual	G130	06/09/2018	89100	1280 x 720		Raw Data	attention.avi	190	0	900	720									35960	10:16:24.980	1536226358753898															0			Unclassified	8																									4313	625	314			625	314	435	314	250.93	163.55					288.56	203.62	746.41		-34.01						772.00		4.21		0	4				
07/12/2018	3.3.2	Gaze Project	O4	3	M	Bilingual	G130	06/09/2018	89100	1280 x 720		Raw Data	attention.avi	190	0	900	720									35968	10:16:24.989	1536226358762251															0			Unclassified	8																									4314																			-34.01										4	4				
07/12/2018	3.3.2	Gaze Project	O4	3	M	Bilingual	G130	06/09/2018	89100	1280 x 720		Raw Data	attention.avi	190	0	900	720									35976	10:16:24.997	1536226358770512															0	3228		Fixation	8	489	187	4.07	59.12	323.00																				4315	621	306	679	187	650	246	460	246	249.07	166.83	272.72	214.70	260.90	190.76	288.32	203.71	746.37	335.64	220.08	785.88					771.98	771.98	4.19	4.86	0	0				
07/12/2018	3.3.2	Gaze Project	O4	3	M	Bilingual	G130	06/09/2018	89100	1280 x 720		Raw Data	attention.avi	190	0	900	720									35985	10:16:25.005	1536226358778851															0	3229		Fixation	8	508	211	0.87	308.28	249.16																				4316	649	502	698	211	673	356	483	356	260.48	87.62	280.31	205.04	270.40	146.33	288.32	203.44	746.48	337.83	233.83	827.56					772.01	772.01	4.74	5.25	0	0				
07/12/2018	3.3.2	Gaze Project	O4	3	M	Bilingual	G130	06/09/2018	89100	1280 x 720		Raw Data	attention.avi	190	0	900	720									35993	10:16:25.014	1536226358787198															0	3230		Fixation	8	464	327	3.61	249.29	301.01																				4317	605	356	654	327	629	341	439	341	242.74	146.57	262.39	158.30	252.56	152.44	288.26	203.43	746.48	333.68	207.15	746.01					772.00	772.00	4.15	4.48	0	0				
07/12/2018	3.3.2	Gaze Project	O4	3	M	Bilingual	G130	06/09/2018	89100	1280 x 720		Raw Data	attention.avi	190	0	900	720									36001	10:16:25.022	1536226358795565															0	3231		Fixation	8	405	413	3.16	235.63	346.35																				4318	613	443	595	413	604	428	414	428	246.15	111.36	238.87	123.47	242.51	117.41	288.24	203.42	746.49	333.79	207.40	746.82					772.00	772.00	4.53	4.59	0	0				
07/12/2018	3.3.2	Gaze Project	O4	3	M	Bilingual	G130	06/09/2018	89100	1280 x 720		Raw Data	attention.avi	190	0	900	720									36010	10:16:25.030	1536226358803834															0			Unclassified	8																									4319	654	305			654	305	464	305	262.36	167.04					288.23	202.89	744.59		-34.01						770.03		3.98		0	4				
07/12/2018	3.3.2	Gaze Project	O4	3	M	Bilingual	G130	06/09/2018	89100	1280 x 720		Raw Data	attention.avi	190	0	900	720									36018	10:16:25.039	1536226358812179															0	3232		Fixation	8	501	93	10.20	73.35	197.72																				4320	643	224	691	93	667	158	477	158	258.00	199.83	277.25	252.42	267.62	226.12	288.18	205.24	752.17	333.58	208.19	750.13					777.97	777.97	4.05	3.34	0	0				
07/12/2018	3.3.2	Gaze Project	O4	3	M	Bilingual	G130	06/09/2018	89100	1280 x 720		Raw Data	attention.avi	190	0	900	720									36026	10:16:25.047	1536226358820519															0	3233		Fixation	8	458	295	6.35	258.02	184.67																				4321	626	307	648	295	637	301	447	301	251.19	166.34	259.91	171.17	255.55	168.76	288.24	202.89	744.65	333.18	205.83	742.63					770.09	770.09	4.08	4.09	0	0				
07/12/2018	3.3.2	Gaze Project	O4	3	M	Bilingual	G130	06/09/2018	89100	1280 x 720		Raw Data	attention.avi	190	0	900	720									36035	10:16:25.055	1536226358828877															0			Unclassified	8																									4322	612	210			612	210	422	210	245.49	205.57					288.28	202.79	744.68		-34.01						770.10		3.96		0	4				
07/12/2018	3.3.2	Gaze Project	O4	3	M	Bilingual	G130	06/09/2018	89100	1280 x 720		Raw Data	attention.avi	190	0	900	720									36043	10:16:25.064	1536226358837233															0	3234		Fixation	8	425	140	4.87	101.98	203.96																				4323	665	145	615	140	640	142	450	142	267.08	231.57	246.99	233.42	257.03	232.49	291.56	215.09	781.72	333.54	207.57	748.26					809.23	809.23	3.68	3.59	0	0				
07/12/2018	3.3.2	Gaze Project	O4	3	M	Bilingual	G130	06/09/2018	89100	1280 x 720		Raw Data	attention.avi	190	0	900	720									36051	10:16:25.072	1536226358845503															0	3235		Fixation	8	465	296	4.95	284.34	182.36																				4324	637	182	655	296	646	239	456	239	255.84	216.62	262.76	170.78	259.30	193.70	288.30	202.91	744.75	333.27	205.84	742.64					770.20	770.20	3.73	4.16	0	0				
07/12/2018	3.3.2	Gaze Project	O4	3	M	Bilingual	G130	06/09/2018	89100	1280 x 720		Raw Data	attention.avi	190	0	900	720									36060	10:16:25.080	1536226358853839															0	3236		Fixation	8	455	336	1.27	256.01	331.67																				4325	644	263	645	336	644	299	454	299	258.53	183.96	258.94	154.81	258.73	169.38	288.33	202.93	744.79	333.89	207.23	746.40					770.25	770.25	3.81	4.32	0	0				
07/12/2018	3.3.2	Gaze Project	O4	3	M	Bilingual	G130	06/09/2018	89100	1280 x 720		Raw Data	attention.avi	190	0	900	720									36068	10:16:25.089	1536226358862191															0	3237		Fixation	8	472	99	7.32	85.91	189.90																				4326	652	353	662	99	657	226	467	226	261.55	147.60	265.88	249.90	263.71	198.75	288.36	202.85	744.82	333.33	205.76	742.67					770.25	770.25	4.20	3.08	0	0				
07/12/2018	3.3.2	Gaze Project	O4	3	M	Bilingual	G130	06/09/2018	89100	1280 x 720		Raw Data	attention.avi	190	0	900	720									36076	10:16:25.097	1536226358870532															0	3238		Fixation	8	405	413	9.83	257.99	172.08																				4327	603	367	595	413	599	390	409	390	242.15	142.00	238.97	123.65	240.56	132.83	288.38	202.87	744.82	334.51	208.52	750.15					770.25	770.25	4.40	4.60	0	0				
07/12/2018	3.3.2	Gaze Project	O4	3	M	Bilingual	G130	06/09/2018	89100	1280 x 720		Raw Data	attention.avi	190	0	900	720									36085	10:16:25.105	1536226358878891															0	3239		Fixation	8	461	298	3.82	64.11	166.12																				4328			651	298	651	298	461	298			261.38	169.87						334.70	213.85	767.05						0.00		4.72	4	0				
07/12/2018	3.3.2	Gaze Project	O4	3	M	Bilingual	G130	06/09/2018	89100	1280 x 720		Raw Data	attention.avi	190	0	900	720									36093	10:16:25.114	1536226358887172															0	3240		Fixation	8	455	384	2.61	266.02	201.91																				4329	649	486	645	384	647	435	457	435	260.46	94.34	258.91	135.48	259.68	114.91	288.18	215.88	784.72	333.33	205.77	742.06					812.18	812.18	5.08	4.92	0	0				
07/12/2018	3.3.2	Gaze Project	O4	3	M	Bilingual	G130	06/09/2018	89100	1280 x 720		Raw Data	attention.avi	190	0	900	720									36101	10:16:25.122	1536226358895496															0			Unclassified	8																									4330	561	403			561	403	371	403	225.18	127.47					288.17	216.52	786.63		-34.01						814.20		4.95		0	4				
07/12/2018	3.3.2	Gaze Project	O4	3	M	Bilingual	G130	06/09/2018	89100	1280 x 720		Raw Data	attention.avi	190	0	900	720									36110	10:16:25.130	1536226358903858															0	3241		Fixation	8	492	309	2.52	63.81	157.79																				4331			682	309	682	309	492	309			273.84	165.50						334.67	213.80	766.54						0.00		4.84	4	0				
07/12/2018	3.3.2	Gaze Project	O4	3	M	Bilingual	G130	06/09/2018	89100	1280 x 720		Raw Data	attention.avi	190	0	900	720									36118	10:16:25.139	1536226358912220															0	3242		Fixation	8	447	336	1.58	211.05	147.23																				4332	623	403	637	336	630	369	440	369	250.26	127.68	255.83	154.69	253.05	141.18	288.19	212.47	774.01	333.26	205.61	741.27					800.95	800.95	4.85	4.62	0	0				
07/12/2018	3.3.2	Gaze Project	O4	3	M	Bilingual	G130	06/09/2018	89100	1280 x 720		Raw Data	attention.avi	190	0	900	720									36126	10:16:25.147	1536226358920485															0	3243		Fixation	8	442	242	2.71	93.03	241.99																				4333	608	439	632	242	620	340	430	340	243.89	112.99	253.68	192.50	248.78	152.74	288.17	212.40	773.69	348.61	239.72	843.81					800.63	800.63	4.88	5.48	0	0				
07/12/2018	3.3.2	Gaze Project	O4	3	M	Bilingual	G130	06/09/2018	89100	1280 x 720		Raw Data	attention.avi	190	0	900	720									36135	10:16:25.155	1536226358928822															0	3244		Fixation	8	418	447	5.74	263.34	170.31																				4334	610	322	608	447	609	384	419	384	244.77	160.27	244.16	109.88	244.47	135.07	288.34	203.69	746.41	335.66	220.38	786.11					772.02	772.02	4.26	5.14	0	0				
07/12/2018	3.3.2	Gaze Project	O4	3	M	Bilingual	G130	06/09/2018	89100	1280 x 720		Raw Data	attention.avi	190	0	900	720									36143	10:16:25.164	1536226358937173															0	3245		Fixation	8	436	329	3.54	81.35	178.01																				4335	617	384	626	329	621	356	431	356	247.49	135.41	251.34	157.42	249.41	146.42	288.29	203.59	746.46	333.18	205.59	741.28					772.03	772.03	4.65	4.63	0	0				
07/12/2018	3.3.2	Gaze Project	O4	3	M	Bilingual	G130	06/09/2018	89100	1280 x 720		Raw Data	attention.avi	190	0	900	720									36151	10:16:25.172	1536226358945534															0			Unclassified	8																									4336																			-34.01										4	4				
07/12/2018	3.3.2	Gaze Project	O4	3	M	Bilingual	G130	06/09/2018	89100	1280 x 720		Raw Data	attention.avi	190	0	900	720									36160	10:16:25.180	1536226358953888															0			Unclassified	8																									4337	642	485			642	485	452	485	257.83	94.70					288.25	203.64	746.44		-34.01						772.02		4.82		0	4				
07/12/2018	3.3.2	Gaze Project	O4	3	M	Bilingual	G130	06/09/2018	89100	1280 x 720		Raw Data	attention.avi	190	0	900	720									36168	10:16:25.189	1536226358962137															0	3246		Fixation	8	441	376	1.45	276.05	194.70																				4338	592	526	631	376	611	451	421	451	237.43	78.24	253.43	138.43	245.43	108.34	288.24	203.65	746.43	333.14	206.09	742.12					772.02	772.02	4.68	4.79	0	0				
07/12/2018	3.3.2	Gaze Project	O4	3	M	Bilingual	G130	06/09/2018	89100	1280 x 720		Raw Data	attention.avi	190	0	900	720									36175	10:16:25.196								7	Space								3247		Fixation	8	414	481	3.27	255.62	339.57																																																						
07/12/2018	3.3.2	Gaze Project	O4	3	M	Bilingual	G130	06/09/2018	89100	1280 x 720		Raw Data	attention.avi	190	0	900	720									36176	10:16:25.197	1536226358970486															0	3247		Fixation	8	414	481	3.27	255.62	339.57																				4339	639	485	604	481	621	483	431	483	256.60	94.68	242.59	96.07	249.59	95.37	288.15	203.67	746.42	334.30	208.82	749.89					772.02	772.02	4.51	4.69	0	0				
07/12/2018	3.3.2	Gaze Project	O4	3	M	Bilingual	G130	06/09/2018	89100	1280 x 720		Raw Data	attention.avi	190	0	900	720									36177	10:16:25.198										16	MovieEnd	attention.avi					3247		Fixation	8	414	481	3.27	255.62	339.57																																																						
07/12/2018	3.3.2	Gaze Project	O4	3	M	Bilingual	G130	06/09/2018	89100	1280 x 720		Raw Data														36185	10:16:25.205	1536226358978842															0			Unclassified	8																									4340																			-34.01										4	4				
07/12/2018	3.3.2	Gaze Project	O4	3	M	Bilingual	G130	06/09/2018	89100	1280 x 720		Raw Data														36193	10:16:25.214	1536226358987200															0			Unclassified	8																									4341	618	393			618	393			248.08	131.50					288.06	204.80	749.87		-34.01						775.63		4.43		0	4				
07/12/2018	3.3.2	Gaze Project	O4	3	M	Bilingual	G130	06/09/2018	89100	1280 x 720		Raw Data														36201	10:16:25.222	1536226358995477															0	3248		Fixation	8			1.31	177.39	281.77																				4342	629	229	560	479	594	354			252.57	197.71	224.90	96.97	238.74	147.34	288.05	203.08	744.30	334.65	209.89	753.13					769.82	769.82	3.77	4.77	0	0				
07/12/2018	3.3.2	Gaze Project	O4	3	M	Bilingual	G130	06/09/2018	89100	1280 x 720		Raw Data														36210	10:16:25.230	1536226359003819															0	3249		Fixation	8			6.86	65.08	247.70																				4343	599	199	656	273	627	236			240.30	209.85	263.15	180.10	251.72	194.98	288.01	203.03	744.13	332.93	206.04	741.90					769.63	769.63	3.66	3.89	0	0				
07/12/2018	3.3.2	Gaze Project	O4	3	M	Bilingual	G130	06/09/2018	89100	1280 x 720		Raw Data														36218	10:16:25.239	1536226359012147															0	3250		Fixation	8			5.16	241.25	176.17																				4344	662	293	574	422	618	357			265.69	172.10	230.48	120.07	248.09	146.08	287.95	203.21	744.79	334.16	209.00	750.43					770.31	770.31	3.91	4.73	0	0				
07/12/2018	3.3.2	Gaze Project	O4	3	M	Bilingual	G130	06/09/2018	89100	1280 x 720		Raw Data														36226	10:16:25.247	1536226359020514															0	3251		Fixation	8			1.88	40.59	159.34																				4345	642	196	622	381	632	288			257.71	211.09	249.48	136.44	253.59	173.77	287.90	203.16	744.66	334.60	210.18	754.00					770.18	770.18	3.75	4.68	0	0				
07/12/2018	3.3.2	Gaze Project	O4	3	M	Bilingual	G130	06/09/2018	89100	1280 x 720		Raw Data														36235	10:16:25.255	1536226359028868															0	3252		Fixation	8			1.31	235.31	194.71																				4346	648	59	597	417	622	238			260.01	266.17	239.78	122.03	249.89	194.10	292.51	220.48	797.43	334.22	209.44	751.83					825.86	825.86	3.89	4.62	0	0				
07/12/2018	3.3.2	Gaze Project	O4	3	M	Bilingual	G130	06/09/2018	89100	1280 x 720		Raw Data														36243	10:16:25.264	1536226359037138															0			Unclassified	8																									4347																			-34.01										4	4				
07/12/2018	3.3.2	Gaze Project	O4	3	M	Bilingual	G130	06/09/2018	89100	1280 x 720		Raw Data														36251	10:16:25.272	1536226359045480															0	3253		Fixation	8			5.02	66.14	190.83																				4348	619	352	664	266	641	309			248.42	148.17	266.47	182.72	257.44	165.44	287.65	204.79	750.12	332.61	206.08	742.10					775.85	775.85	4.26	4.05	0	0				
07/12/2018	3.3.2	Gaze Project	O4	3	M	Bilingual	G130	06/09/2018	89100	1280 x 720		Raw Data														36260	10:16:25.280	1536226359053827															0	3254		Fixation	8			0.87	207.55	141.41																				4349	664	165	639	279	651	222			266.64	223.30	256.36	177.58	261.50	200.44	287.59	204.36	748.83	332.52	206.03	741.99					774.50	774.50	3.74	4.14	0	0				
07/12/2018	3.3.2	Gaze Project	O4	3	M	Bilingual	G130	06/09/2018	89100	1280 x 720		Raw Data														36268	10:16:25.289	1536226359062179															0			Unclassified	8																									4350	620	154			620	154			248.86	227.80					287.50	205.17	751.33		-34.01						777.12		3.44		0	4				
07/12/2018	3.3.2	Gaze Project	O4	3	M	Bilingual	G130	06/09/2018	89100	1280 x 720		Raw Data														36276	10:16:25.297	1536226359070537															0	3255		Fixation	8			0.37	260.57	53.02																				4351	636	190	637	291	636	240			255.46	213.24	255.62	172.75	255.54	192.99	287.48	203.12	744.77	334.62	211.19	757.23					770.25	770.25	3.64	4.46	0	0				
07/12/2018	3.3.2	Gaze Project	O4	3	M	Bilingual	G130	06/09/2018	89100	1280 x 720		Raw Data														36285	10:16:25.305	1536226359078799															0	3256		Fixation	8			4.62	118.68	218.12																				4352	614	292	564	158	589	225			246.44	172.22	226.35	226.15	236.40	199.19	287.38	204.81	750.32	332.31	206.05	742.07					776.05	776.05	4.12	3.27	0	0				
07/12/2018	3.3.2	Gaze Project	O4	3	M	Bilingual	G130	06/09/2018	89100	1280 x 720		Raw Data														36293	10:16:25.314	1536226359087135															0			Unclassified	8																									4353	671	190			671	190			269.41	213.34					287.35	203.22	745.08		-34.01						770.57		3.52		0	4				
07/12/2018	3.3.2	Gaze Project	O4	3	M	Bilingual	G130	06/09/2018	89100	1280 x 720		Raw Data														36301	10:16:25.322	1536226359095492															0	3257		Fixation	8			5.94	292.28	173.60																				4354	623	199	638	338	630	268			250.28	209.84	256.29	153.82	253.28	181.83	287.29	203.17	744.92	334.04	210.37	754.70					770.40	770.40	3.80	4.51	0	0				
07/12/2018	3.3.2	Gaze Project	O4	3	M	Bilingual	G130	06/09/2018	89100	1280 x 720		Raw Data														36310	10:16:25.330	1536226359103849															0	3258		Fixation	8			2.23	236.61	304.33																				4355	639	148	597	400	618	274			256.32	230.50	239.63	128.69	247.97	179.60	288.64	208.75	761.66	333.45	209.18	751.06					788.09	788.09	3.36	4.41	0	0				
07/12/2018	3.3.2	Gaze Project	O4	3	M	Bilingual	G130	06/09/2018	89100	1280 x 720		Raw Data														36318	10:16:25.339	1536226359112121															0	3259		Fixation	8			1.92	52.14	175.53																				4356	637	314	636	350	636	332			255.83	163.49	255.17	148.99	255.50	156.24	287.18	203.32	745.31	332.07	206.15	742.23					770.81	770.81	3.93	4.09	0	0				
07/12/2018	3.3.2	Gaze Project	O4	3	M	Bilingual	G130	06/09/2018	89100	1280 x 720		Raw Data														36326	10:16:25.347	1536226359120467															0	3260		Fixation	8			6.64	85.49	33.36																				4357	579	244	653	135	616	189			232.37	191.69	262.03	235.53	247.20	213.61	287.12	203.23	745.35	332.29	207.78	747.48					770.82	770.82	3.79	3.31	0	0				
07/12/2018	3.3.2	Gaze Project	O4	3	M	Bilingual	G130	06/09/2018	89100	1280 x 720		Raw Data														36335	10:16:25.355	1536226359128805															0	3261		Fixation	8			4.97	273.54	188.05																				4358	628	307	663	296	645	301			251.99	166.48	266.27	170.55	259.13	168.52	287.02	205.29	751.62	331.95	206.12	741.98					777.41	777.41	4.14	4.05	0	0				
07/12/2018	3.3.2	Gaze Project	O4	3	M	Bilingual	G130	06/09/2018	89100	1280 x 720		Raw Data														36343	10:16:25.364	1536226359137163															0	3262		Fixation	8			4.71	245.66	332.11																				4359	609	198	599	437	604	317			244.32	210.07	240.28	114.08	242.30	162.08	286.98	204.68	749.69	333.02	208.78	749.54					775.38	775.38	3.55	4.50	0	0				
07/12/2018	3.3.2	Gaze Project	O4	3	M	Bilingual	G130	06/09/2018	89100	1280 x 720		Raw Data														36351	10:16:25.372	1536226359145525															0	3263		Fixation	8			8.03	83.06	197.40																				4360	588	356	631	175	609	265			236.06	146.42	253.28	219.28	244.67	182.85	286.92	204.07	747.75	332.17	208.35	748.97					773.35	773.35	3.97	3.68	0	0				
07/12/2018	3.3.2	Gaze Project	O4	3	M	Bilingual	G130	06/09/2018	89100	1280 x 720		Raw Data														36360	10:16:25.380	1536226359153789															0	3264		Fixation	8			4.89	243.82	160.76																				4361	558	226	559	321	558	273			224.02	198.94	224.57	160.82	224.29	179.88	286.52	216.25	785.08	333.08	214.79	768.33					812.58	812.58	4.03	4.89	0	0				
07/12/2018	3.3.2	Gaze Project	O4	3	M	Bilingual	G130	06/09/2018	89100	1280 x 720		Raw Data														36368	10:16:25.389	1536226359162129															0	3265		Fixation	8			2.79	257.05	13.22																				4362	600	338	538	412	569	375			240.75	153.95	215.76	123.90	228.26	138.92	286.82	204.09	747.26	331.59	206.07	741.48					772.89	772.89	4.13	4.60	0	0				
07/12/2018	3.3.2	Gaze Project	O4	3	M	Bilingual	G130	06/09/2018	89100	1280 x 720		Raw Data														36376	10:16:25.397	1536226359170482															0	3266		Fixation	8			10.70	13.12	116.08																				4363			878	333	878	333					352.48	155.65						330.63	206.21	741.42						0.00		4.49	4	0				
07/12/2018	3.3.2	Gaze Project	O4	3	M	Bilingual	G130	06/09/2018	89100	1280 x 720		Raw Data														36385	10:16:25.405	1536226359178838															0			Unclassified	8																									4364	586	391			586	391			235.28	132.35					286.62	203.70	745.96		-34.01						771.53		4.40		0	4				
07/12/2018	3.3.2	Gaze Project	O4	3	M	Bilingual	G130	06/09/2018	89100	1280 x 720		Raw Data														36393	10:16:25.414	1536226359187190															0			Unclassified	8																									4365																			-34.01										4	4				
07/12/2018	3.3.2	Gaze Project	O4	3	M	Bilingual	G130	06/09/2018	89100	1280 x 720		Raw Data														36401	10:16:25.422	1536226359195428															0			Unclassified	8																									4366	580	277			580	277			232.94	178.53					286.60	204.14	747.18		-34.01						772.82		3.93		0	4				
07/12/2018	3.3.2	Gaze Project	O4	3	M	Bilingual	G130	06/09/2018	89100	1280 x 720		Raw Data														36410	10:16:25.430	1536226359203773															0	3267		Fixation	8			8.53	190.00	176.88																				4367	475	227	605	381	540	304			190.83	198.53	242.84	136.68	216.83	167.60	286.53	204.04	747.22	331.33	206.08	741.47					772.83	772.83	3.56	4.47	0	0				
07/12/2018	3.3.2	Gaze Project	O4	3	M	Bilingual	G130	06/09/2018	89100	1280 x 720		Raw Data														36418	10:16:25.439	1536226359212144															0	3268		Fixation	8			2.24	126.17	296.16																				4368	554	460	561	321	557	390			222.25	104.80	225.26	160.72	223.76	132.76	286.30	210.97	768.45	332.95	216.46	772.72					795.13	795.13	4.78	4.71	0	0				
07/12/2018	3.3.2	Gaze Project	O4	3	M	Bilingual	G130	06/09/2018	89100	1280 x 720		Raw Data														36426	10:16:25.447	1536226359220506															0	3269		Fixation	8			3.15	283.73	157.56																				4369			586	423	586	423					235.27	119.68						331.28	206.47	742.07						0.00		4.69	4	0				
07/12/2018	3.3.2	Gaze Project	O4	3	M	Bilingual	G130	06/09/2018	89100	1280 x 720		Raw Data														36435	10:16:25.455	1536226359228780															0	3270		Fixation	8			0.82	182.13	258.40																				4370	552	402	559	424	555	413			221.63	127.87	224.26	119.32	222.95	123.59	286.07	217.22	787.49	331.23	206.31	741.50					815.15	815.15	4.83	4.67	0	0				
07/12/2018	3.3.2	Gaze Project	O4	3	M	Bilingual	G130	06/09/2018	89100	1280 x 720		Raw Data														36443	10:16:25.464	1536226359237120															0	3271		Fixation	8			4.98	73.28	251.16																				4371	591	440	606	268	598	354			237.05	112.81	243.41	182.04	240.23	147.43	286.40	204.26	747.23	331.16	206.22	741.54					772.90	772.90	4.49	4.42	0	0				
07/12/2018	3.3.2	Gaze Project	O4	3	M	Bilingual	G130	06/09/2018	89100	1280 x 720		Raw Data														36451	10:16:25.472	1536226359245458															0	3272		Fixation	8			4.23	254.50	181.22																				4372	545	318	569	401	557	359			218.88	162.02	228.23	128.39	223.55	145.21	286.15	211.04	768.44	331.17	206.25	741.18					795.14	795.14	4.58	4.66	0	0				
07/12/2018	3.3.2	Gaze Project	O4	3	M	Bilingual	G130	06/09/2018	89100	1280 x 720		Raw Data														36460	10:16:25.480	1536226359253818															0	3273		Fixation	8			8.02	81.06	186.55																				4373	604	-195	614	116	609	-39			242.59	368.31	246.60	243.31	244.59	305.81	301.09	260.32	918.43	353.83	257.59	895.45					953.50	953.50	4.64	5.68	0	0				
07/12/2018	3.3.2	Gaze Project	O4	3	M	Bilingual	G130	06/09/2018	89100	1280 x 720		Raw Data														36468	10:16:25.489	1536226359262172															0	3274		Fixation	8			8.96	262.90	181.84																				4374	589	358	574	436	581	397			236.37	145.97	230.41	114.20	233.39	130.09	286.29	204.10	746.61	331.11	206.19	740.84					772.26	772.26	4.40	4.66	0	0				
07/12/2018	3.3.2	Gaze Project	O4	3	M	Bilingual	G130	06/09/2018	89100	1280 x 720		Raw Data														36476	10:16:25.497	1536226359270440															0	3275		Fixation	8			1.11	67.68	164.79																				4375	587	-62	588	402	587	170			235.81	314.90	235.85	128.07	235.83	221.49	300.02	256.36	906.14	331.08	206.16	740.67					940.56	940.56	4.76	4.61	0	0				
07/12/2018	3.3.2	Gaze Project	O4	3	M	Bilingual	G130	06/09/2018	89100	1280 x 720		Raw Data														36485	10:16:25.505	1536226359278777															0	3276		Fixation	8			0.43	164.01	96.32																				4376	582	389	574	398	578	393			233.63	133.48	230.50	129.59	232.06	131.54	286.26	204.04	746.32	332.66	216.18	771.21					771.96	771.96	4.41	4.86	0	0				
07/12/2018	3.3.2	Gaze Project	O4	3	M	Bilingual	G130	06/09/2018	89100	1280 x 720		Raw Data														36493	10:16:25.514	1536226359287127															0			Unclassified	8																									4377																			-34.01										4	4				
07/12/2018	3.3.2	Gaze Project	O4	3	M	Bilingual	G130	06/09/2018	89100	1280 x 720		Raw Data														36501	10:16:25.522	1536226359295489															0	3277		Fixation	8			1.97	304.33	140.33																				4378			611	452	611	452					245.43	108.10						330.83	206.36	740.59						0.00		4.70	4	0				
07/12/2018	3.3.2	Gaze Project	O4	3	M	Bilingual	G130	06/09/2018	89100	1280 x 720		Raw Data														36510	10:16:25.530	1536226359303845															0			Unclassified	8																									4379																			-34.01										4	4				
07/12/2018	3.3.2	Gaze Project	O4	3	M	Bilingual	G130	06/09/2018	89100	1280 x 720		Raw Data														36518	10:16:25.539	1536226359312104															0	3278		Fixation	8			3.23	112.85	168.51																				4380			570	355	570	355					228.71	146.98						331.00	206.28	740.55						0.00		4.53	4	0				
07/12/2018	3.3.2	Gaze Project	O4	3	M	Bilingual	G130	06/09/2018	89100	1280 x 720		Raw Data														36526	10:16:25.547	1536226359320435															0			Unclassified	8																									4381	571	423			571	423			229.15	119.79					285.88	216.65	785.00		-34.01						812.60		4.88		0	4				
07/12/2018	3.3.2	Gaze Project	O4	3	M	Bilingual	G130	06/09/2018	89100	1280 x 720		Raw Data														36535	10:16:25.555	1536226359328786															0	3279		Fixation	8			1.94	43.82	290.97																				4382			616	311	616	311					247.28	164.53						331.00	206.46	740.87						0.00		4.46	4	0				
07/12/2018	3.3.2	Gaze Project	O4	3	M	Bilingual	G130	06/09/2018	89100	1280 x 720		Raw Data														36543	10:16:25.564	1536226359337154															0			Unclassified	8																									4383	589	373			589	373			236.39	139.72					286.23	204.47	747.02		-34.01						772.75		4.42		0	4				
07/12/2018	3.3.2	Gaze Project	O4	3	M	Bilingual	G130	06/09/2018	89100	1280 x 720		Raw Data														36551	10:16:25.572	1536226359345434															0	3280		Fixation	8			1.51	192.45	148.63																				4384	563	359	566	322	564	340			226.03	145.25	227.00	160.36	226.52	152.81	286.22	204.48	746.98	333.53	222.66	789.84					772.72	772.72	4.13	4.98	0	0				
07/12/2018	3.3.2	Gaze Project	O4	3	M	Bilingual	G130	06/09/2018	89100	1280 x 720		Raw Data														36560	10:16:25.580	1536226359353772															0			Unclassified	8																									4385	619	-158			619	-158			248.39	353.66					302.16	265.56	933.31		-34.01						969.31		4.77		0	4				
07/12/2018	3.3.2	Gaze Project	O4	3	M	Bilingual	G130	06/09/2018	89100	1280 x 720		Raw Data														36568	10:16:25.589	1536226359362111															0	3281		Fixation	8			2.26	294.81	102.36																				4386	597	290	598	391	597	340			239.54	173.34	239.97	132.61	239.76	152.98	286.15	204.41	747.01	330.97	206.59	740.82					772.72	772.72	3.72	4.62	0	0				
07/12/2018	3.3.2	Gaze Project	O4	3	M	Bilingual	G130	06/09/2018	89100	1280 x 720		Raw Data														36576	10:16:25.597	1536226359370452															0	3282		Fixation	8			0.64	64.73	129.92																				4387			607	372	607	372					243.80	140.32						330.96	206.62	740.80						0.00		4.65	4	0				
07/12/2018	3.3.2	Gaze Project	O4	3	M	Bilingual	G130	06/09/2018	89100	1280 x 720		Raw Data														36585	10:16:25.605	1536226359378824															0	3283		Fixation	8			2.59	108.80	44.07																				4388	584	365	579	290	581	327			234.48	142.80	232.30	173.32	233.39	158.06	286.18	204.48	746.54	333.28	221.33	785.38					772.30	772.30	4.20	4.90	0	0				
07/12/2018	3.3.2	Gaze Project	O4	3	M	Bilingual	G130	06/09/2018	89100	1280 x 720		Raw Data														36593	10:16:25.614	1536226359387082															0	3284		Fixation	8			2.58	291.74	182.94																				4389	532	347	611	370	571	358			213.64	150.26	245.37	140.92	229.50	145.59	285.95	210.72	765.98	330.91	206.80	740.72					792.69	792.69	4.50	4.67	0	0				
07/12/2018	3.3.2	Gaze Project	O4	3	M	Bilingual	G130	06/09/2018	89100	1280 x 720		Raw Data														36601	10:16:25.622	1536226359395419															0	3285		Fixation	8			0.78	228.27	296.53																				4390	574	297	594	389	584	343			230.57	170.43	238.41	133.17	234.49	151.80	286.22	204.54	746.46	330.96	206.70	740.73					772.25	772.25	4.16	4.52	0	0				
07/12/2018	3.3.2	Gaze Project	O4	3	M	Bilingual	G130	06/09/2018	89100	1280 x 720		Raw Data														36610	10:16:25.630	1536226359403779															0	3286		Fixation	8			3.34	234.25	5.98																				4391	583	401	529	479	556	440			233.93	128.54	212.53	97.12	223.23	112.83	286.12	203.86	744.27	330.95	206.85	740.67					769.95	769.95	4.50	4.88	0	0				
07/12/2018	3.3.2	Gaze Project	O4	3	M	Bilingual	G130	06/09/2018	89100	1280 x 720		Raw Data														36618	10:16:25.639	1536226359412137															0	3287		Fixation	8			1.32	39.73	165.48																				4392	551	424	564	450	557	437			221.34	119.19	226.59	108.68	223.96	113.93	285.95	211.18	766.96	333.08	220.10	781.23					793.77	793.77	4.78	5.04	0	0				
07/12/2018	3.3.2	Gaze Project	O4	3	M	Bilingual	G130	06/09/2018	89100	1280 x 720		Raw Data														36626	10:16:25.647	1536226359420497															0	3288		Fixation	8			2.03	66.11	26.37																				4393	618	371	592	387	605	379			248.25	140.58	237.43	133.93	242.84	137.25	286.18	204.71	746.54	330.98	206.80	740.68					772.37	772.37	4.29	4.73	0	0				
07/12/2018	3.3.2	Gaze Project	O4	3	M	Bilingual	G130	06/09/2018	89100	1280 x 720		Raw Data														36635	10:16:25.655	1536226359428754															0	3289		Fixation	8			8.46	87.18	21.08																				4394	605	320	607	83	606	201			242.69	161.28	243.77	256.51	243.23	208.89	286.20	204.75	746.51	354.29	259.88	899.67					772.36	772.36	4.19	5.58	0	0				
07/12/2018	3.3.2	Gaze Project	O4	3	M	Bilingual	G130	06/09/2018	89100	1280 x 720		Raw Data														36643	10:16:25.664	1536226359437087															0	3290		Fixation	8			3.08	260.40	173.22																				4395	609	534	588	195	598	364			244.50	75.09	235.86	211.26	240.18	143.17	286.14	204.25	744.87	333.37	222.00	786.49					770.64	770.64	4.63	4.62	0	0				
07/12/2018	3.3.2	Gaze Project	O4	3	M	Bilingual	G130	06/09/2018	89100	1280 x 720		Raw Data														36651	10:16:25.672	1536226359445457															0	3291		Fixation	8			5.93	264.54	4.13																				4396	575	335	569	393	572	364			230.74	155.14	228.59	131.58	229.66	143.36	285.86	216.67	783.13	330.97	206.75	740.12					810.83	810.83	4.74	4.60	0	0				
07/12/2018	3.3.2	Gaze Project	O4	3	M	Bilingual	G130	06/09/2018	89100	1280 x 720		Raw Data														36660	10:16:25.680	1536226359453808															0	3292		Fixation	8			5.39	70.43	165.89																				4397	564	213	630	222	597	217			226.49	204.03	252.76	200.52	239.62	202.27	286.24	204.47	744.79	333.56	223.24	789.96					770.63	770.63	3.81	4.80	0	0				
07/12/2018	3.3.2	Gaze Project	O4	3	M	Bilingual	G130	06/09/2018	89100	1280 x 720		Raw Data														36668	10:16:25.689	1536226359462074															0			Unclassified	8																									4398	485	-210			485	-210			194.58	374.61					302.54	267.54	937.21		-34.01						973.64		4.82		0	4				
07/12/2018	3.3.2	Gaze Project	O4	3	M	Bilingual	G130	06/09/2018	89100	1280 x 720		Raw Data														36676	10:16:25.697	1536226359470426															0	3293		Fixation	8			3.59	261.43	191.00																				4399	607	211	612	341	609	276			243.61	205.00	245.67	152.65	244.64	178.83	285.86	217.00	783.72	330.93	207.13	740.86					811.49	811.49	3.84	4.65	0	0				
07/12/2018	3.3.2	Gaze Project	O4	3	M	Bilingual	G130	06/09/2018	89100	1280 x 720		Raw Data	Ord4_T3_L.avi	190	0	900	720									36679	10:16:25.699										17	MovieStart	Ord4_T3_L.avi					3293		Fixation	8	422	341	3.59	261.43	191.00																																																						
07/12/2018	3.3.2	Gaze Project	O4	3	M	Bilingual	G130	06/09/2018	89100	1280 x 720		Raw Data	Ord4_T3_L.avi	190	0	900	720									36685	10:16:25.705	1536226359478751															0			Unclassified	8																									4400	650	-213			650	-213			260.91	375.55					302.57	267.80	937.76		-34.01						974.24		5.08		0	4				
07/12/2018	3.3.2	Gaze Project	O4	3	M	Bilingual	G130	06/09/2018	89100	1280 x 720		Raw Data	Ord4_T3_L.avi	190	0	900	720									36693	10:16:25.714	1536226359487106															0	3294		Fixation	8	376	407	2.45	235.21	333.79																				4401	535	231	566	407	550	319	360	319	214.68	196.87	227.16	125.98	220.92	161.42	286.25	204.94	746.29	330.97	207.02	740.39					772.21	772.21	3.90	4.77	0	0				
07/12/2018	3.3.2	Gaze Project	O4	3	M	Bilingual	G130	06/09/2018	89100	1280 x 720		Raw Data	Ord4_T3_L.avi	190	0	900	720									36701	10:16:25.722	1536226359495476															0			Unclassified	8																									4402	518	419			518	419	328	419	208.10	121.28					285.94	211.15	765.62		-34.01						792.49		4.76		0	4				
07/12/2018	3.3.2	Gaze Project	O4	3	M	Bilingual	G130	06/09/2018	89100	1280 x 720		Raw Data	Ord4_T3_L.avi	190	0	900	720									36710	10:16:25.730	1536226359503732															0	3295		Fixation	8	395	327	2.51	76.68	201.47																				4403	580	344	585	327	582	335	392	335	232.83	151.40	234.66	158.16	233.75	154.78	286.09	204.20	743.89	330.93	207.06	740.32					769.69	769.69	4.34	4.62	0	0				
07/12/2018	3.3.2	Gaze Project	O4	3	M	Bilingual	G130	06/09/2018	89100	1280 x 720		Raw Data	Ord4_T3_L.avi	190	0	900	720									36718	10:16:25.739	1536226359512071															0	3296		Fixation	8	414	262	2.04	73.76	357.07																				4404	581	437	604	262	592	349	402	349	233.41	113.97	242.55	184.31	237.98	149.14	286.10	204.10	743.93	332.49	217.20	771.08					769.70	769.70	4.58	4.69	0	0				
07/12/2018	3.3.2	Gaze Project	O4	3	M	Bilingual	G130	06/09/2018	89100	1280 x 720		Raw Data	Ord4_T3_L.avi	190	0	900	720									36726	10:16:25.747	1536226359520431															0	3297		Fixation	8	385	398	4.18	258.00	184.24																				4405	555	154	575	398	565	276	375	276	222.92	227.84	230.88	129.67	226.90	178.75	286.08	204.39	743.81	330.84	206.98	739.87					769.68	769.68	3.41	4.69	0	0				
07/12/2018	3.3.2	Gaze Project	O4	3	M	Bilingual	G130	06/09/2018	89100	1280 x 720		Raw Data	Ord4_T3_L.avi	190	0	900	720									36735	10:16:25.755	1536226359528778															0	3298		Fixation	8	348	123	7.76	97.64	199.64																				4406	570	-76	538	123	554	23	364	23	228.76	320.70	215.76	240.31	222.26	280.51	298.75	253.63	893.85	352.49	256.32	887.36					927.98	927.98	4.61	5.67	0	0				
07/12/2018	3.3.2	Gaze Project	O4	3	M	Bilingual	G130	06/09/2018	89100	1280 x 720		Raw Data	Ord4_T3_L.avi	190	0	900	720									36743	10:16:25.764	1536226359537066															0			Unclassified	8																									4407	583	454			583	454	393	454	234.18	106.92					286.03	204.20	743.89		-34.01						769.69		4.52		0	4				
07/12/2018	3.3.2	Gaze Project	O4	3	M	Bilingual	G130	06/09/2018	89100	1280 x 720		Raw Data	Ord4_T3_L.avi	190	0	900	720									36751	10:16:25.772	1536226359545413															0	3299		Fixation	8	423	403	8.11	284.95	187.31																				4408	683	96	613	403	648	249	458	249	274.06	251.35	246.10	127.59	260.08	189.47	302.10	267.27	935.20	330.71	206.97	739.87					971.63	971.63	6.24	4.65	0	0				
07/12/2018	3.3.2	Gaze Project	O4	3	M	Bilingual	G130	06/09/2018	89100	1280 x 720		Raw Data	Ord4_T3_L.avi	190	0	900	720									36760	10:16:25.780	1536226359553737															0	3300		Fixation	8	411	351	1.64	102.95	178.01																				4409	591	394	601	351	596	372	406	372	237.08	131.12	241.21	148.65	239.14	139.88	285.74	210.75	763.68	330.75	207.24	740.15					790.51	790.51	4.66	4.54	0	0				
07/12/2018	3.3.2	Gaze Project	O4	3	M	Bilingual	G130	06/09/2018	89100	1280 x 720		Raw Data	Ord4_T3_L.avi	190	0	900	720									36768	10:16:25.789	1536226359562102															0	3301		Fixation	8	415	269	2.48	87.22	344.26																				4410	580	440	605	269	592	354	402	354	232.98	112.69	242.86	181.50	237.92	147.10	285.69	211.63	766.24	332.39	217.96	772.60					793.21	793.21	4.74	4.75	0	0				
07/12/2018	3.3.2	Gaze Project	O4	3	M	Bilingual	G130	06/09/2018	89100	1280 x 720		Raw Data	Ord4_T3_L.avi	190	0	900	720									36776	10:16:25.797	1536226359570459															0	3302		Fixation	8	385	429	4.88	259.41	172.20																				4411			575	429	575	429	385	429			230.85	116.99						330.69	207.26	739.98						0.00		4.76	4	0				
07/12/2018	3.3.2	Gaze Project	O4	3	M	Bilingual	G130	06/09/2018	89100	1280 x 720		Raw Data	Ord4_T3_L.avi	190	0	900	720									36785	10:16:25.805	1536226359578729															0	3303		Fixation	8	404	273	4.65	83.08	183.66																				4412	555	-123	594	273	574	75	384	75	222.76	339.40	238.54	180.02	230.65	259.71	299.58	257.89	906.07	338.30	224.73	791.83					940.94	940.94	4.82	5.20	0	0				
07/12/2018	3.3.2	Gaze Project	O4	3	M	Bilingual	G130	06/09/2018	89100	1280 x 720		Raw Data	Ord4_T3_L.avi	190	0	900	720									36793	10:16:25.814	1536226359587070															0	3304		Fixation	8	431	331	1.91	294.89	211.81																				4413	614	325	621	331	617	328	427	328	246.43	159.00	249.20	156.52	247.81	157.76	285.79	204.91	745.06	330.72	207.43	739.91					771.02	771.02	4.21	4.71	0	0				
07/12/2018	3.3.2	Gaze Project	O4	3	M	Bilingual	G130	06/09/2018	89100	1280 x 720		Raw Data	Ord4_T3_L.avi	190	0	900	720									36801	10:16:25.822	1536226359595411															0	3305		Fixation	8	387	294	1.71	139.85	204.96																				4414	613	480	577	294	595	387	405	387	245.89	96.72	231.60	171.62	238.75	134.17	285.46	216.71	781.38	333.35	225.06	793.48					809.16	809.16	4.80	5.09	0	0				
07/12/2018	3.3.2	Gaze Project	O4	3	M	Bilingual	G130	06/09/2018	89100	1280 x 720		Raw Data	Ord4_T3_L.avi	190	0	900	720									36810	10:16:25.830	1536226359603810															0			Unclassified	8																									4415																			-34.01										4	4				
07/12/2018	3.3.2	Gaze Project	O4	3	M	Bilingual	G130	06/09/2018	89100	1280 x 720		Raw Data	Ord4_T3_L.avi	190	0	900	720									36818	10:16:25.839	1536226359612057															0	3306		Fixation	8	370	453	4.72	263.92	124.07																				4416	673	104	560	453	616	278	426	278	270.32	247.93	224.65	107.58	247.48	177.76	301.96	267.88	936.16	330.52	207.03	738.92					972.72	972.72	5.42	4.84	0	0				
07/12/2018	3.3.2	Gaze Project	O4	3	M	Bilingual	G130	06/09/2018	89100	1280 x 720		Raw Data	Ord4_T3_L.avi	190	0	900	720									36826	10:16:25.847	1536226359620402															0	3307		Fixation	8	402	418	1.43	47.66	143.74																				4417	673	104	592	418	632	261	442	261	270.32	247.93	237.82	121.52	254.07	184.72	294.16	237.06	842.29	330.57	207.58	740.52					873.67	873.67	5.42	4.84	0	0				
07/12/2018	3.3.2	Gaze Project	O4	3	M	Bilingual	G130	06/09/2018	89100	1280 x 720		Raw Data	Ord4_T3_L.avi	190	0	900	720									36835	10:16:25.855	1536226359628748															0			Unclassified	8																									4418	656	-104			656	-104			263.38	331.99					301.78	267.38	934.51		-34.01						970.99		5.28		0	4				
07/12/2018	3.3.2	Gaze Project	O4	3	M	Bilingual	G130	06/09/2018	89100	1280 x 720		Raw Data	Ord4_T3_L.avi	190	0	900	720									36843	10:16:25.864	1536226359637117															0	3308		Fixation	8	386	303	3.46	97.90	50.24																				4419	613	425	576	303	594	364	404	364	245.96	118.99	231.15	168.06	238.56	143.52	285.70	205.19	745.89	332.83	222.13	784.48					771.88	771.88	4.49	5.07	0	0				
07/12/2018	3.3.2	Gaze Project	O4	3	M	Bilingual	G130	06/09/2018	89100	1280 x 720		Raw Data	Ord4_T3_L.avi	190	0	900	720									36851	10:16:25.872	1536226359645389															0	3309		Fixation	8	327	312	1.71	188.70	90.81																				4420	592	459	517	312	554	385	364	385	237.45	105.21	207.37	164.48	222.41	134.84	285.23	219.57	789.66	332.89	222.59	785.77					817.91	817.91	5.06	5.05	0	0				
07/12/2018	3.3.2	Gaze Project	O4	3	M	Bilingual	G130	06/09/2018	89100	1280 x 720		Raw Data	Ord4_T3_L.avi	190	0	900	720									36860	10:16:25.880	1536226359653732															0			Unclassified	8																									4421																			-34.01										4	4				
07/12/2018	3.3.2	Gaze Project	O4	3	M	Bilingual	G130	06/09/2018	89100	1280 x 720		Raw Data	Ord4_T3_L.avi	190	0	900	720									36868	10:16:25.889	1536226359662075															0	3310		Fixation	8	384	183	3.89	66.23	237.53																				4422			574	183	574	183	384	183			230.30	216.27						347.49	246.52	856.41						0.00		5.56	4	0				
07/12/2018	3.3.2	Gaze Project	O4	3	M	Bilingual	G130	06/09/2018	89100	1280 x 720		Raw Data	Ord4_T3_L.avi	190	0	900	720									36876	10:16:25.897	1536226359670435															0	3311		Fixation	8	361	406	6.37	264.13	197.90																				4423	633	511	551	406	592	458	402	458	254.08	84.21	221.21	126.45	237.65	105.33	285.48	210.37	761.26	330.59	207.81	740.42					788.09	788.09	4.97	4.80	0	0				
07/12/2018	3.3.2	Gaze Project	O4	3	M	Bilingual	G130	06/09/2018	89100	1280 x 720		Raw Data	Ord4_T3_L.avi	190	0	900	720									36885	10:16:25.905	1536226359678787															0			Unclassified	8																									4424	612	431			612	431	422	431	245.71	116.40					285.44	211.40	764.26		-34.01						791.25		4.87		0	4				
07/12/2018	3.3.2	Gaze Project	O4	3	M	Bilingual	G130	06/09/2018	89100	1280 x 720		Raw Data	Ord4_T3_L.avi	190	0	900	720									36893	10:16:25.914	1536226359687050															0			Unclassified	8																									4425	586	-14			586	-14			235.28	295.72					299.79	260.10	911.37		-34.01						946.67		4.97		0	4				
07/12/2018	3.3.2	Gaze Project	O4	3	M	Bilingual	G130	06/09/2018	89100	1280 x 720		Raw Data	Ord4_T3_L.avi	190	0	900	720									36901	10:16:25.922	1536226359695383															0	3312		Fixation	8	448	204	6.62	66.77	162.64																				4426	589	252	638	204	613	228	423	228	236.58	188.39	255.94	207.92	246.26	198.15	285.58	205.23	744.83	332.00	217.25	769.13					770.89	770.89	3.63	4.39	0	0				
07/12/2018	3.3.2	Gaze Project	O4	3	M	Bilingual	G130	06/09/2018	89100	1280 x 720		Raw Data	Ord4_T3_L.avi	190	0	900	720									36910	10:16:25.930	1536226359703742															0	3313		Fixation	8	370	397	6.27	248.06	181.29																				4427	587	474	560	397	573	435	383	435	235.64	99.16	224.81	129.91	230.22	114.53	285.24	217.43	782.29	330.49	207.63	739.81					810.24	810.24	4.98	4.64	0	0				
07/12/2018	3.3.2	Gaze Project	O4	3	M	Bilingual	G130	06/09/2018	89100	1280 x 720		Raw Data	Ord4_T3_L.avi	190	0	900	720									36918	10:16:25.939	1536226359712105															0			Unclassified	8																									4428																			-34.01										4	4				
07/12/2018	3.3.2	Gaze Project	O4	3	M	Bilingual	G130	06/09/2018	89100	1280 x 720		Raw Data	Ord4_T3_L.avi	190	0	900	720									36926	10:16:25.947	1536226359720369															0			Unclassified	8																									4429	549	474			549	474	359	474	220.35	98.90					285.24	217.28	781.75		-34.01						809.68		4.90		0	4				
07/12/2018	3.3.2	Gaze Project	O4	3	M	Bilingual	G130	06/09/2018	89100	1280 x 720		Raw Data	Ord4_T3_L.avi	190	0	900	720									36935	10:16:25.955	1536226359728709															0	3314		Fixation	8	373	383	0.44	77.94	189.88																				4430			563	383	563	383	373	383			225.86	135.55						330.46	207.55	739.40						0.00		4.68	4	0				
07/12/2018	3.3.2	Gaze Project	O4	3	M	Bilingual	G130	06/09/2018	89100	1280 x 720		Raw Data	Ord4_T3_L.avi	190	0	900	720									36943	10:16:25.964	1536226359737056															0			Unclassified	8																									4431	534	356			534	356	344	356	214.20	146.39					285.65	204.77	743.15		-34.01						769.15		4.38		0	4				
07/12/2018	3.3.2	Gaze Project	O4	3	M	Bilingual	G130	06/09/2018	89100	1280 x 720		Raw Data	Ord4_T3_L.avi	190	0	900	720									36951	10:16:25.972	1536226359745416															0	3315		Fixation	8	426	266	3.80	65.70	347.76																				4432	584	474	616	266	600	370	410	370	234.61	99.09	247.09	182.77	240.85	140.93	285.63	204.66	743.20	337.94	224.79	790.48					769.16	769.16	4.72	5.16	0	0				
07/12/2018	3.3.2	Gaze Project	O4	3	M	Bilingual	G130	06/09/2018	89100	1280 x 720		Raw Data	Ord4_T3_L.avi	190	0	900	720									36960	10:16:25.980	1536226359753774															0	3316		Fixation	8	359	393	4.16	242.26	176.56																				4433	563	462	549	393	556	427	366	427	225.87	104.01	220.38	131.53	223.12	117.77	285.63	204.66	743.20	331.96	217.30	768.85					769.16	769.16	4.69	5.01	0	0				
07/12/2018	3.3.2	Gaze Project	O4	3	M	Bilingual	G130	06/09/2018	89100	1280 x 720		Raw Data	Ord4_T3_L.avi	190	0	900	720									36968	10:16:25.989	1536226359762037															0	3317		Fixation	8	425	319	2.96	48.36	166.10																				4434	595	488	615	319	605	403	415	403	238.83	93.37	246.69	161.42	242.76	127.39	285.64	204.68	743.19	330.45	207.57	739.28					769.16	769.16	4.76	4.50	0	0				
07/12/2018	3.3.2	Gaze Project	O4	3	M	Bilingual	G130	06/09/2018	89100	1280 x 720		Raw Data	Ord4_T3_L.avi	190	0	900	720									36976	10:16:25.997	1536226359770362															0			Unclassified	8																									4435	595	443			595	443	405	443	238.87	111.56					285.28	216.35	778.68		-34.01						806.48		4.97		0	4				
07/12/2018	3.3.2	Gaze Project	O4	3	M	Bilingual	G130	06/09/2018	89100	1280 x 720		Raw Data	Ord4_T3_L.avi	190	0	900	720									36985	10:16:26.005	1536226359778714															0	3318		Fixation	8	448	333	0.83	328.59	280.23																				4436	553	311	638	333	595	322	405	322	221.79	164.53	256.27	155.73	239.03	160.13	285.60	204.83	743.20	330.47	207.60	739.32					769.22	769.22	4.26	4.75	0	0				
07/12/2018	3.3.2	Gaze Project	O4	3	M	Bilingual	G130	06/09/2018	89100	1280 x 720		Raw Data	Ord4_T3_L.avi	190	0	900	720									36993	10:16:26.014	1536226359787086															0			Unclassified	8																									4437	596	412			596	412	406	412	239.19	124.09					285.28	216.74	779.81		-34.01						807.67		4.98		0	4				
07/12/2018	3.3.2	Gaze Project	O4	3	M	Bilingual	G130	06/09/2018	89100	1280 x 720		Raw Data	Ord4_T3_L.avi	190	0	900	720									37001	10:16:26.022	1536226359795343															0			Unclassified	8																									4438	552	363			552	363	362	363	221.42	143.90					285.28	217.37	781.75		-34.01						809.71		4.95		0	4				
07/12/2018	3.3.2	Gaze Project	O4	3	M	Bilingual	G130	06/09/2018	89100	1280 x 720		Raw Data	Ord4_T3_L.avi	190	0	900	720									37010	10:16:26.030	1536226359803702															0	3319		Fixation	8	410	270	2.21	121.02	152.43																				4439			600	270	600	270	410	270			240.98	181.13						332.73	221.69	781.86						0.00		4.97	4	0				
07/12/2018	3.3.2	Gaze Project	O4	3	M	Bilingual	G130	06/09/2018	89100	1280 x 720		Raw Data	Ord4_T3_L.avi	190	0	900	720									37018	10:16:26.039	1536226359812033															0			Unclassified	8																									4440	590	401			590	401	400	401	236.74	128.49					285.68	205.06	743.86		-34.01						769.91		4.41		0	4				
07/12/2018	3.3.2	Gaze Project	O4	3	M	Bilingual	G130	06/09/2018	89100	1280 x 720		Raw Data	Ord4_T3_L.avi	190	0	900	720									37026	10:16:26.047	1536226359820396															0	3320		Fixation	8	403	312	1.28	260.57	139.55																				4441	617	385	593	312	605	348	415	348	247.80	135.06	237.96	164.15	242.88	149.61	285.51	211.96	765.25	330.57	207.48	738.95					792.37	792.37	4.79	4.53	0	0				
07/12/2018	3.3.2	Gaze Project	O4	3	M	Bilingual	G130	06/09/2018	89100	1280 x 720		Raw Data	Ord4_T3_L.avi	190	0	900	720									37035	10:16:26.055	1536226359828754															0	3321		Fixation	8	379	293	0.92	141.54	240.98																				4442	652	368	569	293	610	330	420	330	261.81	141.67	228.31	171.87	245.06	156.77	285.66	205.19	743.81	332.04	216.83	767.36					769.90	769.90	4.34	4.71	0	0				
07/12/2018	3.3.2	Gaze Project	O4	3	M	Bilingual	G130	06/09/2018	89100	1280 x 720		Raw Data	Ord4_T3_L.avi	190	0	900	720									37043	10:16:26.064	1536226359837022															0			Unclassified	8																									4443	597	461			597	461	407	461	239.55	104.14					285.74	204.95	743.91		-34.01						769.93		4.57		0	4				
07/12/2018	3.3.2	Gaze Project	O4	3	M	Bilingual	G130	06/09/2018	89100	1280 x 720		Raw Data	Ord4_T3_L.avi	190	0	900	720									37051	10:16:26.072	1536226359845382															0			Unclassified	8																									4444																			-34.01										4	4				
07/12/2018	3.3.2	Gaze Project	O4	3	M	Bilingual	G130	06/09/2018	89100	1280 x 720		Raw Data	Ord4_T3_L.avi	190	0	900	720									37060	10:16:26.080	1536226359853711															0	3322		Fixation	8	394	379	2.64	279.86	138.32																				4445	585	411	584	379	584	395	394	395	234.95	124.51	234.58	137.41	234.77	130.96	285.75	204.98	743.54	330.62	207.55	739.08					769.59	769.59	4.53	4.78	0	0				
07/12/2018	3.3.2	Gaze Project	O4	3	M	Bilingual	G130	06/09/2018	89100	1280 x 720		Raw Data	Ord4_T3_L.avi	190	0	900	720									37068	10:16:26.089	1536226359862054															0	3323		Fixation	8	416	356	0.97	46.37	126.50																				4446	550	398	606	356	578	377	388	377	220.64	129.48	243.39	146.57	232.02	138.03	285.87	205.11	743.49	330.67	207.83	739.91					769.58	769.58	4.35	4.72	0	0				
07/12/2018	3.3.2	Gaze Project	O4	3	M	Bilingual	G130	06/09/2018	89100	1280 x 720		Raw Data	Ord4_T3_L.avi	190	0	900	720									37076	10:16:26.097	1536226359870422															0			Unclassified	8																									4447	596	330			596	330	406	330	239.35	156.97					285.77	205.38	744.68		-34.01						770.79		4.34		0	4				
07/12/2018	3.3.2	Gaze Project	O4	3	M	Bilingual	G130	06/09/2018	89100	1280 x 720		Raw Data	Ord4_T3_L.avi	190	0	900	720									37085	10:16:26.105	1536226359878692															0	3324		Fixation	8	395	336	0.88	136.31	89.94																				4448	618	271	585	336	601	303	411	303	247.94	180.81	234.75	154.46	241.34	167.64	285.78	205.10	743.82	332.08	216.80	767.05					769.90	769.90	4.06	4.86	0	0				
07/12/2018	3.3.2	Gaze Project	O4	3	M	Bilingual	G130	06/09/2018	89100	1280 x 720		Raw Data	Ord4_T3_L.avi	190	0	900	720									37093	10:16:26.114	1536226359887020															0	3325		Fixation	8	434	335	1.17	1.47	225.17																				4449	577	432	624	335	600	383	410	383	231.75	115.83	250.67	155.11	241.21	135.47	285.79	204.86	743.05	330.67	207.74	739.53					769.08	769.08	4.53	4.43	0	0				
07/12/2018	3.3.2	Gaze Project	O4	3	M	Bilingual	G130	06/09/2018	89100	1280 x 720		Raw Data	Ord4_T3_L.avi	190	0	900	720									37101	10:16:26.122	1536226359895380															0	3326		Fixation	8	468	427	3.02	290.22	288.75																				4450	553	382	658	427	605	404	415	404	221.86	136.02	264.26	118.00	243.06	127.01	285.80	204.73	742.66	330.56	207.87	739.48					768.67	768.67	4.33	4.89	0	0				
07/12/2018	3.3.2	Gaze Project	O4	3	M	Bilingual	G130	06/09/2018	89100	1280 x 720		Raw Data	Ord4_T3_L.avi	190	0	900	720									37110	10:16:26.130	1536226359903737															0	3327		Fixation	8	398	196	7.31	106.81	176.58																				4451	562	466	588	196	575	331	385	331	225.65	102.20	236.12	210.93	230.89	156.56	285.86	204.62	742.70	332.22	217.65	769.58					768.68	768.68	4.68	4.43	0	0				
07/12/2018	3.3.2	Gaze Project	O4	3	M	Bilingual	G130	06/09/2018	89100	1280 x 720		Raw Data	Ord4_T3_L.avi	190	0	900	720									37118	10:16:26.139	1536226359912004															0	3328		Fixation	8	432	343	4.49	282.98	176.18																				4452	582	474	622	343	602	408	412	408	233.79	99.11	249.75	151.80	241.77	125.45	285.85	204.85	742.61	332.20	217.48	769.02					768.67	768.67	4.53	4.73	0	0				
07/12/2018	3.3.2	Gaze Project	O4	3	M	Bilingual	G130	06/09/2018	89100	1280 x 720		Raw Data	Ord4_T3_L.avi	190	0	900	720									37126	10:16:26.147	1536226359920364															0	3329		Fixation	8	384	221	3.90	111.41	188.43																				4453	585	415	574	221	579	318	389	318	234.63	122.77	230.35	200.80	232.49	161.79	285.82	204.74	742.74	332.21	217.49	769.12					768.76	768.76	4.38	4.64	0	0				
07/12/2018	3.3.2	Gaze Project	O4	3	M	Bilingual	G130	06/09/2018	89100	1280 x 720		Raw Data	Ord4_T3_L.avi	190	0	900	720									37135	10:16:26.155	1536226359928689															0			Unclassified	8																									4454																			-34.01										4	4				
07/12/2018	3.3.2	Gaze Project	O4	3	M	Bilingual	G130	06/09/2018	89100	1280 x 720		Raw Data	Ord4_T3_L.avi	190	0	900	720									37143	10:16:26.164	1536226359937052															0			Unclassified	8																									4455	618	394			618	394	428	394	248.08	131.16					285.44	219.43	787.87		-34.01						816.18		5.05		0	4				
07/12/2018	3.3.2	Gaze Project	O4	3	M	Bilingual	G130	06/09/2018	89100	1280 x 720		Raw Data	Ord4_T3_L.avi	190	0	900	720									37151	10:16:26.172	1536226359945410															0	3330		Fixation	8	436	326	3.55	296.27	184.86																				4456	573	376	626	326	599	351	409	351	229.86	138.62	251.33	158.62	240.60	148.62	285.83	204.95	743.49	330.73	207.91	740.14					769.54	769.54	4.39	4.54	0	0				
07/12/2018	3.3.2	Gaze Project	O4	3	M	Bilingual	G130	06/09/2018	89100	1280 x 720		Raw Data	Ord4_T3_L.avi	190	0	900	720									37160	10:16:26.180	1536226359953675															0			Unclassified	8																									4457	588	353			588	353	398	353	235.99	147.60					285.88	205.07	743.93		-34.01						769.99		4.26		0	4				
07/12/2018	3.3.2	Gaze Project	O4	3	M	Bilingual	G130	06/09/2018	89100	1280 x 720		Raw Data	Ord4_T3_L.avi	190	0	900	720									37168	10:16:26.189	1536226359962012															0			Unclassified	8																									4458	582	441			582	441	392	441	233.75	112.29					285.97	204.92	743.99		-34.01						770.01		4.59		0	4				
07/12/2018	3.3.2	Gaze Project	O4	3	M	Bilingual	G130	06/09/2018	89100	1280 x 720		Raw Data	Ord4_T3_L.avi	190	0	900	720									37176	10:16:26.197	1536226359970362															0			Unclassified	8																									4459	625	423			625	423	435	423	250.69	119.72					286.01	205.02	744.03		-34.01						770.07		4.31		0	4				
07/12/2018	3.3.2	Gaze Project	O4	3	M	Bilingual	G130	06/09/2018	89100	1280 x 720		Raw Data	Ord4_T3_L.avi	190	0	900	720									37185	10:16:26.205	1536226359978720															0	3331		Fixation	8	407	516	5.86	261.35	325.08																				4460	573	462	597	516	585	489	395	489	230.08	103.79	239.73	82.16	234.90	92.98	291.30	225.07	804.70	330.88	207.59	739.66					834.14	834.14	4.86	4.77	0	0				
07/12/2018	3.3.2	Gaze Project	O4	3	M	Bilingual	G130	06/09/2018	89100	1280 x 720		Raw Data	Ord4_T3_L.avi	190	0	900	720									37193	10:16:26.214	1536226359987075															0	3332		Fixation	8	457	413	3.46	64.18	162.83																				4461	648	527	647	413	647	470	457	470	260.26	77.69	259.77	123.51	260.02	100.60	286.07	204.95	743.99	330.88	207.43	739.72					770.02	770.02	4.34	4.48	0	0				
07/12/2018	3.3.2	Gaze Project	O4	3	M	Bilingual	G130	06/09/2018	89100	1280 x 720		Raw Data	Ord4_T3_L.avi	190	0	900	720									37201	10:16:26.222	1536226359995342															0	3333		Fixation	8	455	486	2.23	268.44	204.26																				4462	626	501	645	486	635	493	445	493	251.24	88.07	259.03	94.18	255.14	91.12	286.09	204.95	744.08	330.93	207.76	740.36					770.10	770.10	4.37	4.73	0	0				
07/12/2018	3.3.2	Gaze Project	O4	3	M	Bilingual	G130	06/09/2018	89100	1280 x 720		Raw Data	Ord4_T3_L.avi	190	0	900	720									37210	10:16:26.230	1536226360003674															0	3334		Fixation	8	458	405	2.47	87.89	179.45																				4463			648	405	648	405	458	405			260.11	126.81						331.04	207.87	740.32						0.00		4.52	4	0				
07/12/2018	3.3.2	Gaze Project	O4	3	M	Bilingual	G130	06/09/2018	89100	1280 x 720		Raw Data	Ord4_T3_L.avi	190	0	900	720									37218	10:16:26.239	1536226360012032															0	3335		Fixation	8	433	405	0.76	180.00	92.11																				4464	627	496	623	405	625	450	435	450	251.86	90.39	250.04	127.05	250.95	108.72	286.13	205.04	744.04	330.93	207.38	739.37					770.10	770.10	4.38	4.40	0	0				
07/12/2018	3.3.2	Gaze Project	O4	3	M	Bilingual	G130	06/09/2018	89100	1280 x 720		Raw Data	Ord4_T3_L.avi	190	0	900	720									37226	10:16:26.247	1536226360020388															0	3336		Fixation	8	457	323	2.63	73.74	253.74																				4465	668	542	647	323	657	432	467	432	268.04	71.60	259.86	159.85	263.95	115.72	286.15	204.76	743.72	330.98	207.22	739.43					769.71	769.71	4.52	4.48	0	0				
07/12/2018	3.3.2	Gaze Project	O4	3	M	Bilingual	G130	06/09/2018	89100	1280 x 720		Raw Data	Ord4_T3_L.avi	190	0	900	720									37234	10:16:26.255	1536226360028656															0	3337		Fixation	8	404	404	2.91	236.89	163.15																				4466	514	216	594	404	554	310	364	310	206.39	203.07	238.53	127.21	222.46	165.14	301.11	261.43	915.87	332.28	215.32	763.77					951.42	951.42	5.29	4.64	0	0				
07/12/2018	3.3.2	Gaze Project	O4	3	M	Bilingual	G130	06/09/2018	89100	1280 x 720		Raw Data	Ord4_T3_L.avi	190	0	900	720									37243	10:16:26.264	1536226360037003															0	3338		Fixation	8	454	419	1.55	343.25	106.36																				4467	638	527	644	419	641	473	451	473	256.15	77.79	258.37	121.34	257.26	99.56	286.21	204.86	744.16	332.33	215.46	764.28					770.16	770.16	4.48	4.62	0	0				
07/12/2018	3.3.2	Gaze Project	O4	3	M	Bilingual	G130	06/09/2018	89100	1280 x 720		Raw Data	Ord4_T3_L.avi	190	0	900	720									37251	10:16:26.272	1536226360045345															0	3339		Fixation	8	436	469	1.59	250.26	267.01																				4468	607	310	626	469	616	389	426	389	243.76	165.26	251.24	100.95	247.50	133.10	291.53	225.00	805.12	331.08	207.42	739.81					834.52	834.52	4.49	4.54	0	0				
07/12/2018	3.3.2	Gaze Project	O4	3	M	Bilingual	G130	06/09/2018	89100	1280 x 720		Raw Data	Ord4_T3_L.avi	190	0	900	720									37260	10:16:26.280	1536226360053694															0	3340		Fixation	8	397	447	1.37	150.49	260.23																				4469	649	453	587	447	618	450	428	450	260.56	107.47	235.80	109.84	248.18	108.66	286.27	204.94	744.13	331.09	207.27	739.87					770.15	770.15	4.14	4.69	0	0				
07/12/2018	3.3.2	Gaze Project	O4	3	M	Bilingual	G130	06/09/2018	89100	1280 x 720		Raw Data	Ord4_T3_L.avi	190	0	900	720									37268	10:16:26.289	1536226360062057															0	3341		Fixation	8	461	450	1.95	357.31	206.81																				4470	630	484	651	450	640	467	450	467	252.74	94.85	261.39	108.60	257.06	101.73	286.29	204.93	744.13	331.12	207.58	740.38					770.15	770.15	4.18	4.58	0	0				
07/12/2018	3.3.2	Gaze Project	O4	3	M	Bilingual	G130	06/09/2018	89100	1280 x 720		Raw Data	Ord4_T3_L.avi	190	0	900	720									37276	10:16:26.297	1536226360070328															0	3342		Fixation	8	471	483	1.05	286.81	289.50																				4471	615	555	661	483	638	519	448	519	247.02	66.56	265.28	95.58	256.15	81.07	286.30	204.55	743.45	331.19	207.69	740.33					769.39	769.39	4.44	4.59	0	0				
07/12/2018	3.3.2	Gaze Project	O4	3	M	Bilingual	G130	06/09/2018	89100	1280 x 720		Raw Data	Ord4_T3_L.avi	190	0	900	720									37284	10:16:26.305	1536226360078657															0	3343		Fixation	8	398	510	2.35	200.36	273.55																				4472			588	510	588	510	398	510			235.93	84.75						331.11	207.06	738.90						0.00		4.66	4	0				
07/12/2018	3.3.2	Gaze Project	O4	3	M	Bilingual	G130	06/09/2018	89100	1280 x 720		Raw Data	Ord4_T3_L.avi	190	0	900	720									37293	10:16:26.314	1536226360087015															0	3344		Fixation	8	407	533	0.75	291.31	90.95																				4473	649	493	597	533	623	513	433	513	260.34	91.51	239.71	75.12	250.02	83.32	286.32	204.79	744.24	331.12	207.06	738.92					770.22	770.22	4.42	4.71	0	0				
07/12/2018	3.3.2	Gaze Project	O4	3	M	Bilingual	G130	06/09/2018	89100	1280 x 720		Raw Data	Ord4_T3_L.avi	190	0	900	720									37301	10:16:26.322	1536226360095371															0	3345		Fixation	8	414	453	2.43	85.02	153.71																				4474	620	503	604	453	612	478	422	478	248.78	87.30	242.33	107.66	245.56	97.48	286.32	204.79	744.24	331.12	207.18	738.87					770.22	770.22	4.44	4.52	0	0				
07/12/2018	3.3.2	Gaze Project	O4	3	M	Bilingual	G130	06/09/2018	89100	1280 x 720		Raw Data	Ord4_T3_L.avi	190	0	900	720									37310	10:16:26.330	1536226360103727															0	3346		Fixation	8	421	476	0.73	286.88	201.86																				4475	660	491	611	476	635	483	445	483	265.01	92.30	245.19	98.41	255.10	95.36	286.34	204.91	744.19	331.17	207.16	739.22					770.21	770.21	4.40	4.56	0	0				
07/12/2018	3.3.2	Gaze Project	O4	3	M	Bilingual	G130	06/09/2018	89100	1280 x 720		Raw Data	Ord4_T3_L.avi	190	0	900	720									37318	10:16:26.339	1536226360111978															0	3347		Fixation	8	365	498	1.81	201.51	274.63																				4476	609	500	555	498	582	499	392	499	244.39	88.41	222.70	89.32	233.54	88.87	286.34	204.59	743.67	331.20	207.29	739.17					769.61	769.61	4.32	4.63	0	0				
07/12/2018	3.3.2	Gaze Project	O4	3	M	Bilingual	G130	06/09/2018	89100	1280 x 720		Raw Data	Ord4_T3_L.avi	190	0	900	720									37326	10:16:26.347	1536226360120322															0	3348		Fixation	8	402	465	1.48	41.82	200.31																				4477	620	517	592	465	606	491	416	491	248.81	81.78	237.79	102.77	243.30	92.28	286.36	204.93	744.71	331.16	207.15	739.17					770.70	770.70	4.32	4.60	0	0				
07/12/2018	3.3.2	Gaze Project	O4	3	M	Bilingual	G130	06/09/2018	89100	1280 x 720		Raw Data	Ord4_T3_L.avi	190	0	900	720									37335	10:16:26.355	1536226360128682															0	3349		Fixation	8	475	342	4.29	59.39	17.57																				4478	632	431	665	342	648	386	458	386	253.49	116.35	266.90	152.36	260.20	134.36	286.33	204.82	744.37	332.48	215.47	764.56					770.35	770.35	4.26	4.60	0	0				
07/12/2018	3.3.2	Gaze Project	O4	3	M	Bilingual	G130	06/09/2018	89100	1280 x 720		Raw Data	Ord4_T3_L.avi	190	0	900	720									37343	10:16:26.364	1536226360137040															0	3350		Fixation	8	475	342	0.00	0.00	300.61																				4479	608	496	665	342	636	419	446	419	244.22	90.25	266.90	152.36	255.56	121.31	286.41	204.93	744.32	333.54	222.36	785.24					770.34	770.34	4.29	4.60	0	0				
07/12/2018	3.3.2	Gaze Project	O4	3	M	Bilingual	G130	06/09/2018	89100	1280 x 720		Raw Data	Ord4_T3_L.avi	190	0	900	720									37351	10:16:26.372	1536226360145307															0	3351		Fixation	8	450	421	2.46	252.49	252.49																				4480	670	534	640	421	655	477	465	477	268.90	74.98	256.71	120.51	262.80	97.75	286.32	204.68	744.43	331.05	207.27	739.12					770.36	770.36	4.54	4.59	0	0				
07/12/2018	3.3.2	Gaze Project	O4	3	M	Bilingual	G130	06/09/2018	89100	1280 x 720		Raw Data	Ord4_T3_L.avi	190	0	900	720									37359	10:16:26.380	1536226360153648															0	3352		Fixation	8	390	550	4.28	245.13	352.63																				4481	615	451	580	550	597	500	407	500	246.70	108.34	232.77	68.55	239.74	88.44	286.33	204.58	743.73	331.15	207.27	739.59					769.67	769.67	4.39	4.65	0	0				
07/12/2018	3.3.2	Gaze Project	O4	3	M	Bilingual	G130	06/09/2018	89100	1280 x 720		Raw Data	Ord4_T3_L.avi	190	0	900	720									37368	10:16:26.389	1536226360161995															0	3353		Fixation	8	393	291	7.89	89.34	204.21																				4482	641	401	583	291	612	346	422	346	257.20	128.46	234.08	172.72	245.64	150.59	286.32	204.78	744.42	331.17	207.32	739.80					770.39	770.39	4.21	3.81	0	0				
07/12/2018	3.3.2	Gaze Project	O4	3	M	Bilingual	G130	06/09/2018	89100	1280 x 720		Raw Data	Ord4_T3_L.avi	190	0	900	720									37376	10:16:26.397	1536226360170339															0	3354		Fixation	8	497	164	5.04	50.78	321.44																				4483	641	293	687	164	664	228	474	228	257.49	172.11	275.64	223.92	266.56	198.01	286.32	204.64	744.05	331.54	209.57	746.99					769.99	769.99	3.45	3.20	0	0				
07/12/2018	3.3.2	Gaze Project	O4	3	M	Bilingual	G130	06/09/2018	89100	1280 x 720		Raw Data	Ord4_T3_L.avi	190	0	900	720									37385	10:16:26.405	1536226360178709															0	3355		Fixation	8	506	244	2.48	276.40	225.62																				4484			696	244	696	244	506	244			279.36	191.80						331.48	209.19	745.92						0.00		3.73	4	0				
07/12/2018	3.3.2	Gaze Project	O4	3	M	Bilingual	G130	06/09/2018	89100	1280 x 720		Raw Data	Ord4_T3_L.avi	190	0	900	720									37393	10:16:26.414	1536226360186976															0	3356		Fixation	8	490	336	2.87	260.17	343.77																				4485	667	259	680	336	673	297	483	297	267.91	185.56	272.89	154.49	270.40	170.03	286.32	204.60	744.00	332.17	209.72	746.66					769.93	769.93	3.29	4.05	0	0				
07/12/2018	3.3.2	Gaze Project	O4	3	M	Bilingual	G130	06/09/2018	89100	1280 x 720		Raw Data	Ord4_T3_L.avi	190	0	900	720									37401	10:16:26.422	1536226360195304															0	3357		Fixation	8	463	205	4.12	101.61	201.44																				4486	642	258	653	205	647	231	457	231	257.76	186.06	262.01	207.55	259.88	196.81	286.32	204.59	744.04	331.45	208.98	745.34					769.96	769.96	3.36	3.09	0	0				
07/12/2018	3.3.2	Gaze Project	O4	3	M	Bilingual	G130	06/09/2018	89100	1280 x 720		Raw Data	Ord4_T3_L.avi	190	0	900	720									37409	10:16:26.430	1536226360203663															0	3358		Fixation	8	451	385	5.56	266.20	164.59																				4487	636	300	641	385	638	342	448	342	255.29	169.32	257.50	134.90	256.39	152.11	286.32	204.58	744.02	331.17	207.31	739.98					769.94	769.94	3.53	4.05	0	0				
07/12/2018	3.3.2	Gaze Project	O4	3	M	Bilingual	G130	06/09/2018	89100	1280 x 720		Raw Data	Ord4_T3_L.avi	190	0	900	720									37418	10:16:26.439	1536226360212021															0			Unclassified	8																									4488	573	356			573	356	383	356	230.10	146.56					286.26	206.87	751.41		-34.01						777.67		3.91		0	4				
07/12/2018	3.3.2	Gaze Project	O4	3	M	Bilingual	G130	06/09/2018	89100	1280 x 720		Raw Data	Ord4_T3_L.avi	190	0	900	720									37426	10:16:26.447	1536226360220382															0	3359		Fixation	8	445	448	1.92	264.58	358.38																				4489	601	580	635	448	618	514	428	514	241.21	56.40	255.06	109.40	248.13	82.90	286.32	204.82	744.77	332.31	210.05	747.77					770.73	770.73	4.51	4.16	0	0				
07/12/2018	3.3.2	Gaze Project	O4	3	M	Bilingual	G130	06/09/2018	89100	1280 x 720		Raw Data	Ord4_T3_L.avi	190	0	900	720									37434	10:16:26.455	1536226360228640															0	3360		Fixation	8	392	341	3.65	116.28	211.70																				4490	574	348	582	341	578	344	388	344	230.46	149.72	233.76	152.45	232.11	151.09	286.56	205.87	747.54	331.17	207.31	740.06					773.70	773.70	4.28	3.78	0	0				
07/12/2018	3.3.2	Gaze Project	O4	3	M	Bilingual	G130	06/09/2018	89100	1280 x 720		Raw Data	Ord4_T3_L.avi	190	0	900	720									37443	10:16:26.464	1536226360236972															0	3361		Fixation	8	406	254	2.70	80.89	324.61																				4491			596	254	596	254	406	254			239.26	187.70						331.58	209.85	748.13						0.00		3.28	4	0				
07/12/2018	3.3.2	Gaze Project	O4	3	M	Bilingual	G130	06/09/2018	89100	1280 x 720		Raw Data	Ord4_T3_L.avi	190	0	900	720									37451	10:16:26.472	1536226360245335															0	3362		Fixation	8	462	371	3.99	295.51	214.62																				4492	623	532	652	371	637	451	447	451	250.27	75.53	261.61	140.37	255.94	107.95	286.32	204.82	744.84	331.18	207.34	740.19					770.80	770.80	4.39	3.91	0	0				
07/12/2018	3.3.2	Gaze Project	O4	3	M	Bilingual	G130	06/09/2018	89100	1280 x 720		Raw Data	Ord4_T3_L.avi	190	0	900	720									37460	10:16:26.480	1536226360253692															0	3363		Fixation	8	428	352	1.08	150.72	215.22																				4493	634	548	618	352	626	450	436	450	254.44	69.09	248.02	148.25	251.23	108.67	286.35	204.88	745.06	353.69	258.63	893.51					771.02	771.02	4.67	5.60	0	0				
07/12/2018	3.3.2	Gaze Project	O4	3	M	Bilingual	G130	06/09/2018	89100	1280 x 720		Raw Data	Ord4_T3_L.avi	190	0	900	720									37468	10:16:26.489	1536226360261958															0			Unclassified	8																									4494																			-34.01										4	4				
07/12/2018	3.3.2	Gaze Project	O4	3	M	Bilingual	G130	06/09/2018	89100	1280 x 720		Raw Data	Ord4_T3_L.avi	190	0	900	720									37476	10:16:26.497	1536226360270314															0			Unclassified	8																									4495																			-34.01										4	4				
07/12/2018	3.3.2	Gaze Project	O4	3	M	Bilingual	G130	06/09/2018	89100	1280 x 720		Raw Data	Ord4_T3_L.avi	190	0	900	720									37484	10:16:26.505	1536226360278647															0	3364		Fixation	8	463	562	5.75	279.43	128.71																				4496	680	651	653	562	666	606	476	606	273.10	27.67	261.96	63.68	267.53	45.67	286.37	204.66	745.15	332.67	216.40	768.22					771.04	771.04	4.31	4.85	0	0				
07/12/2018	3.3.2	Gaze Project	O4	3	M	Bilingual	G130	06/09/2018	89100	1280 x 720		Raw Data	Ord4_T3_L.avi	190	0	900	720									37493	10:16:26.514	1536226360286991															0	3365		Fixation	8			18.59	15.86	96.43																				4497			1264	389	1264	389					507.27	133.38						334.30	216.62	768.13						0.00		4.55	4	0				
07/12/2018	3.3.2	Gaze Project	O4	3	M	Bilingual	G130	06/09/2018	89100	1280 x 720		Raw Data	Ord4_T3_L.avi	190	0	900	720									37501	10:16:26.522	1536226360295361															0			Unclassified	8																									4498	611	493			611	493	421	493	245.43	91.43					286.03	218.02	786.01		-34.01						813.99		4.56		0	4				
07/12/2018	3.3.2	Gaze Project	O4	3	M	Bilingual	G130	06/09/2018	89100	1280 x 720		Raw Data	Ord4_T3_L.avi	190	0	900	720									37509	10:16:26.530	1536226360303630															0			Unclassified	8																									4499	691	547			691	547	501	547	277.45	69.51					286.01	219.01	789.10		-34.01						817.23		4.97		0	4				
07/12/2018	3.3.2	Gaze Project	O4	3	M	Bilingual	G130	06/09/2018	89100	1280 x 720		Raw Data	Ord4_T3_L.avi	190	0	900	720									37518	10:16:26.539	1536226360311966															0			Unclassified	8																									4500	663	577			663	577	473	577	266.12	57.64					285.97	220.31	793.14		-34.01						821.47		5.02		0	4				
07/12/2018	3.3.2	Gaze Project	O4	3	M	Bilingual	G130	06/09/2018	89100	1280 x 720		Raw Data	Ord4_T3_L.avi	190	0	900	720									37526	10:16:26.547	1536226360320318															0			Unclassified	8																									4501	710	587			710	587	520	587	285.17	53.69					286.01	218.77	788.50		-34.01						816.58		4.91		0	4				
07/12/2018	3.3.2	Gaze Project	O4	3	M	Bilingual	G130	06/09/2018	89100	1280 x 720		Raw Data	Ord4_T3_L.avi	190	0	900	720									37535	10:16:26.555	1536226360328677															0			Unclassified	8																									4502	686	601			686	601	496	601	275.43	47.80					286.05	216.35	781.19		-34.01						808.90		4.81		0	4				
07/12/2018	3.3.2	Gaze Project	O4	3	M	Bilingual	G130	06/09/2018	89100	1280 x 720		Raw Data	Ord4_T3_L.avi	190	0	900	720									37543	10:16:26.564	1536226360336958															0	3366		Fixation	8	457	576	18.63	196.91	181.05																				4503	648	553	647	576	647	564	457	564	260.02	67.15	259.87	57.79	259.94	62.47	286.08	215.29	778.04	333.63	222.57	787.29					805.57	805.57	4.79	4.96	0	0				
07/12/2018	3.3.2	Gaze Project	O4	3	M	Bilingual	G130	06/09/2018	89100	1280 x 720		Raw Data	Ord4_T3_L.avi	190	0	900	720									37551	10:16:26.572	1536226360345296															0			Unclassified	8																									4504	698	577			698	577	508	577	280.21	57.70					286.08	214.91	776.99		-34.01						804.46		4.80		0	4				
07/12/2018	3.3.2	Gaze Project	O4	3	M	Bilingual	G130	06/09/2018	89100	1280 x 720		Raw Data	Ord4_T3_L.avi	190	0	900	720									37559	10:16:26.580	1536226360353625															0	3367		Fixation	8	440	537	1.20	113.48	276.57																				4505			630	537	630	537	440	537			252.91	73.76						333.67	222.82	788.18						0.00		4.88	4	0				
07/12/2018	3.3.2	Gaze Project	O4	3	M	Bilingual	G130	06/09/2018	89100	1280 x 720		Raw Data	Ord4_T3_L.avi	190	0	900	720									37568	10:16:26.589	1536226360361993															0			Unclassified	8																									4506																			-34.01										4	4				
07/12/2018	3.3.2	Gaze Project	O4	3	M	Bilingual	G130	06/09/2018	89100	1280 x 720		Raw Data	Ord4_T3_L.avi	190	0	900	720									37576	10:16:26.597	1536226360370344															0			Unclassified	8																									4507	623	583			623	583	433	583	250.00	54.97					286.06	214.62	776.30		-34.01						803.71		4.90		0	4				
07/12/2018	3.3.2	Gaze Project	O4	3	M	Bilingual	G130	06/09/2018	89100	1280 x 720		Raw Data	Ord4_T3_L.avi	190	0	900	720									37584	10:16:26.605	1536226360378613															0			Unclassified	8																									4508	662	581			662	581	472	581	265.76	55.82					286.12	212.27	769.21		-34.01						796.25		4.70		0	4				
07/12/2018	3.3.2	Gaze Project	O4	3	M	Bilingual	G130	06/09/2018	89100	1280 x 720		Raw Data	Ord4_T3_L.avi	190	0	900	720									37593	10:16:26.614	1536226360386967															0	3368		Fixation	8	482	481	1.97	53.22	299.73																				4509	715	586	672	481	693	533	503	533	287.17	53.95	269.92	96.37	278.54	75.16	286.06	214.25	775.30	333.52	221.91	785.71					802.65	802.65	4.76	4.74	0	0				
07/12/2018	3.3.2	Gaze Project	O4	3	M	Bilingual	G130	06/09/2018	89100	1280 x 720		Raw Data	Ord4_T3_L.avi	190	0	900	720									37601	10:16:26.622	1536226360395297															0			Unclassified	8																									4510																			-34.01										4	4				
07/12/2018	3.3.2	Gaze Project	O4	3	M	Bilingual	G130	06/09/2018	89100	1280 x 720		Raw Data	Ord4_T3_L.avi	190	0	900	720									37609	10:16:26.630	1536226360403645															0	3369		Fixation	8	440	524	1.70	225.77	172.55																				4511	656	549	630	524	643	536	453	536	263.25	69.04	252.72	79.06	257.98	74.05	286.08	213.44	772.90	333.34	220.79	782.38					800.12	800.12	4.61	4.69	0	0				
07/12/2018	3.3.2	Gaze Project	O4	3	M	Bilingual	G130	06/09/2018	89100	1280 x 720		Raw Data	Ord4_T3_L.avi	190	0	900	720									37618	10:16:26.639	1536226360412012															0	3370		Fixation	8	448	539	0.49	298.00	72.23																				4512	666	547	638	539	652	543	462	543	267.17	69.80	256.05	72.86	261.61	71.33	286.05	214.42	775.89	333.47	221.62	784.87					803.26	803.26	4.66	4.74	0	0				
07/12/2018	3.3.2	Gaze Project	O4	3	M	Bilingual	G130	06/09/2018	89100	1280 x 720		Raw Data	Ord4_T3_L.avi	190	0	900	720									37626	10:16:26.647	1536226360420281															0			Unclassified	8																									4513																			-34.01										4	4				
07/12/2018	3.3.2	Gaze Project	O4	3	M	Bilingual	G130	06/09/2018	89100	1280 x 720		Raw Data	Ord4_T3_L.avi	190	0	900	720									37634	10:16:26.655	1536226360428613															0			Unclassified	8																									4514	649	583			649	583	459	583	260.42	54.98					286.06	214.14	775.03		-34.01						802.36		4.84		0	4				
07/12/2018	3.3.2	Gaze Project	O4	3	M	Bilingual	G130	06/09/2018	89100	1280 x 720		Raw Data	Ord4_T3_L.avi	190	0	900	720									37643	10:16:26.664	1536226360436971															0			Unclassified	8																									4515	697	540			697	540	507	540	279.67	72.44					286.06	214.52	776.18		-34.01						803.56		4.74		0	4				
07/12/2018	3.3.2	Gaze Project	O4	3	M	Bilingual	G130	06/09/2018	89100	1280 x 720		Raw Data	Ord4_T3_L.avi	190	0	900	720									37651	10:16:26.672	1536226360445326															0	3371		Fixation	8	447	532	0.20	98.10	160.11																				4516			637	532	637	532	447	532			255.88	75.62						333.53	221.96	785.87						0.00		4.81	4	0				
07/12/2018	3.3.2	Gaze Project	O4	3	M	Bilingual	G130	06/09/2018	89100	1280 x 720		Raw Data	Ord4_T3_L.avi	190	0	900	720									37659	10:16:26.680	1536226360453654															0			Unclassified	8																									4517																			-34.01										4	4				
07/12/2018	3.3.2	Gaze Project	O4	3	M	Bilingual	G130	06/09/2018	89100	1280 x 720		Raw Data	Ord4_T3_L.avi	190	0	900	720									37668	10:16:26.688	1536226360461926															0	3372		Fixation	8	442	520	0.37	112.55	14.45																				4518			632	520	632	520	442	520			253.61	80.72						333.52	221.87	785.62						0.00		4.82	4	0				
07/12/2018	3.3.2	Gaze Project	O4	3	M	Bilingual	G130	06/09/2018	89100	1280 x 720		Raw Data	Ord4_T3_L.avi	190	0	900	720									37676	10:16:26.697	1536226360470284															0			Unclassified	8																									4519	636	515			636	515	446	515	255.21	82.69					286.07	214.49	776.07		-34.01						803.46		4.81		0	4				
07/12/2018	3.3.2	Gaze Project	O4	3	M	Bilingual	G130	06/09/2018	89100	1280 x 720		Raw Data	Ord4_T3_L.avi	190	0	900	720									37684	10:16:26.705	1536226360478641															0			Unclassified	8																									4520	674	561			674	561	484	561	270.48	63.83					286.08	214.00	774.59		-34.01						801.89		4.72		0	4				
07/12/2018	3.3.2	Gaze Project	O4	3	M	Bilingual	G130	06/09/2018	89100	1280 x 720		Raw Data	Ord4_T3_L.avi	190	0	900	720									37693	10:16:26.714	1536226360486996															0			Unclassified	8																									4521																			-34.01										4	4				
07/12/2018	3.3.2	Gaze Project	O4	3	M	Bilingual	G130	06/09/2018	89100	1280 x 720		Raw Data	Ord4_T3_L.avi	190	0	900	720									37701	10:16:26.722	1536226360495261															0	3373		Fixation	8	443	514	0.17	80.57	328.01																				4522			633	514	633	514	443	514			254.10	83.16						333.58	222.16	786.72						0.00		4.81	4	0				
07/12/2018	3.3.2	Gaze Project	O4	3	M	Bilingual	G130	06/09/2018	89100	1280 x 720		Raw Data	Ord4_T3_L.avi	190	0	900	720									37709	10:16:26.730	1536226360503623															0			Unclassified	8																									4523																			-34.01										4	4				
07/12/2018	3.3.2	Gaze Project	O4	3	M	Bilingual	G130	06/09/2018	89100	1280 x 720		Raw Data	Ord4_T3_L.avi	190	0	900	720									37718	10:16:26.739	1536226360511952															0	3374		Fixation	8	446	519	0.17	300.88	220.31																				4524	672	604	636	519	654	561	464	561	269.61	46.68	255.12	80.84	262.37	63.76	286.06	214.97	777.74	333.54	221.84	785.93					805.19	805.19	4.67	4.87	0	0				
07/12/2018	3.3.2	Gaze Project	O4	3	M	Bilingual	G130	06/09/2018	89100	1280 x 720		Raw Data	Ord4_T3_L.avi	190	0	900	720									37726	10:16:26.747	1536226360520314															0			Unclassified	8																									4525	570	189	494	470	532	329	342	329	228.97	213.93	198.20	100.52	213.58	157.22	303.13	268.04	938.86	311.65	219.50	784.80					975.39	975.39	5.42	4.77	1	3				
07/12/2018	3.3.2	Gaze Project	O4	3	M	Bilingual	G130	06/09/2018	89100	1280 x 720		Raw Data	Ord4_T3_L.avi	190	0	900	720									37734	10:16:26.755	1536226360528662															0	3375		Fixation	8	436	588	2.00	261.78	320.90																				4526	629	332	626	588	627	460	437	460	252.66	156.25	251.10	53.08	251.88	104.67	286.36	204.31	744.79	332.68	210.57	751.40					770.59	770.59	3.67	4.45	0	0				
07/12/2018	3.3.2	Gaze Project	O4	3	M	Bilingual	G130	06/09/2018	89100	1280 x 720		Raw Data	Ord4_T3_L.avi	190	0	900	720									37743	10:16:26.764	1536226360536935															0	3376		Fixation	8	500	321	8.21	76.56	174.78																				4527	701	451	690	321	695	386	505	386	281.25	108.26	276.86	160.83	279.06	134.54	286.36	204.28	744.76	331.69	209.93	750.40					770.56	770.56	3.71	3.52	0	0				
07/12/2018	3.3.2	Gaze Project	O4	3	M	Bilingual	G130	06/09/2018	89100	1280 x 720		Raw Data	Ord4_T3_L.avi	190	0	900	720									37751	10:16:26.772	1536226360545263															0	3377		Fixation	8	448	587	8.12	258.97	182.41																				4528	638	444	638	587	638	515	448	515	256.04	111.09	256.11	53.76	256.07	82.43	286.38	204.33	744.94	331.75	210.20	751.29					770.74	770.74	3.70	4.58	0	0				
07/12/2018	3.3.2	Gaze Project	O4	3	M	Bilingual	G130	06/09/2018	89100	1280 x 720		Raw Data	Ord4_T3_L.avi	190	0	900	720									37759	10:16:26.780	1536226360553620															0	3378		Fixation	8	515	366	6.89	73.19	174.21																				4529	624	609	705	366	664	487	474	487	250.43	44.74	282.88	142.57	266.66	93.66	286.39	204.19	745.00	331.75	210.10	751.11					770.75	770.75	4.48	3.92	0	0				
07/12/2018	3.3.2	Gaze Project	O4	3	M	Bilingual	G130	06/09/2018	89100	1280 x 720		Raw Data	Ord4_T3_L.avi	190	0	900	720									37768	10:16:26.789	1536226360561979															0			Unclassified	8																									4530																			-34.01										4	4				
07/12/2018	3.3.2	Gaze Project	O4	3	M	Bilingual	G130	06/09/2018	89100	1280 x 720		Raw Data	Ord4_T3_L.avi	190	0	900	720									37776	10:16:26.797	1536226360570248															0	3379		Fixation	8	479	414	1.82	233.22	160.03																				4531	660	524	669	414	664	469	474	469	264.92	78.94	268.59	123.39	266.75	101.16	286.37	206.11	750.94	331.30	206.98	741.51					776.99	776.99	4.49	3.85	0	0				
07/12/2018	3.3.2	Gaze Project	O4	3	M	Bilingual	G130	06/09/2018	89100	1280 x 720		Raw Data	Ord4_T3_L.avi	190	0	900	720									37784	10:16:26.805	1536226360578594															0	3380		Fixation	8	447	633	6.64	261.71	28.49																				4532			637	633	637	633	447	633			255.71	34.87						331.32	206.99	741.65						0.00		4.43	4	0				
07/12/2018	3.3.2	Gaze Project	O4	3	M	Bilingual	G130	06/09/2018	89100	1280 x 720		Raw Data	Ord4_T3_L.avi	190	0	900	720									37793	10:16:26.814	1536226360586935															0	3381		Fixation	8	437	558	2.24	97.57	195.86																				4533	657	578	627	558	642	568	452	568	263.66	57.07	251.70	65.22	257.68	61.14	286.43	205.87	750.21	331.78	209.59	749.96					776.23	776.23	4.52	4.43	0	0				
07/12/2018	3.3.2	Gaze Project	O4	3	M	Bilingual	G130	06/09/2018	89100	1280 x 720		Raw Data	Ord4_T3_L.avi	190	0	900	720									37801	10:16:26.822	1536226360595288															0	3382		Fixation	8	410	554	0.82	171.55	73.98																				4534	741	244	600	554	670	399	480	399	297.52	191.87	240.65	66.71	269.09	129.29	289.35	215.56	778.94	331.74	209.12	748.61					806.63	806.63	3.26	4.50	0	0				
07/12/2018	3.3.2	Gaze Project	O4	3	M	Bilingual	G130	06/09/2018	89100	1280 x 720		Raw Data	Ord4_T3_L.avi	190	0	900	720									37809	10:16:26.830	1536226360603653															0	3383		Fixation	8	459	584	1.73	328.44	156.89																				4535	687	165	649	584	668	374	478	374	275.93	223.51	260.50	54.75	268.21	139.13	294.28	233.79	834.62	331.42	206.80	741.72					865.38	865.38	3.56	4.46	0	0				
07/12/2018	3.3.2	Gaze Project	O4	3	M	Bilingual	G130	06/09/2018	89100	1280 x 720		Raw Data	Ord4_T3_L.avi	190	0	900	720									37818	10:16:26.838	1536226360611910															0	3384		Fixation	8	442	582	0.51	173.27	204.83																				4536	678	438	632	582	655	510	465	510	272.28	113.50	253.74	55.56	263.01	84.53	286.58	204.30	745.00	331.86	209.36	749.47					770.80	770.80	3.84	4.49	0	0				
07/12/2018	3.3.2	Gaze Project	O4	3	M	Bilingual	G130	06/09/2018	89100	1280 x 720		Raw Data	Ord4_T3_L.avi	190	0	900	720									37826	10:16:26.847	1536226360620247															0	3385		Fixation	8	383	636	2.32	222.56	49.29																				4537			573	636	573	636	383	636			229.92	33.88						331.94	209.60	750.27						0.00		4.70	4	0				
07/12/2018	3.3.2	Gaze Project	O4	3	M	Bilingual	G130	06/09/2018	89100	1280 x 720		Raw Data	Ord4_T3_L.avi	190	0	900	720									37834	10:16:26.855	1536226360628601															0			Unclassified	8																									4538	668	291			668	291	478	291	268.07	172.71					286.66	204.49	745.58		-34.01						771.41		3.34		0	4				
07/12/2018	3.3.2	Gaze Project	O4	3	M	Bilingual	G130	06/09/2018	89100	1280 x 720		Raw Data	Ord4_T3_L.avi	190	0	900	720									37843	10:16:26.864	1536226360636964															0			Unclassified	8																									4539	643	444			643	444	453	444	258.13	111.30					286.70	204.57	745.84		-34.01						771.69		3.76		0	4				
07/12/2018	3.3.2	Gaze Project	O4	3	M	Bilingual	G130	06/09/2018	89100	1280 x 720		Raw Data	Ord4_T3_L.avi	190	0	900	720									37851	10:16:26.872	1536226360645306															0			Unclassified	8																									4540	660	581			660	581	470	581	265.05	56.12					286.73	205.36	748.66		-34.01						774.61		4.28		0	4				
07/12/2018	3.3.2	Gaze Project	O4	3	M	Bilingual	G130	06/09/2018	89100	1280 x 720		Raw Data	Ord4_T3_L.avi	190	0	900	720									37859	10:16:26.880	1536226360653583															0	3386		Fixation	8	484	392	7.67	67.58	205.02																				4541			674	392	674	392	484	392			270.59	132.23						336.53	217.79	774.27						0.00		4.04	4	0				
07/12/2018	3.3.2	Gaze Project	O4	3	M	Bilingual	G130	06/09/2018	89100	1280 x 720		Raw Data	Ord4_T3_L.avi	190	0	900	720									37868	10:16:26.888	1536226360661921															0	3387		Fixation	8	474	431	1.20	255.66	188.08																				4542	657	575	664	431	660	503	470	503	263.67	58.52	266.63	116.33	265.15	87.42	286.80	206.37	751.82	331.75	206.85	741.92					777.92	777.92	4.51	3.93	0	0				
07/12/2018	3.3.2	Gaze Project	O4	3	M	Bilingual	G130	06/09/2018	89100	1280 x 720		Raw Data	Ord4_T3_L.avi	190	0	900	720									37876	10:16:26.897	1536226360670275															0	3388		Fixation	8	396	564	4.62	239.69	344.03																				4543			586	564	586	564	396	564			235.41	62.94						331.80	206.70	741.98						0.00		4.46	4	0				
07/12/2018	3.3.2	Gaze Project	O4	3	M	Bilingual	G130	06/09/2018	89100	1280 x 720		Raw Data	Ord4_T3_L.avi	190	0	900	720									37884	10:16:26.905	1536226360678628															0	3389		Fixation	8	489	550	2.81	8.59	128.90																				4544	688	438	679	550	683	494	493	494	276.26	113.71	272.67	68.42	274.46	91.07	286.94	204.59	746.12	332.21	208.98	748.95					771.97	771.97	3.72	4.45	0	0				
07/12/2018	3.3.2	Gaze Project	O4	3	M	Bilingual	G130	06/09/2018	89100	1280 x 720		Raw Data	Ord4_T3_L.avi	190	0	900	720									37893	10:16:26.913	1536226360686898															0			Unclassified	8																									4545	616	617			616	617	426	617	247.43	41.66					286.98	204.44	746.18		-34.01						771.98		4.34		0	4				
07/12/2018	3.3.2	Gaze Project	O4	3	M	Bilingual	G130	06/09/2018	89100	1280 x 720		Raw Data	Ord4_T3_L.avi	190	0	900	720									37901	10:16:26.922	1536226360695250															0	3390		Fixation	8	471	550	0.54	180.00	171.41																				4546	644	470	661	550	652	510	462	510	258.69	100.70	265.19	68.42	261.94	84.56	286.98	205.70	750.16	331.93	206.73	742.09					776.15	776.15	4.11	4.35	0	0				
07/12/2018	3.3.2	Gaze Project	O4	3	M	Bilingual	G130	06/09/2018	89100	1280 x 720		Raw Data	Ord4_T3_L.avi	190	0	900	720									37909	10:16:26.930	1536226360703585															0	3391		Fixation	8	495	322	6.95	84.01	264.01																				4547	656	217	685	322	670	269	480	269	263.29	202.58	275.07	160.45	269.18	181.52	287.04	204.32	745.63	332.27	208.55	748.11					771.42	771.42	3.11	3.72	0	0				
07/12/2018	3.3.2	Gaze Project	O4	3	M	Bilingual	G130	06/09/2018	89100	1280 x 720		Raw Data	Ord4_T3_L.avi	190	0	900	720									37918	10:16:26.939	1536226360711942															0	3392		Fixation	8	435	195	4.23	115.22	31.21																				4548			625	195	625	195	435	195			250.75	211.54						333.67	217.11	774.11						0.00		3.35	4	0				
07/12/2018	3.3.2	Gaze Project	O4	3	M	Bilingual	G130	06/09/2018	89100	1280 x 720		Raw Data	Ord4_T3_L.avi	190	0	900	720									37926	10:16:26.947	1536226360720287															0			Unclassified	8																									4549	681	617			681	617	491	617	273.26	41.48					286.89	212.66	771.84		-34.01						798.90		4.65		0	4				
07/12/2018	3.3.2	Gaze Project	O4	3	M	Bilingual	G130	06/09/2018	89100	1280 x 720		Raw Data	Ord4_T3_L.avi	190	0	900	720									37934	10:16:26.955	1536226360728569															0			Unclassified	8																									4550																			-34.01										4	4				
07/12/2018	3.3.2	Gaze Project	O4	3	M	Bilingual	G130	06/09/2018	89100	1280 x 720		Raw Data	Ord4_T3_L.avi	190	0	900	720									37943	10:16:26.963	1536226360736893															0			Unclassified	8																									4551	680	502			680	502	490	502	273.11	87.96					286.83	217.52	787.03		-34.01						814.83		4.29		0	4				
07/12/2018	3.3.2	Gaze Project	O4	3	M	Bilingual	G130	06/09/2018	89100	1280 x 720		Raw Data	Ord4_T3_L.avi	190	0	900	720									37951	10:16:26.972	1536226360745263															0			Unclassified	8																									4552	605	456			605	456	415	456	242.66	106.20					287.10	204.08	745.59		-34.01						771.31		3.88		0	4				
07/12/2018	3.3.2	Gaze Project	O4	3	M	Bilingual	G130	06/09/2018	89100	1280 x 720		Raw Data	Ord4_T3_L.avi	190	0	900	720									37959	10:16:26.980	1536226360753612															0			Unclassified	8																									4553																			-34.01										4	4				
07/12/2018	3.3.2	Gaze Project	O4	3	M	Bilingual	G130	06/09/2018	89100	1280 x 720		Raw Data	Ord4_T3_L.avi	190	0	900	720									37968	10:16:26.988	1536226360761893															0			Unclassified	8																									4554																			-34.01										4	4				
07/12/2018	3.3.2	Gaze Project	O4	3	M	Bilingual	G130	06/09/2018	89100	1280 x 720		Raw Data	Ord4_T3_L.avi	190	0	900	720									37976	10:16:26.997	1536226360770239															0			Unclassified	8																									4555	703	347			703	347	513	347	282.37	150.26					287.10	203.85	745.68		-34.01						771.32		3.25		0	4				
07/12/2018	3.3.2	Gaze Project	O4	3	M	Bilingual	G130	06/09/2018	89100	1280 x 720		Raw Data	Ord4_T3_L.avi	190	0	900	720									37984	10:16:27.005	1536226360778565															0			Unclassified	8																									4556	678	645			678	645	488	645	272.29	30.03					287.12	203.83	745.69		-34.01						771.33		4.59		0	4				
07/12/2018	3.3.2	Gaze Project	O4	3	M	Bilingual	G130	06/09/2018	89100	1280 x 720		Raw Data	Ord4_T3_L.avi	190	0	900	720									37993	10:16:27.014	1536226360786931															0			Unclassified	8																									4557																			-34.01										4	4				
07/12/2018	3.3.2	Gaze Project	O4	3	M	Bilingual	G130	06/09/2018	89100	1280 x 720		Raw Data	Ord4_T3_L.avi	190	0	900	720									38001	10:16:27.022	1536226360795283															0			Unclassified	8																									4558	474	544			474	544	284	544	190.45	70.85					287.22	200.58	735.32		-34.01						760.48		4.14		0	4				
07/12/2018	3.3.2	Gaze Project	O4	3	M	Bilingual	G130	06/09/2018	89100	1280 x 720		Raw Data	Ord4_T3_L.avi	190	0	900	720									38009	10:16:27.030	1536226360803556															0			Unclassified	8																									4559	649	570			649	570	459	570	260.46	60.50					287.25	200.46	735.37		-34.01						760.49		4.33		0	4				
07/12/2018	3.3.2	Gaze Project	O4	3	M	Bilingual	G130	06/09/2018	89100	1280 x 720		Raw Data	Ord4_T3_L.avi	190	0	900	720									38018	10:16:27.038	1536226360811911															0			Unclassified	8																									4560																			-34.01										4	4				
07/12/2018	3.3.2	Gaze Project	O4	3	M	Bilingual	G130	06/09/2018	89100	1280 x 720		Raw Data	Ord4_T3_L.avi	190	0	900	720									38026	10:16:27.047	1536226360820237															0	3393		Fixation	8	450	545	10.27	272.45	157.23																				4561			640	545	640	545	450	545			256.79	70.42						333.90	216.80	774.21						0.00		4.77	4	0				
07/12/2018	3.3.2	Gaze Project	O4	3	M	Bilingual	G130	06/09/2018	89100	1280 x 720		Raw Data	Ord4_T3_L.avi	190	0	900	720									38034	10:16:27.055	1536226360828592															0			Unclassified	8																									4562	742	603			742	603	552	603	297.97	47.11					287.09	214.04	776.84		-34.01						804.08		4.72		0	4				
07/12/2018	3.3.2	Gaze Project	O4	3	M	Bilingual	G130	06/09/2018	89100	1280 x 720		Raw Data	Ord4_T3_L.avi	190	0	900	720									38043	10:16:27.064	1536226360836951															0			Unclassified	8																									4563																			-34.01										4	4				
07/12/2018	3.3.2	Gaze Project	O4	3	M	Bilingual	G130	06/09/2018	89100	1280 x 720		Raw Data	Ord4_T3_L.avi	190	0	900	720									38051	10:16:27.072	1536226360845216															0			Unclassified	8																									4564																			-34.01										4	4				
07/12/2018	3.3.2	Gaze Project	O4	3	M	Bilingual	G130	06/09/2018	89100	1280 x 720		Raw Data	Ord4_T3_L.avi	190	0	900	720									38059	10:16:27.080	1536226360853562															0			Unclassified	8																									4565	666	526			666	526	476	526	267.42	78.31					287.04	220.03	795.08		-34.01						823.27		4.56		0	4				
07/12/2018	3.3.2	Gaze Project	O4	3	M	Bilingual	G130	06/09/2018	89100	1280 x 720		Raw Data	Ord4_T3_L.avi	190	0	900	720									38068	10:16:27.088	1536226360861910															0	3394		Fixation	8	449	593	1.37	268.81	356.36																				4566	640	584	639	593	639	588	449	588	256.73	54.95	256.36	51.01	256.55	52.98	293.70	227.70	817.62	333.97	216.27	772.24					847.33	847.33	4.98	4.91	0	0				
07/12/2018	3.3.2	Gaze Project	O4	3	M	Bilingual	G130	06/09/2018	89100	1280 x 720		Raw Data	Ord4_T3_L.avi	190	0	900	720									38076	10:16:27.097	1536226360870264															0	3395		Fixation	8	441	501	2.55	94.95	186.14																				4567	910	532	631	501	770	516	580	516	365.44	75.80	253.27	88.18	309.35	81.99	343.39	231.15	816.23	346.15	237.28	834.73					850.68	850.68	5.08	5.23	3	1				
07/12/2018	3.3.2	Gaze Project	O4	3	M	Bilingual	G130	06/09/2018	89100	1280 x 720		Raw Data	Ord4_T3_L.avi	190	0	900	720									38084	10:16:27.105	1536226360878543															0	3396		Fixation	8	444	487	0.38	77.94	342.99																				4568	913	517	634	487	773	502	583	502	366.29	81.82	254.34	93.82	310.32	87.82	343.41	231.15	816.23	346.01	236.93	833.67					850.68	850.68	5.07	5.21	3	1				
07/12/2018	3.3.2	Gaze Project	O4	3	M	Bilingual	G130	06/09/2018	89100	1280 x 720		Raw Data	Ord4_T3_L.avi	190	0	900	720									38093	10:16:27.113	1536226360886882															0	3397		Fixation	8	459	563	2.06	281.13	203.19																				4569	928	594	649	563	788	578	598	578	372.35	50.74	260.45	63.24	316.40	56.99	343.57	231.13	816.24	346.62	237.90	836.67					850.70	850.70	5.15	5.31	3	1				
07/12/2018	3.3.2	Gaze Project	O4	3	M	Bilingual	G130	06/09/2018	89100	1280 x 720		Raw Data	Ord4_T3_L.avi	190	0	900	720									38101	10:16:27.122	1536226360895215															0	3398		Fixation	8	582	610	3.65	339.03	57.90																				4570			772	610	772	610	582	610			309.77	44.20						334.85	220.00	783.72						0.00		4.76	4	0				
07/12/2018	3.3.2	Gaze Project	O4	3	M	Bilingual	G130	06/09/2018	89100	1280 x 720		Raw Data	Ord4_T3_L.avi	190	0	900	720									38109	10:16:27.130	1536226360903579															0			Unclassified	8																									4571	852	663			852	663	662	663	342.18	22.97					287.60	223.35	805.90		-34.01						834.59		4.90		0	4				
07/12/2018	3.3.2	Gaze Project	O4	3	M	Bilingual	G130	06/09/2018	89100	1280 x 720		Raw Data	Ord4_T3_L.avi	190	0	900	720									38118	10:16:27.139	1536226360911933															0	3399		Fixation	8	707	655	3.75	340.14	1.12																				4572			897	655	897	655	707	655			360.07	26.08						335.80	224.00	796.22						0.00		4.97	4	0				
07/12/2018	3.3.2	Gaze Project	O4	3	M	Bilingual	G130	06/09/2018	89100	1280 x 720		Raw Data	Ord4_T3_L.avi	190	0	900	720									38126	10:16:27.147	1536226360920201															0			Unclassified	8																									4573																			-34.01										4	4				
07/12/2018	3.3.2	Gaze Project	O4	3	M	Bilingual	G130	06/09/2018	89100	1280 x 720		Raw Data	Ord4_T3_L.avi	190	0	900	720									38134	10:16:27.155	1536226360928534															0	3400		Fixation	8			1.85	287.85	307.71																				4574	993	599	918	720	955	659	765	659	398.59	48.54	368.54	0.09	383.56	24.32	288.04	214.88	780.28	335.76	222.38	791.49					807.65	807.65	3.88	5.00	0	0				
07/12/2018	3.3.2	Gaze Project	O4	3	M	Bilingual	G130	06/09/2018	89100	1280 x 720		Raw Data	Ord4_T3_L.avi	190	0	900	720									38143	10:16:27.163	1536226360936888															0			Unclassified	8																									4575	994	676			994	676	804	676	398.96	17.56					288.24	204.62	748.44		-34.01						774.23		4.43		0	4				
07/12/2018	3.3.2	Gaze Project	O4	3	M	Bilingual	G130	06/09/2018	89100	1280 x 720		Raw Data	Ord4_T3_L.avi	190	0	900	720									38151	10:16:27.172	1536226360945246															0	3401		Fixation	8	825	707	2.73	7.66	79.81																				4576			1015	707	1015	707	825	707			407.40	5.20						335.90	222.18	791.18						0.00		4.91	4	0				
07/12/2018	3.3.2	Gaze Project	O4	3	M	Bilingual	G130	06/09/2018	89100	1280 x 720		Raw Data	Ord4_T3_L.avi	190	0	900	720									38159	10:16:27.180	1536226360953609															0			Unclassified	8																									4577																			-34.01										4	4				
07/12/2018	3.3.2	Gaze Project	O4	3	M	Bilingual	G130	06/09/2018	89100	1280 x 720		Raw Data	Ord4_T3_L.avi	190	0	900	720									38168	10:16:27.188	1536226360961888															0	3402		Fixation	8	779	663	1.76	136.18	128.52																				4578	1191	595	969	663	1080	629	890	629	478.00	50.27	389.16	23.10	433.58	36.68	304.29	263.05	927.20	334.94	215.64	771.55					962.83	962.83	5.95	4.70	0	0				
07/12/2018	3.3.2	Gaze Project	O4	3	M	Bilingual	G130	06/09/2018	89100	1280 x 720		Raw Data	Ord4_T3_L.avi	190	0	900	720									38176	10:16:27.197	1536226360970201															0	3403		Fixation	8			2.24	290.17	153.98																				4579	944	683	997	739	970	711	780	711	379.12	14.91	400.27	-7.67	389.69	3.62	288.34	210.83	768.16	335.27	217.23	776.42					794.89	794.89	4.67	4.65	0	0				
07/12/2018	3.3.2	Gaze Project	O4	3	M	Bilingual	G130	06/09/2018	89100	1280 x 720		Raw Data	Ord4_T3_L.avi	190	0	900	720									38184	10:16:27.205	1536226360978558															0	3404		Fixation	8	823	698	1.21	68.74	138.58																				4580			1013	698	1013	698	823	698			406.62	9.00						336.00	221.23	788.55						0.00		4.85	4	0				
07/12/2018	3.3.2	Gaze Project	O4	3	M	Bilingual	G130	06/09/2018	89100	1280 x 720		Raw Data	Ord4_T3_L.avi	190	0	900	720									38193	10:16:27.213	1536226360986915															0	3405		Fixation	8	767	716	1.69	197.87	129.13																				4581	1011	688	957	716	984	702	794	702	405.66	12.95	384.25	1.67	394.96	7.31	288.52	203.95	746.67	334.00	208.82	751.11					772.35	772.35	4.58	4.47	0	0				
07/12/2018	3.3.2	Gaze Project	O4	3	M	Bilingual	G130	06/09/2018	89100	1280 x 720		Raw Data	Ord4_T3_L.avi	190	0	900	720									38201	10:16:27.222	1536226360995196															0	3406		Fixation	8			0.76	212.55	14.68																				4582	1009	707	935	730	972	718	782	718	404.88	5.22	375.30	-4.09	390.09	0.57	288.56	203.81	746.72	334.24	209.90	754.38					772.36	772.36	4.48	4.46	0	0				
07/12/2018	3.3.2	Gaze Project	O4	3	M	Bilingual	G130	06/09/2018	89100	1280 x 720		Raw Data	Ord4_T3_L.avi	190	0	900	720									38209	10:16:27.230	1536226361003543															0	3407		Fixation	8			0.37	51.43	198.88																				4583			943	720	943	720					378.61	-0.15						334.13	208.98	751.68						0.00		4.44	4	0				
07/12/2018	3.3.2	Gaze Project	O4	3	M	Bilingual	G130	06/09/2018	89100	1280 x 720		Raw Data	Ord4_T3_L.avi	190	0	900	720									38218	10:16:27.238	1536226361011868															0			Unclassified	8																									4584	933	737			933	737			374.49	-7.03					288.62	205.90	753.22		-34.01						779.19		4.51		0	4				
07/12/2018	3.3.2	Gaze Project	O4	3	M	Bilingual	G130	06/09/2018	89100	1280 x 720		Raw Data	Ord4_T3_L.avi	190	0	900	720									38226	10:16:27.247	1536226361020228															0	3408		Fixation	8	745	714	0.29	143.04	91.61																				4585			935	714	935	714	745	714			375.17	2.45						334.13	208.42	750.06						0.00		4.37	4	0				
07/12/2018	3.3.2	Gaze Project	O4	3	M	Bilingual	G130	06/09/2018	89100	1280 x 720		Raw Data	Ord4_T3_L.avi	190	0	900	720									38234	10:16:27.255	1536226361028585															0	3409		Fixation	8	735	714	0.29	180.00	36.96																				4586	957	764	925	714	941	739			384.33	-17.72	371.15	2.37	377.74	-7.67	288.66	206.53	755.28	334.25	209.03	751.97					781.33	781.33	4.50	4.48	0	0				
07/12/2018	3.3.2	Gaze Project	O4	3	M	Bilingual	G130	06/09/2018	89100	1280 x 720		Raw Data	Ord4_T3_L.avi	190	0	900	720									38243	10:16:27.263	1536226361036829															0			Unclassified	8																									4587	980	768			980	768			393.23	-19.27					288.66	207.08	757.05		-34.01						783.19		4.38		0	4				
07/12/2018	3.3.2	Gaze Project	O4	3	M	Bilingual	G130	06/09/2018	89100	1280 x 720		Raw Data	Ord4_T3_L.avi	190	0	900	720									38251	10:16:27.272	1536226361045192															0	3410		Fixation	8	793	708	1.71	5.93	185.93																				4588	993	698	983	708	988	703	798	703	398.61	8.96	394.44	4.86	396.52	6.91	288.67	207.16	757.40	334.36	209.49	753.50					783.55	783.55	4.41	4.47	0	0				
07/12/2018	3.3.2	Gaze Project	O4	3	M	Bilingual	G130	06/09/2018	89100	1280 x 720		Raw Data	Ord4_T3_L.avi	190	0	900	720									38259	10:16:27.280	1536226361053542															0			Unclassified	8																									4589																			-34.01										4	4				
07/12/2018	3.3.2	Gaze Project	O4	3	M	Bilingual	G130	06/09/2018	89100	1280 x 720		Raw Data	Ord4_T3_L.avi	190	0	900	720									38268	10:16:27.288	1536226361061899															0	3411		Fixation	8	749	697	1.32	165.92	160.00																				4590			939	697	939	697	749	697			376.83	9.27						334.35	209.41	753.39						0.00		4.13	4	0				
07/12/2018	3.3.2	Gaze Project	O4	3	M	Bilingual	G130	06/09/2018	89100	1280 x 720		Raw Data	Ord4_T3_L.avi	190	0	900	720									38276	10:16:27.297	1536226361070254															0	3412		Fixation	8			1.80	283.56	117.64																				4591			954	759	954	759					382.89	-15.69						334.38	209.69	754.27						0.00		4.43	4	0				
07/12/2018	3.3.2	Gaze Project	O4	3	M	Bilingual	G130	06/09/2018	89100	1280 x 720		Raw Data	Ord4_T3_L.avi	190	0	900	720									38284	10:16:27.305	1536226361078515															0	3413		Fixation	8			5.46	12.07	88.51																				4592			1137	720	1137	720					456.35	0.05						334.09	208.10	749.48						0.00		4.29	4	0				
07/12/2018	3.3.2	Gaze Project	O4	3	M	Bilingual	G130	06/09/2018	89100	1280 x 720		Raw Data	Ord4_T3_L.avi	190	0	900	720									38293	10:16:27.313	1536226361086849															0	3414		Fixation	8	761	681	5.55	168.12	156.05																				4593	936	726	951	681	943	703	753	703	375.69	-2.37	381.87	15.55	378.78	6.59	288.64	203.80	747.53	333.69	205.93	742.60					773.13	773.13	4.25	4.36	0	0				
07/12/2018	3.3.2	Gaze Project	O4	3	M	Bilingual	G130	06/09/2018	89100	1280 x 720		Raw Data	Ord4_T3_L.avi	190	0	900	720									38301	10:16:27.322	1536226361095209															0	3415		Fixation	8	733	679	0.83	175.90	7.78																				4594	990	721	923	679	956	700	766	700	397.22	-0.21	370.64	16.46	383.93	8.13	288.59	204.35	749.32	334.05	208.21	749.93					775.00	775.00	4.34	4.29	0	0				
07/12/2018	3.3.2	Gaze Project	O4	3	M	Bilingual	G130	06/09/2018	89100	1280 x 720		Raw Data	Ord4_T3_L.avi	190	0	900	720									38309	10:16:27.330	1536226361103567															0	3416		Fixation	8			2.95	333.61	157.71																				4595			1014	724	1014	724					407.15	-1.80						334.11	208.84	751.89						0.00		4.43	4	0				
07/12/2018	3.3.2	Gaze Project	O4	3	M	Bilingual	G130	06/09/2018	89100	1280 x 720		Raw Data	Ord4_T3_L.avi	190	0	900	720									38318	10:16:27.338	1536226361111838															0	3417		Fixation	8			2.20	186.96	213.34																				4596	1002	672	940	733	971	702	781	702	402.30	19.20	377.12	-5.17	389.71	7.01	288.52	203.38	746.53	333.55	205.81	742.37					772.04	772.04	4.22	4.34	0	0				
07/12/2018	3.3.2	Gaze Project	O4	3	M	Bilingual	G130	06/09/2018	89100	1280 x 720		Raw Data	Ord4_T3_L.avi	190	0	900	720									38326	10:16:27.347	1536226361120183															0	3418		Fixation	8	795	714	1.45	22.96	196.00																				4597	1102	636	985	714	1043	675	853	675	442.23	33.64	395.43	2.44	418.83	18.04	288.90	205.15	751.17	333.51	205.79	742.40					777.02	777.02	3.60	4.27	0	0				
07/12/2018	3.3.2	Gaze Project	O4	3	M	Bilingual	G130	06/09/2018	89100	1280 x 720		Raw Data	Ord4_T3_L.avi	190	0	900	720									38334	10:16:27.355	1536226361128519															0	3419		Fixation	8	816	671	1.41	64.04	41.09																				4598			1006	671	1006	671	816	671			403.81	19.57						333.46	205.65	742.45						0.00		4.22	4	0				
07/12/2018	3.3.2	Gaze Project	O4	3	M	Bilingual	G130	06/09/2018	89100	1280 x 720		Raw Data	Ord4_T3_L.avi	190	0	900	720									38343	10:16:27.363	1536226361136881															0	3420		Fixation	8			1.86	240.67	176.63																				4599	970	713	975	726	972	719	782	719	389.29	3.02	391.24	-2.44	390.26	0.29	288.38	203.02	745.78	333.40	205.73	742.36					771.22	771.22	4.33	4.31	0	0				
07/12/2018	3.3.2	Gaze Project	O4	3	M	Bilingual	G130	06/09/2018	89100	1280 x 720		Raw Data	Ord4_T3_L.avi	190	0	900	720									38351	10:16:27.372	1536226361145226															0	3421		Fixation	8	813	666	1.94	65.05	184.38																				4600	969	623	1003	666	986	644	796	644	388.94	38.90	402.80	21.60	395.87	30.25	288.32	203.30	746.77	333.35	205.70	742.34					772.24	772.24	4.07	4.34	0	0				
07/12/2018	3.3.2	Gaze Project	O4	3	M	Bilingual	G130	06/09/2018	89100	1280 x 720		Raw Data	Ord4_T3_L.avi	190	0	900	720									38359	10:16:27.380	1536226361153498															0	3422		Fixation	8			2.22	234.28	169.23																				4601	1002	679	959	727	980	703	790	703	402.03	16.46	385.14	-2.85	393.58	6.81	288.27	203.74	748.25	333.30	205.66	742.31					773.78	773.78	4.32	4.29	0	0				
07/12/2018	3.3.2	Gaze Project	O4	3	M	Bilingual	G130	06/09/2018	89100	1280 x 720		Raw Data	Ord4_T3_L.avi	190	0	900	720									38368	10:16:27.388	1536226361161836															0	3423		Fixation	8	830	712	1.86	13.86	139.57																				4602			1020	712	1020	712	830	712			409.24	3.33						334.89	209.42	753.38						0.00		4.50	4	0				
07/12/2018	3.3.2	Gaze Project	O4	3	M	Bilingual	G130	06/09/2018	89100	1280 x 720		Raw Data	Ord4_T3_L.avi	190	0	900	720									38376	10:16:27.397	1536226361170191															0	3424		Fixation	8	772	717	1.71	184.94	171.09																				4603	1013	739	962	717	987	728			406.49	-7.62	386.12	1.18	396.31	-3.22	288.13	205.80	754.91	333.49	207.29	747.86					780.74	780.74	4.23	4.40	0	0				
07/12/2018	3.3.2	Gaze Project	O4	3	M	Bilingual	G130	06/09/2018	89100	1280 x 720		Raw Data	Ord4_T3_L.avi	190	0	900	720									38384	10:16:27.405	1536226361178550															0			Unclassified	8																									4604	1021	731			1021	731			409.70	-4.59					288.08	206.67	757.70		-34.01						783.65		4.31		0	4				
07/12/2018	3.3.2	Gaze Project	O4	3	M	Bilingual	G130	06/09/2018	89100	1280 x 720		Raw Data	Ord4_T3_L.avi	190	0	900	720									38393	10:16:27.413	1536226361186911															0	3425		Fixation	8			1.04	336.94	152.00																				4605	1005	714	995	731	1000	722			403.57	2.36	399.60	-4.61	401.59	-1.13	288.03	206.46	757.18	333.52	207.93	749.99					783.10	783.10	4.40	4.52	0	0				
07/12/2018	3.3.2	Gaze Project	O4	3	M	Bilingual	G130	06/09/2018	89100	1280 x 720		Raw Data	Ord4_T3_L.avi	190	0	900	720									38401	10:16:27.422	1536226361195165															0			Unclassified	8																									4606	882	342			882	342	692	342	353.91	152.30					288.94	206.51	756.61		-34.01						782.60		2.61		0	4				
07/12/2018	3.3.2	Gaze Project	O4	3	M	Bilingual	G130	06/09/2018	89100	1280 x 720		Raw Data	Ord4_T3_L.avi	190	0	900	720									38409	10:16:27.430	1536226361203490															0	3426		Fixation	8	755	710	1.57	157.15	180.21																				4607	985	728	945	710	965	719	775	719	395.49	-3.13	379.38	3.84	387.43	0.36	287.97	205.76	755.30	333.60	208.81	752.84					781.09	781.09	4.26	4.48	0	0				
07/12/2018	3.3.2	Gaze Project	O4	3	M	Bilingual	G130	06/09/2018	89100	1280 x 720		Raw Data	Ord4_T3_L.avi	190	0	900	720									38418	10:16:27.438	1536226361211853															0	3427		Fixation	8	760	715	0.20	314.91	157.76																				4608	977	706	950	715	963	710	773	710	392.12	5.44	381.15	1.97	386.64	3.70	287.93	206.10	756.50	333.40	207.75	749.71					782.34	782.34	4.45	4.53	0	0				
07/12/2018	3.3.2	Gaze Project	O4	3	M	Bilingual	G130	06/09/2018	89100	1280 x 720		Raw Data	Ord4_T3_L.avi	190	0	900	720									38426	10:16:27.447	1536226361220221															0	3428		Fixation	8			1.07	350.51	35.60																				4609			986	721	986	721					395.95	-0.41						333.48	208.44	751.89						0.00		4.43	4	0				
07/12/2018	3.3.2	Gaze Project	O4	3	M	Bilingual	G130	06/09/2018	89100	1280 x 720		Raw Data	Ord4_T3_L.avi	190	0	900	720									38434	10:16:27.455	1536226361228490															0	3429		Fixation	8			0.14	281.27	290.77																				4610			987	726	987	726					396.19	-2.48						333.49	208.59	752.45						0.00		4.42	4	0				
07/12/2018	3.3.2	Gaze Project	O4	3	M	Bilingual	G130	06/09/2018	89100	1280 x 720		Raw Data	Ord4_T3_L.avi	190	0	900	720									38443	10:16:27.463	1536226361236833															0	3430		Fixation	8			0.14	281.27	0.00																				4611			988	731	988	731					396.43	-4.54						333.30	207.62	749.58						0.00		4.41	4	0				
07/12/2018	3.3.2	Gaze Project	O4	3	M	Bilingual	G130	06/09/2018	89100	1280 x 720		Raw Data	Ord4_T3_L.avi	190	0	900	720									38451	10:16:27.472	1536226361245174															0	3431		Fixation	8	820	710	0.89	43.76	122.49																				4612	984	729	1010	710	997	719	807	719	395.10	-3.44	405.26	4.21	400.18	0.39	287.81	206.75	758.96	333.36	208.15	751.27					784.87	784.87	4.42	4.52	0	0				
07/12/2018	3.3.2	Gaze Project	O4	3	M	Bilingual	G130	06/09/2018	89100	1280 x 720		Raw Data	Ord4_T3_L.avi	190	0	900	720									38459	10:16:27.480	1536226361253519															0	3432		Fixation	8			0.69	237.06	193.30																				4613			997	730	997	730					400.05	-4.05						335.12	210.45	757.45						0.00		5.23	4	0				
07/12/2018	3.3.2	Gaze Project	O4	3	M	Bilingual	G130	06/09/2018	89100	1280 x 720		Raw Data	Ord4_T3_L.avi	190	0	900	720									38468	10:16:27.488	1536226361261892															0	3433		Fixation	8	739	705	2.10	159.75	282.69																				4614	1000	702	929	705	964	703	774	703	401.51	7.31	372.90	6.13	387.20	6.72	287.79	204.52	752.32	333.27	207.86	750.53					777.87	777.87	4.13	4.05	0	0				
07/12/2018	3.3.2	Gaze Project	O4	3	M	Bilingual	G130	06/09/2018	89100	1280 x 720		Raw Data	Ord4_T3_L.avi	190	0	900	720									38476	10:16:27.497	1536226361270160															0	3434		Fixation	8	760	696	0.68	23.27	223.51																				4615			950	696	950	696	760	696			381.25	9.83						333.18	207.45	749.35						0.00		4.37	4	0				
07/12/2018	3.3.2	Gaze Project	O4	3	M	Bilingual	G130	06/09/2018	89100	1280 x 720		Raw Data	Ord4_T3_L.avi	190	0	900	720									38484	10:16:27.505	1536226361278485															0	3435		Fixation	8			0.72	253.79	230.52																				4616	937	748	943	720	940	734			376.22	-11.31	378.56	0.06	377.39	-5.63	287.74	205.63	755.96	333.43	209.05	754.29					781.67	781.67	4.45	4.50	0	0				
07/12/2018	3.3.2	Gaze Project	O4	3	M	Bilingual	G130	06/09/2018	89100	1280 x 720		Raw Data	Ord4_T3_L.avi	190	0	900	720									38493	10:16:27.513	1536226361286834															0	3436		Fixation	8	794	707	1.26	17.65	123.86																				4617	979	730	984	707	981	718	791	718	393.06	-3.97	394.99	5.18	394.02	0.60	287.73	205.09	754.37	333.40	208.96	754.08					779.99	779.99	4.32	4.39	0	0				
07/12/2018	3.3.2	Gaze Project	O4	3	M	Bilingual	G130	06/09/2018	89100	1280 x 720		Raw Data	Ord4_T3_L.avi	190	0	900	720									38501	10:16:27.522	1536226361295204															0	3437		Fixation	8	803	709	0.27	347.43	329.79																				4618	973	758	993	709	983	733			390.64	-15.28	398.68	4.51	394.66	-5.39	287.69	205.88	756.87	333.35	208.73	753.40					782.61	782.61	4.27	4.44	0	0				
07/12/2018	3.3.2	Gaze Project	O4	3	M	Bilingual	G130	06/09/2018	89100	1280 x 720		Raw Data	Ord4_T3_L.avi	190	0	900	720									38509	10:16:27.530	1536226361303483															0			Unclassified	8																									4619	990	747			990	747			397.30	-10.78					287.65	206.85	759.97		-34.01						785.86		4.32		0	4				
07/12/2018	3.3.2	Gaze Project	O4	3	M	Bilingual	G130	06/09/2018	89100	1280 x 720		Raw Data	Ord4_T3_L.avi	190	0	900	720									38518	10:16:27.538	1536226361311821															0	3438		Fixation	8	802	659	1.44	91.14	103.71																				4620	964	676	992	659	978	667	788	667	387.15	17.65	398.24	24.60	392.70	21.13	287.60	206.12	757.69	332.63	205.20	742.27					783.46	783.46	4.30	4.69	0	0				
07/12/2018	3.3.2	Gaze Project	O4	3	M	Bilingual	G130	06/09/2018	89100	1280 x 720		Raw Data	Ord4_T3_L.avi	190	0	900	720									38526	10:16:27.547	1536226361320156															0	3439		Fixation	8	629	636	5.24	172.40	81.26																				4621	837	636	819	636	828	636	638	636	336.01	33.81	328.87	33.89	332.44	33.85	287.50	205.18	754.55	332.46	205.15	742.30					780.18	780.18	4.31	4.47	0	0				
07/12/2018	3.3.2	Gaze Project	O4	3	M	Bilingual	G130	06/09/2018	89100	1280 x 720		Raw Data	Ord4_T3_L.avi	190	0	900	720									38534	10:16:27.555	1536226361328516															0			Unclassified	8																									4622	791	583			791	583	601	583	317.41	55.36					287.42	203.15	748.06		-34.01						773.38		4.36		0	4				
07/12/2018	3.3.2	Gaze Project	O4	3	M	Bilingual	G130	06/09/2018	89100	1280 x 720		Raw Data	Ord4_T3_L.avi	190	0	900	720									38543	10:16:27.563	1536226361336872															0	3440		Fixation	8	526	552	3.98	140.71	328.31																				4623	730	513	716	552	723	532	533	532	293.22	83.18	287.59	67.66	290.41	75.42	287.26	204.40	751.90	332.70	208.73	753.00					777.41	777.41	3.98	4.54	0	0				
07/12/2018	3.3.2	Gaze Project	O4	3	M	Bilingual	G130	06/09/2018	89100	1280 x 720		Raw Data	Ord4_T3_L.avi	190	0	900	720									38551	10:16:27.572	1536226361345113															0	3441		Fixation	8	506	569	0.78	220.46	79.74																				4624	749	314	696	569	722	441	532	441	300.58	163.61	279.42	60.89	290.00	112.25	287.16	204.60	752.57	332.01	205.19	742.28					778.11	778.11	3.48	4.47	0	0				
07/12/2018	3.3.2	Gaze Project	O4	3	M	Bilingual	G130	06/09/2018	89100	1280 x 720		Raw Data	Ord4_T3_L.avi	190	0	900	720									38559	10:16:27.580	1536226361353497															0			Unclassified	8																									4625	677	390			677	390	487	390	271.56	132.81					286.97	210.33	770.33		-34.01						796.75		4.50		0	4				
07/12/2018	3.3.2	Gaze Project	O4	3	M	Bilingual	G130	06/09/2018	89100	1280 x 720		Raw Data	Ord4_T3_L.avi	190	0	900	720									38568	10:16:27.588	1536226361361827															0	3442		Fixation	8	468	549	1.30	152.17	291.71																				4626	651	202	658	549	654	375	464	375	261.38	208.40	264.03	68.95	262.71	138.68	292.49	223.16	809.05	331.91	205.17	742.29					837.73	837.73	3.94	4.67	0	0				
07/12/2018	3.3.2	Gaze Project	O4	3	M	Bilingual	G130	06/09/2018	89100	1280 x 720		Raw Data	Ord4_T3_L.avi	190	0	900	720									38576	10:16:27.597	1536226361370189															0	3443		Fixation	8	498	440	3.41	74.66	282.49																				4627	683	540	688	440	685	490	495	490	274.10	72.56	276.19	112.69	275.15	92.63	286.86	210.94	772.43	331.87	205.16	742.29					798.93	798.93	4.77	4.53	0	0				
07/12/2018	3.3.2	Gaze Project	O4	3	M	Bilingual	G130	06/09/2018	89100	1280 x 720		Raw Data	Ord4_T3_L.avi	190	0	900	720									38584	10:16:27.605	1536226361378540															0	3444		Fixation	8	458	521	2.73	243.79	169.13																				4628	721	413	648	521	684	467	494	467	289.33	123.80	260.11	80.04	274.72	101.92	286.94	203.21	748.18	331.81	205.16	742.29					773.50	773.50	3.99	4.53	0	0				
07/12/2018	3.3.2	Gaze Project	O4	3	M	Bilingual	G130	06/09/2018	89100	1280 x 720		Raw Data	Ord4_T3_L.avi	190	0	900	720									38593	10:16:27.613	1536226361386797															0			Unclassified	8																									4629																			-34.01										4	4				
07/12/2018	3.3.2	Gaze Project	O4	3	M	Bilingual	G130	06/09/2018	89100	1280 x 720		Raw Data	Ord4_T3_L.avi	190	0	900	720									38601	10:16:27.622	1536226361395139															0			Unclassified	8																									4630	693	484			693	484	503	484	278.09	94.96					286.87	202.81	747.04		-34.01						772.29		4.37		0	4				
07/12/2018	3.3.2	Gaze Project	O4	3	M	Bilingual	G130	06/09/2018	89100	1280 x 720		Raw Data	Ord4_T3_L.avi	190	0	900	720									38609	10:16:27.630	1536226361403498															0	3445		Fixation	8	517	484	2.04	32.18	148.38																				4631	707	413	707	484	707	448	517	448	283.94	123.58	283.74	95.21	283.84	109.40	286.77	203.20	748.27	333.91	219.21	784.93					773.58	773.58	4.16	4.87	0	0				
07/12/2018	3.3.2	Gaze Project	O4	3	M	Bilingual	G130	06/09/2018	89100	1280 x 720		Raw Data	Ord4_T3_L.avi	190	0	900	720									38618	10:16:27.638	1536226361411854															0	3446		Fixation	8	541	444	1.33	59.12	26.94																				4632	726	524	731	444	728	484	538	484	291.38	78.76	293.50	111.29	292.44	95.02	286.76	203.06	748.33	334.13	220.79	789.72					773.59	773.59	4.52	4.97	0	0				
07/12/2018	3.3.2	Gaze Project	O4	3	M	Bilingual	G130	06/09/2018	89100	1280 x 720		Raw Data	Ord4_T3_L.avi	190	0	900	720									38626	10:16:27.647	1536226361420108															0	3447		Fixation	8	474	465	2.04	197.46	138.34																				4633	756	244	664	465	710	354	520	354	303.46	191.71	266.50	102.81	284.98	147.26	286.75	203.31	748.23	332.98	214.00	769.13					773.57	773.57	3.52	4.62	0	0				
07/12/2018	3.3.2	Gaze Project	O4	3	M	Bilingual	G130	06/09/2018	89100	1280 x 720		Raw Data	Ord4_T3_L.avi	190	0	900	720									38634	10:16:27.655	1536226361428462															0	3448		Fixation	8	499	538	2.26	288.85	91.39																				4634	694	514	689	538	691	526	501	526	278.71	83.06	276.50	73.24	277.61	78.15	286.71	202.70	746.77	332.99	214.22	769.78					771.99	771.99	4.37	4.84	0	0				
07/12/2018	3.3.2	Gaze Project	O4	3	M	Bilingual	G130	06/09/2018	89100	1280 x 720		Raw Data	Ord4_T3_L.avi	190	0	900	720									38643	10:16:27.663	1536226361436803															0	3449		Fixation	8	552	420	3.78	65.88	137.03																				4635	733	553	742	420	737	486	547	486	294.33	67.23	297.96	120.93	296.14	94.08	286.53	210.03	769.86	332.91	213.77	768.43					796.20	796.20	4.71	4.75	0	0				
07/12/2018	3.3.2	Gaze Project	O4	3	M	Bilingual	G130	06/09/2018	89100	1280 x 720		Raw Data	Ord4_T3_L.avi	190	0	900	720									38651	10:16:27.672	1536226361445168															0	3450		Fixation	8	528	454	1.22	234.87	168.99																				4636	718	506	718	454	718	480	528	480	288.06	86.31	288.02	106.93	288.04	96.62	286.52	210.43	771.11	332.97	214.14	769.57					797.50	797.50	4.55	4.73	0	0				
07/12/2018	3.3.2	Gaze Project	O4	3	M	Bilingual	G130	06/09/2018	89100	1280 x 720		Raw Data	Ord4_T3_L.avi	190	0	900	720									38659	10:16:27.680	1536226361453523															0	3451		Fixation	8	488	426	1.44	144.92	270.05																				4637	694	413	678	426	686	419	496	419	278.77	123.53	271.95	118.26	275.36	120.90	286.71	202.68	746.79	333.00	214.22	769.85					772.00	772.00	4.14	4.70	0	0				
07/12/2018	3.3.2	Gaze Project	O4	3	M	Bilingual	G130	06/09/2018	89100	1280 x 720		Raw Data	Ord4_T3_L.avi	190	0	900	720									38668	10:16:27.688	1536226361461795															0	3452		Fixation	8	477	414	0.48	132.42	347.50																				4638	757	546	667	414	712	480	522	480	304.05	70.14	267.85	123.28	285.95	96.71	286.74	202.55	746.84	333.02	214.24	769.96					772.01	772.01	4.60	4.69	0	0				
07/12/2018	3.3.2	Gaze Project	O4	3	M	Bilingual	G130	06/09/2018	89100	1280 x 720		Raw Data	Ord4_T3_L.avi	190	0	900	720									38676	10:16:27.697	1536226361470142															0	3453		Fixation	8	496	429	0.71	321.62	189.20																				4639			686	429	686	429	496	429			275.33	117.09						334.06	220.33	788.48						0.00		5.04	4	0				
07/12/2018	3.3.2	Gaze Project	O4	3	M	Bilingual	G130	06/09/2018	89100	1280 x 720		Raw Data	Ord4_T3_L.avi	190	0	900	720									38684	10:16:27.705	1536226361478480															0	3454		Fixation	8	484	555	3.60	264.58	302.96																				4640			674	555	674	555	484	555			270.47	66.32						333.97	219.57	786.24						0.00		5.13	4	0				
07/12/2018	3.3.2	Gaze Project	O4	3	M	Bilingual	G130	06/09/2018	89100	1280 x 720		Raw Data	Ord4_T3_L.avi	190	0	900	720									38693	10:16:27.713	1536226361486839															0	3455		Fixation	8	497	416	4.02	84.67	180.10																				4641	713	557	687	416	700	486	510	486	286.34	65.81	275.66	122.35	281.00	94.08	286.86	202.73	747.13	333.24	214.57	771.16					772.35	772.35	4.52	4.64	0	0				
07/12/2018	3.3.2	Gaze Project	O4	3	M	Bilingual	G130	06/09/2018	89100	1280 x 720		Raw Data	Ord4_T3_L.avi	190	0	900	720									38701	10:16:27.722	1536226361495193															0			Unclassified	8																									4642	710	382			710	382	520	382	284.87	136.12					286.96	202.84	747.08		-34.01						772.34		3.71		0	4				
07/12/2018	3.3.2	Gaze Project	O4	3	M	Bilingual	G130	06/09/2018	89100	1280 x 720		Raw Data	Ord4_T3_L.avi	190	0	900	720									38709	10:16:27.730	1536226361503459															0	3456		Fixation	8	459	422	1.12	189.00	104.33																				4643	720	382	649	422	684	402	494	402	288.83	136.08	260.60	119.81	274.72	127.95	286.70	216.35	789.72	334.26	219.97	787.69					817.03	817.03	4.56	4.72	0	0				
07/12/2018	3.3.2	Gaze Project	O4	3	M	Bilingual	G130	06/09/2018	89100	1280 x 720		Raw Data	Ord4_T3_L.avi	190	0	900	720									38718	10:16:27.738	1536226361511791															0			Unclassified	8																									4644	732	471			732	471	542	471	293.81	100.39					287.06	202.55	747.20		-34.01						772.37		4.62		0	4				
07/12/2018	3.3.2	Gaze Project	O4	3	M	Bilingual	G130	06/09/2018	89100	1280 x 720		Raw Data	Ord4_T3_L.avi	190	0	900	720									38726	10:16:27.747	1536226361520136															0			Unclassified	8																									4645																			-34.01										4	4				
07/12/2018	3.3.2	Gaze Project	O4	3	M	Bilingual	G130	06/09/2018	89100	1280 x 720		Raw Data	Ord4_T3_L.avi	190	0	900	720									38734	10:16:27.755	1536226361528506															0			Unclassified	8																									4646	705	360	443	380	574	370	384	370	282.97	144.85	177.72	137.11	230.35	140.98	292.81	223.44	810.79	290.93	216.42	789.13					839.48	839.48	4.55	4.45	1	3				
07/12/2018	3.3.2	Gaze Project	O4	3	M	Bilingual	G130	06/09/2018	89100	1280 x 720		Raw Data	Ord4_T3_L.avi	190	0	900	720									38743	10:16:27.763	1536226361536785															0			Unclassified	8																									4647	682	294	424	362	553	328	363	328	273.69	171.41	170.25	144.28	221.97	157.84	295.65	233.59	842.11	291.02	216.41	789.14					872.49	872.49	4.72	4.45	1	3				
07/12/2018	3.3.2	Gaze Project	O4	3	M	Bilingual	G130	06/09/2018	89100	1280 x 720		Raw Data	Ord4_T3_L.avi	190	0	900	720									38751	10:16:27.772	1536226361545126															0			Unclassified	8																									4648	708	540			708	540	518	540	284.31	72.37					287.40	202.30	746.08		-34.01						771.24		4.29		0	4				
07/12/2018	3.3.2	Gaze Project	O4	3	M	Bilingual	G130	06/09/2018	89100	1280 x 720		Raw Data	Ord4_T3_L.avi	190	0	900	720									38759	10:16:27.780	1536226361553456															0			Unclassified	8																									4649	699	477			699	477	509	477	280.62	97.81					287.38	202.42	746.03		-34.01						771.23		4.20		0	4				
07/12/2018	3.3.2	Gaze Project	O4	3	M	Bilingual	G130	06/09/2018	89100	1280 x 720		Raw Data	Ord4_T3_L.avi	190	0	900	720									38768	10:16:27.788	1536226361561819															0			Unclassified	8																									4650																			-34.01										4	4				
07/12/2018	3.3.2	Gaze Project	O4	3	M	Bilingual	G130	06/09/2018	89100	1280 x 720		Raw Data	Ord4_T3_L.avi	190	0	900	720									38776	10:16:27.797	1536226361570176															0	3457		Fixation	8	504	514	2.97	295.99	106.99																				4651	737	355	694	514	715	434	525	434	295.96	146.91	278.53	83.04	287.24	114.98	287.60	202.43	746.56	334.10	214.70	772.18					771.75	771.75	4.04	4.69	0	0				
07/12/2018	3.3.2	Gaze Project	O4	3	M	Bilingual	G130	06/09/2018	89100	1280 x 720		Raw Data	Ord4_T3_L.avi	190	0	900	720									38784	10:16:27.805	1536226361578445															0	3458		Fixation	8	508	510	0.16	45.09	109.10																				4652	717	558	698	510	707	534	517	534	287.75	65.39	280.12	84.48	283.94	74.93	287.53	209.98	770.33	333.91	213.10	767.39					796.66	796.66	4.72	4.70	0	0				
07/12/2018	3.3.2	Gaze Project	O4	3	M	Bilingual	G130	06/09/2018	89100	1280 x 720		Raw Data	Ord4_T3_L.avi	190	0	900	720									38793	10:16:27.813	1536226361586795															0			Unclassified	8																									4653	689	501			689	501	499	501	276.46	88.36					287.59	209.62	769.26		-34.01						795.54		4.54		0	4				
07/12/2018	3.3.2	Gaze Project	O4	3	M	Bilingual	G130	06/09/2018	89100	1280 x 720		Raw Data	Ord4_T3_L.avi	190	0	900	720									38801	10:16:27.822	1536226361595131															0	3459		Fixation	8	465	509	1.26	178.66	133.57																				4654	749	443	655	509	702	476	512	476	300.50	111.72	262.85	84.99	281.68	98.35	287.55	215.89	788.65	334.15	213.71	769.38					815.90	815.90	4.67	4.78	0	0				
07/12/2018	3.3.2	Gaze Project	O4	3	M	Bilingual	G130	06/09/2018	89100	1280 x 720		Raw Data	Ord4_T3_L.avi	190	0	900	720									38809	10:16:27.830	1536226361603488															0			Unclassified	8																									4655																			-34.01										4	4				
07/12/2018	3.3.2	Gaze Project	O4	3	M	Bilingual	G130	06/09/2018	89100	1280 x 720		Raw Data	Ord4_T3_L.avi	190	0	900	720									38818	10:16:27.838	1536226361611843															0	3460		Fixation	8	513	468	1.84	40.59	221.93																				4656	718	551	703	468	710	509	520	509	288.35	68.13	282.21	101.66	285.28	84.90	287.78	209.53	769.03	334.21	213.35	768.41					795.30	795.30	4.65	4.76	0	0				
07/12/2018	3.3.2	Gaze Project	O4	3	M	Bilingual	G130	06/09/2018	89100	1280 x 720		Raw Data	Ord4_T3_L.avi	190	0	900	720									38826	10:16:27.847	1536226361620110															0			Unclassified	8																									4657																			-34.01										4	4				
07/12/2018	3.3.2	Gaze Project	O4	3	M	Bilingual	G130	06/09/2018	89100	1280 x 720		Raw Data	Ord4_T3_L.avi	190	0	900	720									38834	10:16:27.855	1536226361628439															0			Unclassified	8																									4658	671	186	426	197	548	191	358	191	269.20	215.06	170.83	210.77	220.01	212.92	290.97	213.25	779.63	290.08	210.05	769.75					806.64	806.64	3.47	3.44	1	3				
07/12/2018	3.3.2	Gaze Project	O4	3	M	Bilingual	G130	06/09/2018	89100	1280 x 720		Raw Data	Ord4_T3_L.avi	190	0	900	720									38843	10:16:27.863	1536226361636799															0			Unclassified	8																									4659	685	194	578	254	631	224	441	224	275.06	211.77	232.19	187.78	253.62	199.78	290.51	211.40	773.90	310.95	205.80	751.09					800.61	800.61	3.25	3.36	1	3				
07/12/2018	3.3.2	Gaze Project	O4	3	M	Bilingual	G130	06/09/2018	89100	1280 x 720		Raw Data	Ord4_T3_L.avi	190	0	900	720									38851	10:16:27.872	1536226361645160															0	3461		Fixation	8	529	328	4.23	83.50	42.91																				4660	680	256	719	328	699	292	509	292	272.78	187.00	288.66	157.75	280.72	172.37	288.12	202.05	745.49	333.36	206.80	748.69					770.63	770.63	3.30	3.78	0	0				
07/12/2018	3.3.2	Gaze Project	O4	3	M	Bilingual	G130	06/09/2018	89100	1280 x 720		Raw Data	Ord4_T3_L.avi	190	0	900	720									38859	10:16:27.880	1536226361653431															0	3462		Fixation	8	483	484	4.95	253.62	170.12																				4661	696	286	673	484	684	385	494	385	279.58	174.83	270.11	94.84	274.85	134.83	288.17	202.15	745.72	333.06	204.77	742.10					770.88	770.88	3.30	4.10	0	0				
07/12/2018	3.3.2	Gaze Project	O4	3	M	Bilingual	G130	06/09/2018	89100	1280 x 720		Raw Data	Ord4_T3_L.avi	190	0	900	720									38868	10:16:27.888	1536226361661774															0	3463		Fixation	8	467	427	1.81	105.63	212.01																				4662	712	225	657	427	684	326	494	326	285.66	199.18	263.80	117.87	274.73	158.52	291.06	212.77	778.05	333.13	204.81	742.23					805.00	805.00	3.25	4.00	0	0				
07/12/2018	3.3.2	Gaze Project	O4	3	M	Bilingual	G130	06/09/2018	89100	1280 x 720		Raw Data	Ord4_T3_L.avi	190	0	900	720									38876	10:16:27.897	1536226361670109															0	3464		Fixation	8	512	302	4.08	70.26	324.63																				4663	689	254	702	302	695	278	505	278	276.68	187.80	281.59	168.39	279.13	178.10	288.27	203.24	749.41	333.19	204.69	742.27					774.73	774.73	3.18	3.32	0	0				
07/12/2018	3.3.2	Gaze Project	O4	3	M	Bilingual	G130	06/09/2018	89100	1280 x 720		Raw Data	Ord4_T3_L.avi	190	0	900	720									38884	10:16:27.905	1536226361678455															0	3465		Fixation	8	462	436	4.38	249.60	179.34																				4664	691	199	652	436	671	317	481	317	277.39	209.66	261.84	114.25	269.62	161.95	292.30	216.76	790.20	333.27	204.89	742.46					817.83	817.83	3.31	3.98	0	0				
07/12/2018	3.3.2	Gaze Project	O4	3	M	Bilingual	G130	06/09/2018	89100	1280 x 720		Raw Data	Ord4_T3_L.avi	190	0	900	720									38893	10:16:27.913	1536226361686827															0			Unclassified	8																									4665	706	268			706	268	516	268	283.31	182.03					288.42	202.32	746.04		-34.01						771.25		3.32		0	4				
07/12/2018	3.3.2	Gaze Project	O4	3	M	Bilingual	G130	06/09/2018	89100	1280 x 720		Raw Data	Ord4_T3_L.avi	190	0	900	720									38901	10:16:27.922	1536226361695083															0			Unclassified	8																									4666	693	256			693	256	503	256	278.36	186.87					288.48	202.39	746.26		-34.01						771.48		3.06		0	4				
07/12/2018	3.3.2	Gaze Project	O4	3	M	Bilingual	G130	06/09/2018	89100	1280 x 720		Raw Data	Ord4_T3_L.avi	190	0	900	720									38909	10:16:27.930	1536226361703431															0	3466		Fixation	8	551	409	2.84	16.93	127.33																				4667	681	255	741	409	711	332	521	332	273.47	187.22	297.60	125.11	285.53	156.17	288.51	203.90	751.21	333.45	204.93	742.52					776.66	776.66	3.27	3.97	0	0				
07/12/2018	3.3.2	Gaze Project	O4	3	M	Bilingual	G130	06/09/2018	89100	1280 x 720		Raw Data	Ord4_T3_L.avi	190	0	900	720									38918	10:16:27.938	1536226361711786															0	3467		Fixation	8	498	390	1.73	160.22	143.29																				4668	661	238	688	390	674	314	484	314	265.41	194.19	276.03	132.87	270.72	163.53	288.60	202.33	745.91	333.51	204.82	742.57					771.13	771.13	3.17	4.00	0	0				
07/12/2018	3.3.2	Gaze Project	O4	3	M	Bilingual	G130	06/09/2018	89100	1280 x 720		Raw Data	Ord4_T3_L.avi	190	0	900	720									38926	10:16:27.947	1536226361720144															0	3468		Fixation	8	509	269	3.75	84.82	284.60																				4669	653	535	699	269	676	402	486	402	262.14	74.32	280.57	181.80	271.35	128.06	288.58	202.49	745.84	333.57	204.84	742.56					771.12	771.12	4.18	3.47	0	0				
07/12/2018	3.3.2	Gaze Project	O4	3	M	Bilingual	G130	06/09/2018	89100	1280 x 720		Raw Data	Ord4_T3_L.avi	190	0	900	720									38934	10:16:27.955	1536226361728408															0	3469		Fixation	8	477	504	7.26	262.27	177.45																				4670	696	493	667	504	681	498	491	498	279.34	91.54	267.80	86.81	273.57	89.17	288.70	202.56	746.45	333.64	204.85	742.56					771.72	771.72	4.24	4.54	0	0				
07/12/2018	3.3.2	Gaze Project	O4	3	M	Bilingual	G130	06/09/2018	89100	1280 x 720		Raw Data	Ord4_T3_L.avi	190	0	900	720									38943	10:16:27.963	1536226361736759															0			Unclassified	8																									4671	711	520			711	520	521	520	285.54	80.45					288.73	202.45	746.49		-34.01						771.73		4.34		0	4				
07/12/2018	3.3.2	Gaze Project	O4	3	M	Bilingual	G130	06/09/2018	89100	1280 x 720		Raw Data	Ord4_T3_L.avi	190	0	900	720									38951	10:16:27.972	1536226361745092															0	3470		Fixation	8	501	500	0.74	9.49	107.22																				4672			691	500	691	500	501	500			277.40	88.44						333.71	204.86	742.55						0.00		4.80	4	0				
07/12/2018	3.3.2	Gaze Project	O4	3	M	Bilingual	G130	06/09/2018	89100	1280 x 720		Raw Data	Ord4_T3_L.avi	190	0	900	720									38959	10:16:27.980	1536226361753452															0			Unclassified	8																									4673	726	556			726	556	536	556	291.43	66.17					288.81	202.48	746.48		-34.01						771.73		4.44		0	4				
07/12/2018	3.3.2	Gaze Project	O4	3	M	Bilingual	G130	06/09/2018	89100	1280 x 720		Raw Data	Ord4_T3_L.avi	190	0	900	720									38968	10:16:27.988	1536226361761813															0			Unclassified	8																									4674	711	328			711	328	521	328	285.54	157.83					288.83	202.75	746.37		-34.01						771.71		3.72		0	4				
07/12/2018	3.3.2	Gaze Project	O4	3	M	Bilingual	G130	06/09/2018	89100	1280 x 720		Raw Data	Ord4_T3_L.avi	190	0	900	720									38976	10:16:27.997	1536226361770080															0			Unclassified	8																									4675	667	416			667	416	477	416	267.70	122.46					288.91	202.76	746.37		-34.01						771.71		3.73		0	4				
07/12/2018	3.3.2	Gaze Project	O4	3	M	Bilingual	G130	06/09/2018	89100	1280 x 720		Raw Data	Ord4_T3_L.avi	190	0	900	720									38984	10:16:28.005	1536226361778437															0	3471		Fixation	8	514	321	5.33	85.86	76.37																				4676	693	443	704	321	698	382	508	382	278.26	111.45	282.72	160.68	280.49	136.07	288.84	209.42	767.81	336.19	218.56	784.22					794.15	794.15	4.37	4.12	0	0				
07/12/2018	3.3.2	Gaze Project	O4	3	M	Bilingual	G130	06/09/2018	89100	1280 x 720		Raw Data	Ord4_T3_L.avi	190	0	900	720									38993	10:16:28.013	1536226361786765															0	3472		Fixation	8	467	533	6.30	257.54	171.68																				4677			657	533	657	533	467	533			263.82	75.40						335.52	214.39	771.62						0.00		4.82	4	0				
07/12/2018	3.3.2	Gaze Project	O4	3	M	Bilingual	G130	06/09/2018	89100	1280 x 720		Raw Data	Ord4_T3_L.avi	190	0	900	720									39001	10:16:28.022	1536226361795124															0	3473		Fixation	8	426	496	1.59	137.84	240.31																				4678			616	496	616	496	426	496			247.24	90.34						336.57	220.85	791.43						0.00		4.72	4	0				
07/12/2018	3.3.2	Gaze Project	O4	3	M	Bilingual	G130	06/09/2018	89100	1280 x 720		Raw Data	Ord4_T3_L.avi	190	0	900	720									39009	10:16:28.030	1536226361803479															0			Unclassified	8																									4679	643	568			643	568	453	568	258.11	61.10					288.91	202.71	746.38		-34.01						771.72		4.04		0	4				
07/12/2018	3.3.2	Gaze Project	O4	3	M	Bilingual	G130	06/09/2018	89100	1280 x 720		Raw Data	Ord4_T3_L.avi	190	0	900	720									39018	10:16:28.038	1536226361811738															0			Unclassified	8																									4680	629	332			629	332	439	332	252.33	156.30					296.81	231.19	834.18		-34.01						864.27		4.23		0	4				
07/12/2018	3.3.2	Gaze Project	O4	3	M	Bilingual	G130	06/09/2018	89100	1280 x 720		Raw Data	Ord4_T3_L.avi	190	0	900	720									39026	10:16:28.047	1536226361820072															0	3474		Fixation	8	485	456	2.01	34.22	256.38																				4681	623	557	675	456	649	506	459	506	250.12	65.73	270.91	106.43	260.52	86.08	288.96	202.50	746.23	336.62	220.95	791.90					771.51	771.51	4.31	4.75	0	0				
07/12/2018	3.3.2	Gaze Project	O4	3	M	Bilingual	G130	06/09/2018	89100	1280 x 720		Raw Data	Ord4_T3_L.avi	190	0	900	720									39034	10:16:28.055	1536226361828425															0			Unclassified	8																									4682	676	648			676	648	486	648	271.52	28.89					288.98	202.27	745.50		-34.01						770.74		4.33		0	4				
07/12/2018	3.3.2	Gaze Project	O4	3	M	Bilingual	G130	06/09/2018	89100	1280 x 720		Raw Data	Ord4_T3_L.avi	190	0	900	720									39043	10:16:28.063	1536226361836793															0			Unclassified	8																									4683																			-34.01										4	4				
07/12/2018	3.3.2	Gaze Project	O4	3	M	Bilingual	G130	06/09/2018	89100	1280 x 720		Raw Data	Ord4_T3_L.avi	190	0	900	720									39051	10:16:28.072	1536226361845072															0	3475		Fixation	8	432	485	1.73	208.76	174.54																				4684	658	648	622	485	640	566	450	566	264.00	28.80	249.76	94.71	256.88	61.75	289.00	202.30	745.58	335.62	214.47	772.29					770.83	770.83	4.42	4.62	0	0				
07/12/2018	3.3.2	Gaze Project	O4	3	M	Bilingual	G130	06/09/2018	89100	1280 x 720		Raw Data	Ord4_T3_L.avi	190	0	900	720									39059	10:16:28.080	1536226361853410															0			Unclassified	8																									4685	672	670			672	670	482	670	269.71	20.06					289.02	202.32	745.63		-34.01						770.89		4.46		0	4				
07/12/2018	3.3.2	Gaze Project	O4	3	M	Bilingual	G130	06/09/2018	89100	1280 x 720		Raw Data	Ord4_T3_L.avi	190	0	900	720									39068	10:16:28.088	1536226361861743															0			Unclassified	8																									4686	616	612			616	612	426	612	247.08	43.58					293.76	219.79	799.03		-34.01						827.22		4.44		0	4				
07/12/2018	3.3.2	Gaze Project	O4	3	M	Bilingual	G130	06/09/2018	89100	1280 x 720		Raw Data	Ord4_T3_L.avi	190	0	900	720									39076	10:16:28.097	1536226361870107															0			Unclassified	8																									4687	665	291			665	291	475	291	266.98	172.82					288.97	202.44	745.58		-34.01						770.87		3.26		0	4				
07/12/2018	3.3.2	Gaze Project	O4	3	M	Bilingual	G130	06/09/2018	89100	1280 x 720		Raw Data	Ord4_T3_L.avi	190	0	900	720									39084	10:16:28.105	1536226361878462															0	3476		Fixation	8	473	519	1.54	320.24	111.48																				4688	643	658	663	519	653	588	463	588	258.18	24.84	265.97	81.01	262.07	52.93	288.98	202.45	745.58	336.75	220.63	791.08					770.87	770.87	4.09	4.80	0	0				
07/12/2018	3.3.2	Gaze Project	O4	3	M	Bilingual	G130	06/09/2018	89100	1280 x 720		Raw Data	Ord4_T3_L.avi	190	0	900	720									39093	10:16:28.113	1536226361886730															0	3477		Fixation	8	494	484	1.15	59.12	98.88																				4689	671	615	684	484	677	549	487	549	269.53	42.48	274.58	95.11	272.06	68.80	289.00	202.45	745.58	336.83	221.04	792.31					770.87	770.87	4.52	4.76	0	0				
07/12/2018	3.3.2	Gaze Project	O4	3	M	Bilingual	G130	06/09/2018	89100	1280 x 720		Raw Data	Ord4_T3_L.avi	190	0	900	720									39101	10:16:28.122	1536226361895071															0			Unclassified	8																									4690	610	551			610	551	420	551	244.74	68.16					289.00	211.92	775.63		-34.01						802.35		4.49		0	4				
07/12/2018	3.3.2	Gaze Project	O4	3	M	Bilingual	G130	06/09/2018	89100	1280 x 720		Raw Data	Ord4_T3_L.avi	190	0	900	720									39109	10:16:28.130	1536226361903419															0			Unclassified	8																									4691	690	570			690	570	500	570	276.91	60.38					289.13	202.88	747.30		-34.01						772.65		4.33		0	4				
07/12/2018	3.3.2	Gaze Project	O4	3	M	Bilingual	G130	06/09/2018	89100	1280 x 720		Raw Data	Ord4_T3_L.avi	190	0	900	720									39118	10:16:28.138	1536226361911777															0			Unclassified	8																									4692	662	483			662	483	472	483	265.66	95.58					289.16	202.71	746.76		-34.01						772.08		4.22		0	4				
07/12/2018	3.3.2	Gaze Project	O4	3	M	Bilingual	G130	06/09/2018	89100	1280 x 720		Raw Data	Ord4_T3_L.avi	190	0	900	720									39126	10:16:28.147	1536226361920133															0	3478		Fixation	8	435	550	2.51	228.30	169.18																				4693	683	507	625	550	654	528	464	528	274.19	85.73	250.99	68.55	262.59	77.14	289.16	202.96	747.49	335.86	214.92	773.72					772.85	772.85	4.01	4.76	0	0				
07/12/2018	3.3.2	Gaze Project	O4	3	M	Bilingual	G130	06/09/2018	89100	1280 x 720		Raw Data	Ord4_T3_L.avi	190	0	900	720									39134	10:16:28.155	1536226361928395															0	3479		Fixation	8	427	571	0.64	249.21	20.91																				4694	672	653	617	571	644	612	454	612	269.92	26.90	247.59	60.05	258.75	43.47	289.19	202.83	747.54	335.59	213.24	768.63					772.87	772.87	4.53	4.83	0	0				
07/12/2018	3.3.2	Gaze Project	O4	3	M	Bilingual	G130	06/09/2018	89100	1280 x 720		Raw Data	Ord4_T3_L.avi	190	0	900	720									39143	10:16:28.163	1536226361936735															0			Unclassified	8																									4695	679	496			679	496	489	496	272.42	90.18					289.17	202.97	747.54		-34.01						772.91		4.03		0	4				
07/12/2018	3.3.2	Gaze Project	O4	3	M	Bilingual	G130	06/09/2018	89100	1280 x 720		Raw Data	Ord4_T3_L.avi	190	0	900	720									39151	10:16:28.172	1536226361945089															0			Unclassified	8																									4696	677	616			677	616	487	616	271.55	41.74					289.18	202.60	746.42		-34.01						771.73		4.42		0	4				
07/12/2018	3.3.2	Gaze Project	O4	3	M	Bilingual	G130	06/09/2018	89100	1280 x 720		Raw Data	Ord4_T3_L.avi	190	0	900	720									39159	10:16:28.180	1536226361953429															0	3480		Fixation	8	451	487	2.46	74.10	184.90																				4697	641	333	641	487	641	410	451	410	257.16	155.86	257.25	93.96	257.21	124.91	289.20	202.72	746.38	342.75	223.81	799.94					771.72	771.72	3.60	4.92	0	0				
07/12/2018	3.3.2	Gaze Project	O4	3	M	Bilingual	G130	06/09/2018	89100	1280 x 720		Raw Data	Ord4_T3_L.avi	190	0	900	720									39168	10:16:28.188	1536226361961724															0			Unclassified	8																									4698	646	556			646	556	456	556	259.40	66.22					289.20	202.72	746.38		-34.01						771.72		4.82		0	4				
07/12/2018	3.3.2	Gaze Project	O4	3	M	Bilingual	G130	06/09/2018	89100	1280 x 720		Raw Data	Ord4_T3_L.avi	190	0	900	720									39176	10:16:28.197	1536226361970061															0			Unclassified	8																									4699																			-34.01										4	4				
07/12/2018	3.3.2	Gaze Project	O4	3	M	Bilingual	G130	06/09/2018	89100	1280 x 720		Raw Data	Ord4_T3_L.avi	190	0	900	720									39184	10:16:28.205	1536226361978397															0			Unclassified	8																									4700	674	447			674	447	484	447	270.64	109.82					289.20	202.72	746.38		-34.01						771.72		3.71		0	4				
07/12/2018	3.3.2	Gaze Project	O4	3	M	Bilingual	G130	06/09/2018	89100	1280 x 720		Raw Data	Ord4_T3_L.avi	190	0	900	720									39193	10:16:28.213	1536226361986759															0			Unclassified	8																									4701	655	600			655	600	465	600	262.92	48.43					289.20	202.60	746.47		-34.01						771.78		4.37		0	4				
07/12/2018	3.3.2	Gaze Project	O4	3	M	Bilingual	G130	06/09/2018	89100	1280 x 720		Raw Data	Ord4_T3_L.avi	190	0	900	720									39201	10:16:28.222	1536226361995113															0	3481		Fixation	8	399	550	2.32	230.55	156.45																				4702	622	604	589	550	605	577	415	577	249.62	46.74	236.41	68.40	243.01	57.57	289.27	202.48	746.52	335.84	208.68	753.96					771.79	771.79	4.43	4.46	0	0				
07/12/2018	3.3.2	Gaze Project	O4	3	M	Bilingual	G130	06/09/2018	89100	1280 x 720		Raw Data	Ord4_T3_L.avi	190	0	900	720									39209	10:16:28.230	1536226362003385															0	3482		Fixation	8	483	534	2.55	10.82	140.26																				4703			673	534	673	534	483	534			270.17	74.96						334.24	205.10	743.49						0.00		4.49	4	0				
07/12/2018	3.3.2	Gaze Project	O4	3	M	Bilingual	G130	06/09/2018	89100	1280 x 720		Raw Data	Ord4_T3_L.avi	190	0	900	720									39218	10:16:28.238	1536226362011712															0	3483		Fixation	8	469	455	2.42	100.02	89.20																				4704			659	455	659	455	469	455			264.34	106.55						334.57	206.97	749.60						0.00		4.22	4	0				
07/12/2018	3.3.2	Gaze Project	O4	3	M	Bilingual	G130	06/09/2018	89100	1280 x 720		Raw Data	Ord4_T3_L.avi	190	0	900	720									39226	10:16:28.247	1536226362020064															0			Unclassified	8																									4705	672	277			672	277	482	277	269.90	178.38					289.24	202.52	746.38		-34.01						771.67		3.26		0	4				
07/12/2018	3.3.2	Gaze Project	O4	3	M	Bilingual	G130	06/09/2018	89100	1280 x 720		Raw Data	Ord4_T3_L.avi	190	0	900	720									39234	10:16:28.255	1536226362028417															0	3484		Fixation	8	532	351	3.67	58.88	318.86																				4706	656	386	722	351	689	368	499	368	263.35	134.58	289.74	148.56	276.55	141.57	289.23	202.48	746.31	334.58	207.11	750.10					771.59	771.59	3.63	3.75	0	0				
07/12/2018	3.3.2	Gaze Project	O4	3	M	Bilingual	G130	06/09/2018	89100	1280 x 720		Raw Data	Ord4_T3_L.avi	190	0	900	720									39243	10:16:28.263	1536226362036787															0	3485		Fixation	8	442	467	4.43	232.28	173.41																				4707	648	464	632	467	640	465	450	465	260.17	103.17	253.52	101.79	256.84	102.48	289.23	202.50	746.39	334.51	206.70	748.86					771.67	771.67	3.81	4.23	0	0				
07/12/2018	3.3.2	Gaze Project	O4	3	M	Bilingual	G130	06/09/2018	89100	1280 x 720		Raw Data	Ord4_T3_L.avi	190	0	900	720									39251	10:16:28.272	1536226362045045															0			Unclassified	8																									4708	650	258			650	258	460	258	260.96	186.16					289.24	202.51	746.48		-34.01						771.76		3.04		0	4				
07/12/2018	3.3.2	Gaze Project	O4	3	M	Bilingual	G130	06/09/2018	89100	1280 x 720		Raw Data	Ord4_T3_L.avi	190	0	900	720									39259	10:16:28.280	1536226362053376															0			Unclassified	8																									4709	584	192			584	192	394	192	234.61	212.47					294.45	221.48	804.59		-34.01						833.06		3.27		0	4				
07/12/2018	3.3.2	Gaze Project	O4	3	M	Bilingual	G130	06/09/2018	89100	1280 x 720		Raw Data	Ord4_T3_L.avi	190	0	900	720									39268	10:16:28.288	1536226362061725															0			Unclassified	8																									4710	634	435			634	435	444	435	254.58	114.83					289.23	202.45	746.36		-34.01						771.63		3.75		0	4				
07/12/2018	3.3.2	Gaze Project	O4	3	M	Bilingual	G130	06/09/2018	89100	1280 x 720		Raw Data	Ord4_T3_L.avi	190	0	900	720									39276	10:16:28.297	1536226362070096															0	3486		Fixation	8	434	520	1.60	261.44	29.16																				4711	646	466	624	520	635	493	445	493	259.27	102.23	250.63	80.55	254.95	91.39	289.24	202.45	746.41	334.57	207.04	750.05					771.68	771.68	3.92	4.51	0	0				
07/12/2018	3.3.2	Gaze Project	O4	3	M	Bilingual	G130	06/09/2018	89100	1280 x 720		Raw Data	Ord4_T3_L.avi	190	0	900	720									39284	10:16:28.305	1536226362078364															0	3487		Fixation	8	525	238	8.71	72.17	170.73																				4712	627	448	715	238	671	343	481	343	251.84	109.42	286.94	193.98	269.39	151.70	289.24	202.45	746.48	341.44	220.88	791.38					771.74	771.74	3.66	4.25	0	0				
07/12/2018	3.3.2	Gaze Project	O4	3	M	Bilingual	G130	06/09/2018	89100	1280 x 720		Raw Data	Ord4_T3_L.avi	190	0	900	720									39293	10:16:28.313	1536226362086710															0	3488		Fixation	8	407	586	10.44	251.33	179.16																				4713	628	233	597	586	612	409	422	409	251.92	196.14	239.48	53.83	245.70	124.99	304.73	258.44	918.72	336.93	220.62	791.49					953.37	953.37	2.88	5.08	0	0				
07/12/2018	3.3.2	Gaze Project	O4	3	M	Bilingual	G130	06/09/2018	89100	1280 x 720		Raw Data	Ord4_T3_L.avi	190	0	900	720									39301	10:16:28.322	1536226362095050															0	3489		Fixation	8	419	587	0.34	355.22	103.90																				4714	647	592	609	587	628	589	438	589	259.70	51.37	244.44	53.41	252.07	52.39	289.27	202.56	746.43	336.05	215.50	775.97					771.73	771.73	4.33	5.01	0	0				
07/12/2018	3.3.2	Gaze Project	O4	3	M	Bilingual	G130	06/09/2018	89100	1280 x 720		Raw Data	Ord4_T3_L.avi	190	0	900	720									39309	10:16:28.330	1536226362103416															0			Unclassified	8																									4715	691	577			691	577	501	577	277.42	57.40					288.98	221.53	805.91		-34.01						834.10		4.98		0	4				
07/12/2018	3.3.2	Gaze Project	O4	3	M	Bilingual	G130	06/09/2018	89100	1280 x 720		Raw Data	Ord4_T3_L.avi	190	0	900	720									39318	10:16:28.338	1536226362111761															0			Unclassified	8																									4716	675	591			675	591	485	591	271.10	51.94					289.15	211.55	775.13		-34.01						801.77		4.79		0	4				
07/12/2018	3.3.2	Gaze Project	O4	3	M	Bilingual	G130	06/09/2018	89100	1280 x 720		Raw Data	Ord4_T3_L.avi	190	0	900	720									39326	10:16:28.347	1536226362120035															0			Unclassified	8																									4717	667	596			667	596	477	596	267.63	50.04					289.18	210.95	773.31		-34.01						799.86		4.73		0	4				
07/12/2018	3.3.2	Gaze Project	O4	3	M	Bilingual	G130	06/09/2018	89100	1280 x 720		Raw Data	Ord4_T3_L.avi	190	0	900	720									39334	10:16:28.355	1536226362128363															0			Unclassified	8																									4718	601	585			601	585	411	585	241.34	54.40					299.96	240.93	864.90		-34.01						896.61		5.16		0	4				
07/12/2018	3.3.2	Gaze Project	O4	3	M	Bilingual	G130	06/09/2018	89100	1280 x 720		Raw Data	Ord4_T3_L.avi	190	0	900	720									39343	10:16:28.363	1536226362136720															0			Unclassified	8																									4719	649	521			649	521	459	521	260.46	80.27					289.20	212.24	777.34		-34.01						804.08		4.73		0	4				
07/12/2018	3.3.2	Gaze Project	O4	3	M	Bilingual	G130	06/09/2018	89100	1280 x 720		Raw Data	Ord4_T3_L.avi	190	0	900	720									39351	10:16:28.372	1536226362145080															0			Unclassified	8																									4720	664	599			664	599	474	599	266.57	48.53					289.21	212.50	778.13		-34.01						804.92		4.82		0	4				
07/12/2018	3.3.2	Gaze Project	O4	3	M	Bilingual	G130	06/09/2018	89100	1280 x 720		Raw Data	Ord4_T3_L.avi	190	0	900	720									39359	10:16:28.380	1536226362153442															0			Unclassified	8																									4721	622	544			622	544	432	544	249.75	70.86					289.19	216.86	791.56		-34.01						819.02		4.87		0	4				
07/12/2018	3.3.2	Gaze Project	O4	3	M	Bilingual	G130	06/09/2018	89100	1280 x 720		Raw Data	Ord4_T3_L.avi	190	0	900	720									39368	10:16:28.388	1536226362161701															0			Unclassified	8																									4722	655	574			655	574	465	574	262.98	58.70					289.18	218.31	796.02		-34.01						823.71		4.91		0	4				
07/12/2018	3.3.2	Gaze Project	O4	3	M	Bilingual	G130	06/09/2018	89100	1280 x 720		Raw Data	Ord4_T3_L.avi	190	0	900	720									39376	10:16:28.397	1536226362170029															0			Unclassified	8																									4723	664	534			664	534	474	534	266.44	74.75					289.20	218.41	796.29		-34.01						824.01		4.92		0	4				
07/12/2018	3.3.2	Gaze Project	O4	3	M	Bilingual	G130	06/09/2018	89100	1280 x 720		Raw Data	Ord4_T3_L.avi	190	0	900	720									39384	10:16:28.405	1536226362178396															0			Unclassified	8																									4724	646	490			646	490	456	490	259.14	92.75					289.18	220.65	803.17		-34.01						831.23		4.85		0	4				
07/12/2018	3.3.2	Gaze Project	O4	3	M	Bilingual	G130	06/09/2018	89100	1280 x 720		Raw Data	Ord4_T3_L.avi	190	0	900	720									39393	10:16:28.413	1536226362186746															0			Unclassified	8																									4725	658	556			658	556	468	556	264.00	66.01					289.18	222.07	807.50		-34.01						835.78		4.94		0	4				
07/12/2018	3.3.2	Gaze Project	O4	3	M	Bilingual	G130	06/09/2018	89100	1280 x 720		Raw Data	Ord4_T3_L.avi	190	0	900	720									39401	10:16:28.422	1536226362195014															0			Unclassified	8																									4726	645	552			645	552	455	552	258.98	67.60					289.37	212.20	776.95		-34.01						803.71		4.79		0	4				
07/12/2018	3.3.2	Gaze Project	O4	3	M	Bilingual	G130	06/09/2018	89100	1280 x 720		Raw Data	Ord4_T3_L.avi	190	0	900	720									39409	10:16:28.430	1536226362203360															0			Unclassified	8																									4727																			-34.01										4	4				
07/12/2018	3.3.2	Gaze Project	O4	3	M	Bilingual	G130	06/09/2018	89100	1280 x 720		Raw Data	Ord4_T3_L.avi	190	0	900	720									39418	10:16:28.438	1536226362211703															0			Unclassified	8																									4728	625	534			625	534	435	534	250.78	74.88					289.40	213.30	780.19		-34.01						807.13		4.77		0	4				
07/12/2018	3.3.2	Gaze Project	O4	3	M	Bilingual	G130	06/09/2018	89100	1280 x 720		Raw Data	Ord4_T3_L.avi	190	0	900	720									39426	10:16:28.447	1536226362220060															0			Unclassified	8																									4729	639	548			639	548	449	548	256.48	69.15					289.39	217.97	794.52		-34.01						822.19		4.80		0	4				
07/12/2018	3.3.2	Gaze Project	O4	3	M	Bilingual	G130	06/09/2018	89100	1280 x 720		Raw Data	Ord4_T3_L.avi	190	0	900	720									39434	10:16:28.455	1536226362228406															0			Unclassified	8																									4730																			-34.01										4	4				
07/12/2018	3.3.2	Gaze Project	O4	3	M	Bilingual	G130	06/09/2018	89100	1280 x 720		Raw Data	Ord4_T3_L.avi	190	0	900	720									39443	10:16:28.463	1536226362236676															0			Unclassified	8																									4731	494	398			494	398	304	398	198.11	129.55					289.63	199.10	735.75		-34.01						760.53		3.76		0	4				
07/12/2018	3.3.2	Gaze Project	O4	3	M	Bilingual	G130	06/09/2018	89100	1280 x 720		Raw Data	Ord4_T3_L.avi	190	0	900	720									39451	10:16:28.472	1536226362245017															0			Unclassified	8																									4732	640	580			640	580	450	580	256.86	56.39					289.73	199.00	735.79		-34.01						760.54		4.44		0	4				
07/12/2018	3.3.2	Gaze Project	O4	3	M	Bilingual	G130	06/09/2018	89100	1280 x 720		Raw Data	Ord4_T3_L.avi	190	0	900	720									39459	10:16:28.480	1536226362253373															0			Unclassified	8																									4733	671	619			671	619	481	619	269.29	40.51					289.75	199.02	735.78		-34.01						760.54		4.59		0	4				
07/12/2018	3.3.2	Gaze Project	O4	3	M	Bilingual	G130	06/09/2018	89100	1280 x 720		Raw Data	Ord4_T3_L.avi	190	0	900	720									39468	10:16:28.488	1536226362261732															0	3490		Fixation	8	460	550	1.55	42.16	46.93																				4734	646	497	650	550	648	523	458	523	259.30	89.72	260.92	68.55	260.11	79.13	289.74	203.05	747.65	337.07	218.60	785.00					773.06	773.06	4.42	5.03	0	0				
07/12/2018	3.3.2	Gaze Project	O4	3	M	Bilingual	G130	06/09/2018	89100	1280 x 720		Raw Data	Ord4_T3_L.avi	190	0	900	720									39476	10:16:28.497	1536226362270015															0			Unclassified	8																									4735																			-34.01										4	4				
07/12/2018	3.3.2	Gaze Project	O4	3	M	Bilingual	G130	06/09/2018	89100	1280 x 720		Raw Data	Ord4_T3_L.avi	190	0	900	720									39484	10:16:28.505	1536226362278338															0			Unclassified	8																									4736																			-34.01										4	4				
07/12/2018	3.3.2	Gaze Project	O4	3	M	Bilingual	G130	06/09/2018	89100	1280 x 720		Raw Data	Ord4_T3_L.avi	190	0	900	720									39493	10:16:28.513	1536226362286679															0	3491		Fixation	8	445	349	5.85	94.25	52.10																				4737	648	432	635	349	641	390	451	390	260.24	116.01	254.88	149.50	257.56	132.76	289.83	211.97	774.91	336.25	213.61	769.24					801.72	801.72	4.73	4.92	0	0				
07/12/2018	3.3.2	Gaze Project	O4	3	M	Bilingual	G130	06/09/2018	89100	1280 x 720		Raw Data	Ord4_T3_L.avi	190	0	900	720									39501	10:16:28.522	1536226362295048															0	3492		Fixation	8	438	418	2.04	264.23	169.97																				4738			628	418	628	418	438	418			252.00	121.69						336.36	214.07	770.65						0.00		5.13	4	0				
07/12/2018	3.3.2	Gaze Project	O4	3	M	Bilingual	G130	06/09/2018	89100	1280 x 720		Raw Data	Ord4_T3_L.avi	190	0	900	720									39509	10:16:28.530	1536226362303401															0			Unclassified	8																									4739																			-34.01										4	4				
07/12/2018	3.3.2	Gaze Project	O4	3	M	Bilingual	G130	06/09/2018	89100	1280 x 720		Raw Data	Ord4_T3_L.avi	190	0	900	720									39518	10:16:28.538	1536226362311669															0	3493		Fixation	8	451	297	3.55	83.89	179.66																				4740	667	169	641	297	654	233	464	233	267.71	222.00	257.45	170.25	262.58	196.12	289.87	217.46	791.81	337.47	219.97	788.60					819.47	819.47	4.15	5.02	0	0				
07/12/2018	3.3.2	Gaze Project	O4	3	M	Bilingual	G130	06/09/2018	89100	1280 x 720		Raw Data	Ord4_T3_L.avi	190	0	900	720									39526	10:16:28.547	1536226362320023															0	3494		Fixation	8	449	302	0.16	248.26	164.38																				4741	637	414	639	302	638	358	448	358	255.54	123.35	256.34	168.25	255.94	145.80	289.89	218.01	793.50	337.28	218.75	784.90					821.25	821.25	4.95	4.98	0	0				
07/12/2018	3.3.2	Gaze Project	O4	3	M	Bilingual	G130	06/09/2018	89100	1280 x 720		Raw Data	Ord4_T3_L.avi	190	0	900	720									39534	10:16:28.555	1536226362328355															0			Unclassified	8																									4742																			-34.01										4	4				
07/12/2018	3.3.2	Gaze Project	O4	3	M	Bilingual	G130	06/09/2018	89100	1280 x 720		Raw Data	Ord4_T3_L.avi	190	0	900	720									39543	10:16:28.563	1536226362336716															0			Unclassified	8																									4743																			-34.01										4	4				
07/12/2018	3.3.2	Gaze Project	O4	3	M	Bilingual	G130	06/09/2018	89100	1280 x 720		Raw Data	Ord4_T3_L.avi	190	0	900	720									39551	10:16:28.572	1536226362345070															0	3495		Fixation	8	448	324	0.64	267.41	19.14																				4744	612	362	638	324	625	343	435	343	245.63	144.19	255.98	159.51	250.80	151.85	290.05	217.35	791.42	337.59	219.59	787.59					819.08	819.08	4.95	5.03	0	0				
07/12/2018	3.3.2	Gaze Project	O4	3	M	Bilingual	G130	06/09/2018	89100	1280 x 720		Raw Data	Ord4_T3_L.avi	190	0	900	720									39559	10:16:28.580	1536226362353334															0	3496		Fixation	8	432	292	1.04	116.49	209.09																				4745	642	364	622	292	632	328	442	328	257.86	143.55	249.66	172.45	253.76	158.00	290.08	216.58	789.01	337.76	220.36	789.97					816.56	816.56	4.76	4.89	0	0				
07/12/2018	3.3.2	Gaze Project	O4	3	M	Bilingual	G130	06/09/2018	89100	1280 x 720		Raw Data	Ord4_T3_L.avi	190	0	900	720									39568	10:16:28.588	1536226362361668															0			Unclassified	8																									4746	619	196			619	196	429	196	248.42	210.85					290.24	204.72	752.43		-34.01						778.14		3.64		0	4				
07/12/2018	3.3.2	Gaze Project	O4	3	M	Bilingual	G130	06/09/2018	89100	1280 x 720		Raw Data	Ord4_T3_L.avi	190	0	900	720									39576	10:16:28.597	1536226362370028															0	3497		Fixation	8	555	171	5.13	44.62	288.13																				4747	597	120	745	171	671	145	481	145	239.71	241.57	299.13	221.23	269.42	231.40	290.28	204.58	751.97	335.58	207.22	750.07					777.66	777.66	3.30	3.73	0	0				
07/12/2018	3.3.2	Gaze Project	O4	3	M	Bilingual	G130	06/09/2018	89100	1280 x 720		Raw Data	Ord4_T3_L.avi	190	0	900	720									39584	10:16:28.605	1536226362378387															0	3498		Fixation	8	486	305	4.61	242.83	198.21																				4748	640	315	676	305	658	310	468	310	256.75	163.00	271.36	167.20	264.06	165.10	290.35	203.83	749.60	335.74	207.82	751.91					775.18	775.18	3.91	4.40	0	0				
07/12/2018	3.3.2	Gaze Project	O4	3	M	Bilingual	G130	06/09/2018	89100	1280 x 720		Raw Data	Ord4_T3_L.avi	190	0	900	720									39593	10:16:28.613	1536226362386660															0			Unclassified	8																									4749	606	265			606	265	416	265	243.05	183.28					290.40	204.44	751.43		-34.01						777.11		3.98		0	4				
07/12/2018	3.3.2	Gaze Project	O4	3	M	Bilingual	G130	06/09/2018	89100	1280 x 720		Raw Data	Ord4_T3_L.avi	190	0	900	720									39601	10:16:28.622	1536226362395001															0	3499		Fixation	8	548	244	2.65	44.63	161.80																				4750	649	263	738	244	693	253	503	253	260.49	184.17	296.37	191.60	278.43	187.88	290.46	204.35	751.10	335.88	207.93	752.19					776.77	776.77	4.11	3.90	0	0				
07/12/2018	3.3.2	Gaze Project	O4	3	M	Bilingual	G130	06/09/2018	89100	1280 x 720		Raw Data	Ord4_T3_L.avi	190	0	900	720									39609	10:16:28.630	1536226362403339															0	3500		Fixation	8	446	104	5.15	125.99	81.36																				4751	747	193	636	104	691	148	501	148	299.83	212.40	255.24	248.25	277.53	230.32	313.29	205.09	748.03	342.45	220.48	789.54					775.40	775.40	4.09	4.35	3	1				
07/12/2018	3.3.2	Gaze Project	O4	3	M	Bilingual	G130	06/09/2018	89100	1280 x 720		Raw Data	Ord4_T3_L.avi	190	0	900	720									39618	10:16:28.638	1536226362411695															0			Unclassified	8																									4752	609	233			609	233	419	233	244.41	196.29					290.57	203.97	749.79		-34.01						775.41		3.64		0	4				
07/12/2018	3.3.2	Gaze Project	O4	3	M	Bilingual	G130	06/09/2018	89100	1280 x 720		Raw Data	Ord4_T3_L.avi	190	0	900	720									39626	10:16:28.647	1536226362420042															0	3501		Fixation	8	453	308	6.07	271.96	145.97																				4753	704	157	643	308	673	232	483	232	282.71	226.74	258.01	166.07	270.36	196.40	290.63	204.78	752.21	336.03	207.73	751.51					777.96	777.96	3.93	4.26	0	0				
07/12/2018	3.3.2	Gaze Project	O4	3	M	Bilingual	G130	06/09/2018	89100	1280 x 720		Raw Data	Ord4_T3_L.avi	190	0	900	720									39634	10:16:28.655	1536226362428322															0			Unclassified	8																									4754	602	234			602	234	412	234	241.62	195.62					290.68	204.89	752.49		-34.01						778.26		4.16		0	4				
07/12/2018	3.3.2	Gaze Project	O4	3	M	Bilingual	G130	06/09/2018	89100	1280 x 720		Raw Data	Ord4_T3_L.avi	190	0	900	720									39643	10:16:28.663	1536226362436681															0			Unclassified	8																									4755	651	247			651	247	461	247	261.12	190.34					290.75	203.46	748.06		-34.01						773.62		3.98		0	4				
07/12/2018	3.3.2	Gaze Project	O4	3	M	Bilingual	G130	06/09/2018	89100	1280 x 720		Raw Data	Ord4_T3_L.avi	190	0	900	720									39651	10:16:28.672	1536226362444999															0			Unclassified	8																									4756																			-34.01										4	4				
07/12/2018	3.3.2	Gaze Project	O4	3	M	Bilingual	G130	06/09/2018	89100	1280 x 720		Raw Data	Ord4_T3_L.avi	190	0	900	720									39659	10:16:28.680	1536226362453349															0			Unclassified	8																									4757	656	369			656	369	466	369	263.28	141.31					290.75	216.21	787.27		-34.01						814.81		4.89		0	4				
07/12/2018	3.3.2	Gaze Project	O4	3	M	Bilingual	G130	06/09/2018	89100	1280 x 720		Raw Data	Ord4_T3_L.avi	190	0	900	720									39668	10:16:28.688	1536226362461723															0			Unclassified	8																									4758	630	285			630	285	440	285	252.85	175.04					290.83	211.81	773.70		-34.01						800.56		4.58		0	4				
07/12/2018	3.3.2	Gaze Project	O4	3	M	Bilingual	G130	06/09/2018	89100	1280 x 720		Raw Data	Ord4_T3_L.avi	190	0	900	720									39676	10:16:28.697	1536226362469989															0			Unclassified	8																									4759																			-34.01										4	4				
07/12/2018	3.3.2	Gaze Project	O4	3	M	Bilingual	G130	06/09/2018	89100	1280 x 720		Raw Data	Ord4_T3_L.avi	190	0	900	720									39684	10:16:28.705	1536226362478320															0			Unclassified	8																									4760	623	305			623	305	433	305	249.98	167.10					290.88	211.91	773.91		-34.01						800.80		4.79		0	4				
07/12/2018	3.3.2	Gaze Project	O4	3	M	Bilingual	G130	06/09/2018	89100	1280 x 720		Raw Data	Ord4_T3_L.avi	190	0	900	720									39693	10:16:28.713	1536226362486676															0	3502		Fixation	8	429	232	2.37	107.47	195.51																				4761	574	336	619	232	596	284	406	284	230.54	154.66	248.59	196.36	239.56	175.51	290.90	216.95	789.36	338.58	220.27	789.29					817.03	817.03	4.68	4.91	0	0				
07/12/2018	3.3.2	Gaze Project	O4	3	M	Bilingual	G130	06/09/2018	89100	1280 x 720		Raw Data	Ord4_T3_L.avi	190	0	900	720									39701	10:16:28.722	1536226362495034															0	3503		Fixation	8	417	319	2.54	262.17	154.70																				4762			607	319	607	319	417	319			243.79	161.58						338.45	219.48	786.84						0.00		5.02	4	0				
07/12/2018	3.3.2	Gaze Project	O4	3	M	Bilingual	G130	06/09/2018	89100	1280 x 720		Raw Data	Ord4_T3_L.avi	190	0	900	720									39709	10:16:28.730	1536226362503314															0			Unclassified	8																									4763	655	410			655	410	465	410	262.95	124.83					290.93	215.67	785.37		-34.01						812.84		4.92		0	4				
07/12/2018	3.3.2	Gaze Project	O4	3	M	Bilingual	G130	06/09/2018	89100	1280 x 720		Raw Data	Ord4_T3_L.avi	190	0	900	720									39717	10:16:28.738	1536226362511654															0	3504		Fixation	8	441	289	1.10	51.43	149.26																				4764			631	289	631	289	441	289			253.14	173.73						338.64	220.53	789.90						0.00		5.32	4	0				
07/12/2018	3.3.2	Gaze Project	O4	3	M	Bilingual	G130	06/09/2018	89100	1280 x 720		Raw Data	Ord4_T3_L.avi	190	0	900	720									39726	10:16:28.747	1536226362519979															0			Unclassified	8																									4765	622	328			622	328	432	328	249.73	157.75					291.14	203.82	748.37		-34.01						774.04		4.35		0	4				
07/12/2018	3.3.2	Gaze Project	O4	3	M	Bilingual	G130	06/09/2018	89100	1280 x 720		Raw Data	Ord4_T3_L.avi	190	0	900	720									39734	10:16:28.755	1536226362528346															0			Unclassified	8																									4766	638	228			638	228	448	228	255.99	198.07					291.25	203.96	748.31		-34.01						774.03		3.88		0	4				
07/12/2018	3.3.2	Gaze Project	O4	3	M	Bilingual	G130	06/09/2018	89100	1280 x 720		Raw Data	Ord4_T3_L.avi	190	0	900	720									39743	10:16:28.763	1536226362536705															0	3505		Fixation	8	537	271	2.86	10.65	319.22																				4767	644	410	727	271	685	340	495	340	258.57	124.76	291.76	180.71	275.17	152.74	291.07	203.73	748.41	337.50	213.80	769.31					774.04	774.04	4.63	4.77	0	0				
07/12/2018	3.3.2	Gaze Project	O4	3	M	Bilingual	G130	06/09/2018	89100	1280 x 720		Raw Data	Ord4_T3_L.avi	190	0	900	720									39751	10:16:28.772	1536226362544978															0			Unclassified	8																									4768	633	473			633	473	443	473	254.20	99.64					291.08	203.74	748.40		-34.01						774.04		4.62		0	4				
07/12/2018	3.3.2	Gaze Project	O4	3	M	Bilingual	G130	06/09/2018	89100	1280 x 720		Raw Data	Ord4_T3_L.avi	190	0	900	720									39759	10:16:28.780	1536226362553312															0	3506		Fixation	8	427	285	3.28	187.28	176.62																				4769	639	446	617	285	628	365	438	365	256.52	110.38	247.71	175.11	252.12	142.74	291.08	203.75	748.40	337.59	214.19	770.38					774.04	774.04	4.68	4.83	0	0				
07/12/2018	3.3.2	Gaze Project	O4	3	M	Bilingual	G130	06/09/2018	89100	1280 x 720		Raw Data	Ord4_T3_L.avi	190	0	900	720									39768	10:16:28.788	1536226362561662															0			Unclassified	8																									4770																			-34.01										4	4				
07/12/2018	3.3.2	Gaze Project	O4	3	M	Bilingual	G130	06/09/2018	89100	1280 x 720		Raw Data	Ord4_T3_L.avi	190	0	900	720									39776	10:16:28.797	1536226362570017															0			Unclassified	8																									4771																			-34.01										4	4				
07/12/2018	3.3.2	Gaze Project	O4	3	M	Bilingual	G130	06/09/2018	89100	1280 x 720		Raw Data	Ord4_T3_L.avi	190	0	900	720									39784	10:16:28.805	1536226362578372															0			Unclassified	8																									4772	690	348			690	348	500	348	276.98	149.72					290.97	217.98	792.08		-34.01						819.93		4.88		0	4				
07/12/2018	3.3.2	Gaze Project	O4	3	M	Bilingual	G130	06/09/2018	89100	1280 x 720		Raw Data	Ord4_T3_L.avi	190	0	900	720									39792	10:16:28.813	1536226362586638															0	3507		Fixation	8	507	193	3.58	49.08	221.81																				4773	627	412	697	193	662	302	472	302	251.66	124.19	279.80	212.23	265.73	168.21	291.05	210.84	770.07	338.60	219.57	786.51					796.82	796.82	4.77	4.63	0	0				
07/12/2018	3.3.2	Gaze Project	O4	3	M	Bilingual	G130	06/09/2018	89100	1280 x 720		Raw Data	Ord4_T3_L.avi	190	0	900	720									39801	10:16:28.822	1536226362594969															0			Unclassified	8																									4774	652	350			652	350	462	350	261.70	148.92					291.05	210.89	770.22		-34.01						796.99		4.61		0	4				
07/12/2018	3.3.2	Gaze Project	O4	3	M	Bilingual	G130	06/09/2018	89100	1280 x 720		Raw Data	Ord4_T3_L.avi	190	0	900	720									39809	10:16:28.830	1536226362603327															0			Unclassified	8																									4775																			-34.01										4	4				
07/12/2018	3.3.2	Gaze Project	O4	3	M	Bilingual	G130	06/09/2018	89100	1280 x 720		Raw Data	Ord4_T3_L.avi	190	0	900	720									39818	10:16:28.838	1536226362611685															0			Unclassified	8																									4776	646	185			646	185	456	185	259.26	215.52					291.07	210.65	769.48		-34.01						796.20		3.79		0	4				
07/12/2018	3.3.2	Gaze Project	O4	3	M	Bilingual	G130	06/09/2018	89100	1280 x 720		Raw Data	Ord4_T3_L.avi	190	0	900	720									39826	10:16:28.847	1536226362619954															0			Unclassified	8																									4777	659	330			659	330	469	330	264.56	157.08					291.08	211.10	770.91		-34.01						797.70		4.54		0	4				
07/12/2018	3.3.2	Gaze Project	O4	3	M	Bilingual	G130	06/09/2018	89100	1280 x 720		Raw Data	Ord4_T3_L.avi	190	0	900	720									39834	10:16:28.855	1536226362628303															0	3508		Fixation	8	539	175	1.07	29.44	340.35																				4778	633	325	729	175	681	250	491	250	254.05	158.92	292.46	219.59	273.26	189.26	291.09	210.32	768.46	338.56	219.17	785.28					795.13	795.13	4.74	4.55	0	0				
07/12/2018	3.3.2	Gaze Project	O4	3	M	Bilingual	G130	06/09/2018	89100	1280 x 720		Raw Data	Ord4_T3_L.avi	190	0	900	720									39842	10:16:28.863	1536226362636640															0			Unclassified	8																									4779																			-34.01										4	4				
07/12/2018	3.3.2	Gaze Project	O4	3	M	Bilingual	G130	06/09/2018	89100	1280 x 720		Raw Data	Ord4_T3_L.avi	190	0	900	720									39851	10:16:28.872	1536226362645004															0			Unclassified	8																									4780																			-34.01										4	4				
07/12/2018	3.3.2	Gaze Project	O4	3	M	Bilingual	G130	06/09/2018	89100	1280 x 720		Raw Data	Ord4_T3_L.avi	190	0	900	720									39859	10:16:28.880	1536226362653355															0			Unclassified	8																									4781	637	303			637	303	447	303	255.53	167.82					291.09	210.82	770.02		-34.01						796.77		4.45		0	4				
07/12/2018	3.3.2	Gaze Project	O4	3	M	Bilingual	G130	06/09/2018	89100	1280 x 720		Raw Data	Ord4_T3_L.avi	190	0	900	720									39867	10:16:28.888	1536226362661625															0	3509		Fixation	8	422	269	4.36	218.87	189.43																				4782	643	287	612	269	627	278	437	278	258.12	174.33	245.78	181.58	251.95	177.95	291.09	211.31	771.53	338.75	220.11	788.12					798.36	798.36	4.48	4.97	0	0				
07/12/2018	3.3.2	Gaze Project	O4	3	M	Bilingual	G130	06/09/2018	89100	1280 x 720		Raw Data	Ord4_T3_L.avi	190	0	900	720									39876	10:16:28.897	1536226362669962															0			Unclassified	8																									4783	634	246			634	246	444	246	254.55	190.79					291.09	211.38	771.75		-34.01						798.59		4.58		0	4				
07/12/2018	3.3.2	Gaze Project	O4	3	M	Bilingual	G130	06/09/2018	89100	1280 x 720		Raw Data	Ord4_T3_L.avi	190	0	900	720									39884	10:16:28.905	1536226362678309															0			Unclassified	8																									4784	617	427			617	427	427	427	247.81	117.81					291.09	211.13	770.97		-34.01						797.77		4.67		0	4				
07/12/2018	3.3.2	Gaze Project	O4	3	M	Bilingual	G130	06/09/2018	89100	1280 x 720		Raw Data	Ord4_T3_L.avi	190	0	900	720									39893	10:16:28.913	1536226362686667															0			Unclassified	8																									4785	638	311			638	311	448	311	256.00	164.83					291.09	210.60	769.39		-34.01						796.10		4.46		0	4				
07/12/2018	3.3.2	Gaze Project	O4	3	M	Bilingual	G130	06/09/2018	89100	1280 x 720		Raw Data	Ord4_T3_L.avi	190	0	900	720									39901	10:16:28.922	1536226362695023															0			Unclassified	8																									4786	625	406			625	406	435	406	250.99	126.52					291.09	210.42	768.81		-34.01						795.50		4.62		0	4				
07/12/2018	3.3.2	Gaze Project	O4	3	M	Bilingual	G130	06/09/2018	89100	1280 x 720		Raw Data	Ord4_T3_L.avi	190	0	900	720									39909	10:16:28.930	1536226362703287															0			Unclassified	8																									4787	651	334			651	334	461	334	261.51	155.50					291.11	215.37	783.97		-34.01						811.43		4.70		0	4				
07/12/2018	3.3.2	Gaze Project	O4	3	M	Bilingual	G130	06/09/2018	89100	1280 x 720		Raw Data	Ord4_T3_L.avi	190	0	900	720									39917	10:16:28.938	1536226362711618															0			Unclassified	8																									4788	624	175			624	175	434	175	250.45	219.32					291.12	211.53	772.08		-34.01						798.95		4.50		0	4				
07/12/2018	3.3.2	Gaze Project	O4	3	M	Bilingual	G130	06/09/2018	89100	1280 x 720		Raw Data	Ord4_T3_L.avi	190	0	900	720									39926	10:16:28.947	1536226362719970															0			Unclassified	8																									4789																			-34.01										4	4				
07/12/2018	3.3.2	Gaze Project	O4	3	M	Bilingual	G130	06/09/2018	89100	1280 x 720		Raw Data	Ord4_T3_L.avi	190	0	900	720									39934	10:16:28.955	1536226362728340															0	3510		Fixation	8	431	298	0.89	287.19	68.32																				4790	663	385	621	298	642	341	452	341	266.23	135.04	249.14	170.05	257.69	152.55	291.13	212.18	773.97	337.59	213.37	767.32					800.94	800.94	4.70	4.80	0	0				
07/12/2018	3.3.2	Gaze Project	O4	3	M	Bilingual	G130	06/09/2018	89100	1280 x 720		Raw Data	Ord4_T3_L.avi	190	0	900	720									39942	10:16:28.963	1536226362736603															0			Unclassified	8																									4791	629	299			629	299	439	299	252.41	169.71					291.13	217.29	789.58		-34.01						817.36		4.71		0	4				
07/12/2018	3.3.2	Gaze Project	O4	3	M	Bilingual	G130	06/09/2018	89100	1280 x 720		Raw Data	Ord4_T3_L.avi	190	0	900	720									39951	10:16:28.972	1536226362744954															0	3511		Fixation	8	459	306	0.86	344.01	56.82																				4792	573	209	649	306	611	257	421	257	230.10	205.88	260.43	166.72	245.26	186.30	291.14	215.72	784.71	337.45	212.50	764.57					812.24	812.24	4.45	4.75	0	0				
07/12/2018	3.3.2	Gaze Project	O4	3	M	Bilingual	G130	06/09/2018	89100	1280 x 720		Raw Data	Ord4_T3_L.avi	190	0	900	720									39959	10:16:28.980	1536226362753294															0	3512		Fixation	8	465	380	2.22	274.62	290.61																				4793	636	309	655	380	645	344	455	344	255.34	165.52	262.93	137.10	259.13	151.31	291.13	216.90	788.28	337.47	212.61	764.82					816.00	816.00	4.74	4.82	0	0				
07/12/2018	3.3.2	Gaze Project	O4	3	M	Bilingual	G130	06/09/2018	89100	1280 x 720		Raw Data	Ord4_T3_L.avi	190	0	900	720									39967	10:16:28.988	1536226362761650															0			Unclassified	8																									4794	602	336			602	336	412	336	241.57	154.57					291.15	216.71	787.59		-34.01						815.29		4.83		0	4				
07/12/2018	3.3.2	Gaze Project	O4	3	M	Bilingual	G130	06/09/2018	89100	1280 x 720		Raw Data	Ord4_T3_L.avi	190	0	900	720									39976	10:16:28.997	1536226362770010															0			Unclassified	8																									4795	610	384			610	384	420	384	245.03	135.46					291.16	215.78	784.71		-34.01						812.26		4.77		0	4				
07/12/2018	3.3.2	Gaze Project	O4	3	M	Bilingual	G130	06/09/2018	89100	1280 x 720		Raw Data	Ord4_T3_L.avi	190	0	900	720									39984	10:16:29.005	1536226362778277															0			Unclassified	8																									4796	612	283			612	283	422	283	245.75	175.79					291.17	215.83	784.76		-34.01						812.33		4.57		0	4				
07/12/2018	3.3.2	Gaze Project	O4	3	M	Bilingual	G130	06/09/2018	89100	1280 x 720		Raw Data	Ord4_T3_L.avi	190	0	900	720									39992	10:16:29.013	1536226362786604															0			Unclassified	8																									4797	636	297			636	297	446	297	255.23	170.36					291.18	213.42	777.33		-34.01						804.52		4.65		0	4				
07/12/2018	3.3.2	Gaze Project	O4	3	M	Bilingual	G130	06/09/2018	89100	1280 x 720		Raw Data	Ord4_T3_L.avi	190	0	900	720									40001	10:16:29.022	1536226362794952															0			Unclassified	8																									4798	644	365			644	365	454	365	258.70	142.95					291.18	215.04	782.25		-34.01						809.69		4.67		0	4				
07/12/2018	3.3.2	Gaze Project	O4	3	M	Bilingual	G130	06/09/2018	89100	1280 x 720		Raw Data	Ord4_T3_L.avi	190	0	900	720									40009	10:16:29.030	1536226362803321															0			Unclassified	8																									4799	651	237			651	237	461	237	261.19	194.66					291.20	214.59	780.92		-34.01						808.29		4.67		0	4				
07/12/2018	3.3.2	Gaze Project	O4	3	M	Bilingual	G130	06/09/2018	89100	1280 x 720		Raw Data	Ord4_T3_L.avi	190	0	900	720									40017	10:16:29.038	1536226362811590															0	3513		Fixation	8	478	319	1.85	78.01	163.39																				4800	605	392	668	319	636	355	446	355	242.80	132.26	268.21	161.53	255.51	146.89	291.26	209.97	766.71	337.87	214.03	768.96					793.37	793.37	4.73	4.92	0	0				
07/12/2018	3.3.2	Gaze Project	O4	3	M	Bilingual	G130	06/09/2018	89100	1280 x 720		Raw Data	Ord4_T3_L.avi	190	0	900	720									40026	10:16:29.047	1536226362819934															0			Unclassified	8																									4801	574	237			574	237	384	237	230.54	194.55					291.29	208.92	763.46		-34.01						789.96		4.36		0	4				
07/12/2018	3.3.2	Gaze Project	O4	3	M	Bilingual	G130	06/09/2018	89100	1280 x 720		Raw Data	Ord4_T3_L.avi	190	0	900	720									40034	10:16:29.055	1536226362828270															0			Unclassified	8																									4802	618	384			618	384	428	384	248.05	135.37					291.31	217.06	788.51		-34.01						816.28		4.79		0	4				
07/12/2018	3.3.2	Gaze Project	O4	3	M	Bilingual	G130	06/09/2018	89100	1280 x 720		Raw Data	Ord4_T3_L.avi	190	0	900	720									40042	10:16:29.063	1536226362836634															0	3514		Fixation	8	479	260	1.76	89.03	11.03																				4803			669	260	669	260	479	260			268.35	185.38						337.72	212.75	765.17						0.00		4.73	4	0				
07/12/2018	3.3.2	Gaze Project	O4	3	M	Bilingual	G130	06/09/2018	89100	1280 x 720		Raw Data	Ord4_T3_L.avi	190	0	900	720									40051	10:16:29.072	1536226362844976															0			Unclassified	8																									4804	643	331			643	331	453	331	258.27	156.48					291.35	215.89	784.97		-34.01						812.55		4.72		0	4				
07/12/2018	3.3.2	Gaze Project	O4	3	M	Bilingual	G130	06/09/2018	89100	1280 x 720		Raw Data	Ord4_T3_L.avi	190	0	900	720									40059	10:16:29.080	1536226362853260															0			Unclassified	8																									4805	693	281			693	281	503	281	278.09	176.98					291.37	214.99	782.21		-34.01						809.65		4.74		0	4				
07/12/2018	3.3.2	Gaze Project	O4	3	M	Bilingual	G130	06/09/2018	89100	1280 x 720		Raw Data	Ord4_T3_L.avi	190	0	900	720									40067	10:16:29.088	1536226362861601															0			Unclassified	8																									4806	634	263			634	263	444	263	254.30	183.93					291.38	215.50	783.80		-34.01						811.32		4.58		0	4				
07/12/2018	3.3.2	Gaze Project	O4	3	M	Bilingual	G130	06/09/2018	89100	1280 x 720		Raw Data	Ord4_T3_L.avi	190	0	900	720									40076	10:16:29.097	1536226362869953															0	3515		Fixation	8	488	215	1.36	78.73	349.69																				4807	616	378	678	215	647	296	457	296	247.12	137.80	272.27	203.26	259.70	170.53	291.39	213.27	776.97	338.79	218.19	781.75					804.14	804.14	4.80	4.64	0	0				
07/12/2018	3.3.2	Gaze Project	O4	3	M	Bilingual	G130	06/09/2018	89100	1280 x 720		Raw Data	Ord4_T3_L.avi	190	0	900	720									40084	10:16:29.105	1536226362878301															0			Unclassified	8																									4808	631	354			631	354	441	354	253.18	147.32					291.40	215.19	782.89		-34.01						810.36		4.70		0	4				
07/12/2018	3.3.2	Gaze Project	O4	3	M	Bilingual	G130	06/09/2018	89100	1280 x 720		Raw Data	Ord4_T3_L.avi	190	0	900	720									40093	10:16:29.113	1536226362886659															0			Unclassified	8																									4809	623	330			623	330	433	330	250.08	157.10					291.45	208.97	763.75		-34.01						790.26		4.59		0	4				
07/12/2018	3.3.2	Gaze Project	O4	3	M	Bilingual	G130	06/09/2018	89100	1280 x 720		Raw Data	Ord4_T3_L.avi	190	0	900	720									40101	10:16:29.122	1536226362894922															0	3516		Fixation	8	423	309	3.37	235.42	156.70																				4810			613	309	613	309	423	309			246.19	165.32						337.89	212.80	765.42						0.00		4.85	4	0				
07/12/2018	3.3.2	Gaze Project	O4	3	M	Bilingual	G130	06/09/2018	89100	1280 x 720		Raw Data	Ord4_T3_L.avi	190	0	900	720									40109	10:16:29.130	1536226362903249															0	3517		Fixation	8	487	291	1.97	15.76	140.33																				4811	615	291	677	291	646	291	456	291	246.71	172.66	271.63	172.57	259.17	172.61	291.47	210.16	767.43	337.99	213.25	766.79					794.12	794.12	4.55	4.80	0	0				
07/12/2018	3.3.2	Gaze Project	O4	3	M	Bilingual	G130	06/09/2018	89100	1280 x 720		Raw Data	Ord4_T3_L.avi	190	0	900	720									40117	10:16:29.138	1536226362911614															0	3518		Fixation	8	471	310	0.74	229.99	214.23																				4812	646	320	661	310	653	315	463	315	259.19	161.25	265.34	165.12	262.27	163.18	291.49	208.85	763.44	338.11	213.83	768.55					789.93	789.93	4.61	4.68	0	0				
07/12/2018	3.3.2	Gaze Project	O4	3	M	Bilingual	G130	06/09/2018	89100	1280 x 720		Raw Data	Ord4_T3_L.avi	190	0	900	720									40126	10:16:29.147	1536226362919972															0	3519		Fixation	8	442	335	1.13	220.85	350.86																				4813			632	335	632	335	442	335			253.69	154.89						338.10	213.73	768.24						0.00		4.90	4	0				
07/12/2018	3.3.2	Gaze Project	O4	3	M	Bilingual	G130	06/09/2018	89100	1280 x 720		Raw Data	Ord4_T3_L.avi	190	0	900	720									40134	10:16:29.155	1536226362928253															0			Unclassified	8																									4814	625	330			625	330	435	330	250.81	156.88					291.50	211.53	771.64		-34.01						798.54		4.69		0	4				
07/12/2018	3.3.2	Gaze Project	O4	3	M	Bilingual	G130	06/09/2018	89100	1280 x 720		Raw Data	Ord4_T3_L.avi	190	0	900	720									40142	10:16:29.163	1536226362936598															0	3520		Fixation	8	478	295	1.59	48.10	187.25																				4815			668	295	668	295	478	295			268.29	171.24						338.10	213.63	767.91						0.00		4.79	4	0				
07/12/2018	3.3.2	Gaze Project	O4	3	M	Bilingual	G130	06/09/2018	89100	1280 x 720		Raw Data	Ord4_T3_L.avi	190	0	900	720									40151	10:16:29.172	1536226362944921															0	3521		Fixation	8	470	261	1.04	103.20	55.09																				4816	623	244	660	261	641	252	451	252	250.02	191.66	264.84	184.67	257.43	188.16	291.51	210.02	766.97	338.15	213.85	768.56					793.64	793.64	4.53	4.73	0	0				
07/12/2018	3.3.2	Gaze Project	O4	3	M	Bilingual	G130	06/09/2018	89100	1280 x 720		Raw Data	Ord4_T3_L.avi	190	0	900	720									40159	10:16:29.180	1536226362953284															0			Unclassified	8																									4817	630	315			630	315	440	315	252.93	163.08					291.53	215.78	784.66		-34.01						812.23		4.61		0	4				
07/12/2018	3.3.2	Gaze Project	O4	3	M	Bilingual	G130	06/09/2018	89100	1280 x 720		Raw Data	Ord4_T3_L.avi	190	0	900	720									40167	10:16:29.188	1536226362961641															0	3522		Fixation	8	449	286	0.96	230.06	126.86																				4818	644	254	639	286	641	270	451	270	258.53	187.54	256.32	174.71	257.43	181.12	291.54	217.18	788.95	338.87	217.59	779.85					816.74	816.74	4.66	4.84	0	0				
07/12/2018	3.3.2	Gaze Project	O4	3	M	Bilingual	G130	06/09/2018	89100	1280 x 720		Raw Data	Ord4_T3_L.avi	190	0	900	720									40176	10:16:29.196	1536226362969910															0	3523		Fixation	8	458	394	3.16	274.75	44.69																				4819	579	248	648	394	613	321	423	321	232.27	190.25	259.94	131.26	246.10	160.75	291.55	215.27	783.02	339.00	218.28	781.92					810.51	810.51	4.64	5.08	0	0				
07/12/2018	3.3.2	Gaze Project	O4	3	M	Bilingual	G130	06/09/2018	89100	1280 x 720		Raw Data	Ord4_T3_L.avi	190	0	900	720									40184	10:16:29.205	1536226362978243															0			Unclassified	8																									4820																			-34.01										4	4				
07/12/2018	3.3.2	Gaze Project	O4	3	M	Bilingual	G130	06/09/2018	89100	1280 x 720		Raw Data	Ord4_T3_L.avi	190	0	900	720									40192	10:16:29.213	1536226362986596															0			Unclassified	8																									4821																			-34.01										4	4				
07/12/2018	3.3.2	Gaze Project	O4	3	M	Bilingual	G130	06/09/2018	89100	1280 x 720		Raw Data	Ord4_T3_L.avi	190	0	900	720									40201	10:16:29.222	1536226362994955															0	3524		Fixation	8	472	281	3.32	82.96	168.21																				4822	649	359	662	281	655	320	465	320	260.34	145.33	265.80	176.95	263.07	161.14	291.58	215.78	784.59	338.96	217.85	780.60					812.17	812.17	4.77	4.88	0	0				
07/12/2018	3.3.2	Gaze Project	O4	3	M	Bilingual	G130	06/09/2018	89100	1280 x 720		Raw Data	Ord4_T3_L.avi	190	0	900	720									40209	10:16:29.230	1536226363003306															0	3525		Fixation	8	472	281	0.00	0.00	277.04																				4823	673	232	662	281	667	256	477	256	270.13	196.65	265.80	176.95	267.97	186.80	291.63	203.47	746.72	337.09	207.31	748.65					772.39	772.39	3.87	4.88	0	0				
07/12/2018	3.3.2	Gaze Project	O4	3	M	Bilingual	G130	06/09/2018	89100	1280 x 720		Raw Data	Ord4_T3_L.avi	190	0	900	720									40217	10:16:29.238	1536226363011575															0			Unclassified	8																									4824	653	365			653	365	463	365	262.09	142.79					291.65	204.15	748.86		-34.01						774.63		4.28		0	4				
07/12/2018	3.3.2	Gaze Project	O4	3	M	Bilingual	G130	06/09/2018	89100	1280 x 720		Raw Data	Ord4_T3_L.avi	190	0	900	720									40226	10:16:29.246	1536226363019907															0	3526		Fixation	8	444	214	2.23	112.62	112.62																				4825			634	214	634	214	444	214			254.36	203.57						337.06	206.84	747.25						0.00		4.13	4	0				
07/12/2018	3.3.2	Gaze Project	O4	3	M	Bilingual	G130	06/09/2018	89100	1280 x 720		Raw Data	Ord4_T3_L.avi	190	0	900	720									40234	10:16:29.255	1536226363028266															0	3527		Fixation	8	415	197	1.02	149.54	36.93																				4826	645	280	605	197	625	238	435	238	258.83	177.20	242.92	210.75	250.88	193.98	291.70	202.88	744.97	337.06	206.67	746.75					770.54	770.54	3.80	3.77	0	0				
07/12/2018	3.3.2	Gaze Project	O4	3	M	Bilingual	G130	06/09/2018	89100	1280 x 720		Raw Data	Ord4_T3_L.avi	190	0	900	720									40242	10:16:29.263	1536226363036623															0	3528		Fixation	8	649	239	7.29	349.79	200.25																				4827			839	239	839	239	649	239			336.70	193.61						337.01	206.27	745.55						0.00		3.67	4	0				
07/12/2018	3.3.2	Gaze Project	O4	3	M	Bilingual	G130	06/09/2018	89100	1280 x 720		Raw Data	Ord4_T3_L.avi	190	0	900	720									40251	10:16:29.271	1536226363044891															0			Unclassified	8																									4828	650	235			650	235	460	235	260.71	195.16					291.74	202.21	742.91		-34.01						768.38		3.75		0	4				
07/12/2018	3.3.2	Gaze Project	O4	3	M	Bilingual	G130	06/09/2018	89100	1280 x 720		Raw Data	Ord4_T3_L.avi	190	0	900	720									40259	10:16:29.280	1536226363053240															0	3529		Fixation	8	441	165	6.78	160.36	170.57																				4829	682	258	631	165	656	211	466	211	273.79	186.10	253.26	223.31	263.52	204.71	291.77	202.57	744.03	337.17	206.87	747.39					769.56	769.56	3.90	3.87	0	0				
07/12/2018	3.3.2	Gaze Project	O4	3	M	Bilingual	G130	06/09/2018	89100	1280 x 720		Raw Data	Ord4_T3_L.avi	190	0	900	720									40267	10:16:29.288	1536226363061579															0	3530		Fixation	8	487	176	1.44	346.51	186.15																				4830	685	177	677	176	681	176	491	176	275.03	218.69	271.74	218.93	273.39	218.81	291.79	202.52	743.82	337.26	207.14	748.20					769.34	769.34	3.69	3.90	0	0				
07/12/2018	3.3.2	Gaze Project	O4	3	M	Bilingual	G130	06/09/2018	89100	1280 x 720		Raw Data	Ord4_T3_L.avi	190	0	900	720									40276	10:16:29.297	1536226363069945															0	3531		Fixation	8	504	309	4.12	277.26	290.75																				4831	676	187	694	309	685	248	495	248	271.38	214.73	278.43	165.64	274.91	190.19	291.82	203.29	746.14	337.23	206.85	747.32					771.79	771.79	3.48	4.54	0	0				
07/12/2018	3.3.2	Gaze Project	O4	3	M	Bilingual	G130	06/09/2018	89100	1280 x 720		Raw Data	Ord4_T3_L.avi	190	0	900	720									40284	10:16:29.305	1536226363078291															0	3532		Fixation	8	470	302	1.06	168.33	251.07																				4832	658	226	660	302	659	264	469	264	264.23	199.11	264.90	168.23	264.57	183.67	291.84	202.98	745.13	337.22	206.63	746.64					770.73	770.73	3.87	4.41	0	0				
07/12/2018	3.3.2	Gaze Project	O4	3	M	Bilingual	G130	06/09/2018	89100	1280 x 720		Raw Data	Ord4_T3_L.avi	190	0	900	720									40292	10:16:29.313	1536226363086548															0	3533		Fixation	8	538	207	3.59	54.49	246.16																				4833	686	199	728	207	707	203	517	203	275.32	209.68	292.34	206.57	283.83	208.13	291.85	203.78	747.54	337.13	206.06	744.84					773.27	773.27	3.53	3.90	0	0				
07/12/2018	3.3.2	Gaze Project	O4	3	M	Bilingual	G130	06/09/2018	89100	1280 x 720		Raw Data	Ord4_T3_L.avi	190	0	900	720									40301	10:16:29.321	1536226363094899															0	3534		Fixation	8	502	118	2.96	111.96	57.47																				4834	655	244	692	118	673	181	483	181	262.78	191.71	277.77	242.50	270.28	217.11	291.88	203.29	745.97	337.29	206.80	747.03					771.63	771.63	3.83	3.60	0	0				
07/12/2018	3.3.2	Gaze Project	O4	3	M	Bilingual	G130	06/09/2018	89100	1280 x 720		Raw Data	Ord4_T3_L.avi	190	0	900	720									40309	10:16:29.330	1536226363103246															0	3535		Fixation	8	418	236	4.44	234.64	122.68																				4835	641	423	608	236	624	329	434	329	257.48	119.52	244.05	194.74	250.76	157.13	291.90	203.20	745.62	337.25	206.48	746.02					771.27	771.27	4.38	4.33	0	0				
07/12/2018	3.3.2	Gaze Project	O4	3	M	Bilingual	G130	06/09/2018	89100	1280 x 720		Raw Data	Ord4_T3_L.avi	190	0	900	720									40317	10:16:29.338	1536226363111606															0			Unclassified	8																									4836	657	187			657	187	467	187	263.64	214.58					291.92	202.70	744.04		-34.01						769.62		3.76		0	4				
07/12/2018	3.3.2	Gaze Project	O4	3	M	Bilingual	G130	06/09/2018	89100	1280 x 720		Raw Data	Ord4_T3_L.avi	190	0	900	720									40326	10:16:29.347	1536226363119965															0	3536		Fixation	8	504	175	3.22	35.44	160.79																				4837	595	301	694	175	644	238	454	238	238.73	168.88	278.45	219.45	258.59	194.16	291.94	202.30	742.72	337.36	206.85	747.05					768.23	768.23	4.02	3.96	0	0				
07/12/2018	3.3.2	Gaze Project	O4	3	M	Bilingual	G130	06/09/2018	89100	1280 x 720		Raw Data	Ord4_T3_L.avi	190	0	900	720									40334	10:16:29.355	1536226363128223															0			Unclassified	8																									4838	646	226			646	226	456	226	259.39	198.85					291.96	202.77	744.15		-34.01						769.74		3.81		0	4				
07/12/2018	3.3.2	Gaze Project	O4	3	M	Bilingual	G130	06/09/2018	89100	1280 x 720		Raw Data	Ord4_T3_L.avi	190	0	900	720									40342	10:16:29.363	1536226363136558															0			Unclassified	8																									4839	682	234			682	234	492	234	273.63	195.56					291.97	201.65	740.67		-34.01						766.09		3.85		0	4				
07/12/2018	3.3.2	Gaze Project	O4	3	M	Bilingual	G130	06/09/2018	89100	1280 x 720		Raw Data	Ord4_T3_L.avi	190	0	900	720									40351	10:16:29.372	1536226363144923															0	3537		Fixation	8	486	196	0.85	229.49	194.05																				4840	645	395	676	196	660	295	470	295	258.76	130.87	271.28	211.04	265.02	170.95	291.98	202.51	743.26	337.54	207.58	749.15					768.82	768.82	4.12	3.80	0	0				
07/12/2018	3.3.2	Gaze Project	O4	3	M	Bilingual	G130	06/09/2018	89100	1280 x 720		Raw Data	Ord4_T3_L.avi	190	0	900	720									40359	10:16:29.380	1536226363153279															0			Unclassified	8																									4841	618	252			618	252	428	252	248.17	188.33					292.00	202.77	744.00		-34.01						769.60		3.74		0	4				
07/12/2018	3.3.2	Gaze Project	O4	3	M	Bilingual	G130	06/09/2018	89100	1280 x 720		Raw Data	Ord4_T3_L.avi	190	0	900	720									40367	10:16:29.388	1536226363161544															0	3538		Fixation	8	477	334	4.24	266.28	36.79																				4842	650	273	667	334	658	303	468	303	260.74	179.97	267.62	155.46	264.18	167.71	292.01	202.95	744.57	337.39	206.60	746.12					770.20	770.20	3.82	4.37	0	0				
07/12/2018	3.3.2	Gaze Project	O4	3	M	Bilingual	G130	06/09/2018	89100	1280 x 720		Raw Data	Ord4_T3_L.avi	190	0	900	720									40376	10:16:29.396	1536226363169899															0			Unclassified	8																									4843	663	364			663	364	473	364	266.23	143.30					292.02	203.00	744.65		-34.01						770.29		4.16		0	4				
07/12/2018	3.3.2	Gaze Project	O4	3	M	Bilingual	G130	06/09/2018	89100	1280 x 720		Raw Data	Ord4_T3_L.avi	190	0	900	720									40384	10:16:29.405	1536226363178235															0	3539		Fixation	8	517	226	3.54	69.74	163.46																				4844	645	434	707	226	676	330	486	330	258.80	115.06	283.80	199.02	271.30	157.04	292.04	203.45	746.03	337.42	206.58	746.05					771.75	771.75	4.48	4.02	0	0				
07/12/2018	3.3.2	Gaze Project	O4	3	M	Bilingual	G130	06/09/2018	89100	1280 x 720		Raw Data	Ord4_T3_L.avi	190	0	900	720									40392	10:16:29.413	1536226363186579															0	3540		Fixation	8	461	312	3.08	237.01	167.28																				4845	631	324	651	312	641	318	451	318	253.10	159.36	261.42	164.46	257.26	161.91	292.03	215.09	781.77	339.33	216.92	777.37					809.29	809.29	4.62	4.97	0	0				
07/12/2018	3.3.2	Gaze Project	O4	3	M	Bilingual	G130	06/09/2018	89100	1280 x 720		Raw Data	Ord4_T3_L.avi	190	0	900	720									40401	10:16:29.422	1536226363194946															0	3541		Fixation	8	467	372	1.77	275.69	38.68																				4846	648	380	657	372	652	376	462	376	260.23	136.72	263.87	140.15	262.05	138.43	292.07	210.19	766.71	339.32	216.74	776.80					793.48	793.48	4.59	4.96	0	0				
07/12/2018	3.3.2	Gaze Project	O4	3	M	Bilingual	G130	06/09/2018	89100	1280 x 720		Raw Data	Ord4_T3_L.avi	190	0	900	720									40409	10:16:29.430	1536226363203212															0			Unclassified	8																									4847																			-34.01										4	4				
07/12/2018	3.3.2	Gaze Project	O4	3	M	Bilingual	G130	06/09/2018	89100	1280 x 720		Raw Data	Ord4_T3_L.avi	190	0	900	720									40417	10:16:29.438	1536226363211612															0	3542		Fixation	8	466	338	1.01	91.68	175.99																				4848			656	338	656	338	466	338			263.42	154.02						338.70	213.08	765.72						0.00		4.83	4	0				
07/12/2018	3.3.2	Gaze Project	O4	3	M	Bilingual	G130	06/09/2018	89100	1280 x 720		Raw Data	Ord4_T3_L.avi	190	0	900	720									40426	10:16:29.446	1536226363219903															0			Unclassified	8																									4849																			-34.01										4	4				
07/12/2018	3.3.2	Gaze Project	O4	3	M	Bilingual	G130	06/09/2018	89100	1280 x 720		Raw Data	Ord4_T3_L.avi	190	0	900	720									40434	10:16:29.455	1536226363228262															0			Unclassified	8																									4850	625	303			625	303	435	303	250.77	168.09					292.14	209.95	765.96		-34.01						792.69		4.42		0	4				
07/12/2018	3.3.2	Gaze Project	O4	3	M	Bilingual	G130	06/09/2018	89100	1280 x 720		Raw Data	Ord4_T3_L.avi	190	0	900	720									40442	10:16:29.463	1536226363236538															0			Unclassified	8																									4851	743	-242	502	267	622	12	432	12	298.12	387.52	201.54	182.45	249.83	284.99	311.28	269.64	948.09	316.41	211.01	763.88					985.07	985.07	5.09	4.44	1	3				
07/12/2018	3.3.2	Gaze Project	O4	3	M	Bilingual	G130	06/09/2018	89100	1280 x 720		Raw Data	Ord4_T3_L.avi	190	0	900	720									40451	10:16:29.471	1536226363244874															0	3543		Fixation	8	433	376	1.49	229.12	137.44																				4852	629	298	623	376	626	337	436	337	252.58	169.80	250.27	138.60	251.43	154.20	292.20	214.99	781.43	338.75	212.87	765.22					808.95	808.95	4.43	4.83	0	0				
07/12/2018	3.3.2	Gaze Project	O4	3	M	Bilingual	G130	06/09/2018	89100	1280 x 720		Raw Data	Ord4_T3_L.avi	190	0	900	720									40459	10:16:29.480	1536226363253208															0			Unclassified	8																									4853	637	357			637	357	447	357	255.52	146.35					292.21	214.33	779.42		-34.01						806.83		4.73		0	4				
07/12/2018	3.3.2	Gaze Project	O4	3	M	Bilingual	G130	06/09/2018	89100	1280 x 720		Raw Data	Ord4_T3_L.avi	190	0	900	720									40467	10:16:29.488	1536226363261575															0			Unclassified	8																									4854	667	320			667	320	477	320	267.77	161.05					292.23	215.40	782.72		-34.01						810.30		4.71		0	4				
07/12/2018	3.3.2	Gaze Project	O4	3	M	Bilingual	G130	06/09/2018	89100	1280 x 720		Raw Data	Ord4_T3_L.avi	190	0	900	720									40476	10:16:29.497	1536226363269939															0	3544		Fixation	8	421	314	1.86	100.92	231.80																				4855			611	314	611	314	421	314			245.34	163.60						339.69	217.48	779.27						0.00		4.99	4	0				
07/12/2018	3.3.2	Gaze Project	O4	3	M	Bilingual	G130	06/09/2018	89100	1280 x 720		Raw Data	Ord4_T3_L.avi	190	0	900	720									40484	10:16:29.505	1536226363278200															0			Unclassified	8																									4856																			-34.01										4	4				
07/12/2018	3.3.2	Gaze Project	O4	3	M	Bilingual	G130	06/09/2018	89100	1280 x 720		Raw Data	Ord4_T3_L.avi	190	0	900	720									40492	10:16:29.513	1536226363286552															0	3545		Fixation	8	392	330	0.97	208.96	108.04																				4857	669	344	582	330	625	337	435	337	268.71	151.54	233.60	157.05	251.16	154.30	292.34	210.55	767.82	338.76	212.02	762.79					794.65	794.65	4.46	4.85	0	0				
07/12/2018	3.3.2	Gaze Project	O4	3	M	Bilingual	G130	06/09/2018	89100	1280 x 720		Raw Data	Ord4_T3_L.avi	190	0	900	720									40501	10:16:29.521	1536226363294882															0	3546		Fixation	8	441	246	2.86	59.82	210.86																				4858	623	250	631	246	627	248	437	248	249.94	189.37	253.28	190.88	251.61	190.12	292.39	216.04	784.66	339.98	218.31	781.85					812.35	812.35	4.40	4.70	0	0				
07/12/2018	3.3.2	Gaze Project	O4	3	M	Bilingual	G130	06/09/2018	89100	1280 x 720		Raw Data	Ord4_T3_L.avi	190	0	900	720									40509	10:16:29.530	1536226363303241															0			Unclassified	8																									4859	570	293			570	293	380	293	228.99	172.01					292.41	215.41	782.70		-34.01						810.29		4.46		0	4				
07/12/2018	3.3.2	Gaze Project	O4	3	M	Bilingual	G130	06/09/2018	89100	1280 x 720		Raw Data	Ord4_T3_L.avi	190	0	900	720									40517	10:16:29.538	1536226363311597															0	3547		Fixation	8	442	392	4.27	270.39	210.57																				4860			632	392	632	392	442	392			253.88	132.10						339.87	217.39	779.11						0.00		4.91	4	0				
07/12/2018	3.3.2	Gaze Project	O4	3	M	Bilingual	G130	06/09/2018	89100	1280 x 720		Raw Data	Ord4_T3_L.avi	190	0	900	720									40526	10:16:29.546	1536226363319862															0	3548		Fixation	8	463	332	1.85	70.77	160.38																				4861	654	300	653	332	653	316	463	316	262.55	169.13	262.07	156.14	262.31	162.63	292.48	210.71	768.27	339.75	216.62	776.79					795.13	795.13	4.54	4.79	0	0				
07/12/2018	3.3.2	Gaze Project	O4	3	M	Bilingual	G130	06/09/2018	89100	1280 x 720		Raw Data	Ord4_T3_L.avi	190	0	900	720									40534	10:16:29.555	1536226363328195															0	3549		Fixation	8	432	281	1.75	121.21	50.44																				4862	651	286	622	281	636	283	446	283	261.26	174.67	249.52	176.97	255.39	175.82	292.51	209.41	764.24	339.98	217.68	780.03					790.91	790.91	4.57	4.89	0	0				
07/12/2018	3.3.2	Gaze Project	O4	3	M	Bilingual	G130	06/09/2018	89100	1280 x 720		Raw Data	Ord4_T3_L.avi	190	0	900	720									40542	10:16:29.563	1536226363336554															0			Unclassified	8																									4863	600	250			600	250	410	250	240.74	189.40					292.55	209.68	765.07		-34.01						791.78		4.39		0	4				
07/12/2018	3.3.2	Gaze Project	O4	3	M	Bilingual	G130	06/09/2018	89100	1280 x 720		Raw Data	Ord4_T3_L.avi	190	0	900	720									40551	10:16:29.572	1536226363344912															0			Unclassified	8																									4864																			-34.01										4	4				
07/12/2018	3.3.2	Gaze Project	O4	3	M	Bilingual	G130	06/09/2018	89100	1280 x 720		Raw Data	Ord4_T3_L.avi	190	0	900	720									40559	10:16:29.580	1536226363353181															0	3550		Fixation	8	450	329	1.50	290.50	169.28																				4865	596	352	640	329	618	340	428	340	239.24	148.28	257.07	157.33	248.16	152.81	292.64	215.38	782.59	340.25	218.23	781.84					810.19	810.19	4.82	4.98	0	0				
07/12/2018	3.3.2	Gaze Project	O4	3	M	Bilingual	G130	06/09/2018	89100	1280 x 720		Raw Data	Ord4_T3_L.avi	190	0	900	720									40567	10:16:29.588	1536226363361532															0	3551		Fixation	8	457	306	0.70	73.12	142.63																				4866	614	313	647	306	630	309	440	309	246.41	163.94	259.55	166.83	252.98	165.39	292.69	209.29	763.92	340.42	218.98	784.17					790.57	790.57	4.48	4.92	0	0				
07/12/2018	3.3.2	Gaze Project	O4	3	M	Bilingual	G130	06/09/2018	89100	1280 x 720		Raw Data	Ord4_T3_L.avi	190	0	900	720									40576	10:16:29.596	1536226363369862															0	3552		Fixation	8	464	266	1.21	80.11	6.98																				4867	600	214	654	266	627	240	437	240	241.02	203.75	262.61	182.86	251.81	193.31	292.72	203.82	747.13	338.27	207.06	748.06					772.93	772.93	3.90	4.19	0	0				
07/12/2018	3.3.2	Gaze Project	O4	3	M	Bilingual	G130	06/09/2018	89100	1280 x 720		Raw Data	Ord4_T3_L.avi	190	0	900	720									40584	10:16:29.605	1536226363378225															0	3553		Fixation	8	468	304	1.17	275.99	195.88																				4868	606	284	658	304	632	294	442	294	243.22	175.73	264.09	167.55	253.66	171.64	292.76	202.93	744.43	338.13	206.05	745.04					770.09	770.09	4.01	4.32	0	0				
07/12/2018	3.3.2	Gaze Project	O4	3	M	Bilingual	G130	06/09/2018	89100	1280 x 720		Raw Data	Ord4_T3_L.avi	190	0	900	720									40592	10:16:29.613	1536226363386581															0	3554		Fixation	8	521	218	3.10	58.44	142.45																				4869	577	205	711	218	644	211	454	211	231.48	207.54	285.53	202.06	258.51	204.80	292.81	203.51	746.19	338.26	206.48	746.43					771.95	771.95	3.76	3.83	0	0				
07/12/2018	3.3.2	Gaze Project	O4	3	M	Bilingual	G130	06/09/2018	89100	1280 x 720		Raw Data	Ord4_T3_L.avi	190	0	900	720									40601	10:16:29.621	1536226363394847															0	3555		Fixation	8	478	277	2.24	234.00	175.57																				4870	673	177	668	277	670	227	480	227	270.29	218.70	268.25	178.48	269.27	198.59	292.86	204.02	747.78	338.41	207.06	748.28					773.62	773.62	3.64	4.36	0	0				
07/12/2018	3.3.2	Gaze Project	O4	3	M	Bilingual	G130	06/09/2018	89100	1280 x 720		Raw Data	Ord4_T3_L.avi	190	0	900	720									40609	10:16:29.630	1536226363403191															0	3556		Fixation	8	483	228	1.51	84.19	210.19																				4871			673	228	673	228	483	228			270.03	197.95						338.44	206.88	747.82						0.00		4.21	4	0				
07/12/2018	3.3.2	Gaze Project	O4	3	M	Bilingual	G130	06/09/2018	89100	1280 x 720		Raw Data	Ord4_T3_L.avi	190	0	900	720									40617	10:16:29.638	1536226363411537															0	3557		Fixation	8	476	202	0.83	105.02	20.83																				4872			666	202	666	202	476	202			267.51	208.52						338.41	206.52	746.76						0.00		4.10	4	0				
07/12/2018	3.3.2	Gaze Project	O4	3	M	Bilingual	G130	06/09/2018	89100	1280 x 720		Raw Data	Ord4_T3_L.avi	190	0	900	720									40626	10:16:29.646	1536226363419892															0			Unclassified	8																									4873																			-34.01										4	4				
07/12/2018	3.3.2	Gaze Project	O4	3	M	Bilingual	G130	06/09/2018	89100	1280 x 720		Raw Data	Ord4_T3_L.avi	190	0	900	720									40634	10:16:29.655	1536226363428249															0			Unclassified	8																									4874																			-34.01										4	4				
07/12/2018	3.3.2	Gaze Project	O4	3	M	Bilingual	G130	06/09/2018	89100	1280 x 720		Raw Data	Ord4_T3_L.avi	190	0	900	720									40642	10:16:29.663	1536226363436515															0			Unclassified	8																									4875	559	183			559	183	369	183	224.30	216.40					293.10	203.70	747.01		-34.01						772.80		3.57		0	4				
07/12/2018	3.3.2	Gaze Project	O4	3	M	Bilingual	G130	06/09/2018	89100	1280 x 720		Raw Data	Ord4_T3_L.avi	190	0	900	720									40651	10:16:29.671	1536226363444830															0	3558		Fixation	8	503	183	1.01	35.22	290.20																				4876	673	352	693	183	683	267	493	267	269.97	148.38	278.19	216.08	274.08	182.23	293.14	203.39	746.11	338.68	206.80	748.00					771.85	771.85	3.94	3.75	0	0				
07/12/2018	3.3.2	Gaze Project	O4	3	M	Bilingual	G130	06/09/2018	89100	1280 x 720		Raw Data	Ord4_T3_L.avi	190	0	900	720									40659	10:16:29.680	1536226363453193															0	3559		Fixation	8	482	282	3.10	258.06	222.84																				4877	609	181	672	282	640	231	450	231	244.35	216.91	269.65	176.32	257.00	196.61	293.19	202.83	744.44	338.82	207.31	749.65					770.09	770.09	3.53	4.45	0	0				
07/12/2018	3.3.2	Gaze Project	O4	3	M	Bilingual	G130	06/09/2018	89100	1280 x 720		Raw Data	Ord4_T3_L.avi	190	0	900	720									40667	10:16:29.688	1536226363461562															0			Unclassified	8																									4878																			-34.01										4	4				
07/12/2018	3.3.2	Gaze Project	O4	3	M	Bilingual	G130	06/09/2018	89100	1280 x 720		Raw Data	Ord4_T3_L.avi	190	0	900	720									40676	10:16:29.696	1536226363469829															0			Unclassified	8																									4879	517	140			517	140	327	140	207.39	233.60					293.30	209.81	766.08		-34.01						792.81		3.38		0	4				
07/12/2018	3.3.2	Gaze Project	O4	3	M	Bilingual	G130	06/09/2018	89100	1280 x 720		Raw Data	Ord4_T3_L.avi	190	0	900	720									40684	10:16:29.705	1536226363478179															0	3560		Fixation	8	480	337	1.64	267.92	9.86																				4880	664	98	670	337	667	217	477	217	266.59	250.65	268.87	154.19	267.73	202.42	293.34	209.05	763.83	341.34	219.97	788.41					790.44	790.44	3.49	4.86	0	0				
07/12/2018	3.3.2	Gaze Project	O4	3	M	Bilingual	G130	06/09/2018	89100	1280 x 720		Raw Data	Ord4_T3_L.avi	190	0	900	720									40692	10:16:29.713	1536226363486517															0	3561		Fixation	8	434	395	2.15	231.67	323.75																				4881	612	397	624	395	618	396	428	396	245.82	130.12	250.61	131.04	248.22	130.58	293.38	209.70	765.86	340.17	213.37	768.44					792.57	792.57	4.83	5.01	0	0				
07/12/2018	3.3.2	Gaze Project	O4	3	M	Bilingual	G130	06/09/2018	89100	1280 x 720		Raw Data	Ord4_T3_L.avi	190	0	900	720									40701	10:16:29.721	1536226363494861															0			Unclassified	8																									4882	640	314			640	314	450	314	256.78	163.49					293.46	214.31	780.08		-34.01						807.51		4.75		0	4				
07/12/2018	3.3.2	Gaze Project	O4	3	M	Bilingual	G130	06/09/2018	89100	1280 x 720		Raw Data	Ord4_T3_L.avi	190	0	900	720									40709	10:16:29.730	1536226363503230															0			Unclassified	8																									4883	604	287			604	287	414	287	242.28	174.51					293.48	214.57	780.93		-34.01						808.40		4.62		0	4				
07/12/2018	3.3.2	Gaze Project	O4	3	M	Bilingual	G130	06/09/2018	89100	1280 x 720		Raw Data	Ord4_T3_L.avi	190	0	900	720									40717	10:16:29.738	1536226363511490															0			Unclassified	8																									4884	635	339			635	339	445	339	254.84	153.52					293.52	209.27	764.70		-34.01						791.34		4.63		0	4				
07/12/2018	3.3.2	Gaze Project	O4	3	M	Bilingual	G130	06/09/2018	89100	1280 x 720		Raw Data	Ord4_T3_L.avi	190	0	900	720									40726	10:16:29.746	1536226363519842															0	3562		Fixation	8	428	391	0.21	146.22	274.55																				4885	618	199	618	391	618	295	428	295	248.09	209.69	248.11	132.61	248.10	171.15	293.56	209.37	765.08	340.14	212.13	764.97					791.74	791.74	4.36	5.00	0	0				
07/12/2018	3.3.2	Gaze Project	O4	3	M	Bilingual	G130	06/09/2018	89100	1280 x 720		Raw Data	Ord4_T3_L.avi	190	0	900	720									40734	10:16:29.755	1536226363528188															0			Unclassified	8																									4886	631	376			631	376	441	376	253.32	138.49					293.59	209.44	765.29		-34.01						791.96		4.69		0	4				
07/12/2018	3.3.2	Gaze Project	O4	3	M	Bilingual	G130	06/09/2018	89100	1280 x 720		Raw Data	Ord4_T3_L.avi	190	0	900	720									40742	10:16:29.763	1536226363536545															0	3563		Fixation	8	421	312	2.34	95.05	308.82																				4887			611	312	611	312	421	312			245.37	164.41						341.13	216.86	779.47						0.00		4.98	4	0				
07/12/2018	3.3.2	Gaze Project	O4	3	M	Bilingual	G130	06/09/2018	89100	1280 x 720		Raw Data	Ord4_T3_L.avi	190	0	900	720									40751	10:16:29.771	1536226363544901															0	3564		Fixation	8	481	348	2.04	328.95	233.91																				4888	624	405	671	348	647	376	457	376	250.45	126.67	269.49	149.79	259.97	138.23	293.69	214.17	779.87	341.29	217.54	781.61					807.28	807.28	4.77	5.00	0	0				
07/12/2018	3.3.2	Gaze Project	O4	3	M	Bilingual	G130	06/09/2018	89100	1280 x 720		Raw Data	Ord4_T3_L.avi	190	0	900	720									40759	10:16:29.780	1536226363553163															0			Unclassified	8																									4889	651	254			651	254	461	254	261.40	187.64					293.71	202.74	744.33		-34.01						769.99		4.09		0	4				
07/12/2018	3.3.2	Gaze Project	O4	3	M	Bilingual	G130	06/09/2018	89100	1280 x 720		Raw Data	Ord4_T3_L.avi	190	0	900	720									40767	10:16:29.788	1536226363561498															0	3565		Fixation	8	461	349	0.59	182.87	213.92																				4890	584	258	651	349	617	303	427	303	234.29	186.05	261.49	149.44	247.89	167.75	293.77	210.38	768.29	340.38	212.21	765.60					795.11	795.11	4.35	4.86	0	0				
07/12/2018	3.3.2	Gaze Project	O4	3	M	Bilingual	G130	06/09/2018	89100	1280 x 720		Raw Data	Ord4_T3_L.avi	190	0	900	720									40776	10:16:29.796	1536226363569857															0			Unclassified	8																									4891	633	221			633	221	443	221	253.95	200.78					293.84	214.33	780.51		-34.01						807.94		4.78		0	4				
07/12/2018	3.3.2	Gaze Project	O4	3	M	Bilingual	G130	06/09/2018	89100	1280 x 720		Raw Data	Ord4_T3_L.avi	190	0	900	720									40784	10:16:29.805	1536226363578215															0			Unclassified	8																									4892	592	328			592	328	402	328	237.56	157.66					293.89	215.71	784.80		-34.01						812.44		4.79		0	4				
07/12/2018	3.3.2	Gaze Project	O4	3	M	Bilingual	G130	06/09/2018	89100	1280 x 720		Raw Data	Ord4_T3_L.avi	190	0	900	720									40792	10:16:29.813	1536226363586479															0			Unclassified	8																									4893																			-34.01										4	4				
07/12/2018	3.3.2	Gaze Project	O4	3	M	Bilingual	G130	06/09/2018	89100	1280 x 720		Raw Data	Ord4_T3_L.avi	190	0	900	720									40801	10:16:29.821	1536226363594830															0	3566		Fixation	8	456	299	1.48	95.69	272.82																				4894	591	273	646	299	618	286	428	286	237.32	180.11	259.12	169.61	248.22	174.86	293.93	209.50	765.88	341.90	219.27	787.59					792.56	792.56	4.44	4.98	0	0				
07/12/2018	3.3.2	Gaze Project	O4	3	M	Bilingual	G130	06/09/2018	89100	1280 x 720		Raw Data	Ord4_T3_L.avi	190	0	900	720									40809	10:16:29.830	1536226363603167															0			Unclassified	8																									4895	599	208			599	208	409	208	240.55	206.09					293.97	209.60	766.27		-34.01						792.96		4.26		0	4				
07/12/2018	3.3.2	Gaze Project	O4	3	M	Bilingual	G130	06/09/2018	89100	1280 x 720		Raw Data	Ord4_T3_L.avi	190	0	900	720									40817	10:16:29.838	1536226363611528															0			Unclassified	8																									4896	605	315			605	315	415	315	242.72	163.08					294.01	210.20	768.18		-34.01						794.96		4.66		0	4				
07/12/2018	3.3.2	Gaze Project	O4	3	M	Bilingual	G130	06/09/2018	89100	1280 x 720		Raw Data	Ord4_T3_L.avi	190	0	900	720									40826	10:16:29.846	1536226363619882															0	3567		Fixation	8	447	354	1.62	260.74	165.04																				4897			637	354	637	354	447	354			255.54	147.56						341.49	216.12	778.44						0.00		5.04	4	0				
07/12/2018	3.3.2	Gaze Project	O4	3	M	Bilingual	G130	06/09/2018	89100	1280 x 720		Raw Data	Ord4_T3_L.avi	190	0	900	720									40834	10:16:29.855	1536226363628127															0	3568		Fixation	8	443	334	0.60	101.27	200.54																				4898	587	197	633	334	610	265	420	265	235.55	210.78	254.14	155.62	244.84	183.20	294.13	215.20	783.77	340.82	212.32	767.00					811.32	811.32	4.60	4.87	0	0				
07/12/2018	3.3.2	Gaze Project	O4	3	M	Bilingual	G130	06/09/2018	89100	1280 x 720		Raw Data	Ord4_T3_L.avi	190	0	900	720									40842	10:16:29.863	1536226363636485															0	3569		Fixation	8	456	300	1.07	69.14	327.86																				4899			646	300	646	300	456	300			259.36	169.15						342.11	219.02	787.55						0.00		5.09	4	0				
07/12/2018	3.3.2	Gaze Project	O4	3	M	Bilingual	G130	06/09/2018	89100	1280 x 720		Raw Data	Ord4_T3_L.avi	190	0	900	720									40851	10:16:29.871	1536226363644839															0	3570		Fixation	8	432	358	1.84	247.59	178.45																				4900	640	342	622	358	631	350	441	350	257.00	152.13	249.77	145.95	253.38	149.04	294.27	215.42	784.61	340.74	211.44	764.57					812.20	812.20	4.84	5.02	0	0				
07/12/2018	3.3.2	Gaze Project	O4	3	M	Bilingual	G130	06/09/2018	89100	1280 x 720		Raw Data	Ord4_T3_L.avi	190	0	900	720									40859	10:16:29.880	1536226363653197															0	3571		Fixation	8	429	326	0.95	95.34	207.75																				4901			619	326	619	326	429	326			248.53	158.76						341.72	216.18	779.18						0.00		4.98	4	0				
07/12/2018	3.3.2	Gaze Project	O4	3	M	Bilingual	G130	06/09/2018	89100	1280 x 720		Raw Data	Ord4_T3_L.avi	190	0	900	720									40867	10:16:29.888	1536226363661479															0	3572		Fixation	8	475	291	1.67	37.36	302.02																				4902			665	291	665	291	475	291			266.94	172.95						342.21	218.52	786.41						0.00		4.94	4	0				
07/12/2018	3.3.2	Gaze Project	O4	3	M	Bilingual	G130	06/09/2018	89100	1280 x 720		Raw Data	Ord4_T3_L.avi	190	0	900	720									40876	10:16:29.896	1536226363669815															0	3573		Fixation	8	407	307	2.04	193.28	155.93																				4903			597	307	597	307	407	307			239.72	166.47						340.92	211.51	765.18						0.00		4.86	4	0				
07/12/2018	3.3.2	Gaze Project	O4	3	M	Bilingual	G130	06/09/2018	89100	1280 x 720		Raw Data	Ord4_T3_L.avi	190	0	900	720									40884	10:16:29.905	1536226363678149															0			Unclassified	8																									4904	638	338			638	338	448	338	255.94	153.94					294.37	208.15	762.55		-34.01						788.99		4.66		0	4				
07/12/2018	3.3.2	Gaze Project	O4	3	M	Bilingual	G130	06/09/2018	89100	1280 x 720		Raw Data	Ord4_T3_L.avi	190	0	900	720									40892	10:16:29.913	1536226363686508															0			Unclassified	8																									4905	667	272			667	272	477	272	267.59	180.28					294.42	210.29	769.23		-34.01						796.01		4.60		0	4				
07/12/2018	3.3.2	Gaze Project	O4	3	M	Bilingual	G130	06/09/2018	89100	1280 x 720		Raw Data	Ord4_T3_L.avi	190	0	900	720									40901	10:16:29.921	1536226363694865															0	3574		Fixation	8	442	306	1.02	1.64	168.36																				4906			632	306	632	306	442	306			253.87	166.64						342.11	216.94	782.03						0.00		5.04	4	0				
07/12/2018	3.3.2	Gaze Project	O4	3	M	Bilingual	G130	06/09/2018	89100	1280 x 720		Raw Data	Ord4_T3_L.avi	190	0	900	720									40909	10:16:29.930	1536226363703139															0	3575		Fixation	8	435	270	1.07	100.97	99.33																				4907	639	373	625	270	632	321	442	321	256.58	139.66	250.88	181.38	253.73	160.52	294.54	214.84	783.41	342.24	217.45	783.67					810.89	810.89	4.96	4.94	0	0				
07/12/2018	3.3.2	Gaze Project	O4	3	M	Bilingual	G130	06/09/2018	89100	1280 x 720		Raw Data	Ord4_T3_L.avi	190	0	900	720									40917	10:16:29.938	1536226363711478															0			Unclassified	8																									4908	629	261			629	261	439	261	252.42	184.96					294.54	208.97	765.43		-34.01						791.99		4.55		0	4				
07/12/2018	3.3.2	Gaze Project	O4	3	M	Bilingual	G130	06/09/2018	89100	1280 x 720		Raw Data	Ord4_T3_L.avi	190	0	900	720									40926	10:16:29.946	1536226363719821															0			Unclassified	8																									4909	679	372			679	372	489	372	272.63	140.27					294.56	208.79	764.97		-34.01						791.50		4.74		0	4				
07/12/2018	3.3.2	Gaze Project	O4	3	M	Bilingual	G130	06/09/2018	89100	1280 x 720		Raw Data	Ord4_T3_L.avi	190	0	900	720									40934	10:16:29.955	1536226363728183															0			Unclassified	8																									4910	690	402			690	402	500	402	277.03	128.00					294.60	209.24	766.47		-34.01						793.07		4.80		0	4				
07/12/2018	3.3.2	Gaze Project	O4	3	M	Bilingual	G130	06/09/2018	89100	1280 x 720		Raw Data	Ord4_T3_L.avi	190	0	900	720									40942	10:16:29.963	1536226363736538															0	3576		Fixation	8	412	381	3.29	258.33	157.36																				4911	650	323	602	381	626	352	436	352	261.10	159.95	241.71	136.66	251.41	148.31	294.63	209.66	767.83	342.39	217.32	783.65					794.49	794.49	4.63	5.07	0	0				
07/12/2018	3.3.2	Gaze Project	O4	3	M	Bilingual	G130	06/09/2018	89100	1280 x 720		Raw Data	Ord4_T3_L.avi	190	0	900	720									40951	10:16:29.971	1536226363744806															0			Unclassified	8																									4912	651	306			651	306	461	306	261.17	166.72					294.71	214.39	782.54		-34.01						809.93		4.76		0	4				
07/12/2018	3.3.2	Gaze Project	O4	3	M	Bilingual	G130	06/09/2018	89100	1280 x 720		Raw Data	Ord4_T3_L.avi	190	0	900	720									40959	10:16:29.980	1536226363753122															0			Unclassified	8																									4913	650	319			650	319	460	319	260.75	161.49					294.72	213.57	780.09		-34.01						807.35		4.77		0	4				
07/12/2018	3.3.2	Gaze Project	O4	3	M	Bilingual	G130	06/09/2018	89100	1280 x 720		Raw Data	Ord4_T3_L.avi	190	0	900	720									40967	10:16:29.988	1536226363761493															0			Unclassified	8																									4914	639	293			639	293	449	293	256.47	172.08					294.74	214.20	782.15		-34.01						809.50		4.78		0	4				
07/12/2018	3.3.2	Gaze Project	O4	3	M	Bilingual	G130	06/09/2018	89100	1280 x 720		Raw Data	Ord4_T3_L.avi	190	0	900	720									40976	10:16:29.996	1536226363769846															0			Unclassified	8																									4915	639	366			639	366	449	366	256.57	142.40					294.70	206.80	759.43		-34.01						785.64		4.77		0	4				
07/12/2018	3.3.2	Gaze Project	O4	3	M	Bilingual	G130	06/09/2018	89100	1280 x 720		Raw Data	Ord4_T3_L.avi	190	0	900	720									40984	10:16:30.005	1536226363778126															0			Unclassified	8																									4916	680	387			680	387	490	387	272.97	134.29					294.77	214.73	784.00		-34.01						811.42		5.07		0	4				
07/12/2018	3.3.2	Gaze Project	O4	3	M	Bilingual	G130	06/09/2018	89100	1280 x 720		Raw Data	Ord4_T3_L.avi	190	0	900	720									40992	10:16:30.013	1536226363786466															0			Unclassified	8																									4917	629	317			629	317	439	317	252.51	162.28					294.74	207.52	761.88		-34.01						788.19		4.68		0	4				
07/12/2018	3.3.2	Gaze Project	O4	3	M	Bilingual	G130	06/09/2018	89100	1280 x 720		Raw Data	Ord4_T3_L.avi	190	0	900	720									41001	10:16:30.021	1536226363794797															0			Unclassified	8																									4918																			-34.01										4	4				
07/12/2018	3.3.2	Gaze Project	O4	3	M	Bilingual	G130	06/09/2018	89100	1280 x 720		Raw Data	Ord4_T3_L.avi	190	0	900	720									41009	10:16:30.030	1536226363803165															0			Unclassified	8																									4919	663	380			663	380	473	380	266.32	136.97					294.78	208.88	766.32		-34.01						792.83		4.90		0	4				
07/12/2018	3.3.2	Gaze Project	O4	3	M	Bilingual	G130	06/09/2018	89100	1280 x 720		Raw Data	Ord4_T3_L.avi	190	0	900	720									41017	10:16:30.038	1536226363811519															0	3577		Fixation	8	446	388	1.01	348.33	90.00																				4920	610	278	636	388	623	333	433	333	244.95	178.01	255.36	133.67	250.16	155.84	294.78	207.75	762.95	341.27	210.54	763.83					789.28	789.28	4.72	5.04	0	0				
07/12/2018	3.3.2	Gaze Project	O4	3	M	Bilingual	G130	06/09/2018	89100	1280 x 720		Raw Data	Ord4_T3_L.avi	190	0	900	720									41026	10:16:30.046	1536226363819787															0	3578		Fixation	8	446	240	4.42	90.00	101.67																				4921	664	402	636	240	650	321	460	321	266.54	128.13	255.29	193.27	260.91	160.70	294.80	207.60	762.61	341.34	210.77	764.68					788.91	788.91	4.82	4.84	0	0				
07/12/2018	3.3.2	Gaze Project	O4	3	M	Bilingual	G130	06/09/2018	89100	1280 x 720		Raw Data	Ord4_T3_L.avi	190	0	900	720									41034	10:16:30.055	1536226363828139															0			Unclassified	8																									4922	656	363			656	363	466	363	263.42	143.70					294.83	207.82	763.45		-34.01						789.78		4.70		0	4				
07/12/2018	3.3.2	Gaze Project	O4	3	M	Bilingual	G130	06/09/2018	89100	1280 x 720		Raw Data	Ord4_T3_L.avi	190	0	900	720									41042	10:16:30.063	1536226363836477															0			Unclassified	8																									4923	641	472			641	472	451	472	257.43	99.75					294.93	212.30	777.55		-34.01						804.55		4.97		0	4				
07/12/2018	3.3.2	Gaze Project	O4	3	M	Bilingual	G130	06/09/2018	89100	1280 x 720		Raw Data	Ord4_T3_L.avi	190	0	900	720									41051	10:16:30.071	1536226363844832															0			Unclassified	8																									4924	660	449			660	449	470	449	264.75	109.14					294.93	208.50	766.04		-34.01						792.45		4.78		0	4				
07/12/2018	3.3.2	Gaze Project	O4	3	M	Bilingual	G130	06/09/2018	89100	1280 x 720		Raw Data	Ord4_T3_L.avi	190	0	900	720									41059	10:16:30.080	1536226363853188															0			Unclassified	8																									4925	630	432			630	432	440	432	252.94	116.11					294.94	208.31	765.57		-34.01						791.94		4.79		0	4				
07/12/2018	3.3.2	Gaze Project	O4	3	M	Bilingual	G130	06/09/2018	89100	1280 x 720		Raw Data	Ord4_T3_L.avi	190	0	900	720									41067	10:16:30.088	1536226363861449															0			Unclassified	8																									4926	707	440			707	440	517	440	283.88	112.81					294.96	208.72	766.94		-34.01						793.38		4.77		0	4				
07/12/2018	3.3.2	Gaze Project	O4	3	M	Bilingual	G130	06/09/2018	89100	1280 x 720		Raw Data	Ord4_T3_L.avi	190	0	900	720									41076	10:16:30.096	1536226363869782															0			Unclassified	8																									4927	663	426			663	426	473	426	266.32	118.28					294.91	201.66	744.80		-34.01						770.17		4.41		0	4				
07/12/2018	3.3.2	Gaze Project	O4	3	M	Bilingual	G130	06/09/2018	89100	1280 x 720		Raw Data	Ord4_T3_L.avi	190	0	900	720									41084	10:16:30.105	1536226363878141															0			Unclassified	8																									4928	664	459			664	459	474	459	266.57	105.19					294.93	201.51	744.87		-34.01						770.18		4.63		0	4				
07/12/2018	3.3.2	Gaze Project	O4	3	M	Bilingual	G130	06/09/2018	89100	1280 x 720		Raw Data	Ord4_T3_L.avi	190	0	900	720									41092	10:16:30.113	1536226363886501															0			Unclassified	8																									4929	668	342			668	342	478	342	268.09	152.16					294.99	201.82	745.47		-34.01						770.85		4.41		0	4				
07/12/2018	3.3.2	Gaze Project	O4	3	M	Bilingual	G130	06/09/2018	89100	1280 x 720		Raw Data	Ord4_T3_L.avi	190	0	900	720									41101	10:16:30.121	1536226363894771															0			Unclassified	8																									4930	644	337			644	337	454	337	258.47	154.43					295.15	213.89	783.32		-34.01						810.54		4.78		0	4				
07/12/2018	3.3.2	Gaze Project	O4	3	M	Bilingual	G130	06/09/2018	89100	1280 x 720		Raw Data	Ord4_T3_L.avi	190	0	900	720									41109	10:16:30.130	1536226363903126															0			Unclassified	8																									4931	667	463			667	463	477	463	267.76	103.35					295.01	201.33	744.13		-34.01						769.43		4.60		0	4				
07/12/2018	3.3.2	Gaze Project	O4	3	M	Bilingual	G130	06/09/2018	89100	1280 x 720		Raw Data	Ord4_T3_L.avi	190	0	900	720									41117	10:16:30.138	1536226363911456															0			Unclassified	8																									4932	677	451			677	451	487	451	271.91	108.15					295.14	208.78	767.66		-34.01						794.09		4.78		0	4				
07/12/2018	3.3.2	Gaze Project	O4	3	M	Bilingual	G130	06/09/2018	89100	1280 x 720		Raw Data	Ord4_T3_L.avi	190	0	900	720									41126	10:16:30.146	1536226363919814															0	3579		Fixation	8	472	437	5.87	277.49	187.49																				4933	662	449	662	437	662	443	472	443	265.72	109.02	265.55	114.03	265.64	111.53	295.08	201.18	744.19	342.62	215.28	779.71					769.44	769.44	4.65	5.19	0	0				
07/12/2018	3.3.2	Gaze Project	O4	3	M	Bilingual	G130	06/09/2018	89100	1280 x 720		Raw Data	Ord4_T3_L.avi	190	0	900	720									41134	10:16:30.155	1536226363928169															0	3580		Fixation	8	490	382	1.70	71.93	154.44																				4934	637	477	680	382	658	429	468	429	255.53	97.70	273.05	136.25	264.29	116.98	295.20	209.00	768.40	341.53	209.47	761.94					794.86	794.86	4.77	4.97	0	0				
07/12/2018	3.3.2	Gaze Project	O4	3	M	Bilingual	G130	06/09/2018	89100	1280 x 720		Raw Data	Ord4_T3_L.avi	190	0	900	720									41142	10:16:30.163	1536226363936418															0			Unclassified	8																									4935	660	426			660	426	470	426	264.90	118.22					295.14	201.07	743.46		-34.01						768.71		4.48		0	4				
07/12/2018	3.3.2	Gaze Project	O4	3	M	Bilingual	G130	06/09/2018	89100	1280 x 720		Raw Data	Ord4_T3_L.avi	190	0	900	720									41151	10:16:30.171	1536226363944772															0			Unclassified	8																									4936	666	433			666	433	476	433	267.53	115.48					295.20	201.24	743.97		-34.01						769.26		4.55		0	4				
07/12/2018	3.3.2	Gaze Project	O4	3	M	Bilingual	G130	06/09/2018	89100	1280 x 720		Raw Data	Ord4_T3_L.avi	190	0	900	720									41159	10:16:30.180	1536226363953127															0	3581		Fixation	8	495	420	1.13	277.47	205.54																				4937	610	430	685	420	647	425	457	425	244.90	116.81	274.83	120.97	259.86	118.89	295.38	213.57	782.47	342.71	214.89	778.36					809.65	809.65	4.87	5.11	0	0				
07/12/2018	3.3.2	Gaze Project	O4	3	M	Bilingual	G130	06/09/2018	89100	1280 x 720		Raw Data	Ord4_T3_L.avi	190	0	900	720									41167	10:16:30.188	1536226363961486															0			Unclassified	8																									4938	674	462			674	462	484	462	270.43	103.91					295.34	207.37	763.23		-34.01						789.45		4.69		0	4				
07/12/2018	3.3.2	Gaze Project	O4	3	M	Bilingual	G130	06/09/2018	89100	1280 x 720		Raw Data	Ord4_T3_L.avi	190	0	900	720									41176	10:16:30.196	1536226363969840															0			Unclassified	8																									4939	642	386			642	386	452	386	257.85	134.57					295.40	208.11	765.41		-34.01						791.76		4.70		0	4				
07/12/2018	3.3.2	Gaze Project	O4	3	M	Bilingual	G130	06/09/2018	89100	1280 x 720		Raw Data	Ord4_T3_L.avi	190	0	900	720									41184	10:16:30.205	1536226363978110															0			Unclassified	8																									4940	647	406			647	406	457	406	259.69	126.59					295.40	201.81	745.37		-34.01						770.77		4.43		0	4				
07/12/2018	3.3.2	Gaze Project	O4	3	M	Bilingual	G130	06/09/2018	89100	1280 x 720		Raw Data	Ord4_T3_L.avi	190	0	900	720									41192	10:16:30.213	1536226363986438															0			Unclassified	8																									4941	633	388			633	388	443	388	254.26	133.73					295.60	214.84	785.91		-34.01						813.32		4.84		0	4				
07/12/2018	3.3.2	Gaze Project	O4	3	M	Bilingual	G130	06/09/2018	89100	1280 x 720		Raw Data	Ord4_T3_L.avi	190	0	900	720									41201	10:16:30.221	1536226363994795															0			Unclassified	8																									4942																			-34.01										4	4				
07/12/2018	3.3.2	Gaze Project	O4	3	M	Bilingual	G130	06/09/2018	89100	1280 x 720		Raw Data	Ord4_T3_L.avi	190	0	900	720									41209	10:16:30.230	1536226364003154															0			Unclassified	8																									4943	661	380			661	380	471	380	265.26	136.78					295.57	201.99	745.30		-34.01						770.77		4.34		0	4				
07/12/2018	3.3.2	Gaze Project	O4	3	M	Bilingual	G130	06/09/2018	89100	1280 x 720		Raw Data	Ord4_T3_L.avi	190	0	900	720									41217	10:16:30.238	1536226364011433															0			Unclassified	8																									4944	686	417			686	417	496	417	275.50	121.83					295.63	201.85	744.58		-34.01						770.04		4.35		0	4				
07/12/2018	3.3.2	Gaze Project	O4	3	M	Bilingual	G130	06/09/2018	89100	1280 x 720		Raw Data	Ord4_T3_L.avi	190	0	900	720									41226	10:16:30.246	1536226364019770															0			Unclassified	8																									4945	673	329			673	329	483	329	270.12	157.63					295.72	202.00	744.73		-34.01						770.24		4.15		0	4				
07/12/2018	3.3.2	Gaze Project	O4	3	M	Bilingual	G130	06/09/2018	89100	1280 x 720		Raw Data	Ord4_T3_L.avi	190	0	900	720									41234	10:16:30.255	1536226364028105															0	3582		Fixation	8	444	492	2.56	234.78	317.30																				4946	616	279	634	492	625	385	435	385	247.19	177.76	254.38	91.99	250.78	134.87	296.01	214.90	784.60	342.49	211.49	766.06					812.11	812.11	4.40	5.12	0	0				
07/12/2018	3.3.2	Gaze Project	O4	3	M	Bilingual	G130	06/09/2018	89100	1280 x 720		Raw Data	Ord4_T3_L.avi	190	0	900	720									41242	10:16:30.263	1536226364036464															0	3583		Fixation	8	471	386	3.17	75.75	200.98																				4947	694	363	661	386	677	374	487	374	278.53	143.89	265.34	134.57	271.94	139.23	295.92	202.60	745.90	343.84	217.92	785.38					771.54	771.54	4.39	5.09	0	0				
07/12/2018	3.3.2	Gaze Project	O4	3	M	Bilingual	G130	06/09/2018	89100	1280 x 720		Raw Data	Ord4_T3_L.avi	190	0	900	720									41251	10:16:30.271	1536226364044821															0			Unclassified	8																									4948	636	321			636	321	446	321	255.44	160.57					296.22	215.36	785.33		-34.01						812.95		4.77		0	4				
07/12/2018	3.3.2	Gaze Project	O4	3	M	Bilingual	G130	06/09/2018	89100	1280 x 720		Raw Data	Ord4_T3_L.avi	190	0	900	720									41259	10:16:30.280	1536226364053082															0			Unclassified	8																									4949	662	356			662	356	472	356	265.71	146.75					296.11	202.86	746.07		-34.01						771.79		4.36		0	4				
07/12/2018	3.3.2	Gaze Project	O4	3	M	Bilingual	G130	06/09/2018	89100	1280 x 720		Raw Data	Ord4_T3_L.avi	190	0	900	720									41267	10:16:30.288	1536226364061429															0			Unclassified	8																									4950	648	483			648	483	458	483	260.16	95.63					296.24	202.81	746.08		-34.01						771.80		4.71		0	4				
07/12/2018	3.3.2	Gaze Project	O4	3	M	Bilingual	G130	06/09/2018	89100	1280 x 720		Raw Data	Ord4_T3_L.avi	190	0	900	720									41276	10:16:30.296	1536226364069778															0			Unclassified	8																									4951	634	361			634	361	444	361	254.36	144.55					296.33	202.87	746.06		-34.01						771.80		4.37		0	4				
07/12/2018	3.3.2	Gaze Project	O4	3	M	Bilingual	G130	06/09/2018	89100	1280 x 720		Raw Data	Ord4_T3_L.avi	190	0	900	720									41284	10:16:30.305	1536226364078136															0			Unclassified	8																									4952	669	436			669	436	479	436	268.65	114.40					296.45	202.92	746.04		-34.01						771.80		4.53		0	4				
07/12/2018	3.3.2	Gaze Project	O4	3	M	Bilingual	G130	06/09/2018	89100	1280 x 720		Raw Data	Ord4_T3_L.avi	190	0	900	720									41292	10:16:30.313	1536226364086493															0	3584		Fixation	8	441	420	1.30	228.67	152.91																				4953	654	485	631	420	642	452	452	452	262.47	94.62	253.12	120.81	257.79	107.72	296.54	202.94	746.03	344.55	218.67	786.51					771.81	771.81	4.60	5.31	0	0				
07/12/2018	3.3.2	Gaze Project	O4	3	M	Bilingual	G130	06/09/2018	89100	1280 x 720		Raw Data	Ord4_T3_L.avi	190	0	900	720									41301	10:16:30.321	1536226364094752															0			Unclassified	8																									4954	687	320			687	320	497	320	275.67	161.18					296.61	203.04	745.91		-34.01						771.73		4.25		0	4				
07/12/2018	3.3.2	Gaze Project	O4	3	M	Bilingual	G130	06/09/2018	89100	1280 x 720		Raw Data	Ord4_T3_L.avi	190	0	900	720									41309	10:16:30.330	1536226364103085															0	3585		Fixation	8	447	428	0.29	306.78	78.11																				4955	637	429	637	428	637	428	447	428	255.80	117.19	255.72	117.77	255.76	117.48	296.88	210.44	769.23	344.70	218.44	785.93					796.17	796.17	4.64	5.12	0	0				
07/12/2018	3.3.2	Gaze Project	O4	3	M	Bilingual	G130	06/09/2018	89100	1280 x 720		Raw Data	Ord4_T3_L.avi	190	0	900	720									41317	10:16:30.338	1536226364111445															0			Unclassified	8																									4956	636	466			636	466	446	466	255.14	102.48					296.85	202.84	745.99		-34.01						771.75		4.55		0	4				
07/12/2018	3.3.2	Gaze Project	O4	3	M	Bilingual	G130	06/09/2018	89100	1280 x 720		Raw Data	Ord4_T3_L.avi	190	0	900	720									41326	10:16:30.346	1536226364119803															0	3586		Fixation	8	435	405	0.73	117.48	170.70																				4957	660	372	625	405	642	388	452	388	264.92	140.10	250.82	126.98	257.87	133.54	297.07	210.76	770.62	347.22	230.09	821.85					797.60	797.60	4.72	5.51	0	0				
07/12/2018	3.3.2	Gaze Project	O4	3	M	Bilingual	G130	06/09/2018	89100	1280 x 720		Raw Data	Ord4_T3_L.avi	190	0	900	720									41334	10:16:30.355	1536226364128074															0			Unclassified	8																									4958	596	405			596	405	406	405	239.30	126.87					297.31	217.86	792.83		-34.01						820.90		4.92		0	4				
07/12/2018	3.3.2	Gaze Project	O4	3	M	Bilingual	G130	06/09/2018	89100	1280 x 720		Raw Data	Ord4_T3_L.avi	190	0	900	720									41342	10:16:30.363	1536226364136420															0			Unclassified	8																									4959	646	480			646	480	456	480	259.38	96.81					297.35	217.40	791.76		-34.01						819.74		4.99		0	4				
07/12/2018	3.3.2	Gaze Project	O4	3	M	Bilingual	G130	06/09/2018	89100	1280 x 720		Raw Data	Ord4_T3_L.avi	190	0	900	720									41351	10:16:30.371	1536226364144765															0			Unclassified	8																									4960																			-34.01										4	4				
07/12/2018	3.3.2	Gaze Project	O4	3	M	Bilingual	G130	06/09/2018	89100	1280 x 720		Raw Data	Ord4_T3_L.avi	190	0	900	720									41359	10:16:30.380	1536226364153108															0	3587		Fixation	8	426	432	0.77	251.62	134.14																				4961	665	381	616	432	640	406	450	406	267.00	136.58	247.45	115.96	257.23	126.27	297.54	219.38	798.59	347.84	231.65	828.06					826.86	826.86	4.97	5.64	0	0				
07/12/2018	3.3.2	Gaze Project	O4	3	M	Bilingual	G130	06/09/2018	89100	1280 x 720		Raw Data	Ord4_T3_L.avi	190	0	900	720									41367	10:16:30.388	1536226364161475															0			Unclassified	8																									4962	628	461			628	461	438	461	252.02	104.46					297.55	218.11	795.06		-34.01						823.10		5.04		0	4				
07/12/2018	3.3.2	Gaze Project	O4	3	M	Bilingual	G130	06/09/2018	89100	1280 x 720		Raw Data	Ord4_T3_L.avi	190	0	900	720									41376	10:16:30.396	1536226364169747															0			Unclassified	8																									4963																			-34.01										4	4				
07/12/2018	3.3.2	Gaze Project	O4	3	M	Bilingual	G130	06/09/2018	89100	1280 x 720		Raw Data	Ord4_T3_L.avi	190	0	900	720									41384	10:16:30.405	1536226364178076															0	3588		Fixation	8	430	526	2.60	272.43	20.81																				4964	662	410	620	526	641	468	451	468	265.91	124.75	248.98	78.26	257.44	101.51	297.53	214.94	785.97	345.40	218.87	789.94					813.50	813.50	4.89	5.34	0	0				
07/12/2018	3.3.2	Gaze Project	O4	3	M	Bilingual	G130	06/09/2018	89100	1280 x 720		Raw Data	Ord4_T3_L.avi	190	0	900	720									41392	10:16:30.413	1536226364186432															0			Unclassified	8																									4965	700	428			700	428	510	428	280.97	117.65					297.28	202.89	748.56		-34.01						774.23		4.57		0	4				
07/12/2018	3.3.2	Gaze Project	O4	3	M	Bilingual	G130	06/09/2018	89100	1280 x 720		Raw Data	Ord4_T3_L.avi	190	0	900	720									41401	10:16:30.421	1536226364194785															0	3589		Fixation	8	401	534	0.86	195.47	283.04																				4966			591	534	591	534	401	534			237.27	74.71						342.92	206.33	752.04						0.00		4.94	4	0				
07/12/2018	3.3.2	Gaze Project	O4	3	M	Bilingual	G130	06/09/2018	89100	1280 x 720		Raw Data	Ord4_T3_L.avi	190	0	900	720									41409	10:16:30.430	1536226364203059															0			Unclassified	8																									4967																			-34.01										4	4				
07/12/2018	3.3.2	Gaze Project	O4	3	M	Bilingual	G130	06/09/2018	89100	1280 x 720		Raw Data	Ord4_T3_L.avi	190	0	900	720									41417	10:16:30.438	1536226364211404															0	3590		Fixation	8	346	513	1.75	159.04	323.57																				4968	659	535	536	513	597	524	407	524	264.58	74.46	215.27	83.39	239.93	78.93	297.39	203.32	750.79	342.94	206.12	751.58					776.49	776.49	4.95	4.94	0	0				
07/12/2018	3.3.2	Gaze Project	O4	3	M	Bilingual	G130	06/09/2018	89100	1280 x 720		Raw Data	Ord4_T3_L.avi	190	0	900	720									41426	10:16:30.446	1536226364219745															0	3591		Fixation	8	420	452	2.82	39.59	240.55																				4969			610	452	610	452	420	452			244.81	108.07						342.91	205.90	750.96						0.00		4.74	4	0				
07/12/2018	3.3.2	Gaze Project	O4	3	M	Bilingual	G130	06/09/2018	89100	1280 x 720		Raw Data	Ord4_T3_L.avi	190	0	900	720									41434	10:16:30.455	1536226364228099															0	3592		Fixation	8	415	480	0.85	259.91	220.32																				4970			605	480	605	480	415	480			242.65	96.76						342.86	205.55	749.89						0.00		4.81	4	0				
07/12/2018	3.3.2	Gaze Project	O4	3	M	Bilingual	G130	06/09/2018	89100	1280 x 720		Raw Data	Ord4_T3_L.avi	190	0	900	720									41442	10:16:30.463	1536226364236456															0			Unclassified	8																									4971	625	190			625	190	435	190	250.84	213.25					297.42	202.01	746.41		-34.01						771.92		3.59		0	4				
07/12/2018	3.3.2	Gaze Project	O4	3	M	Bilingual	G130	06/09/2018	89100	1280 x 720		Raw Data	Ord4_T3_L.avi	190	0	900	720									41451	10:16:30.471	1536226364244729															0	3593		Fixation	8	450	418	2.12	60.63	160.73																				4972	593	224	640	418	616	321	426	321	238.04	199.67	256.89	121.45	247.46	160.56	297.44	202.06	746.52	342.97	205.91	750.91					772.05	772.05	3.91	4.55	0	0				
07/12/2018	3.3.2	Gaze Project	O4	3	M	Bilingual	G130	06/09/2018	89100	1280 x 720		Raw Data	Ord4_T3_L.avi	190	0	900	720									41459	10:16:30.480	1536226364253078															0	3594		Fixation	8	442	296	3.71	93.74	33.11																				4973	705	130	632	296	668	213	478	213	283.08	237.52	253.74	170.89	268.41	204.20	302.60	218.78	797.65	343.04	206.18	751.68					826.04	826.04	3.71	4.41	0	0				
07/12/2018	3.3.2	Gaze Project	O4	3	M	Bilingual	G130	06/09/2018	89100	1280 x 720		Raw Data	Ord4_T3_L.avi	190	0	900	720									41467	10:16:30.488	1536226364261415															0			Unclassified	8																									4974	784	150			784	150	594	150	314.53	229.37					297.53	204.86	755.47		-34.01						781.42		3.18		0	4				
07/12/2018	3.3.2	Gaze Project	O4	3	M	Bilingual	G130	06/09/2018	89100	1280 x 720		Raw Data	Ord4_T3_L.avi	190	0	900	720									41476	10:16:30.496	1536226364269774															0	3595		Fixation	8	422	394	3.02	258.50	164.76																				4975			612	394	612	394	422	394			245.70	131.11						343.13	206.48	752.48						0.00		4.66	4	0				
07/12/2018	3.3.2	Gaze Project	O4	3	M	Bilingual	G130	06/09/2018	89100	1280 x 720		Raw Data	Ord4_T3_L.avi	190	0	900	720									41484	10:16:30.505	1536226364278126															0	3596		Fixation	8	403	418	0.91	231.72	333.22																				4976			593	418	593	418	403	418			237.89	121.68						343.25	207.01	754.06						0.00		4.63	4	0				
07/12/2018	3.3.2	Gaze Project	O4	3	M	Bilingual	G130	06/09/2018	89100	1280 x 720		Raw Data	Ord4_T3_L.avi	190	0	900	720									41492	10:16:30.513	1536226364286393															0			Unclassified	8																									4977	638	481			638	481	448	481	256.04	96.41					297.71	210.89	773.96		-34.01						800.85		4.92		0	4				
07/12/2018	3.3.2	Gaze Project	O4	3	M	Bilingual	G130	06/09/2018	89100	1280 x 720		Raw Data	Ord4_T3_L.avi	190	0	900	720									41501	10:16:30.521	1536226364294720															0			Unclassified	8																									4978																			-34.01										4	4				
07/12/2018	3.3.2	Gaze Project	O4	3	M	Bilingual	G130	06/09/2018	89100	1280 x 720		Raw Data	Ord4_T3_L.avi	190	0	900	720									41509	10:16:30.530	1536226364303080															0			Unclassified	8																									4979	625	444			625	444	435	444	250.98	111.20					297.75	211.40	775.42		-34.01						802.39		4.82		0	4				
07/12/2018	3.3.2	Gaze Project	O4	3	M	Bilingual	G130	06/09/2018	89100	1280 x 720		Raw Data	Ord4_T3_L.avi	190	0	900	720									41517	10:16:30.538	1536226364311439															0			Unclassified	8																									4980																			-34.01										4	4				
07/12/2018	3.3.2	Gaze Project	O4	3	M	Bilingual	G130	06/09/2018	89100	1280 x 720		Raw Data	Ord4_T3_L.avi	190	0	900	720									41526	10:16:30.546	1536226364319713															0			Unclassified	8																									4981	623	396			623	396	433	396	250.19	130.48					297.98	219.58	800.62		-34.01						828.87		5.12		0	4				
07/12/2018	3.3.2	Gaze Project	O4	3	M	Bilingual	G130	06/09/2018	89100	1280 x 720		Raw Data	Ord4_T3_L.avi	190	0	900	720									41534	10:16:30.555	1536226364328060															0			Unclassified	8																									4982	621	448			621	448	431	448	249.33	109.36					297.97	219.35	799.92		-34.01						828.13		5.12		0	4				
07/12/2018	3.3.2	Gaze Project	O4	3	M	Bilingual	G130	06/09/2018	89100	1280 x 720		Raw Data	Ord4_T3_L.avi	190	0	900	720									41542	10:16:30.563	1536226364336386															0			Unclassified	8																									4983	604	415			604	415	414	415	242.54	122.98					298.00	220.73	804.15		-34.01						832.58		5.06		0	4				
07/12/2018	3.3.2	Gaze Project	O4	3	M	Bilingual	G130	06/09/2018	89100	1280 x 720		Raw Data	Ord4_T3_L.avi	190	0	900	720									41551	10:16:30.571	1536226364344754															0			Unclassified	8																									4984	617	379			617	379	427	379	247.55	137.23					298.00	220.86	804.54		-34.01						832.98		4.99		0	4				
07/12/2018	3.3.2	Gaze Project	O4	3	M	Bilingual	G130	06/09/2018	89100	1280 x 720		Raw Data	Ord4_T3_L.avi	190	0	900	720									41559	10:16:30.580	1536226364353111															0			Unclassified	8																									4985	615	453			615	453	425	453	247.03	107.36					297.73	211.25	774.87		-34.01						801.83		4.96		0	4				
07/12/2018	3.3.2	Gaze Project	O4	3	M	Bilingual	G130	06/09/2018	89100	1280 x 720		Raw Data	Ord4_T3_L.avi	190	0	900	720									41567	10:16:30.588	1536226364361379															0			Unclassified	8																									4986	626	408			626	408	436	408	251.14	125.82					297.71	210.98	774.07		-34.01						800.98		4.83		0	4				
07/12/2018	3.3.2	Gaze Project	O4	3	M	Bilingual	G130	06/09/2018	89100	1280 x 720		Raw Data	Ord4_T3_L.avi	190	0	900	720									41576	10:16:30.596	1536226364369737															0			Unclassified	8																									4987	626	443			626	443	436	443	251.21	111.52					297.68	210.63	773.02		-34.01						799.87		4.93		0	4				
07/12/2018	3.3.2	Gaze Project	O4	3	M	Bilingual	G130	06/09/2018	89100	1280 x 720		Raw Data	Ord4_T3_L.avi	190	0	900	720									41584	10:16:30.605	1536226364378064															0			Unclassified	8																									4988	639	449			639	449	449	449	256.56	109.27					297.77	215.93	789.45		-34.01						817.12		5.15		0	4				
07/12/2018	3.3.2	Gaze Project	O4	3	M	Bilingual	G130	06/09/2018	89100	1280 x 720		Raw Data	Ord4_T3_L.avi	190	0	900	720									41592	10:16:30.613	1536226364386422															0			Unclassified	8																									4989	634	468			634	468	444	468	254.58	101.28					297.74	215.89	789.36		-34.01						817.02		5.19		0	4				
07/12/2018	3.3.2	Gaze Project	O4	3	M	Bilingual	G130	06/09/2018	89100	1280 x 720		Raw Data	Ord4_T3_L.avi	190	0	900	720									41601	10:16:30.621	1536226364394779															0			Unclassified	8																									4990	601	416			601	416	411	416	241.40	122.59					297.77	218.35	797.03		-34.01						825.07		5.00		0	4				
07/12/2018	3.3.2	Gaze Project	O4	3	M	Bilingual	G130	06/09/2018	89100	1280 x 720		Raw Data	Ord4_T3_L.avi	190	0	900	720									41609	10:16:30.630	1536226364403042															0			Unclassified	8																									4991																			-34.01										4	4				
07/12/2018	3.3.2	Gaze Project	O4	3	M	Bilingual	G130	06/09/2018	89100	1280 x 720		Raw Data	Ord4_T3_L.avi	190	0	900	720									41617	10:16:30.638	1536226364411377															0			Unclassified	8																									4992	617	473			617	473	427	473	247.75	99.44					297.54	216.02	790.01		-34.01						817.67		5.03		0	4				
07/12/2018	3.3.2	Gaze Project	O4	3	M	Bilingual	G130	06/09/2018	89100	1280 x 720		Raw Data	Ord4_T3_L.avi	190	0	900	720									41626	10:16:30.646	1536226364419733															0			Unclassified	8																									4993	563	491			563	491	373	491	225.80	92.08					297.51	216.97	793.03		-34.01						820.83		4.92		0	4				
07/12/2018	3.3.2	Gaze Project	O4	3	M	Bilingual	G130	06/09/2018	89100	1280 x 720		Raw Data	Ord4_T3_L.avi	190	0	900	720									41634	10:16:30.655	1536226364428092															0			Unclassified	8																									4994	608	508			608	508	418	508	244.23	85.28					297.28	209.87	771.20		-34.01						797.89		4.72		0	4				
07/12/2018	3.3.2	Gaze Project	O4	3	M	Bilingual	G130	06/09/2018	89100	1280 x 720		Raw Data	Ord4_T3_L.avi	190	0	900	720									41642	10:16:30.663	1536226364436337															0			Unclassified	8																									4995	579	373	316	357	447	365	257	365	232.37	139.75	126.87	146.05	179.62	142.90	302.70	220.28	802.49	302.69	220.28	802.49					831.11	831.11	4.87	4.90	1	3				
07/12/2018	3.3.2	Gaze Project	O4	3	M	Bilingual	G130	06/09/2018	89100	1280 x 720		Raw Data	Ord4_T3_L.avi	190	0	900	720									41651	10:16:30.671	1536226364444693															0			Unclassified	8																									4996	627	509			627	509	437	509	251.72	84.80					297.30	216.16	790.74		-34.01						818.40		4.84		0	4				
07/12/2018	3.3.2	Gaze Project	O4	3	M	Bilingual	G130	06/09/2018	89100	1280 x 720		Raw Data	Ord4_T3_L.avi	190	0	900	720									41659	10:16:30.680	1536226364453049															0			Unclassified	8																									4997																			-34.01										4	4				
07/12/2018	3.3.2	Gaze Project	O4	3	M	Bilingual	G130	06/09/2018	89100	1280 x 720		Raw Data	Ord4_T3_L.avi	190	0	900	720									41667	10:16:30.688	1536226364461409															0			Unclassified	8																									4998	588	479			588	479	398	479	236.06	96.88					297.06	210.63	773.70		-34.01						800.49		4.77		0	4				
07/12/2018	3.3.2	Gaze Project	O4	3	M	Bilingual	G130	06/09/2018	89100	1280 x 720		Raw Data	Ord4_T3_L.avi	190	0	900	720									41676	10:16:30.696	1536226364469760															0			Unclassified	8																									4999																			-34.01										4	4				
07/12/2018	3.3.2	Gaze Project	O4	3	M	Bilingual	G130	06/09/2018	89100	1280 x 720		Raw Data	Ord4_T3_L.avi	190	0	900	720									41684	10:16:30.705	1536226364478032															0			Unclassified	8																									5000																			-34.01										4	4				
07/12/2018	3.3.2	Gaze Project	O4	3	M	Bilingual	G130	06/09/2018	89100	1280 x 720		Raw Data	Ord4_T3_L.avi	190	0	900	720									41692	10:16:30.713	1536226364486371															0			Unclassified	8																									5001																			-34.01										4	4				
07/12/2018	3.3.2	Gaze Project	O4	3	M	Bilingual	G130	06/09/2018	89100	1280 x 720		Raw Data	Ord4_T3_L.avi	190	0	900	720									41701	10:16:30.721	1536226364494716															0			Unclassified	8																									5002																			-34.01										4	4				
07/12/2018	3.3.2	Gaze Project	O4	3	M	Bilingual	G130	06/09/2018	89100	1280 x 720		Raw Data	Ord4_T3_L.avi	190	0	900	720									41709	10:16:30.730	1536226364503079															0			Unclassified	8																									5003	571	527	309	492	440	509	250	509	229.32	77.76	123.84	91.85	176.58	84.81	296.80	210.62	773.70	296.90	215.98	790.28					800.48	800.48	4.78	4.91	2	2				
07/12/2018	3.3.2	Gaze Project	O4	3	M	Bilingual	G130	06/09/2018	89100	1280 x 720		Raw Data	Ord4_T3_L.avi	190	0	900	720									41717	10:16:30.738	1536226364511429															0			Unclassified	8																									5004	646	140	342	130	494	135	304	135	259.15	233.50	137.17	237.45	198.16	235.48	314.93	261.94	931.36	314.93	261.94	931.36					967.02	967.02	5.74	5.78	1	3				
07/12/2018	3.3.2	Gaze Project	O4	3	M	Bilingual	G130	06/09/2018	89100	1280 x 720		Raw Data	Ord4_T3_L.avi	190	0	900	720									41726	10:16:30.746	1536226364519698															0			Unclassified	8																									5005																			-34.01										4	4				
07/12/2018	3.3.2	Gaze Project	O4	3	M	Bilingual	G130	06/09/2018	89100	1280 x 720		Raw Data	Ord4_T3_L.avi	190	0	900	720									41734	10:16:30.755	1536226364528028															0			Unclassified	8																									5006	506	245	516	729	511	487	321	487	203.23	191.32	207.25	-3.74	205.24	93.79	297.66	261.63	931.48	294.92	104.36	445.01					966.16	966.16	5.79	2.78	2	2				
07/12/2018	3.3.2	Gaze Project	O4	3	M	Bilingual	G130	06/09/2018	89100	1280 x 720		Raw Data	Ord4_T3_L.avi	190	0	900	720									41742	10:16:30.763	1536226364536390															0			Unclassified	8																									5007																			-34.01										4	4				
07/12/2018	3.3.2	Gaze Project	O4	3	M	Bilingual	G130	06/09/2018	89100	1280 x 720		Raw Data	Ord4_T3_L.avi	190	0	900	720									41751	10:16:30.771	1536226364544743															0			Unclassified	8																									5008	619	353	536	681	577	517	387	517	248.53	147.76	215.29	15.85	231.91	81.80	296.47	202.32	747.14	266.13	104.51	444.94					772.67	772.67	4.29	2.56	1	3				
07/12/2018	3.3.2	Gaze Project	O4	3	M	Bilingual	G130	06/09/2018	89100	1280 x 720		Raw Data	Ord4_T3_L.avi	190	0	900	720									41759	10:16:30.780	1536226364553013															0			Unclassified	8																									5009																			-34.01										4	4				
07/12/2018	3.3.2	Gaze Project	O4	3	M	Bilingual	G130	06/09/2018	89100	1280 x 720		Raw Data	Ord4_T3_L.avi	190	0	900	720									41767	10:16:30.788	1536226364561351															0			Unclassified	8																									5010																			-34.01										4	4				
07/12/2018	3.3.2	Gaze Project	O4	3	M	Bilingual	G130	06/09/2018	89100	1280 x 720		Raw Data	Ord4_T3_L.avi	190	0	900	720									41776	10:16:30.796	1536226364569697															0			Unclassified	8																									5011																			-34.01										4	4				
07/12/2018	3.3.2	Gaze Project	O4	3	M	Bilingual	G130	06/09/2018	89100	1280 x 720		Raw Data	Ord4_T3_L.avi	190	0	900	720									41784	10:16:30.805	1536226364578041															0	3597		Fixation	8	372	511	2.86	251.62	19.90																				5012	639	451	562	511	600	481	410	481	256.35	108.44	225.53	84.14	240.94	96.29	296.63	210.58	773.32	343.38	212.48	770.71					800.09	800.09	4.73	5.06	0	0				
07/12/2018	3.3.2	Gaze Project	O4	3	M	Bilingual	G130	06/09/2018	89100	1280 x 720		Raw Data	Ord4_T3_L.avi	190	0	900	720									41792	10:16:30.813	1536226364586413															0			Unclassified	8																									5013																			-34.01										4	4				
07/12/2018	3.3.2	Gaze Project	O4	3	M	Bilingual	G130	06/09/2018	89100	1280 x 720		Raw Data	Ord4_T3_L.avi	190	0	900	720									41801	10:16:30.821	1536226364594679															0			Unclassified	8																									5014																			-34.01										4	4				
07/12/2018	3.3.2	Gaze Project	O4	3	M	Bilingual	G130	06/09/2018	89100	1280 x 720		Raw Data	Ord4_T3_L.avi	190	0	900	720									41809	10:16:30.830	1536226364603021															0			Unclassified	8																									5015	648	119			648	119	458	119	260.01	242.00					296.69	215.61	788.72		-34.01						816.27		3.02		0	4				
07/12/2018	3.3.2	Gaze Project	O4	3	M	Bilingual	G130	06/09/2018	89100	1280 x 720		Raw Data	Ord4_T3_L.avi	190	0	900	720									41817	10:16:30.838	1536226364611365															0			Unclassified	8																									5016	611	496			611	496	421	496	245.21	90.38					296.71	216.33	790.91		-34.01						818.58		4.69		0	4				
07/12/2018	3.3.2	Gaze Project	O4	3	M	Bilingual	G130	06/09/2018	89100	1280 x 720		Raw Data	Ord4_T3_L.avi	190	0	900	720									41826	10:16:30.846	1536226364619724															0	3598		Fixation	8	393	315	5.29	83.90	192.28																				5017	733	487	583	315	658	401	468	401	294.35	94.02	233.90	163.29	264.12	128.66	322.77	217.37	789.36	366.50	254.59	898.34					819.11	819.11	4.96	5.78	3	1				
07/12/2018	3.3.2	Gaze Project	O4	3	M	Bilingual	G130	06/09/2018	89100	1280 x 720		Raw Data	Ord4_T3_L.avi	190	0	900	720									41834	10:16:30.855	1536226364628080															0			Unclassified	8																									5018	616	503			616	503	426	503	247.13	87.21					296.68	215.35	787.89		-34.01						815.41		4.94		0	4				
07/12/2018	3.3.2	Gaze Project	O4	3	M	Bilingual	G130	06/09/2018	89100	1280 x 720		Raw Data	Ord4_T3_L.avi	190	0	900	720									41842	10:16:30.863	1536226364636347															0			Unclassified	8																									5019																			-34.01										4	4				
07/12/2018	3.3.2	Gaze Project	O4	3	M	Bilingual	G130	06/09/2018	89100	1280 x 720		Raw Data	Ord4_T3_L.avi	190	0	900	720									41851	10:16:30.871	1536226364644676															0			Unclassified	8																									5020	630	529			630	529	440	529	252.71	77.00					296.67	214.82	786.32		-34.01						813.75		4.95		0	4				
07/12/2018	3.3.2	Gaze Project	O4	3	M	Bilingual	G130	06/09/2018	89100	1280 x 720		Raw Data	Ord4_T3_L.avi	190	0	900	720									41859	10:16:30.880	1536226364653043															0			Unclassified	8																									5021	552	471			552	471	362	471	221.59	100.31					296.69	216.08	790.32		-34.01						817.94		4.90		0	4				
07/12/2018	3.3.2	Gaze Project	O4	3	M	Bilingual	G130	06/09/2018	89100	1280 x 720		Raw Data	Ord4_T3_L.avi	190	0	900	720									41867	10:16:30.888	1536226364661387															0			Unclassified	8																									5022	533	485			533	485	343	485	213.87	94.75					296.69	216.14	790.62		-34.01						818.24		4.76		0	4				
07/12/2018	3.3.2	Gaze Project	O4	3	M	Bilingual	G130	06/09/2018	89100	1280 x 720		Raw Data	Ord4_T3_L.avi	190	0	900	720									41876	10:16:30.896	1536226364669662															0	3599		Fixation	8	411	503	5.08	275.45	191.55																				5023	587	529	601	503	594	516	404	516	235.82	77.05	241.31	87.21	238.56	82.13	296.70	216.93	793.17	343.51	213.14	773.00					820.91	820.91	5.05	5.14	0	0				
07/12/2018	3.3.2	Gaze Project	O4	3	M	Bilingual	G130	06/09/2018	89100	1280 x 720		Raw Data	Ord4_T3_L.avi	190	0	900	720									41884	10:16:30.905	1536226364678019															0			Unclassified	8																									5024	585	486			585	486	395	486	234.73	94.06					296.68	216.22	791.11		-34.01						818.73		4.88		0	4				
07/12/2018	3.3.2	Gaze Project	O4	3	M	Bilingual	G130	06/09/2018	89100	1280 x 720		Raw Data	Ord4_T3_L.avi	190	0	900	720									41892	10:16:30.913	1536226364686346															0			Unclassified	8																									5025	602	510			602	510	412	510	241.51	84.60					296.67	216.17	791.12		-34.01						818.73		5.00		0	4				
07/12/2018	3.3.2	Gaze Project	O4	3	M	Bilingual	G130	06/09/2018	89100	1280 x 720		Raw Data	Ord4_T3_L.avi	190	0	900	720									41901	10:16:30.921	1536226364694715															0	3600		Fixation	8	399	481	0.72	118.53	203.08																				5026			589	481	589	481	399	481			236.54	96.14						344.38	217.64	787.14						0.00		5.17	4	0				
07/12/2018	3.3.2	Gaze Project	O4	3	M	Bilingual	G130	06/09/2018	89100	1280 x 720		Raw Data	Ord4_T3_L.avi	190	0	900	720									41909	10:16:30.930	1536226364703065															0			Unclassified	8																									5027	574	460			574	460	384	460	230.50	104.80					296.65	216.50	792.51		-34.01						820.14		5.03		0	4				
07/12/2018	3.3.2	Gaze Project	O4	3	M	Bilingual	G130	06/09/2018	89100	1280 x 720		Raw Data	Ord4_T3_L.avi	190	0	900	720									41917	10:16:30.938	1536226364711338															0			Unclassified	8																									5028																			-34.01										4	4				
07/12/2018	3.3.2	Gaze Project	O4	3	M	Bilingual	G130	06/09/2018	89100	1280 x 720		Raw Data	Ord4_T3_L.avi	190	0	900	720									41926	10:16:30.946	1536226364719662															0			Unclassified	8																									5029	620	538			620	538	430	538	248.99	73.40					296.47	210.12	773.19		-34.01						799.82		4.78		0	4				
07/12/2018	3.3.2	Gaze Project	O4	3	M	Bilingual	G130	06/09/2018	89100	1280 x 720		Raw Data	Ord4_T3_L.avi	190	0	900	720									41934	10:16:30.955	1536226364728017															0			Unclassified	8																									5030	574	504			574	504	384	504	230.57	86.79					296.45	210.46	774.51		-34.01						801.17		4.82		0	4				
07/12/2018	3.3.2	Gaze Project	O4	3	M	Bilingual	G130	06/09/2018	89100	1280 x 720		Raw Data	Ord4_T3_L.avi	190	0	900	720									41942	10:16:30.963	1536226364736375															0			Unclassified	8																									5031																			-34.01										4	4				
07/12/2018	3.3.2	Gaze Project	O4	3	M	Bilingual	G130	06/09/2018	89100	1280 x 720		Raw Data	Ord4_T3_L.avi	190	0	900	720									41951	10:16:30.971	1536226364744658															0			Unclassified	8																									5032	987	156	661	381	824	268	634	268	396.07	227.18	265.52	136.59	330.80	181.88	370.84	263.72	928.27	348.18	217.63	787.15					969.60	969.60	5.89	5.02	1	3				
07/12/2018	3.3.2	Gaze Project	O4	3	M	Bilingual	G130	06/09/2018	89100	1280 x 720		Raw Data	Ord4_T3_L.avi	190	0	900	720									41959	10:16:30.980	1536226364752981															0	3601		Fixation	8	363	506	1.22	214.86	96.33																				5033	610	553	553	506	581	529	391	529	244.94	67.18	222.17	86.29	233.55	76.74	296.44	215.40	790.68	344.32	218.10	789.66					818.07	818.07	5.01	5.12	0	0				
07/12/2018	3.3.2	Gaze Project	O4	3	M	Bilingual	G130	06/09/2018	89100	1280 x 720		Raw Data	Ord4_T3_L.avi	190	0	900	720									41967	10:16:30.988	1536226364761336															0			Unclassified	8																									5034																			-34.01										4	4				
07/12/2018	3.3.2	Gaze Project	O4	3	M	Bilingual	G130	06/09/2018	89100	1280 x 720		Raw Data	Ord4_T3_L.avi	190	0	900	720									41976	10:16:30.996	1536226364769689															0			Unclassified	8																									5035	744	763	534	529	639	646	449	646	298.58	-17.45	214.18	76.87	256.38	29.71	294.39	107.06	451.94	348.69	218.27	789.59					462.98	462.98	2.90	5.12	1	3				
07/12/2018	3.3.2	Gaze Project	O4	3	M	Bilingual	G130	06/09/2018	89100	1280 x 720		Raw Data	Ord4_T3_L.avi	190	0	900	720									41984	10:16:31.005	1536226364778045															0			Unclassified	8																									5036	722	752			722	752			289.72	-12.92					294.38	106.16	452.30		-34.01						463.05		2.79		0	4				
07/12/2018	3.3.2	Gaze Project	O4	3	M	Bilingual	G130	06/09/2018	89100	1280 x 720		Raw Data	Ord4_T3_L.avi	190	0	900	720									41992	10:16:31.013	1536226364786317															0			Unclassified	8																									5037																			-34.01										4	4				
07/12/2018	3.3.2	Gaze Project	O4	3	M	Bilingual	G130	06/09/2018	89100	1280 x 720		Raw Data	Ord4_T3_L.avi	190	0	900	720									42001	10:16:31.021	1536226364794670															0	3602		Fixation	8	341	496	0.68	155.49	300.62																				5038			531	496	531	496	341	496			213.20	90.39						344.25	218.87	792.59						0.00		5.03	4	0				
07/12/2018	3.3.2	Gaze Project	O4	3	M	Bilingual	G130	06/09/2018	89100	1280 x 720		Raw Data	Ord4_T3_L.avi	190	0	900	720									42009	10:16:31.030	1536226364803003															0			Unclassified	8																									5039																			-34.01										4	4				
07/12/2018	3.3.2	Gaze Project	O4	3	M	Bilingual	G130	06/09/2018	89100	1280 x 720		Raw Data	Ord4_T3_L.avi	190	0	900	720									42017	10:16:31.038	1536226364811361															0			Unclassified	8																									5040	777	683	575	451	676	567	486	567	311.84	14.80	230.88	108.26	271.36	61.53	294.11	106.94	451.91	348.89	219.10	792.49					462.90	462.90	2.28	5.19	1	3				
07/12/2018	3.3.2	Gaze Project	O4	3	M	Bilingual	G130	06/09/2018	89100	1280 x 720		Raw Data	Ord4_T3_L.avi	190	0	900	720									42026	10:16:31.046	1536226364819716															0	3603		Fixation	8	464	147	10.70	70.64	275.16																				5041	529	196	654	147	591	171	401	171	212.16	210.99	262.33	230.58	237.25	220.79	295.87	209.44	773.72	342.56	211.63	770.46					800.08	800.08	3.15	3.63	0	0				
07/12/2018	3.3.2	Gaze Project	O4	3	M	Bilingual	G130	06/09/2018	89100	1280 x 720		Raw Data	Ord4_T3_L.avi	190	0	900	720									42034	10:16:31.055	1536226364827982															0			Unclassified	8																									5042	514	285			514	285	324	285	206.47	175.26					295.83	210.44	776.86		-34.01						803.37		3.61		0	4				
07/12/2018	3.3.2	Gaze Project	O4	3	M	Bilingual	G130	06/09/2018	89100	1280 x 720		Raw Data	Ord4_T3_L.avi	190	0	900	720									42042	10:16:31.063	1536226364836317															0	3604		Fixation	8	367	483	10.20	253.95	183.30																				5043	567	517	557	483	562	500	372	500	227.70	81.95	223.50	95.39	225.60	88.67	295.83	215.69	793.18	343.26	215.79	783.22					820.50	820.50	4.97	4.86	0	0				
07/12/2018	3.3.2	Gaze Project	O4	3	M	Bilingual	G130	06/09/2018	89100	1280 x 720		Raw Data	Ord4_T3_L.avi	190	0	900	720									42051	10:16:31.071	1536226364844670															0	3605		Fixation	8	378	555	2.13	278.66	24.71																				5044			568	555	568	555	378	555			227.94	66.34						340.50	202.35	741.54						0.00		4.79	4	0				
07/12/2018	3.3.2	Gaze Project	O4	3	M	Bilingual	G130	06/09/2018	89100	1280 x 720		Raw Data	Ord4_T3_L.avi	190	0	900	720									42059	10:16:31.080	1536226364853030															0	3606		Fixation	8	361	557	0.51	186.73	268.07																				5045	606	495	551	557	578	526	388	526	243.19	90.64	221.36	65.83	232.27	78.24	295.64	209.65	774.33	340.48	202.48	741.49					800.72	800.72	4.70	4.82	0	0				
07/12/2018	3.3.2	Gaze Project	O4	3	M	Bilingual	G130	06/09/2018	89100	1280 x 720		Raw Data	Ord4_T3_L.avi	190	0	900	720									42067	10:16:31.088	1536226364861297															0	3607		Fixation	8	356	540	0.53	106.34	279.61																				5046			546	540	546	540	356	540			219.12	72.54						340.48	202.48	741.49						0.00		4.81	4	0				
07/12/2018	3.3.2	Gaze Project	O4	3	M	Bilingual	G130	06/09/2018	89100	1280 x 720		Raw Data	Ord4_T3_L.avi	190	0	900	720									42076	10:16:31.096	1536226364869647															0	3608		Fixation	8	365	532	0.35	41.73	295.39																				5047	596	443	555	532	575	487	385	487	239.06	111.52	222.84	75.81	230.95	93.66	295.43	201.02	746.93	340.48	202.49	741.48					772.01	772.01	4.30	4.76	0	0				
07/12/2018	3.3.2	Gaze Project	O4	3	M	Bilingual	G130	06/09/2018	89100	1280 x 720		Raw Data	Ord4_T3_L.avi	190	0	900	720									42084	10:16:31.105	1536226364877982															0			Unclassified	8																									5048	621	563			621	563	431	563	249.45	63.22					295.42	201.04	746.90		-34.01						771.99		4.56		0	4				
07/12/2018	3.3.2	Gaze Project	O4	3	M	Bilingual	G130	06/09/2018	89100	1280 x 720		Raw Data	Ord4_T3_L.avi	190	0	900	720									42092	10:16:31.113	1536226364886347															0	3609		Fixation	8	321	579	1.88	226.98	185.26																				5049			511	579	511	579	321	579			205.01	56.84						340.40	202.51	741.48						0.00		4.97	4	0				
07/12/2018	3.3.2	Gaze Project	O4	3	M	Bilingual	G130	06/09/2018	89100	1280 x 720		Raw Data	Ord4_T3_L.avi	190	0	900	720									42101	10:16:31.121	1536226364894700															0	3610		Fixation	8	369	506	2.49	56.76	189.78																				5050			559	506	559	506	369	506			224.48	86.21						343.15	216.36	784.84						0.00		5.03	4	0				
07/12/2018	3.3.2	Gaze Project	O4	3	M	Bilingual	G130	06/09/2018	89100	1280 x 720		Raw Data	Ord4_T3_L.avi	190	0	900	720									42109	10:16:31.130	1536226364902969															0	3611		Fixation	8	300	506	1.93	180.00	123.24																				5051			490	506	490	506	300	506			196.76	86.31						348.76	219.43	793.34						0.00		5.01	4	0				
07/12/2018	3.3.2	Gaze Project	O4	3	M	Bilingual	G130	06/09/2018	89100	1280 x 720		Raw Data	Ord4_T3_L.avi	190	0	900	720									42117	10:16:31.138	1536226364911313															0	3612		Fixation	8	358	486	1.69	19.08	199.08																				5052	610	506	548	486	579	496	389	496	245.03	86.30	219.86	94.39	232.44	90.35	295.62	214.70	789.49	348.56	218.97	791.95					816.67	816.67	4.81	5.12	0	0				
07/12/2018	3.3.2	Gaze Project	O4	3	M	Bilingual	G130	06/09/2018	89100	1280 x 720		Raw Data	Ord4_T3_L.avi	190	0	900	720									42126	10:16:31.146	1536226364919654															0			Unclassified	8																									5053	659	256			659	256	469	256	264.56	186.89					315.10	265.73	946.83		-34.01						982.89		5.64		0	4				
07/12/2018	3.3.2	Gaze Project	O4	3	M	Bilingual	G130	06/09/2018	89100	1280 x 720		Raw Data	Ord4_T3_L.avi	190	0	900	720									42134	10:16:31.155	1536226364928015															0			Unclassified	8																									5054																			-34.01										4	4				
07/12/2018	3.3.2	Gaze Project	O4	3	M	Bilingual	G130	06/09/2018	89100	1280 x 720		Raw Data	Ord4_T3_L.avi	190	0	900	720									42142	10:16:31.163	1536226364936367															0			Unclassified	8																									5055	602	546			602	546	412	546	241.70	69.92					295.69	208.97	771.50		-34.01						797.82		4.74		0	4				
07/12/2018	3.3.2	Gaze Project	O4	3	M	Bilingual	G130	06/09/2018	89100	1280 x 720		Raw Data	Ord4_T3_L.avi	190	0	900	720									42150	10:16:31.171	1536226364944630															0	3613		Fixation	8	359	366	3.32	89.52	70.44																				5056	535	510	549	366	542	438	352	438	214.77	84.64	220.46	142.62	217.61	113.63	295.84	215.32	791.11	354.61	230.76	828.08					818.42	818.42	4.77	5.17	0	0				
07/12/2018	3.3.2	Gaze Project	O4	3	M	Bilingual	G130	06/09/2018	89100	1280 x 720		Raw Data	Ord4_T3_L.avi	190	0	900	720									42159	10:16:31.180	1536226364952966															0			Unclassified	8																									5057																			-34.01										4	4				
07/12/2018	3.3.2	Gaze Project	O4	3	M	Bilingual	G130	06/09/2018	89100	1280 x 720		Raw Data	Ord4_T3_L.avi	190	0	900	720									42167	10:16:31.188	1536226364961325															0	3614		Fixation	8	355	506	3.88	268.37	178.84																				5058	523	530	545	506	534	518	344	518	209.98	76.57	218.88	86.03	214.43	81.30	296.02	215.57	791.68	343.56	216.35	784.80					819.05	819.05	4.79	4.99	0	0				
07/12/2018	3.3.2	Gaze Project	O4	3	M	Bilingual	G130	06/09/2018	89100	1280 x 720		Raw Data	Ord4_T3_L.avi	190	0	900	720									42176	10:16:31.196	1536226364969681															0	3615		Fixation	8	355	513	0.20	270.00	1.63																				5059	643	547	545	513	594	530	404	530	258.15	69.47	218.87	83.48	238.51	76.47	296.06	215.01	789.88	342.63	211.28	769.27					817.16	817.16	4.82	4.94	0	0				
07/12/2018	3.3.2	Gaze Project	O4	3	M	Bilingual	G130	06/09/2018	89100	1280 x 720		Raw Data	Ord4_T3_L.avi	190	0	900	720									42184	10:16:31.205	1536226364977949															0	3616		Fixation	8	307	516	1.32	183.59	273.59																				5060			497	516	497	516	307	516			199.55	82.35						355.57	231.85	831.46						0.00		5.40	4	0				
07/12/2018	3.3.2	Gaze Project	O4	3	M	Bilingual	G130	06/09/2018	89100	1280 x 720		Raw Data	Ord4_T3_L.avi	190	0	900	720									42192	10:16:31.213	1536226364986299															0	3617		Fixation	8	333	367	3.89	80.13	256.55																				5061			523	367	523	367	333	367			210.12	142.12						364.88	250.54	888.78						0.00		5.87	4	0				
07/12/2018	3.3.2	Gaze Project	O4	3	M	Bilingual	G130	06/09/2018	89100	1280 x 720		Raw Data	Ord4_T3_L.avi	190	0	900	720									42200	10:16:31.221	1536226364994637															0			Unclassified	8																									5062	607	525			607	525	417	525	243.79	78.60					296.27	209.25	771.84		-34.01						798.26		4.79		0	4				
07/12/2018	3.3.2	Gaze Project	O4	3	M	Bilingual	G130	06/09/2018	89100	1280 x 720		Raw Data	Ord4_T3_L.avi	190	0	900	720									42209	10:16:31.230	1536226365002991															0			Unclassified	8																									5063																			-34.01										4	4				
07/12/2018	3.3.2	Gaze Project	O4	3	M	Bilingual	G130	06/09/2018	89100	1280 x 720		Raw Data	Ord4_T3_L.avi	190	0	900	720									42217	10:16:31.238	1536226365011351															0			Unclassified	8																									5064																			-34.01										4	4				
07/12/2018	3.3.2	Gaze Project	O4	3	M	Bilingual	G130	06/09/2018	89100	1280 x 720		Raw Data	Ord4_T3_L.avi	190	0	900	720									42225	10:16:31.246	1536226365019608															0	3618		Fixation	8	303	391	0.97	218.75	138.62																				5065			493	391	493	391	303	391			198.02	132.29						358.65	236.68	846.73						0.00		5.32	4	0				
07/12/2018	3.3.2	Gaze Project	O4	3	M	Bilingual	G130	06/09/2018	89100	1280 x 720		Raw Data	Ord4_T3_L.avi	190	0	900	720									42234	10:16:31.255	1536226365027947															0			Unclassified	8																									5066	628	557			628	557	438	557	252.02	65.81					296.57	200.78	745.20		-34.01						770.36		4.60		0	4				
07/12/2018	3.3.2	Gaze Project	O4	3	M	Bilingual	G130	06/09/2018	89100	1280 x 720		Raw Data	Ord4_T3_L.avi	190	0	900	720									42242	10:16:31.263	1536226365036307															0	3619		Fixation	8	380	493	3.52	306.96	88.21																				5067	637	474	570	493	603	483	413	483	255.79	99.12	228.90	91.53	242.34	95.32	296.85	209.07	771.44	349.09	216.86	786.25					797.85	797.85	4.84	5.00	0	0				
07/12/2018	3.3.2	Gaze Project	O4	3	M	Bilingual	G130	06/09/2018	89100	1280 x 720		Raw Data	Ord4_T3_L.avi	190	0	900	720									42251	10:16:31.271	1536226365044649															0	3620		Fixation	8	292	409	3.25	136.24	189.28																				5068	637	523	482	409	559	466	369	466	255.67	79.18	193.41	125.28	224.54	102.23	297.08	214.25	787.63	366.69	251.99	894.14					814.84	814.84	4.73	5.56	0	0				
07/12/2018	3.3.2	Gaze Project	O4	3	M	Bilingual	G130	06/09/2018	89100	1280 x 720		Raw Data	Ord4_T3_L.avi	190	0	900	720									42259	10:16:31.280	1536226365053020															0			Unclassified	8																									5069	600	511			600	511	410	511	240.83	84.02					297.27	215.69	792.24		-34.01						819.68		4.92		0	4				
07/12/2018	3.3.2	Gaze Project	O4	3	M	Bilingual	G130	06/09/2018	89100	1280 x 720		Raw Data	Ord4_T3_L.avi	190	0	900	720									42267	10:16:31.288	1536226365061276															0	3621		Fixation	8	351	416	1.52	353.21	216.97																				5070	536	-45	541	416	538	185	348	185	215.02	308.14	217.00	122.54	216.01	215.34	316.16	262.50	936.66	358.54	234.80	841.81					972.30	972.30	4.81	5.37	0	0				
07/12/2018	3.3.2	Gaze Project	O4	3	M	Bilingual	G130	06/09/2018	89100	1280 x 720		Raw Data	Ord4_T3_L.avi	190	0	900	720									42275	10:16:31.296	1536226365069614															0			Unclassified	8																									5071																			-34.01										4	4				
07/12/2018	3.3.2	Gaze Project	O4	3	M	Bilingual	G130	06/09/2018	89100	1280 x 720		Raw Data	Ord4_T3_L.avi	190	0	900	720									42284	10:16:31.305	1536226365077980															0	3622		Fixation	8	368	500	2.43	281.41	288.19																				5072	581	518	558	500	569	509	379	509	233.03	81.17	223.92	88.62	228.48	84.89	297.69	214.84	790.12	342.27	201.50	740.30					817.42	817.42	4.85	4.70	0	0				
07/12/2018	3.3.2	Gaze Project	O4	3	M	Bilingual	G130	06/09/2018	89100	1280 x 720		Raw Data	Ord4_T3_L.avi	190	0	900	720									42292	10:16:31.313	1536226365086331															0	3623		Fixation	8	360	557	1.72	262.04	340.63																				5073	615	444	550	557	582	500	392	500	246.85	111.33	220.92	65.50	233.88	88.42	297.77	213.96	787.59	342.44	201.34	740.36					814.75	814.75	4.60	4.91	0	0				
07/12/2018	3.3.2	Gaze Project	O4	3	M	Bilingual	G130	06/09/2018	89100	1280 x 720		Raw Data	Ord4_T3_L.avi	190	0	900	720									42300	10:16:31.321	1536226365094613															0	3624		Fixation	8	395	494	2.14	61.02	158.99																				5074	604	468	585	494	594	481	404	481	242.52	101.54	234.87	91.15	238.69	96.35	297.94	213.97	787.82	342.55	201.13	739.44					814.98	814.98	4.72	4.69	0	0				
07/12/2018	3.3.2	Gaze Project	O4	3	M	Bilingual	G130	06/09/2018	89100	1280 x 720		Raw Data	Ord4_T3_L.avi	190	0	900	720									42309	10:16:31.330	1536226365102947															0			Unclassified	8																									5075																			-34.01										4	4				
07/12/2018	3.3.2	Gaze Project	O4	3	M	Bilingual	G130	06/09/2018	89100	1280 x 720		Raw Data	Ord4_T3_L.avi	190	0	900	720									42317	10:16:31.338	1536226365111284															0	3625		Fixation	8	364	460	1.40	132.27	71.24																				5076	616	301	554	460	585	380	395	380	247.31	168.70	222.38	104.87	234.84	136.79	297.94	199.90	744.11	342.87	201.27	740.13					769.13	769.13	3.54	4.45	0	0				
07/12/2018	3.3.2	Gaze Project	O4	3	M	Bilingual	G130	06/09/2018	89100	1280 x 720		Raw Data	Ord4_T3_L.avi	190	0	900	720									42326	10:16:31.346	1536226365119648															0	3626		Fixation	8	418	439	1.74	21.31	249.05																				5077	594	219	608	439	601	329	411	329	238.36	201.68	244.19	112.98	241.28	157.33	300.26	207.04	766.10	343.02	201.23	740.10					792.34	792.34	3.31	4.36	0	0				
07/12/2018	3.3.2	Gaze Project	O4	3	M	Bilingual	G130	06/09/2018	89100	1280 x 720		Raw Data	Ord4_T3_L.avi	190	0	900	720									42334	10:16:31.355	1536226365128004															0	3627		Fixation	8	383	440	1.05	181.64	160.33																				5078	665	209	573	440	619	324	429	324	266.75	205.68	230.20	112.82	248.47	159.25	301.21	209.42	773.74	345.46	205.95	754.30					800.38	800.38	3.41	4.35	0	0				
07/12/2018	3.3.2	Gaze Project	O4	3	M	Bilingual	G130	06/09/2018	89100	1280 x 720		Raw Data	Ord4_T3_L.avi	190	0	900	720									42342	10:16:31.363	1536226365136261															0	3628		Fixation	8	347	567	3.90	254.22	72.58																				5079			537	567	537	567	347	567			215.45	61.60						343.32	201.06	740.17						0.00		4.66	4	0				
07/12/2018	3.3.2	Gaze Project	O4	3	M	Bilingual	G130	06/09/2018	89100	1280 x 720		Raw Data	Ord4_T3_L.avi	190	0	900	720									42350	10:16:31.371	1536226365144588															0	3629		Fixation	8	342	564	0.18	148.95	254.73																				5080	576	461	532	564	554	512	364	512	231.10	104.22	213.48	62.64	222.29	83.43	298.55	199.53	744.26	343.50	201.21	740.35					769.19	769.19	4.13	4.64	0	0				
07/12/2018	3.3.2	Gaze Project	O4	3	M	Bilingual	G130	06/09/2018	89100	1280 x 720		Raw Data	Ord4_T3_L.avi	190	0	900	720									42359	10:16:31.380	1536226365152947															0	3630		Fixation	8	374	544	1.10	32.09	243.13																				5081	614	282	564	544	589	413	399	413	246.51	176.56	226.26	70.78	236.38	123.67	298.70	199.73	744.72	344.86	203.75	747.73					769.69	769.69	3.63	4.51	0	0				
07/12/2018	3.3.2	Gaze Project	O4	3	M	Bilingual	G130	06/09/2018	89100	1280 x 720		Raw Data	Ord4_T3_L.avi	190	0	900	720									42367	10:16:31.388	1536226365161311															0	3631		Fixation	8	373	514	0.89	91.90	59.81																				5082	576	368	563	514	569	441	379	441	231.19	141.60	225.91	83.09	228.55	112.35	298.83	199.56	744.43	346.01	205.74	754.01					769.37	769.37	3.95	4.51	0	0				
07/12/2018	3.3.2	Gaze Project	O4	3	M	Bilingual	G130	06/09/2018	89100	1280 x 720		Raw Data	Ord4_T3_L.avi	190	0	900	720									42375	10:16:31.396	1536226365169592															0	3632		Fixation	8	406	415	3.11	71.62	339.72																				5083	581	335	596	415	588	375	398	375	233.08	155.15	239.12	123.01	236.10	139.08	298.96	199.40	744.14	343.93	201.16	740.43					769.06	769.06	3.85	4.38	0	0				
07/12/2018	3.3.2	Gaze Project	O4	3	M	Bilingual	G130	06/09/2018	89100	1280 x 720		Raw Data	Ord4_T3_L.avi	190	0	900	720									42384	10:16:31.405	1536226365177933															0	3633		Fixation	8	397	409	0.33	146.22	74.60																				5084	560	336	587	409	573	372	383	372	224.79	154.74	235.75	125.09	230.27	139.92	299.08	199.45	744.51	345.53	204.19	749.37					769.43	769.43	3.79	4.22	0	0				
07/12/2018	3.3.2	Gaze Project	O4	3	M	Bilingual	G130	06/09/2018	89100	1280 x 720		Raw Data	Ord4_T3_L.avi	190	0	900	720									42392	10:16:31.413	1536226365186262															0	3634		Fixation	8	404	512	3.11	273.88	127.65																				5085	604	377	594	512	599	444	409	444	242.65	138.28	238.36	83.59	240.50	110.94	299.18	199.27	744.15	344.15	201.12	740.47					769.04	769.04	3.82	4.46	0	0				
07/12/2018	3.3.2	Gaze Project	O4	3	M	Bilingual	G130	06/09/2018	89100	1280 x 720		Raw Data	Ord4_T3_L.avi	190	0	900	720									42400	10:16:31.421	1536226365194628															0	3635		Fixation	8	394	402	3.34	95.18	181.30																				5086	551	147	584	402	567	274	377	274	221.11	230.79	234.24	128.09	227.68	179.44	305.56	218.74	804.55	345.54	203.78	748.27					832.76	832.76	3.76	4.01	0	0				
07/12/2018	3.3.2	Gaze Project	O4	3	M	Bilingual	G130	06/09/2018	89100	1280 x 720		Raw Data	Ord4_T3_L.avi	190	0	900	720									42409	10:16:31.430	1536226365202987															0	3636		Fixation	8	361	476	2.18	246.03	150.86																				5087	610	626	551	476	580	551	390	551	244.92	38.02	221.37	98.38	233.14	68.20	299.34	199.05	743.78	370.13	252.27	897.46					768.63	768.63	4.50	5.93	0	0				
07/12/2018	3.3.2	Gaze Project	O4	3	M	Bilingual	G130	06/09/2018	89100	1280 x 720		Raw Data	Ord4_T3_L.avi	190	0	900	720									42417	10:16:31.438	1536226365211260															0			Unclassified	8																									5088	584	516			584	516	394	516	234.37	82.22					299.83	212.91	787.59		-34.01						814.53		4.77		0	4				
07/12/2018	3.3.2	Gaze Project	O4	3	M	Bilingual	G130	06/09/2018	89100	1280 x 720		Raw Data	Ord4_T3_L.avi	190	0	900	720									42425	10:16:31.446	1536226365219589															0			Unclassified	8																									5089	658	562			658	562	468	562	264.27	63.81					299.43	199.40	745.14		-34.01						770.03		4.58		0	4				
07/12/2018	3.3.2	Gaze Project	O4	3	M	Bilingual	G130	06/09/2018	89100	1280 x 720		Raw Data	Ord4_T3_L.avi	190	0	900	720									42434	10:16:31.455	1536226365227944															0	3637		Fixation	8	419	470	1.55	5.93	119.89																				5090	636	577	609	470	622	523	432	523	255.23	57.52	244.59	100.62	249.91	79.07	299.50	199.25	745.20	346.46	209.97	768.35					770.05	770.05	4.59	4.61	0	0				
07/12/2018	3.3.2	Gaze Project	O4	3	M	Bilingual	G130	06/09/2018	89100	1280 x 720		Raw Data	Ord4_T3_L.avi	190	0	900	720									42442	10:16:31.463	1536226365236300															0			Unclassified	8																									5091																			-34.01										4	4				
07/12/2018	3.3.2	Gaze Project	O4	3	M	Bilingual	G130	06/09/2018	89100	1280 x 720		Raw Data	Ord4_T3_L.avi	190	0	900	720									42451	10:16:31.471	1536226365244658															0			Unclassified	8																									5092	582	472			582	472	392	472	233.54	99.69					305.33	217.00	799.87		-34.01						827.77		4.95		0	4				
07/12/2018	3.3.2	Gaze Project	O4	3	M	Bilingual	G130	06/09/2018	89100	1280 x 720		Raw Data	Ord4_T3_L.avi	190	0	900	720									42459	10:16:31.480	1536226365252925															0	3638		Fixation	8	377	473	1.20	184.10	178.17																				5093	617	548	567	473	592	510	402	510	247.48	69.08	227.68	99.49	237.58	84.29	299.67	199.42	745.13	348.40	218.52	794.76					770.04	770.04	4.65	5.35	0	0				
07/12/2018	3.3.2	Gaze Project	O4	3	M	Bilingual	G130	06/09/2018	89100	1280 x 720		Raw Data	Ord4_T3_L.avi	190	0	900	720									42467	10:16:31.488	1536226365261249															0			Unclassified	8																									5094	600	585			600	585	410	585	240.97	54.31					299.53	198.75	743.54		-34.01						768.32		4.57		0	4				
07/12/2018	3.3.2	Gaze Project	O4	3	M	Bilingual	G130	06/09/2018	89100	1280 x 720		Raw Data	Ord4_T3_L.avi	190	0	900	720									42475	10:16:31.496	1536226365269610															0	3639		Fixation	8	424	495	1.49	334.85	150.75																				5095	611	567	614	495	612	531	422	531	245.11	61.42	246.66	90.53	245.89	75.97	299.52	198.92	744.11	346.48	209.85	768.12					768.91	768.91	4.49	4.72	0	0				
07/12/2018	3.3.2	Gaze Project	O4	3	M	Bilingual	G130	06/09/2018	89100	1280 x 720		Raw Data	Ord4_T3_L.avi	190	0	900	720									42484	10:16:31.505	1536226365277968															0			Unclassified	8																									5096	595	554			595	554	405	554	238.95	66.80					299.51	198.87	744.01		-34.01						768.80		4.63		0	4				
07/12/2018	3.3.2	Gaze Project	O4	3	M	Bilingual	G130	06/09/2018	89100	1280 x 720		Raw Data	Ord4_T3_L.avi	190	0	900	720									42492	10:16:31.513	1536226365286226															0	3640		Fixation	8	378	538	1.80	223.16	248.32																				5097	612	542	568	538	590	540	400	540	245.47	71.57	228.14	73.17	236.81	72.37	299.72	206.04	766.91	346.47	209.92	768.39					792.77	792.77	4.68	5.00	0	0				
07/12/2018	3.3.2	Gaze Project	O4	3	M	Bilingual	G130	06/09/2018	89100	1280 x 720		Raw Data	Ord4_T3_L.avi	190	0	900	720									42500	10:16:31.521	1536226365294584															0	3641		Fixation	8	415	539	1.09	358.45	135.29																				5098	668	540	605	539	636	539	446	539	268.34	72.62	242.98	72.91	255.66	72.76	299.42	199.17	745.07	344.51	201.02	740.59					769.90	769.90	4.52	4.88	0	0				
07/12/2018	3.3.2	Gaze Project	O4	3	M	Bilingual	G130	06/09/2018	89100	1280 x 720		Raw Data	Ord4_T3_L.avi	190	0	900	720									42509	10:16:31.530	1536226365302917															0	3642		Fixation	8	375	572	1.53	219.61	221.17																				5099	1812	364	565	572	1188	468			727.29	143.41	226.95	59.57	477.12	101.49	299.85	212.51	787.21	344.46	201.14	740.55					814.06	814.06	5.25	4.76	0	0				
07/12/2018	3.3.2	Gaze Project	O4	3	M	Bilingual	G130	06/09/2018	89100	1280 x 720		Raw Data	Ord4_T3_L.avi	190	0	900	720									42517	10:16:31.538	1536226365311282															0	3643		Fixation	8	396	519	1.64	68.45	208.84																				5100			586	519	586	519	396	519			235.14	81.05						347.44	214.68	783.13						0.00		5.24	4	0				
07/12/2018	3.3.2	Gaze Project	O4	3	M	Bilingual	G130	06/09/2018	89100	1280 x 720		Raw Data	Ord4_T3_L.avi	190	0	900	720									42526	10:16:31.546	1536226365319638															0	3644		Fixation	8	339	462	2.38	134.91	66.46																				5101			529	462	529	462	339	462			212.17	103.79						344.49	201.12	740.55						0.00		4.54	4	0				
07/12/2018	3.3.2	Gaze Project	O4	3	M	Bilingual	G130	06/09/2018	89100	1280 x 720		Raw Data	Ord4_T3_L.avi	190	0	900	720									42534	10:16:31.555	1536226365327905															0			Unclassified	8																									5102	636	565			636	565	446	565	255.16	62.58					299.59	206.13	767.41		-34.01						793.27		4.74		0	4				
07/12/2018	3.3.2	Gaze Project	O4	3	M	Bilingual	G130	06/09/2018	89100	1280 x 720		Raw Data	Ord4_T3_L.avi	190	0	900	720									42542	10:16:31.563	1536226365336257															0	3645		Fixation	8	427	528	3.34	323.04	188.13																				5103	626	404	617	528	621	466	431	466	251.21	127.14	247.64	77.47	249.43	102.30	303.75	212.72	787.12	344.38	200.88	740.65					814.25	814.25	4.65	4.92	0	0				
07/12/2018	3.3.2	Gaze Project	O4	3	M	Bilingual	G130	06/09/2018	89100	1280 x 720		Raw Data	Ord4_T3_L.avi	190	0	900	720									42550	10:16:31.571	1536226365344592															0			Unclassified	8																									5104																			-34.01										4	4				
07/12/2018	3.3.2	Gaze Project	O4	3	M	Bilingual	G130	06/09/2018	89100	1280 x 720		Raw Data	Ord4_T3_L.avi	190	0	900	720									42559	10:16:31.580	1536226365352949															0			Unclassified	8																									5105	528	421			528	421	338	421	211.85	120.37					309.67	230.69	843.28		-34.01						873.46		5.11		0	4				
07/12/2018	3.3.2	Gaze Project	O4	3	M	Bilingual	G130	06/09/2018	89100	1280 x 720		Raw Data	Ord4_T3_L.avi	190	0	900	720									42567	10:16:31.588	1536226365361306															0			Unclassified	8																									5106	568	336			568	336	378	336	227.87	154.53					299.27	198.52	743.32		-34.01						768.03		3.75		0	4				
07/12/2018	3.3.2	Gaze Project	O4	3	M	Bilingual	G130	06/09/2018	89100	1280 x 720		Raw Data	Ord4_T3_L.avi	190	0	900	720									42575	10:16:31.596	1536226365369564															0	3646		Fixation	8	398	358	5.08	99.65	136.61																				5107	671	509	588	358	629	433	439	433	269.31	85.16	235.94	145.67	252.63	115.41	299.53	207.60	772.08	352.21	216.71	788.46					798.16	798.16	4.79	4.73	0	0				
07/12/2018	3.3.2	Gaze Project	O4	3	M	Bilingual	G130	06/09/2018	89100	1280 x 720		Raw Data	Ord4_T3_L.avi	190	0	900	720									42584	10:16:31.605	1536226365377910															0	3647		Fixation	8	319	517	4.99	243.65	144.00																				5108	576	366	509	517	542	441	352	441	231.12	142.37	204.41	81.72	217.77	112.04	299.51	207.58	772.04	351.95	216.25	786.99					798.10	798.10	4.44	5.01	0	0				
07/12/2018	3.3.2	Gaze Project	O4	3	M	Bilingual	G130	06/09/2018	89100	1280 x 720		Raw Data	Ord4_T3_L.avi	190	0	900	720									42592	10:16:31.613	1536226365386263															0			Unclassified	8																									5109																			-34.01										4	4				
07/12/2018	3.3.2	Gaze Project	O4	3	M	Bilingual	G130	06/09/2018	89100	1280 x 720		Raw Data	Ord4_T3_L.avi	190	0	900	720									42600	10:16:31.621	1536226365394618															0			Unclassified	8																									5110	521	482			521	482	331	482	209.08	95.66					299.62	212.89	788.53		-34.01						815.42		4.87		0	4				
07/12/2018	3.3.2	Gaze Project	O4	3	M	Bilingual	G130	06/09/2018	89100	1280 x 720		Raw Data	Ord4_T3_L.avi	190	0	900	720									42609	10:16:31.630	1536226365402896															0			Unclassified	8																									5111	583	576			583	576	393	576	234.08	57.89					299.61	212.47	787.21		-34.01						814.03		4.93		0	4				
07/12/2018	3.3.2	Gaze Project	O4	3	M	Bilingual	G130	06/09/2018	89100	1280 x 720		Raw Data	Ord4_T3_L.avi	190	0	900	720									42617	10:16:31.638	1536226365411236															0			Unclassified	8																									5112	602	581			602	581	412	581	241.46	55.91					299.41	206.52	768.62		-34.01						794.52		4.77		0	4				
07/12/2018	3.3.2	Gaze Project	O4	3	M	Bilingual	G130	06/09/2018	89100	1280 x 720		Raw Data	Ord4_T3_L.avi	190	0	900	720									42625	10:16:31.646	1536226365419570															0			Unclassified	8																									5113	541	452			541	452	351	452	217.27	108.06					299.61	212.45	787.13		-34.01						813.95		4.65		0	4				
07/12/2018	3.3.2	Gaze Project	O4	3	M	Bilingual	G130	06/09/2018	89100	1280 x 720		Raw Data	Ord4_T3_L.avi	190	0	900	720									42634	10:16:31.655	1536226365427934															0			Unclassified	8																									5114	557	537			557	537	367	537	223.57	73.83					299.66	213.72	791.02		-34.01						818.04		4.96		0	4				
07/12/2018	3.3.2	Gaze Project	O4	3	M	Bilingual	G130	06/09/2018	89100	1280 x 720		Raw Data	Ord4_T3_L.avi	190	0	900	720									42642	10:16:31.663	1536226365436288															0			Unclassified	8																									5115																			-34.01										4	4				
07/12/2018	3.3.2	Gaze Project	O4	3	M	Bilingual	G130	06/09/2018	89100	1280 x 720		Raw Data	Ord4_T3_L.avi	190	0	900	720									42650	10:16:31.671	1536226365444559															0	3648		Fixation	8	419	494	2.89	12.99	129.34																				5116	649	557	609	494	629	525	439	525	260.42	65.65	244.28	91.06	252.35	78.35	299.68	213.18	789.25	346.97	213.55	779.30					816.19	816.19	5.06	5.30	0	0				
07/12/2018	3.3.2	Gaze Project	O4	3	M	Bilingual	G130	06/09/2018	89100	1280 x 720		Raw Data	Ord4_T3_L.avi	190	0	900	720									42659	10:16:31.680	1536226365452900															0			Unclassified	8																									5117	585	565			585	565	395	565	234.69	62.28					299.58	207.84	772.50		-34.01						798.63		4.74		0	4				
07/12/2018	3.3.2	Gaze Project	O4	3	M	Bilingual	G130	06/09/2018	89100	1280 x 720		Raw Data	Ord4_T3_L.avi	190	0	900	720									42667	10:16:31.688	1536226365461251															0	3649		Fixation	8	432	508	0.56	312.79	299.79																				5118	590	510	622	508	606	509	416	509	236.93	84.74	249.64	85.26	243.29	85.00	299.84	213.92	791.44	346.22	209.63	767.27					818.51	818.51	4.82	5.20	0	0				
07/12/2018	3.3.2	Gaze Project	O4	3	M	Bilingual	G130	06/09/2018	89100	1280 x 720		Raw Data	Ord4_T3_L.avi	190	0	900	720									42675	10:16:31.696	1536226365469602															0	3650		Fixation	8	451	485	0.85	50.53	97.74																				5119	549	525	641	485	595	505	405	505	220.50	78.36	257.38	94.72	238.94	86.54	299.84	212.35	786.49	347.44	214.89	783.50					813.32	813.32	4.93	5.32	0	0				
07/12/2018	3.3.2	Gaze Project	O4	3	M	Bilingual	G130	06/09/2018	89100	1280 x 720		Raw Data	Ord4_T3_L.avi	190	0	900	720									42684	10:16:31.705	1536226365477959															0			Unclassified	8																									5120	595	528			595	528	405	528	238.79	77.45					299.76	207.59	771.54		-34.01						797.65		4.60		0	4				
07/12/2018	3.3.2	Gaze Project	O4	3	M	Bilingual	G130	06/09/2018	89100	1280 x 720		Raw Data	Ord4_T3_L.avi	190	0	900	720									42692	10:16:31.713	1536226365486213															0			Unclassified	8																									5121	561	547			561	547	371	547	225.19	69.69					300.02	212.95	788.22		-34.01						815.16		4.94		0	4				
07/12/2018	3.3.2	Gaze Project	O4	3	M	Bilingual	G130	06/09/2018	89100	1280 x 720		Raw Data	Ord4_T3_L.avi	190	0	900	720									42700	10:16:31.721	1536226365494558															0	3651		Fixation	8	353	232	7.85	111.11	60.58																				5122			543	232	543	232	353	232			218.02	196.33						347.77	215.39	785.12						0.00		4.10	4	0				
07/12/2018	3.3.2	Gaze Project	O4	3	M	Bilingual	G130	06/09/2018	89100	1280 x 720		Raw Data	Ord4_T3_L.avi	190	0	900	720									42709	10:16:31.730	1536226365502914															0			Unclassified	8																									5123																			-34.01										4	4				
07/12/2018	3.3.2	Gaze Project	O4	3	M	Bilingual	G130	06/09/2018	89100	1280 x 720		Raw Data	Ord4_T3_L.avi	190	0	900	720									42717	10:16:31.738	1536226365511272															0			Unclassified	8																									5124	598	536			598	536	408	536	240.04	73.94					300.26	213.25	788.98		-34.01						815.98		4.94		0	4				
07/12/2018	3.3.2	Gaze Project	O4	3	M	Bilingual	G130	06/09/2018	89100	1280 x 720		Raw Data	Ord4_T3_L.avi	190	0	900	720									42725	10:16:31.746	1536226365519536															0			Unclassified	8																									5125	592	502			592	502	402	502	237.68	87.89					300.18	208.15	773.02		-34.01						799.25		4.73		0	4				
07/12/2018	3.3.2	Gaze Project	O4	3	M	Bilingual	G130	06/09/2018	89100	1280 x 720		Raw Data	Ord4_T3_L.avi	190	0	900	720									42734	10:16:31.755	1536226365527898															0			Unclassified	8																									5126	565	527			565	527	375	527	226.71	77.86					300.16	205.35	764.22		-34.01						790.03		4.64		0	4				
07/12/2018	3.3.2	Gaze Project	O4	3	M	Bilingual	G130	06/09/2018	89100	1280 x 720		Raw Data	Ord4_T3_L.avi	190	0	900	720									42742	10:16:31.763	1536226365536227															0			Unclassified	8																									5127	571	532			571	532	381	532	229.15	75.55					300.47	212.28	785.83		-34.01						812.70		4.75		0	4				
07/12/2018	3.3.2	Gaze Project	O4	3	M	Bilingual	G130	06/09/2018	89100	1280 x 720		Raw Data	Ord4_T3_L.avi	190	0	900	720									42750	10:16:31.771	1536226365544561															0			Unclassified	8																									5128	586	506			586	506	396	506	235.21	86.25					300.59	214.36	792.25		-34.01						819.45		4.83		0	4				
07/12/2018	3.3.2	Gaze Project	O4	3	M	Bilingual	G130	06/09/2018	89100	1280 x 720		Raw Data	Ord4_T3_L.avi	190	0	900	720									42759	10:16:31.780	1536226365552925															0			Unclassified	8																									5129	548	525			548	525	358	525	219.85	78.55					300.69	213.38	789.18		-34.01						816.24		4.90		0	4				
07/12/2018	3.3.2	Gaze Project	O4	3	M	Bilingual	G130	06/09/2018	89100	1280 x 720		Raw Data	Ord4_T3_L.avi	190	0	900	720									42767	10:16:31.788	1536226365561202															0			Unclassified	8																									5130	613	472			613	472	423	472	245.92	100.07					300.70	212.31	785.83		-34.01						812.72		4.95		0	4				
07/12/2018	3.3.2	Gaze Project	O4	3	M	Bilingual	G130	06/09/2018	89100	1280 x 720		Raw Data	Ord4_T3_L.avi	190	0	900	720									42775	10:16:31.796	1536226365569527															0			Unclassified	8																									5131	527	473			527	473	337	473	211.74	99.35					300.91	214.88	793.83		-34.01						821.13		4.86		0	4				
07/12/2018	3.3.2	Gaze Project	O4	3	M	Bilingual	G130	06/09/2018	89100	1280 x 720		Raw Data	Ord4_T3_L.avi	190	0	900	720									42784	10:16:31.805	1536226365577898															0			Unclassified	8																									5132																			-34.01										4	4				
07/12/2018	3.3.2	Gaze Project	O4	3	M	Bilingual	G130	06/09/2018	89100	1280 x 720		Raw Data	Ord4_T3_L.avi	190	0	900	720									42792	10:16:31.813	1536226365586251															0	3652		Fixation	8	358	434	5.81	271.41	160.30																				5133	612	526	548	434	580	480	390	480	245.59	78.19	220.09	115.23	232.84	96.71	300.89	211.77	784.11	348.91	216.39	788.79					810.94	810.94	5.01	4.76	0	0				
07/12/2018	3.3.2	Gaze Project	O4	3	M	Bilingual	G130	06/09/2018	89100	1280 x 720		Raw Data	Ord4_T3_L.avi	190	0	900	720									42800	10:16:31.821	1536226365594607															0	3653		Fixation	8	332	537	3.01	255.88	344.46																				5134	561	496	522	537	541	516	351	516	225.37	90.32	209.59	73.68	217.48	82.00	300.81	207.24	769.99	347.63	210.27	770.00					796.12	796.12	4.88	5.10	0	0				
07/12/2018	3.3.2	Gaze Project	O4	3	M	Bilingual	G130	06/09/2018	89100	1280 x 720		Raw Data	Ord4_T3_L.avi	190	0	900	720									42809	10:16:31.829	1536226365602875															0	3654		Fixation	8	371	499	1.52	44.35	148.47																				5135	576	511	561	499	568	505	378	505	231.26	84.18	225.03	89.19	228.14	86.68	301.12	213.83	790.55	348.97	215.97	787.64					817.70	817.70	4.97	5.20	0	0				
07/12/2018	3.3.2	Gaze Project	O4	3	M	Bilingual	G130	06/09/2018	89100	1280 x 720		Raw Data	Ord4_T3_L.avi	190	0	900	720									42817	10:16:31.838	1536226365611202															0	3655		Fixation	8	359	395	2.99	96.56	52.21																				5136	579	472	549	395	564	433	374	433	232.22	99.68	220.21	131.05	226.22	115.36	301.14	213.54	789.68	348.79	214.97	784.61					816.78	816.78	4.93	4.64	0	0				
07/12/2018	3.3.2	Gaze Project	O4	3	M	Bilingual	G130	06/09/2018	89100	1280 x 720		Raw Data	Ord4_T3_L.avi	190	0	900	720									42825	10:16:31.846	1536226365619564															0	3656		Fixation	8	269	171	6.96	111.83	15.26																				5137	553	460	459	171	506	315	316	315	222.11	104.71	184.09	221.28	203.10	163.00	301.16	213.14	788.42	348.78	214.75	784.01					815.47	815.47	4.99	4.03	0	0				
07/12/2018	3.3.2	Gaze Project	O4	3	M	Bilingual	G130	06/09/2018	89100	1280 x 720		Raw Data	Ord4_T3_L.avi	190	0	900	720									42834	10:16:31.855	1536226365627924															0			Unclassified	8																									5138	569	523			569	523	379	523	228.53	79.31					301.01	207.18	769.85		-34.01						795.98		4.78		0	4				
07/12/2018	3.3.2	Gaze Project	O4	3	M	Bilingual	G130	06/09/2018	89100	1280 x 720		Raw Data	Ord4_T3_L.avi	190	0	900	720									42842	10:16:31.863	1536226365636191															0			Unclassified	8																									5139																			-34.01										4	4				
07/12/2018	3.3.2	Gaze Project	O4	3	M	Bilingual	G130	06/09/2018	89100	1280 x 720		Raw Data	Ord4_T3_L.avi	190	0	900	720									42850	10:16:31.871	1536226365644538															0			Unclassified	8																									5140	604	544			604	544	414	544	242.33	70.91					301.32	213.51	789.61		-34.01						816.72		5.03		0	4				
07/12/2018	3.3.2	Gaze Project	O4	3	M	Bilingual	G130	06/09/2018	89100	1280 x 720		Raw Data	Ord4_T3_L.avi	190	0	900	720									42859	10:16:31.879	1536226365652877															0			Unclassified	8																									5141	611	505			611	505	421	505	245.26	86.70					301.33	213.24	788.75		-34.01						815.82		4.97		0	4				
07/12/2018	3.3.2	Gaze Project	O4	3	M	Bilingual	G130	06/09/2018	89100	1280 x 720		Raw Data	Ord4_T3_L.avi	190	0	900	720									42867	10:16:31.888	1536226365661225															0	3657		Fixation	8	386	523	10.91	288.33	176.51																				5142			576	523	576	523	386	523			231.14	79.52						346.49	203.59	749.91						0.00		4.85	4	0				
07/12/2018	3.3.2	Gaze Project	O4	3	M	Bilingual	G130	06/09/2018	89100	1280 x 720		Raw Data	Ord4_T3_L.avi	190	0	900	720									42875	10:16:31.896	1536226365669592															0	3658		Fixation	8	357	489	1.34	130.37	202.04																				5143	608	192	547	489	577	340	387	340	244.01	212.72	219.70	93.03	231.85	152.88	300.94	201.51	752.15	346.65	204.19	751.80					777.43	777.43	3.59	4.83	0	0				
07/12/2018	3.3.2	Gaze Project	O4	3	M	Bilingual	G130	06/09/2018	89100	1280 x 720		Raw Data	Ord4_T3_L.avi	190	0	900	720									42884	10:16:31.904	1536226365677861															0			Unclassified	8																									5144																			-34.01										4	4				
07/12/2018	3.3.2	Gaze Project	O4	3	M	Bilingual	G130	06/09/2018	89100	1280 x 720		Raw Data	Ord4_T3_L.avi	190	0	900	720									42892	10:16:31.913	1536226365686180															0			Unclassified	8																									5145	851	233	574	369	712	301	522	301	341.53	196.00	230.46	141.27	285.99	168.63	347.95	204.95	753.45	346.99	203.77	750.23					783.77	783.77	4.01	4.44	1	3				
07/12/2018	3.3.2	Gaze Project	O4	3	M	Bilingual	G130	06/09/2018	89100	1280 x 720		Raw Data	Ord4_T3_L.avi	190	0	900	720									42900	10:16:31.921	1536226365694534															0	3659		Fixation	8	348	481	0.36	138.27	7.90																				5146	597	441	538	481	567	461	377	461	239.58	112.30	216.12	96.24	227.85	104.27	300.99	201.92	753.38	346.71	204.22	752.12					778.72	778.72	4.35	4.77	0	0				
07/12/2018	3.3.2	Gaze Project	O4	3	M	Bilingual	G130	06/09/2018	89100	1280 x 720		Raw Data	Ord4_T3_L.avi	190	0	900	720									42909	10:16:31.930	1536226365702908															0			Unclassified	8																									5147	689	713	553	480	621	596	431	596	276.73	2.70	222.14	96.65	249.44	49.67	297.51	106.10	451.59	347.75	204.45	752.03					462.63	462.63	2.57	4.50	1	3				
07/12/2018	3.3.2	Gaze Project	O4	3	M	Bilingual	G130	06/09/2018	89100	1280 x 720		Raw Data	Ord4_T3_L.avi	190	0	900	720									42917	10:16:31.938	1536226365711185															0	3660		Fixation	8	347	523	1.24	268.64	130.37																				5148	645	688	537	523	591	605	401	605	258.96	12.92	215.41	79.37	237.19	46.15	297.64	105.31	451.91	346.82	204.65	753.58					462.70	462.70	2.43	4.92	0	0				
07/12/2018	3.3.2	Gaze Project	O4	3	M	Bilingual	G130	06/09/2018	89100	1280 x 720		Raw Data	Ord4_T3_L.avi	190	0	900	720									42925	10:16:31.946	1536226365719522															0	3661		Fixation	8	374	511	0.87	24.03	115.39																				5149	655	695	564	511	609	603	419	603	263.11	9.90	226.37	84.32	244.74	47.11	297.61	105.31	451.91	345.96	200.77	741.31					462.70	462.70	2.50	4.63	0	0				
07/12/2018	3.3.2	Gaze Project	O4	3	M	Bilingual	G130	06/09/2018	89100	1280 x 720		Raw Data	Ord4_T3_L.avi	190	0	900	720									42934	10:16:31.954	1536226365727858															0			Unclassified	8																									5150																			-34.01										4	4				
07/12/2018	3.3.2	Gaze Project	O4	3	M	Bilingual	G130	06/09/2018	89100	1280 x 720		Raw Data	Ord4_T3_L.avi	190	0	900	720									42942	10:16:31.963	1536226365736210															0	3662		Fixation	8	359	521	0.53	213.78	189.74																				5151	586	148	549	521	567	334	377	334	235.04	230.16	220.20	80.04	227.62	155.10	307.46	219.14	806.20	346.74	204.13	752.29					834.56	834.56	3.75	4.93	0	0				
07/12/2018	3.3.2	Gaze Project	O4	3	M	Bilingual	G130	06/09/2018	89100	1280 x 720		Raw Data	Ord4_T3_L.avi	190	0	900	720									42950	10:16:31.971	1536226365744574															0	3663		Fixation	8	398	507	1.22	19.81	166.03																				5152			588	507	588	507	398	507			235.83	85.59						345.95	200.57	741.40						0.00		4.69	4	0				
07/12/2018	3.3.2	Gaze Project	O4	3	M	Bilingual	G130	06/09/2018	89100	1280 x 720		Raw Data	Ord4_T3_L.avi	190	0	900	720									42959	10:16:31.979	1536226365752825															0			Unclassified	8																									5153	594	531			594	531	404	531	238.43	76.01					300.98	201.49	752.06		-34.01						777.33		4.37		0	4				
07/12/2018	3.3.2	Gaze Project	O4	3	M	Bilingual	G130	06/09/2018	89100	1280 x 720		Raw Data	Ord4_T3_L.avi	190	0	900	720									42967	10:16:31.988	1536226365761175															0	3664		Fixation	8	346	523	1.61	197.15	177.35																				5154			536	523	536	523	346	523			215.14	79.29						345.94	200.58	741.24						0.00		4.70	4	0				
07/12/2018	3.3.2	Gaze Project	O4	3	M	Bilingual	G130	06/09/2018	89100	1280 x 720		Raw Data	Ord4_T3_L.avi	190	0	900	720									42975	10:16:31.996	1536226365769535															0	3665		Fixation	8	339	478	1.37	98.81	261.66																				5155	599	468	529	478	564	473	374	473	240.26	101.37	212.49	97.48	226.37	99.42	300.90	199.32	744.91	345.95	200.58	741.35					769.87	769.87	4.53	4.57	0	0				
07/12/2018	3.3.2	Gaze Project	O4	3	M	Bilingual	G130	06/09/2018	89100	1280 x 720		Raw Data	Ord4_T3_L.avi	190	0	900	720									42984	10:16:32.004	1536226365777891															0	3666		Fixation	8	352	517	1.23	288.38	189.57																				5156	589	581	542	517	565	549	375	549	236.44	56.09	217.46	81.75	226.95	68.92	300.90	199.21	744.95	349.01	206.64	759.81					769.88	769.88	4.51	5.26	0	0				
07/12/2018	3.3.2	Gaze Project	O4	3	M	Bilingual	G130	06/09/2018	89100	1280 x 720		Raw Data	Ord4_T3_L.avi	190	0	900	720									42992	10:16:32.013	1536226365786233															0	3667		Fixation	8	398	175	10.29	82.36	153.98																				5157	624	390	588	175	606	282	416	282	250.43	133.04	236.09	219.67	243.26	176.35	300.90	199.21	744.95	346.81	204.23	753.31					769.88	769.88	4.06	4.05	0	0				
07/12/2018	3.3.2	Gaze Project	O4	3	M	Bilingual	G130	06/09/2018	89100	1280 x 720		Raw Data	Ord4_T3_L.avi	190	0	900	720									43000	10:16:32.021	1536226365794510															0			Unclassified	8																									5158	556	355			556	355	366	355	223.16	146.99					300.90	199.21	744.95		-34.01						769.88		4.06		0	4				
07/12/2018	3.3.2	Gaze Project	O4	3	M	Bilingual	G130	06/09/2018	89100	1280 x 720		Raw Data	Ord4_T3_L.avi	190	0	900	720									43009	10:16:32.029	1536226365802846															0	3668		Fixation	8	378	456	8.49	265.94	183.58																				5159			568	456	568	456	378	456			228.19	106.30						346.73	203.72	751.93						0.00		4.80	4	0				
07/12/2018	3.3.2	Gaze Project	O4	3	M	Bilingual	G130	06/09/2018	89100	1280 x 720		Raw Data	Ord4_T3_L.avi	190	0	900	720									43017	10:16:32.038	1536226365811199															0	3669		Fixation	8	385	492	1.10	280.97	15.03																				5160	560	425	575	492	567	458	377	458	224.74	118.60	230.67	91.72	227.71	105.16	300.93	199.23	744.95	346.74	203.68	751.91					769.88	769.88	4.15	4.83	0	0				
07/12/2018	3.3.2	Gaze Project	O4	3	M	Bilingual	G130	06/09/2018	89100	1280 x 720		Raw Data	Ord4_T3_L.avi	190	0	900	720									43025	10:16:32.046	1536226365819558															0	3670		Fixation	8	367	455	1.23	115.87	194.90																				5161	570	551	557	455	563	503	373	503	228.70	68.08	223.68	106.52	226.19	87.30	301.01	201.33	751.43	347.57	203.59	750.86					776.69	776.69	4.85	4.61	0	0				
07/12/2018	3.3.2	Gaze Project	O4	3	M	Bilingual	G130	06/09/2018	89100	1280 x 720		Raw Data	Ord4_T3_L.avi	190	0	900	720									43034	10:16:32.054	1536226365827836															0	3671		Fixation	8	375	476	0.68	290.79	174.92																				5162			565	476	565	476	375	476			226.62	98.34						346.03	200.41	741.55						0.00		4.70	4	0				
07/12/2018	3.3.2	Gaze Project	O4	3	M	Bilingual	G130	06/09/2018	89100	1280 x 720		Raw Data	Ord4_T3_L.avi	190	0	900	720									43042	10:16:32.063	1536226365836172															0			Unclassified	8																									5163	539	298			539	298	349	298	216.54	169.88					301.05	201.24	751.02		-34.01						776.27		3.88		0	4				
07/12/2018	3.3.2	Gaze Project	O4	3	M	Bilingual	G130	06/09/2018	89100	1280 x 720		Raw Data	Ord4_T3_L.avi	190	0	900	720									43050	10:16:32.071	1536226365844510															0			Unclassified	8																									5164	615	536			615	536	425	536	246.86	74.15					301.53	213.23	788.30		-34.01						815.40		4.93		0	4				
07/12/2018	3.3.2	Gaze Project	O4	3	M	Bilingual	G130	06/09/2018	89100	1280 x 720		Raw Data	Ord4_T3_L.avi	190	0	900	720									43059	10:16:32.079	1536226365852872															0			Unclassified	8																									5165																			-34.01										4	4				
07/12/2018	3.3.2	Gaze Project	O4	3	M	Bilingual	G130	06/09/2018	89100	1280 x 720		Raw Data	Ord4_T3_L.avi	190	0	900	720									43067	10:16:32.088	1536226365861226															0			Unclassified	8																									5166	615	556			615	556	425	556	246.92	65.99					301.54	212.47	785.76		-34.01						812.75		5.03		0	4				
07/12/2018	3.3.2	Gaze Project	O4	3	M	Bilingual	G130	06/09/2018	89100	1280 x 720		Raw Data	Ord4_T3_L.avi	190	0	900	720									43075	10:16:32.096	1536226365869489															0			Unclassified	8																									5167	582	462			582	462	392	462	233.78	104.05					301.65	214.74	792.78		-34.01						820.12		4.92		0	4				
07/12/2018	3.3.2	Gaze Project	O4	3	M	Bilingual	G130	06/09/2018	89100	1280 x 720		Raw Data	Ord4_T3_L.avi	190	0	900	720									43084	10:16:32.104	1536226365877840															0			Unclassified	8																									5168	534	499			534	499	344	499	214.44	88.94					301.78	215.21	794.15		-34.01						821.58		4.92		0	4				
07/12/2018	3.3.2	Gaze Project	O4	3	M	Bilingual	G130	06/09/2018	89100	1280 x 720		Raw Data	Ord4_T3_L.avi	190	0	900	720									43092	10:16:32.113	1536226365886178															0			Unclassified	8																									5169																			-34.01										4	4				
07/12/2018	3.3.2	Gaze Project	O4	3	M	Bilingual	G130	06/09/2018	89100	1280 x 720		Raw Data	Ord4_T3_L.avi	190	0	900	720									43100	10:16:32.121	1536226365894529															0			Unclassified	8																									5170																			-34.01										4	4				
07/12/2018	3.3.2	Gaze Project	O4	3	M	Bilingual	G130	06/09/2018	89100	1280 x 720		Raw Data	Ord4_T3_L.avi	190	0	900	720									43109	10:16:32.130	1536226365902897															0	3672		Fixation	8	359	524	1.46	251.62	320.83																				5171			549	524	549	524	359	524			220.23	79.13						349.94	215.55	789.73						0.00		5.18	4	0				
07/12/2018	3.3.2	Gaze Project	O4	3	M	Bilingual	G130	06/09/2018	89100	1280 x 720		Raw Data	Ord4_T3_L.avi	190	0	900	720									43117	10:16:32.138	1536226365911147															0			Unclassified	8																									5172	573	483			573	483	383	483	230.00	95.54					302.00	215.00	793.23		-34.01						820.65		4.89		0	4				
07/12/2018	3.3.2	Gaze Project	O4	3	M	Bilingual	G130	06/09/2018	89100	1280 x 720		Raw Data	Ord4_T3_L.avi	190	0	900	720									43125	10:16:32.146	1536226365919493															0	3673		Fixation	8	382	519	0.66	12.30	120.68																				5173	607	555	572	519	589	537	399	537	243.82	66.25	229.76	80.83	236.79	73.54	301.84	208.76	773.71	348.62	209.05	769.90					800.18	800.18	4.82	5.11	0	0				
07/12/2018	3.3.2	Gaze Project	O4	3	M	Bilingual	G130	06/09/2018	89100	1280 x 720		Raw Data	Ord4_T3_L.avi	190	0	900	720									43134	10:16:32.154	1536226365927849															0			Unclassified	8																									5174	621	551			621	551	431	551	249.32	67.95					301.87	207.95	771.15		-34.01						797.50		4.82		0	4				
07/12/2018	3.3.2	Gaze Project	O4	3	M	Bilingual	G130	06/09/2018	89100	1280 x 720		Raw Data	Ord4_T3_L.avi	190	0	900	720									43142	10:16:32.163	1536226365936210															0	3674		Fixation	8	388	531	0.39	296.49	284.19																				5175	599	460	578	531	588	495	398	495	240.60	104.60	231.86	76.18	236.23	90.39	302.22	214.52	791.58	349.88	213.82	784.98					818.95	818.95	4.88	5.21	0	0				
07/12/2018	3.3.2	Gaze Project	O4	3	M	Bilingual	G130	06/09/2018	89100	1280 x 720		Raw Data	Ord4_T3_L.avi	190	0	900	720									43150	10:16:32.171	1536226365944487															0	3675		Fixation	8	374	537	0.42	203.27	266.77																				5176			564	537	564	537	374	537			226.36	73.75						350.23	214.73	787.96						0.00		5.23	4	0				
07/12/2018	3.3.2	Gaze Project	O4	3	M	Bilingual	G130	06/09/2018	89100	1280 x 720		Raw Data	Ord4_T3_L.avi	190	0	900	720									43159	10:16:32.179	1536226365952826															0			Unclassified	8																									5177																			-34.01										4	4				
07/12/2018	3.3.2	Gaze Project	O4	3	M	Bilingual	G130	06/09/2018	89100	1280 x 720		Raw Data	Ord4_T3_L.avi	190	0	900	720									43167	10:16:32.188	1536226365961165															0	3676		Fixation	8	358	550	0.57	219.18	15.92																				5178	555	512	548	550	551	531	361	531	222.66	83.96	219.85	68.62	221.25	76.29	302.47	214.34	790.85	349.26	209.67	772.56					818.21	818.21	4.85	5.17	0	0				
07/12/2018	3.3.2	Gaze Project	O4	3	M	Bilingual	G130	06/09/2018	89100	1280 x 720		Raw Data	Ord4_T3_L.avi	190	0	900	720									43175	10:16:32.196	1536226365969526															0			Unclassified	8																									5179	601	542			601	542	411	542	241.30	71.55					302.67	215.77	795.28		-34.01						822.88		5.05		0	4				
07/12/2018	3.3.2	Gaze Project	O4	3	M	Bilingual	G130	06/09/2018	89100	1280 x 720		Raw Data	Ord4_T3_L.avi	190	0	900	720									43184	10:16:32.204	1536226365977879															0			Unclassified	8																									5180																			-34.01										4	4				
07/12/2018	3.3.2	Gaze Project	O4	3	M	Bilingual	G130	06/09/2018	89100	1280 x 720		Raw Data	Ord4_T3_L.avi	190	0	900	720									43192	10:16:32.213	1536226365986149															0	3677		Fixation	8	379	496	1.58	68.81	209.63																				5181			569	496	569	496	379	496			228.22	90.01						353.92	228.88	832.52						0.00		5.68	4	0				
07/12/2018	3.3.2	Gaze Project	O4	3	M	Bilingual	G130	06/09/2018	89100	1280 x 720		Raw Data	Ord4_T3_L.avi	190	0	900	720									43200	10:16:32.221	1536226365994495															0			Unclassified	8																									5182																			-34.01										4	4				
07/12/2018	3.3.2	Gaze Project	O4	3	M	Bilingual	G130	06/09/2018	89100	1280 x 720		Raw Data	Ord4_T3_L.avi	190	0	900	720									43209	10:16:32.229	1536226366002839															0			Unclassified	8																									5183	642	522			642	522	452	522	257.56	79.71					302.72	208.67	772.99		-34.01						799.52		4.72		0	4				
07/12/2018	3.3.2	Gaze Project	O4	3	M	Bilingual	G130	06/09/2018	89100	1280 x 720		Raw Data	Ord4_T3_L.avi	190	0	900	720									43217	10:16:32.238	1536226366011195															0			Unclassified	8																									5184	566	528			566	528	376	528	227.26	77.22					303.01	213.65	788.57		-34.01						815.87		4.90		0	4				
07/12/2018	3.3.2	Gaze Project	O4	3	M	Bilingual	G130	06/09/2018	89100	1280 x 720		Raw Data	Ord4_T3_L.avi	190	0	900	720									43225	10:16:32.246	1536226366019549															0			Unclassified	8																									5185																			-34.01										4	4				
07/12/2018	3.3.2	Gaze Project	O4	3	M	Bilingual	G130	06/09/2018	89100	1280 x 720		Raw Data	Ord4_T3_L.avi	190	0	900	720									43234	10:16:32.254	1536226366027808															0			Unclassified	8																									5186	610	556			610	556	420	556	245.03	65.85					302.97	209.15	774.66		-34.01						801.27		4.94		0	4				
07/12/2018	3.3.2	Gaze Project	O4	3	M	Bilingual	G130	06/09/2018	89100	1280 x 720		Raw Data	Ord4_T3_L.avi	190	0	900	720									43242	10:16:32.263	1536226366036147															0			Unclassified	8																									5187																			-34.01										4	4				
07/12/2018	3.3.2	Gaze Project	O4	3	M	Bilingual	G130	06/09/2018	89100	1280 x 720		Raw Data	Ord4_T3_L.avi	190	0	900	720									43250	10:16:32.271	1536226366044505															0	3678		Fixation	8	403	348	4.20	80.82	12.01																				5188			593	348	593	348	403	348			238.02	149.86						349.84	208.23	769.35						0.00		4.29	4	0				
07/12/2018	3.3.2	Gaze Project	O4	3	M	Bilingual	G130	06/09/2018	89100	1280 x 720		Raw Data	Ord4_T3_L.avi	190	0	900	720									43259	10:16:32.279	1536226366052862															0			Unclassified	8																									5189																			-34.01										4	4				
07/12/2018	3.3.2	Gaze Project	O4	3	M	Bilingual	G130	06/09/2018	89100	1280 x 720		Raw Data	Ord4_T3_L.avi	190	0	900	720									43267	10:16:32.288	1536226366061135															0			Unclassified	8																									5190	544	539			544	539	354	539	218.43	73.02					303.42	213.86	789.25		-34.01						816.60		4.97		0	4				
07/12/2018	3.3.2	Gaze Project	O4	3	M	Bilingual	G130	06/09/2018	89100	1280 x 720		Raw Data	Ord4_T3_L.avi	190	0	900	720									43275	10:16:32.296	1536226366069463															0			Unclassified	8																									5191																			-34.01										4	4				
07/12/2018	3.3.2	Gaze Project	O4	3	M	Bilingual	G130	06/09/2018	89100	1280 x 720		Raw Data	Ord4_T3_L.avi	190	0	900	720									43284	10:16:32.304	1536226366077818															0			Unclassified	8																									5192																			-34.01										4	4				
07/12/2018	3.3.2	Gaze Project	O4	3	M	Bilingual	G130	06/09/2018	89100	1280 x 720		Raw Data	Ord4_T3_L.avi	190	0	900	720									43292	10:16:32.313	1536226366086175															0			Unclassified	8																									5193	614	573			614	573	424	573	246.41	59.05					303.25	207.88	770.54		-34.01						796.98		4.80		0	4				
07/12/2018	3.3.2	Gaze Project	O4	3	M	Bilingual	G130	06/09/2018	89100	1280 x 720		Raw Data	Ord4_T3_L.avi	190	0	900	720									43300	10:16:32.321	1536226366094531															0			Unclassified	8																									5194	560	550			560	550	370	550	224.61	68.48					303.26	207.64	769.78		-34.01						796.19		4.79		0	4				
07/12/2018	3.3.2	Gaze Project	O4	3	M	Bilingual	G130	06/09/2018	89100	1280 x 720		Raw Data	Ord4_T3_L.avi	190	0	900	720									43309	10:16:32.329	1536226366102787															0			Unclassified	8																									5195																			-34.01										4	4				
07/12/2018	3.3.2	Gaze Project	O4	3	M	Bilingual	G130	06/09/2018	89100	1280 x 720		Raw Data	Ord4_T3_L.avi	190	0	900	720									43317	10:16:32.338	1536226366111203															0			Unclassified	8																									5196																			-34.01										4	4				
07/12/2018	3.3.2	Gaze Project	O4	3	M	Bilingual	G130	06/09/2018	89100	1280 x 720		Raw Data	Ord4_T3_L.avi	190	0	900	720									43325	10:16:32.346	1536226366119489															0			Unclassified	8																									5197	527	574			527	574	337	574	211.43	58.63					303.63	214.23	790.22		-34.01						817.65		4.99		0	4				
07/12/2018	3.3.2	Gaze Project	O4	3	M	Bilingual	G130	06/09/2018	89100	1280 x 720		Raw Data	Ord4_T3_L.avi	190	0	900	720									43334	10:16:32.354	1536226366127843															0			Unclassified	8																									5198	594	597			594	597	404	597	238.47	49.65					303.62	214.06	789.67		-34.01						817.07		5.10		0	4				
07/12/2018	3.3.2	Gaze Project	O4	3	M	Bilingual	G130	06/09/2018	89100	1280 x 720		Raw Data	Ord4_T3_L.avi	190	0	900	720									43342	10:16:32.363	1536226366136204															0			Unclassified	8																									5199																			-34.01										4	4				
07/12/2018	3.3.2	Gaze Project	O4	3	M	Bilingual	G130	06/09/2018	89100	1280 x 720		Raw Data	Ord4_T3_L.avi	190	0	900	720									43350	10:16:32.371	1536226366144458															0			Unclassified	8																									5200																			-34.01										4	4				
07/12/2018	3.3.2	Gaze Project	O4	3	M	Bilingual	G130	06/09/2018	89100	1280 x 720		Raw Data	Ord4_T3_L.avi	190	0	900	720									43359	10:16:32.379	1536226366152797															0	3679		Fixation	8	323	558	6.41	249.21	168.39																				5201	586	518	513	558	549	538	359	538	235.25	81.51	205.83	65.32	220.54	73.42	303.32	207.87	770.33	351.37	213.33	785.75					796.78	796.78	4.75	5.29	0	0				
07/12/2018	3.3.2	Gaze Project	O4	3	M	Bilingual	G130	06/09/2018	89100	1280 x 720		Raw Data	Ord4_T3_L.avi	190	0	900	720									43367	10:16:32.388	1536226366161157															0			Unclassified	8																									5202	576	599			576	599	386	599	231.18	48.58					303.32	207.99	770.68		-34.01						797.15		5.05		0	4				
07/12/2018	3.3.2	Gaze Project	O4	3	M	Bilingual	G130	06/09/2018	89100	1280 x 720		Raw Data	Ord4_T3_L.avi	190	0	900	720									43375	10:16:32.396	1536226366169510															0			Unclassified	8																									5203																			-34.01										4	4				
07/12/2018	3.3.2	Gaze Project	O4	3	M	Bilingual	G130	06/09/2018	89100	1280 x 720		Raw Data	Ord4_T3_L.avi	190	0	900	720									43384	10:16:32.404	1536226366177774															0			Unclassified	8																									5204	604	553			604	553	414	553	242.32	67.42					303.61	213.84	788.83		-34.01						816.20		5.07		0	4				
07/12/2018	3.3.2	Gaze Project	O4	3	M	Bilingual	G130	06/09/2018	89100	1280 x 720		Raw Data	Ord4_T3_L.avi	190	0	900	720									43392	10:16:32.413	1536226366186128															0			Unclassified	8																									5205																			-34.01										4	4				
07/12/2018	3.3.2	Gaze Project	O4	3	M	Bilingual	G130	06/09/2018	89100	1280 x 720		Raw Data	Ord4_T3_L.avi	190	0	900	720									43400	10:16:32.421	1536226366194467															0			Unclassified	8																									5206	577	545			577	545	387	545	231.57	70.54					303.33	208.53	772.32		-34.01						798.87		4.98		0	4				
07/12/2018	3.3.2	Gaze Project	O4	3	M	Bilingual	G130	06/09/2018	89100	1280 x 720		Raw Data	Ord4_T3_L.avi	190	0	900	720									43409	10:16:32.429	1536226366202825															0			Unclassified	8																									5207	593	544			593	544	403	544	237.96	70.82					303.28	207.58	769.36		-34.01						795.77		4.84		0	4				
07/12/2018	3.3.2	Gaze Project	O4	3	M	Bilingual	G130	06/09/2018	89100	1280 x 720		Raw Data	Ord4_T3_L.avi	190	0	900	720									43417	10:16:32.438	1536226366211180															0			Unclassified	8																									5208																			-34.01										4	4				
07/12/2018	3.3.2	Gaze Project	O4	3	M	Bilingual	G130	06/09/2018	89100	1280 x 720		Raw Data	Ord4_T3_L.avi	190	0	900	720									43425	10:16:32.446	1536226366219444															0	3680		Fixation	8	347	533	0.98	46.26	157.05																				5209	571	530	537	533	554	531	364	531	229.20	76.57	215.47	75.25	222.34	75.91	303.06	203.01	755.14	348.68	201.94	750.66					780.85	780.85	4.54	4.85	0	0				
07/12/2018	3.3.2	Gaze Project	O4	3	M	Bilingual	G130	06/09/2018	89100	1280 x 720		Raw Data	Ord4_T3_L.avi	190	0	900	720									43434	10:16:32.454	1536226366227774															0	3681		Fixation	8	386	575	1.71	312.79	266.53																				5210			576	575	576	575	386	575			231.31	58.51						348.54	201.39	749.00						0.00		4.96	4	0				
07/12/2018	3.3.2	Gaze Project	O4	3	M	Bilingual	G130	06/09/2018	89100	1280 x 720		Raw Data	Ord4_T3_L.avi	190	0	900	720									43442	10:16:32.463	1536226366236138															0	3682		Fixation	8	363	577	0.68	184.99	232.20																				5211			553	577	553	577	363	577			221.81	57.55						348.52	201.35	748.94						0.00		4.76	4	0				
07/12/2018	3.3.2	Gaze Project	O4	3	M	Bilingual	G130	06/09/2018	89100	1280 x 720		Raw Data	Ord4_T3_L.avi	190	0	900	720									43450	10:16:32.471	1536226366244501															0			Unclassified	8																									5212																			-34.01										4	4				
07/12/2018	3.3.2	Gaze Project	O4	3	M	Bilingual	G130	06/09/2018	89100	1280 x 720		Raw Data	Ord4_T3_L.avi	190	0	900	720									43459	10:16:32.479	1536226366252851															0	3683		Fixation	8	340	558	0.89	140.35	315.36																				5213	597	417	530	558	563	487	373	487	239.83	122.05	212.94	65.33	226.38	93.69	302.93	202.18	752.72	348.69	202.28	751.95					778.28	778.28	4.28	4.89	0	0				
07/12/2018	3.3.2	Gaze Project	O4	3	M	Bilingual	G130	06/09/2018	89100	1280 x 720		Raw Data	Ord4_T3_L.avi	190	0	900	720									43467	10:16:32.488	1536226366261122															0	3684		Fixation	8	372	569	1.00	340.97	200.62																				5214	583	519	562	569	572	544	382	544	234.10	81.04	225.71	60.86	229.90	70.95	302.85	201.13	749.52	348.58	201.93	750.90					774.92	774.92	4.47	4.88	0	0				
07/12/2018	3.3.2	Gaze Project	O4	3	M	Bilingual	G130	06/09/2018	89100	1280 x 720		Raw Data	Ord4_T3_L.avi	190	0	900	720									43475	10:16:32.496	1536226366269442															0			Unclassified	8																									5215																			-34.01										4	4				
07/12/2018	3.3.2	Gaze Project	O4	3	M	Bilingual	G130	06/09/2018	89100	1280 x 720		Raw Data	Ord4_T3_L.avi	190	0	900	720									43484	10:16:32.504	1536226366277806															0			Unclassified	8																									5216	565	570			565	570	375	570	226.96	60.27					302.80	202.00	752.31		-34.01						777.84		4.53		0	4				
07/12/2018	3.3.2	Gaze Project	O4	3	M	Bilingual	G130	06/09/2018	89100	1280 x 720		Raw Data	Ord4_T3_L.avi	190	0	900	720									43492	10:16:32.513	1536226366286166															0	3685		Fixation	8	327	588	1.41	202.96	221.98																				5217	562	566	517	588	539	577	349	577	225.71	61.88	207.64	53.14	216.67	57.51	302.75	202.10	752.67	348.40	201.68	750.21					778.21	778.21	4.57	4.94	0	0				
07/12/2018	3.3.2	Gaze Project	O4	3	M	Bilingual	G130	06/09/2018	89100	1280 x 720		Raw Data	Ord4_T3_L.avi	190	0	900	720									43500	10:16:32.521	1536226366294433															0	3686		Fixation	8	382	546	1.99	37.46	194.50																				5218			572	546	572	546	382	546			229.55	70.08						348.59	202.71	753.42						0.00		4.98	4	0				
07/12/2018	3.3.2	Gaze Project	O4	3	M	Bilingual	G130	06/09/2018	89100	1280 x 720		Raw Data	Ord4_T3_L.avi	190	0	900	720									43509	10:16:32.529	1536226366302793															0	3687		Fixation	8	384	554	0.24	283.99	246.54																				5219			574	554	574	554	384	554			230.30	66.77						351.03	213.40	786.69						0.00		5.22	4	0				
07/12/2018	3.3.2	Gaze Project	O4	3	M	Bilingual	G130	06/09/2018	89100	1280 x 720		Raw Data	Ord4_T3_L.avi	190	0	900	720									43517	10:16:32.538	1536226366311123															0	3688		Fixation	8	359	540	0.81	150.67	226.68																				5220			549	540	549	540	359	540			220.51	72.57						351.27	214.60	790.42						0.00		5.25	4	0				
07/12/2018	3.3.2	Gaze Project	O4	3	M	Bilingual	G130	06/09/2018	89100	1280 x 720		Raw Data	Ord4_T3_L.avi	190	0	900	720									43525	10:16:32.546	1536226366319480															0			Unclassified	8																									5221	590	588			590	588	400	588	236.84	53.26					303.05	214.01	789.89		-34.01						817.23		5.10		0	4				
07/12/2018	3.3.2	Gaze Project	O4	3	M	Bilingual	G130	06/09/2018	89100	1280 x 720		Raw Data	Ord4_T3_L.avi	190	0	900	720									43534	10:16:32.554	1536226366327836															0			Unclassified	8																									5222																			-34.01										4	4				
07/12/2018	3.3.2	Gaze Project	O4	3	M	Bilingual	G130	06/09/2018	89100	1280 x 720		Raw Data	Ord4_T3_L.avi	190	0	900	720									43542	10:16:32.563	1536226366336098															0			Unclassified	8																									5223	553	546			553	546	363	546	222.18	70.10					302.70	207.94	771.03		-34.01						797.43		4.80		0	4				
07/12/2018	3.3.2	Gaze Project	O4	3	M	Bilingual	G130	06/09/2018	89100	1280 x 720		Raw Data	Ord4_T3_L.avi	190	0	900	720									43550	10:16:32.571	1536226366344433															0			Unclassified	8																									5224	603	585			603	585	413	585	242.21	54.38					302.69	208.63	773.19		-34.01						799.70		4.95		0	4				
07/12/2018	3.3.2	Gaze Project	O4	3	M	Bilingual	G130	06/09/2018	89100	1280 x 720		Raw Data	Ord4_T3_L.avi	190	0	900	720									43559	10:16:32.579	1536226366352777															0			Unclassified	8																									5225	555	593			555	593	365	593	222.96	51.33					302.79	212.64	785.68		-34.01						812.80		4.86		0	4				
07/12/2018	3.3.2	Gaze Project	O4	3	M	Bilingual	G130	06/09/2018	89100	1280 x 720		Raw Data	Ord4_T3_L.avi	190	0	900	720									43567	10:16:32.588	1536226366361136															0	3689		Fixation	8	387	561	1.00	323.04	172.37																				5226	607	568	577	561	592	564	402	564	243.48	61.02	231.54	63.83	237.51	62.43	302.80	213.38	788.06	349.49	208.12	770.44					815.28	815.28	4.99	5.18	0	0				
07/12/2018	3.3.2	Gaze Project	O4	3	M	Bilingual	G130	06/09/2018	89100	1280 x 720		Raw Data	Ord4_T3_L.avi	190	0	900	720									43575	10:16:32.596	1536226366369424															0			Unclassified	8																									5227	604	542			604	542	414	542	242.33	71.59					302.79	213.64	788.90		-34.01						816.16		5.09		0	4				
07/12/2018	3.3.2	Gaze Project	O4	3	M	Bilingual	G130	06/09/2018	89100	1280 x 720		Raw Data	Ord4_T3_L.avi	190	0	900	720									43584	10:16:32.604	1536226366377767															0	3690		Fixation	8	387	541	0.57	90.00	126.96																				5228	596	564	577	541	586	552	396	552	239.19	62.90	231.71	72.27	235.45	67.58	302.48	207.42	769.54	349.44	208.12	770.55					795.85	795.85	4.91	5.23	0	0				
07/12/2018	3.3.2	Gaze Project	O4	3	M	Bilingual	G130	06/09/2018	89100	1280 x 720		Raw Data	Ord4_T3_L.avi	190	0	900	720									43592	10:16:32.613	1536226366386099															0			Unclassified	8																									5229	596	588			596	588	406	588	239.27	53.12					302.49	208.23	772.11		-34.01						798.54		4.87		0	4				
07/12/2018	3.3.2	Gaze Project	O4	3	M	Bilingual	G130	06/09/2018	89100	1280 x 720		Raw Data	Ord4_T3_L.avi	190	0	900	720									43600	10:16:32.621	1536226366394463															0			Unclassified	8																									5230																			-34.01										4	4				
07/12/2018	3.3.2	Gaze Project	O4	3	M	Bilingual	G130	06/09/2018	89100	1280 x 720		Raw Data	Ord4_T3_L.avi	190	0	900	720									43609	10:16:32.629	1536226366402817															0			Unclassified	8																									5231	583	573			583	573	393	573	234.10	59.04					302.43	207.56	770.11		-34.01						796.42		4.88		0	4				
07/12/2018	3.3.2	Gaze Project	O4	3	M	Bilingual	G130	06/09/2018	89100	1280 x 720		Raw Data	Ord4_T3_L.avi	190	0	900	720									43617	10:16:32.638	1536226366411077															0			Unclassified	8																									5232	585	601			585	601	395	601	234.75	47.77					302.40	207.02	768.44		-34.01						794.67		4.71		0	4				
07/12/2018	3.3.2	Gaze Project	O4	3	M	Bilingual	G130	06/09/2018	89100	1280 x 720		Raw Data	Ord4_T3_L.avi	190	0	900	720									43625	10:16:32.646	1536226366419412															0			Unclassified	8																									5233	570	535			570	535	380	535	228.83	74.46					302.43	207.87	771.13		-34.01						797.49		4.91		0	4				
07/12/2018	3.3.2	Gaze Project	O4	3	M	Bilingual	G130	06/09/2018	89100	1280 x 720		Raw Data	Ord4_T3_L.avi	190	0	900	720									43634	10:16:32.654	1536226366427761															0			Unclassified	8																									5234																			-34.01										4	4				
07/12/2018	3.3.2	Gaze Project	O4	3	M	Bilingual	G130	06/09/2018	89100	1280 x 720		Raw Data	Ord4_T3_L.avi	190	0	900	720									43642	10:16:32.663	1536226366436132															0			Unclassified	8																									5235																			-34.01										4	4				
07/12/2018	3.3.2	Gaze Project	O4	3	M	Bilingual	G130	06/09/2018	89100	1280 x 720		Raw Data	Ord4_T3_L.avi	190	0	900	720									43650	10:16:32.671	1536226366444471															0			Unclassified	8																									5236																			-34.01										4	4				
07/12/2018	3.3.2	Gaze Project	O4	3	M	Bilingual	G130	06/09/2018	89100	1280 x 720		Raw Data	Ord4_T3_L.avi	190	0	900	720									43659	10:16:32.679	1536226366452748															0			Unclassified	8																									5237																			-34.01										4	4				
07/12/2018	3.3.2	Gaze Project	O4	3	M	Bilingual	G130	06/09/2018	89100	1280 x 720		Raw Data	Ord4_T3_L.avi	190	0	900	720									43667	10:16:32.688	1536226366461088															0			Unclassified	8																									5238	572	566			572	566	382	566	229.65	61.85					302.45	207.50	770.10		-34.01						796.40		4.84		0	4				
07/12/2018	3.3.2	Gaze Project	O4	3	M	Bilingual	G130	06/09/2018	89100	1280 x 720		Raw Data	Ord4_T3_L.avi	190	0	900	720									43675	10:16:32.696	1536226366469445															0			Unclassified	8																									5239	569	600			569	600	379	600	228.47	48.24					302.47	207.60	770.42		-34.01						796.74		4.77		0	4				
07/12/2018	3.3.2	Gaze Project	O4	3	M	Bilingual	G130	06/09/2018	89100	1280 x 720		Raw Data	Ord4_T3_L.avi	190	0	900	720									43684	10:16:32.704	1536226366477799															0	3691		Fixation	8	395	269	7.94	88.32	358.32																				5240	552	513	585	269	568	391	378	391	221.55	83.42	234.78	181.54	228.16	132.48	302.53	208.89	774.47	349.62	208.79	773.10					800.98	800.98	4.80	4.03	0	0				
07/12/2018	3.3.2	Gaze Project	O4	3	M	Bilingual	G130	06/09/2018	89100	1280 x 720		Raw Data	Ord4_T3_L.avi	190	0	900	720									43692	10:16:32.713	1536226366486075															0	3692		Fixation	8	349	560	8.55	261.05	172.72																				5241			539	560	539	560	349	560			216.46	64.57						349.49	208.13	771.09						0.00		5.12	4	0				
07/12/2018	3.3.2	Gaze Project	O4	3	M	Bilingual	G130	06/09/2018	89100	1280 x 720		Raw Data	Ord4_T3_L.avi	190	0	900	720									43700	10:16:32.721	1536226366494410															0			Unclassified	8																									5242	528	545			528	545	338	545	211.80	70.44					302.79	213.67	789.41		-34.01						816.66		4.97		0	4				
07/12/2018	3.3.2	Gaze Project	O4	3	M	Bilingual	G130	06/09/2018	89100	1280 x 720		Raw Data	Ord4_T3_L.avi	190	0	900	720									43709	10:16:32.729	1536226366502752															0			Unclassified	8																									5243	552	557			552	557	362	557	221.51	65.71					302.78	213.20	787.95		-34.01						815.13		4.92		0	4				
07/12/2018	3.3.2	Gaze Project	O4	3	M	Bilingual	G130	06/09/2018	89100	1280 x 720		Raw Data	Ord4_T3_L.avi	190	0	900	720									43717	10:16:32.738	1536226366511109															0			Unclassified	8																									5244																			-34.01										4	4				
07/12/2018	3.3.2	Gaze Project	O4	3	M	Bilingual	G130	06/09/2018	89100	1280 x 720		Raw Data	Ord4_T3_L.avi	190	0	900	720									43725	10:16:32.746	1536226366519473															0			Unclassified	8																									5245	531	543			531	543	341	543	213.03	71.09					302.79	212.47	785.67		-34.01						812.74		4.75		0	4				
07/12/2018	3.3.2	Gaze Project	O4	3	M	Bilingual	G130	06/09/2018	89100	1280 x 720		Raw Data	Ord4_T3_L.avi	190	0	900	720									43734	10:16:32.754	1536226366527735															0			Unclassified	8																									5246	546	570			546	570	356	570	219.14	60.38					302.87	213.66	789.36		-34.01						816.62		4.90		0	4				
07/12/2018	3.3.2	Gaze Project	O4	3	M	Bilingual	G130	06/09/2018	89100	1280 x 720		Raw Data	Ord4_T3_L.avi	190	0	900	720									43742	10:16:32.763	1536226366536078															0			Unclassified	8																									5247	603	590			603	590	413	590	242.17	52.17					302.65	207.22	769.25		-34.01						795.52		4.83		0	4				
07/12/2018	3.3.2	Gaze Project	O4	3	M	Bilingual	G130	06/09/2018	89100	1280 x 720		Raw Data	Ord4_T3_L.avi	190	0	900	720									43750	10:16:32.771	1536226366544424															0			Unclassified	8																									5248	566	544			566	544	376	544	227.14	70.83					303.00	213.94	790.20		-34.01						817.51		5.04		0	4				
07/12/2018	3.3.2	Gaze Project	O4	3	M	Bilingual	G130	06/09/2018	89100	1280 x 720		Raw Data	Ord4_T3_L.avi	190	0	900	720									43759	10:16:32.779	1536226366552785															0	3693		Fixation	8	371	352	6.05	83.98	182.94																				5249	561	529	561	352	561	440	371	440	225.33	77.04	225.13	148.30	225.23	112.67	302.97	212.71	786.35	349.72	208.18	771.29					813.47	813.47	5.03	4.41	0	0				
07/12/2018	3.3.2	Gaze Project	O4	3	M	Bilingual	G130	06/09/2018	89100	1280 x 720		Raw Data	Ord4_T3_L.avi	190	0	900	720									43767	10:16:32.788	1536226366561138															0	3694		Fixation	8	404	519	4.98	281.14	197.16																				5250			594	519	594	519	404	519			238.29	80.99						349.60	207.57	769.36						0.00		4.67	4	0				
07/12/2018	3.3.2	Gaze Project	O4	3	M	Bilingual	G130	06/09/2018	89100	1280 x 720		Raw Data	Ord4_T3_L.avi	190	0	900	720									43775	10:16:32.796	1536226366569407															0	3695		Fixation	8	365	564	1.69	229.18	308.03																				5251	650	562	555	564	602	563	412	563	260.77	63.69	222.85	63.01	241.81	63.35	303.01	212.85	786.70	349.77	208.23	771.35					813.84	813.84	5.09	4.90	0	0				
07/12/2018	3.3.2	Gaze Project	O4	3	M	Bilingual	G130	06/09/2018	89100	1280 x 720		Raw Data	Ord4_T3_L.avi	190	0	900	720									43784	10:16:32.804	1536226366577735															0			Unclassified	8																									5252																			-34.01										4	4				
07/12/2018	3.3.2	Gaze Project	O4	3	M	Bilingual	G130	06/09/2018	89100	1280 x 720		Raw Data	Ord4_T3_L.avi	190	0	900	720									43792	10:16:32.813	1536226366586093															0			Unclassified	8																									5253	586	520			586	520	396	520	235.29	80.61					302.86	207.31	769.10		-34.01						795.42		4.80		0	4				
07/12/2018	3.3.2	Gaze Project	O4	3	M	Bilingual	G130	06/09/2018	89100	1280 x 720		Raw Data	Ord4_T3_L.avi	190	0	900	720									43800	10:16:32.821	1536226366594447															0			Unclassified	8																									5254	572	486			572	486	382	486	229.74	94.34					302.74	204.34	759.67		-34.01						785.54		4.62		0	4				
07/12/2018	3.3.2	Gaze Project	O4	3	M	Bilingual	G130	06/09/2018	89100	1280 x 720		Raw Data	Ord4_T3_L.avi	190	0	900	720									43809	10:16:32.829	1536226366602721															0			Unclassified	8																									5255	599	496			599	496	409	496	240.30	90.40					302.79	205.64	763.68		-34.01						789.75		4.67		0	4				
07/12/2018	3.3.2	Gaze Project	O4	3	M	Bilingual	G130	06/09/2018	89100	1280 x 720		Raw Data	Ord4_T3_L.avi	190	0	900	720									43817	10:16:32.838	1536226366611076															0			Unclassified	8																									5256	609	561			609	561	419	561	244.47	64.13					302.74	204.81	761.07		-34.01						787.02		4.80		0	4				
07/12/2018	3.3.2	Gaze Project	O4	3	M	Bilingual	G130	06/09/2018	89100	1280 x 720		Raw Data	Ord4_T3_L.avi	190	0	900	720									43825	10:16:32.846	1536226366619396															0			Unclassified	8																									5257	569	468			569	468	379	468	228.48	101.42					302.78	206.32	765.76		-34.01						791.93		4.84		0	4				
07/12/2018	3.3.2	Gaze Project	O4	3	M	Bilingual	G130	06/09/2018	89100	1280 x 720		Raw Data	Ord4_T3_L.avi	190	0	900	720									43834	10:16:32.854	1536226366627762															0			Unclassified	8																									5258	415	437			415	437	225	437	166.39	113.99					302.28	195.90	732.91		-34.01						757.50		4.55		0	4				
07/12/2018	3.3.2	Gaze Project	O4	3	M	Bilingual	G130	06/09/2018	89100	1280 x 720		Raw Data	Ord4_T3_L.avi	190	0	900	720									43842	10:16:32.863	1536226366636119															0			Unclassified	8																									5259	578	418			578	418	388	418	231.90	121.81					302.88	210.55	778.89		-34.01						805.71		4.74		0	4				
07/12/2018	3.3.2	Gaze Project	O4	3	M	Bilingual	G130	06/09/2018	89100	1280 x 720		Raw Data	Ord4_T3_L.avi	190	0	900	720									43850	10:16:32.871	1536226366644389															0			Unclassified	8																									5260																			-34.01										4	4				
07/12/2018	3.3.2	Gaze Project	O4	3	M	Bilingual	G130	06/09/2018	89100	1280 x 720		Raw Data	Ord4_T3_L.avi	190	0	900	720									43859	10:16:32.879	1536226366652717															0			Unclassified	8																									5261	565	530			565	530	375	530	226.64	76.51					302.52	205.52	763.23		-34.01						789.27		4.68		0	4				
07/12/2018	3.3.2	Gaze Project	O4	3	M	Bilingual	G130	06/09/2018	89100	1280 x 720		Raw Data	Ord4_T3_L.avi	190	0	900	720									43867	10:16:32.888	1536226366661078															0			Unclassified	8																									5262																			-34.01										4	4				
07/12/2018	3.3.2	Gaze Project	O4	3	M	Bilingual	G130	06/09/2018	89100	1280 x 720		Raw Data	Ord4_T3_L.avi	190	0	900	720									43875	10:16:32.896	1536226366669441															0			Unclassified	8																									5263	523	117	261	99	392	108	202	108	210.07	242.98	104.68	250.08	157.37	246.53	308.04	217.18	798.75	308.04	217.18	798.75					826.92	826.92	3.67	3.69	1	3				
07/12/2018	3.3.2	Gaze Project	O4	3	M	Bilingual	G130	06/09/2018	89100	1280 x 720		Raw Data	Ord4_T3_L.avi	190	0	900	720									43884	10:16:32.904	1536226366677713															0			Unclassified	8																									5264	564	134	415	339	489	236	299	236	226.33	236.12	166.40	153.45	196.36	194.79	305.71	210.64	778.42	325.39	202.51	752.57					805.46	805.46	3.69	4.20	1	3				
07/12/2018	3.3.2	Gaze Project	O4	3	M	Bilingual	G130	06/09/2018	89100	1280 x 720		Raw Data	Ord4_T3_L.avi	190	0	900	720									43892	10:16:32.913	1536226366686053															0	3696		Fixation	8	363	363	5.90	90.57	221.39																				5265	583	356	553	363	568	359	378	359	233.92	146.57	222.16	143.93	228.04	145.25	301.85	199.09	742.94	347.65	202.36	751.48					767.98	767.98	4.07	4.50	0	0				
07/12/2018	3.3.2	Gaze Project	O4	3	M	Bilingual	G130	06/09/2018	89100	1280 x 720		Raw Data	Ord4_T3_L.avi	190	0	900	720									43900	10:16:32.921	1536226366694384															0	3697		Fixation	8	466	246	4.69	48.73	318.16																				5266	578	316	656	246	617	281	427	281	231.93	162.58	263.31	190.83	247.62	176.70	301.74	198.97	742.99	347.40	201.86	749.78					767.99	767.99	3.95	3.95	0	0				
07/12/2018	3.3.2	Gaze Project	O4	3	M	Bilingual	G130	06/09/2018	89100	1280 x 720		Raw Data	Ord4_T3_L.avi	190	0	900	720									43909	10:16:32.929	1536226366702743															0			Unclassified	8																									5267	574	229			574	229	384	229	230.47	197.85					301.61	198.97	742.69		-34.01						767.70		3.50		0	4				
07/12/2018	3.3.2	Gaze Project	O4	3	M	Bilingual	G130	06/09/2018	89100	1280 x 720		Raw Data	Ord4_T3_L.avi	190	0	900	720									43917	10:16:32.938	1536226366711101															0			Unclassified	8																									5268	579	236			579	236	389	236	232.44	194.92					301.53	200.78	748.78		-34.01						774.03		3.47		0	4				
07/12/2018	3.3.2	Gaze Project	O4	3	M	Bilingual	G130	06/09/2018	89100	1280 x 720		Raw Data	Ord4_T3_L.avi	190	0	900	720									43925	10:16:32.946	1536226366719364															0			Unclassified	8																									5269	480	377			480	377	290	377	192.57	138.23					301.41	200.88	749.17		-34.01						774.42		4.08		0	4				
07/12/2018	3.3.2	Gaze Project	O4	3	M	Bilingual	G130	06/09/2018	89100	1280 x 720		Raw Data	Ord4_T3_L.avi	190	0	900	720									43934	10:16:32.954	1536226366727727															0	3698		Fixation	8	351	487	8.03	244.56	195.83																				5270	475	342	541	487	508	414	318	414	190.69	152.10	217.33	93.72	204.01	122.91	309.76	224.98	823.41	346.79	201.59	748.66					852.84	852.84	5.31	4.74	0	0				
07/12/2018	3.3.2	Gaze Project	O4	3	M	Bilingual	G130	06/09/2018	89100	1280 x 720		Raw Data	Ord4_T3_L.avi	190	0	900	720									43942	10:16:32.963	1536226366736063															0			Unclassified	8																									5271	555	240			555	240	365	240	222.92	193.22					301.07	199.02	743.07		-34.01						768.04		3.36		0	4				
07/12/2018	3.3.2	Gaze Project	O4	3	M	Bilingual	G130	06/09/2018	89100	1280 x 720		Raw Data	Ord4_T3_L.avi	190	0	900	720									43950	10:16:32.971	1536226366744400															0	3699		Fixation	8	391	500	1.26	341.94	97.38																				5272	537	143	581	500	559	321	369	321	215.47	232.51	233.35	88.68	224.41	160.59	305.43	212.98	786.12	346.47	201.46	748.04					813.48	813.48	3.39	4.69	0	0				
07/12/2018	3.3.2	Gaze Project	O4	3	M	Bilingual	G130	06/09/2018	89100	1280 x 720		Raw Data	Ord4_T3_L.avi	190	0	900	720									43959	10:16:32.979	1536226366752770															0	3700		Fixation	8	389	440	1.80	91.90	109.96																				5273	603	404	579	440	591	422	401	422	241.90	127.24	232.35	112.64	237.13	119.94	300.79	199.52	745.06	346.28	201.33	747.55					770.07	770.07	4.22	4.64	0	0				
07/12/2018	3.3.2	Gaze Project	O4	3	M	Bilingual	G130	06/09/2018	89100	1280 x 720		Raw Data	Ord4_T3_L.avi	190	0	900	720									43967	10:16:32.988	1536226366761012															0			Unclassified	8																									5274	537	489			537	489	347	489	215.70	93.12					301.01	209.67	776.80		-34.01						803.35		4.82		0	4				
07/12/2018	3.3.2	Gaze Project	O4	3	M	Bilingual	G130	06/09/2018	89100	1280 x 720		Raw Data	Ord4_T3_L.avi	190	0	900	720									43975	10:16:32.996	1536226366769353															0			Unclassified	8																									5275	586	496			586	496	396	496	235.03	90.24					300.71	205.11	762.63		-34.01						788.48		4.80		0	4				
07/12/2018	3.3.2	Gaze Project	O4	3	M	Bilingual	G130	06/09/2018	89100	1280 x 720		Raw Data	Ord4_T3_L.avi	190	0	900	720									43984	10:16:33.004	1536226366777733															0			Unclassified	8																									5276	493	411			493	411	303	411	198.03	124.44					300.80	210.92	780.81		-34.01						807.53		4.46		0	4				
07/12/2018	3.3.2	Gaze Project	O4	3	M	Bilingual	G130	06/09/2018	89100	1280 x 720		Raw Data	Ord4_T3_L.avi	190	0	900	720									43992	10:16:33.013	1536226366786086															0	3701		Fixation	8	367	495	1.74	248.26	156.36																				5277	320	417	557	495	438	456	248	456	128.58	122.00	223.59	90.49	176.09	106.24	300.10	195.21	731.46	347.24	208.13	768.36					755.79	755.79	4.17	4.86	0	0				
07/12/2018	3.3.2	Gaze Project	O4	3	M	Bilingual	G130	06/09/2018	89100	1280 x 720		Raw Data	Ord4_T3_L.avi	190	0	900	720									44000	10:16:33.021	1536226366794365															0			Unclassified	8																									5278	536	453			536	453	346	453	215.15	107.49					300.29	204.61	761.22		-34.01						786.96		4.53		0	4				
07/12/2018	3.3.2	Gaze Project	O4	3	M	Bilingual	G130	06/09/2018	89100	1280 x 720		Raw Data	Ord4_T3_L.avi	190	0	900	720									44009	10:16:33.029	1536226366802703															0	3702		Fixation	8	346	479	0.76	142.61	254.35																				5279			536	479	536	479	346	479			215.01	97.23						348.25	213.93	786.19						0.00		4.95	4	0				
07/12/2018	3.3.2	Gaze Project	O4	3	M	Bilingual	G130	06/09/2018	89100	1280 x 720		Raw Data	Ord4_T3_L.avi	190	0	900	720									44017	10:16:33.038	1536226366811043															0			Unclassified	8																									5280	567	531			567	531	377	531	227.41	76.04					299.87	198.78	742.73		-34.01						767.58		4.48		0	4				
07/12/2018	3.3.2	Gaze Project	O4	3	M	Bilingual	G130	06/09/2018	89100	1280 x 720		Raw Data	Ord4_T3_L.avi	190	0	900	720									44025	10:16:33.046	1536226366819395															0	3703		Fixation	8	354	409	2.00	83.50	300.89																				5281	574	464	544	409	559	436	369	436	230.28	102.95	218.24	125.24	224.26	114.10	299.94	204.52	761.09	348.07	214.18	786.85					786.79	786.79	4.59	4.89	0	0				
07/12/2018	3.3.2	Gaze Project	O4	3	M	Bilingual	G130	06/09/2018	89100	1280 x 720		Raw Data	Ord4_T3_L.avi	190	0	900	720									44034	10:16:33.054	1536226366827754															0			Unclassified	8																									5282	524	436			524	436	334	436	210.27	114.57					299.87	205.45	764.04		-34.01						789.87		4.49		0	4				
07/12/2018	3.3.2	Gaze Project	O4	3	M	Bilingual	G130	06/09/2018	89100	1280 x 720		Raw Data	Ord4_T3_L.avi	190	0	900	720									44042	10:16:33.063	1536226366836025															0	3704		Fixation	8	408	307	3.30	62.18	338.68																				5283	573	526	598	307	585	416	395	416	230.02	78.24	240.12	166.48	235.07	122.36	299.94	210.54	779.96	347.74	213.72	785.25					806.56	806.56	4.64	4.49	0	0				
07/12/2018	3.3.2	Gaze Project	O4	3	M	Bilingual	G130	06/09/2018	89100	1280 x 720		Raw Data	Ord4_T3_L.avi	190	0	900	720									44050	10:16:33.071	1536226366844358															0			Unclassified	8																									5284	561	526			561	526	371	526	225.11	77.97					299.68	205.77	765.12		-34.01						790.99		4.59		0	4				
07/12/2018	3.3.2	Gaze Project	O4	3	M	Bilingual	G130	06/09/2018	89100	1280 x 720		Raw Data	Ord4_T3_L.avi	190	0	900	720									44059	10:16:33.079	1536226366852712															0	3705		Fixation	8	389	398	2.67	258.24	196.06																				5285	534	473	579	398	556	435	366	435	214.29	99.28	232.51	129.52	223.40	114.40	299.52	204.24	760.38	347.72	214.59	787.77					786.00	786.00	4.64	4.96	0	0				
07/12/2018	3.3.2	Gaze Project	O4	3	M	Bilingual	G130	06/09/2018	89100	1280 x 720		Raw Data	Ord4_T3_L.avi	190	0	900	720									44067	10:16:33.088	1536226366861066															0			Unclassified	8																									5286																			-34.01										4	4				
07/12/2018	3.3.2	Gaze Project	O4	3	M	Bilingual	G130	06/09/2018	89100	1280 x 720		Raw Data	Ord4_T3_L.avi	190	0	900	720									44075	10:16:33.096	1536226366869415															0			Unclassified	8																									5287	535	484			535	484	345	484	214.64	94.89					299.52	210.32	779.45		-34.01						805.99		4.72		0	4				
07/12/2018	3.3.2	Gaze Project	O4	3	M	Bilingual	G130	06/09/2018	89100	1280 x 720		Raw Data	Ord4_T3_L.avi	190	0	900	720									44084	10:16:33.104	1536226366877696															0	3706		Fixation	8	380	461	1.84	261.90	3.65																				5288			570	461	570	461	380	461			228.89	104.18						345.85	207.49	765.56						0.00		4.99	4	0				
07/12/2018	3.3.2	Gaze Project	O4	3	M	Bilingual	G130	06/09/2018	89100	1280 x 720		Raw Data	Ord4_T3_L.avi	190	0	900	720									44092	10:16:33.113	1536226366886039															0	3707		Fixation	8	376	485	0.70	260.57	358.67																				5289	552	488	566	485	559	486	369	486	221.40	93.61	227.29	94.75	224.35	94.18	299.35	211.35	782.81	346.96	213.05	782.75					809.49	809.49	4.78	5.16	0	0				
07/12/2018	3.3.2	Gaze Project	O4	3	M	Bilingual	G130	06/09/2018	89100	1280 x 720		Raw Data	Ord4_T3_L.avi	190	0	900	720									44100	10:16:33.121	1536226366894380															0			Unclassified	8																									5290	570	499			570	499	380	499	228.88	88.85					299.12	208.16	772.92		-34.01						799.10		4.64		0	4				
07/12/2018	3.3.2	Gaze Project	O4	3	M	Bilingual	G130	06/09/2018	89100	1280 x 720		Raw Data	Ord4_T3_L.avi	190	0	900	720									44109	10:16:33.129	1536226366902739															0	3708		Fixation	8	364	424	1.78	101.09	200.53																				5291	584	449	554	424	569	436	379	436	234.34	109.26	222.19	119.27	228.27	114.26	298.92	204.80	762.46	346.96	214.05	785.78					788.12	788.12	4.50	5.07	0	0				
07/12/2018	3.3.2	Gaze Project	O4	3	M	Bilingual	G130	06/09/2018	89100	1280 x 720		Raw Data	Ord4_T3_L.avi	190	0	900	720									44117	10:16:33.138	1536226366911019															0	3709		Fixation	8	406	174	7.30	80.49	339.40																				5292	595	538	596	174	595	356	405	356	238.64	73.42	239.25	219.88	238.95	146.65	298.82	204.45	761.46	347.16	215.28	789.57					787.05	787.05	4.64	3.85	0	0				
07/12/2018	3.3.2	Gaze Project	O4	3	M	Bilingual	G130	06/09/2018	89100	1280 x 720		Raw Data	Ord4_T3_L.avi	190	0	900	720									44125	10:16:33.146	1536226366919365															0			Unclassified	8																									5293	620	481			620	481	430	481	249.06	96.12					298.69	203.86	759.72		-34.01						785.21		4.51		0	4				
07/12/2018	3.3.2	Gaze Project	O4	3	M	Bilingual	G130	06/09/2018	89100	1280 x 720		Raw Data	Ord4_T3_L.avi	190	0	900	720									44134	10:16:33.154	1536226366927685															0	3710		Fixation	8	374	336	4.83	258.86	178.37																				5294	597	487	564	336	580	411	390	411	239.46	93.72	226.54	154.61	233.00	124.17	298.60	204.20	760.83	345.26	207.57	765.63					786.37	786.37	4.54	4.37	0	0				
07/12/2018	3.3.2	Gaze Project	O4	3	M	Bilingual	G130	06/09/2018	89100	1280 x 720		Raw Data	Ord4_T3_L.avi	190	0	900	720									44142	10:16:33.163	1536226366936054															0			Unclassified	8																									5295	340	430			340	430	150	430	136.66	116.65					298.27	194.89	731.42		-34.01						755.55		4.29		0	4				
07/12/2018	3.3.2	Gaze Project	O4	3	M	Bilingual	G130	06/09/2018	89100	1280 x 720		Raw Data	Ord4_T3_L.avi	190	0	900	720									44150	10:16:33.171	1536226366944407															0			Unclassified	8																									5296																			-34.01										4	4				
07/12/2018	3.3.2	Gaze Project	O4	3	M	Bilingual	G130	06/09/2018	89100	1280 x 720		Raw Data	Ord4_T3_L.avi	190	0	900	720									44159	10:16:33.179	1536226366952675															0			Unclassified	8																									5297	542	508			542	508	352	508	217.55	85.25					298.51	211.67	784.36		-34.01						811.02		4.83		0	4				
07/12/2018	3.3.2	Gaze Project	O4	3	M	Bilingual	G130	06/09/2018	89100	1280 x 720		Raw Data	Ord4_T3_L.avi	190	0	900	720									44167	10:16:33.188	1536226366961018															0			Unclassified	8																									5298																			-34.01										4	4				
07/12/2018	3.3.2	Gaze Project	O4	3	M	Bilingual	G130	06/09/2018	89100	1280 x 720		Raw Data	Ord4_T3_L.avi	190	0	900	720									44175	10:16:33.196	1536226366969363															0			Unclassified	8																									5299	573	517			573	517	383	517	229.83	81.63					298.12	204.68	762.71		-34.01						788.27		4.72		0	4				
07/12/2018	3.3.2	Gaze Project	O4	3	M	Bilingual	G130	06/09/2018	89100	1280 x 720		Raw Data	Ord4_T3_L.avi	190	0	900	720									44184	10:16:33.204	1536226366977719															0			Unclassified	8																									5300	546	494			546	494	356	494	219.26	90.94					298.04	204.55	762.39		-34.01						787.93		4.68		0	4				
07/12/2018	3.3.2	Gaze Project	O4	3	M	Bilingual	G130	06/09/2018	89100	1280 x 720		Raw Data	Ord4_T3_L.avi	190	0	900	720									44192	10:16:33.213	1536226366986073															0			Unclassified	8																									5301	522	454			522	454	332	454	209.69	107.32					298.08	209.63	778.35		-34.01						804.66		4.48		0	4				
07/12/2018	3.3.2	Gaze Project	O4	3	M	Bilingual	G130	06/09/2018	89100	1280 x 720		Raw Data	Ord4_T3_L.avi	190	0	900	720									44200	10:16:33.221	1536226366994341															0	3711		Fixation	8	381	415	2.32	275.05	16.19																				5302			571	415	571	415	381	415			229.24	122.90						345.73	213.20	783.06						0.00		4.86	4	0				
07/12/2018	3.3.2	Gaze Project	O4	3	M	Bilingual	G130	06/09/2018	89100	1280 x 720		Raw Data	Ord4_T3_L.avi	190	0	900	720									44209	10:16:33.229	1536226367002671															0			Unclassified	8																									5303	585	535			585	535	395	535	234.77	74.51					297.81	205.38	765.23		-34.01						790.88		4.63		0	4				
07/12/2018	3.3.2	Gaze Project	O4	3	M	Bilingual	G130	06/09/2018	89100	1280 x 720		Raw Data	Ord4_T3_L.avi	190	0	900	720									44217	10:16:33.238	1536226367011019															0	3712		Fixation	8	288	486	3.32	217.45	302.40																				5304	549	515	478	486	513	500	323	500	220.18	82.60	191.91	94.33	206.04	88.47	297.87	210.87	782.48	344.52	208.16	767.51					808.95	808.95	4.81	4.85	0	0				
07/12/2018	3.3.2	Gaze Project	O4	3	M	Bilingual	G130	06/09/2018	89100	1280 x 720		Raw Data	Ord4_T3_L.avi	190	0	900	720									44225	10:16:33.246	1536226367019391															0			Unclassified	8																									5305	579	525			579	525	389	525	232.35	78.63					297.62	203.78	760.43		-34.01						785.81		4.58		0	4				
07/12/2018	3.3.2	Gaze Project	O4	3	M	Bilingual	G130	06/09/2018	89100	1280 x 720		Raw Data	Ord4_T3_L.avi	190	0	900	720									44234	10:16:33.254	1536226367027655															0	3713		Fixation	8	423	121	10.37	69.76	212.31																				5306	909	386	613	121	761	253	571	253	364.96	134.57	245.87	241.07	305.41	187.82	345.48	205.85	759.59	371.19	256.63	916.80					789.57	789.57	4.42	5.38	3	1				
07/12/2018	3.3.2	Gaze Project	O4	3	M	Bilingual	G130	06/09/2018	89100	1280 x 720		Raw Data	Ord4_T3_L.avi	190	0	900	720									44242	10:16:33.263	1536226367036005															0	3714		Fixation	8	353	153	1.90	204.64	134.87																				5307	724	449	543	153	633	301	443	301	290.55	108.96	217.96	228.48	254.26	168.72	321.45	204.68	759.64	368.83	251.96	902.35					786.93	786.93	4.55	5.44	3	1				
07/12/2018	3.3.2	Gaze Project	O4	3	M	Bilingual	G130	06/09/2018	89100	1280 x 720		Raw Data	Ord4_T3_L.avi	190	0	900	720									44250	10:16:33.271	1536226367044348															0	3715		Fixation	8	426	230	2.89	313.38	108.74																				5308	555	403	616	230	585	316	395	316	222.97	127.62	247.19	197.46	235.08	162.54	297.43	203.58	759.96	344.10	207.19	764.64					785.29	785.29	4.28	3.53	0	0				
07/12/2018	3.3.2	Gaze Project	O4	3	M	Bilingual	G130	06/09/2018	89100	1280 x 720		Raw Data	Ord4_T3_L.avi	190	0	900	720									44259	10:16:33.279	1536226367052689															0	3716		Fixation	8	325	362	4.85	232.67	279.29																				5309	558	455	515	362	536	408	346	408	223.89	106.92	206.65	144.31	215.27	125.61	297.38	203.28	759.10	345.15	212.37	780.72					784.38	784.38	4.56	4.37	0	0				
07/12/2018	3.3.2	Gaze Project	O4	3	M	Bilingual	G130	06/09/2018	89100	1280 x 720		Raw Data	Ord4_T3_L.avi	190	0	900	720									44267	10:16:33.288	1536226367061059															0	3717		Fixation	8	359	262	3.06	71.28	198.61																				5310	544	435	549	262	546	348	356	348	218.49	114.68	220.55	184.35	219.52	149.52	297.41	206.02	767.70	345.00	211.77	778.89					793.39	793.39	4.67	4.23	0	0				
07/12/2018	3.3.2	Gaze Project	O4	3	M	Bilingual	G130	06/09/2018	89100	1280 x 720		Raw Data	Ord4_T3_L.avi	190	0	900	720									44275	10:16:33.296	1536226367069328															0	3718		Fixation	8	349	502	7.02	267.62	196.34																				5311	562	482	539	502	550	492	360	492	225.78	95.89	216.20	87.81	220.99	91.85	297.31	203.81	760.85	343.92	206.79	763.45					786.20	786.20	4.57	4.91	0	0				
07/12/2018	3.3.2	Gaze Project	O4	3	M	Bilingual	G130	06/09/2018	89100	1280 x 720		Raw Data	Ord4_T3_L.avi	190	0	900	720									44284	10:16:33.304	1536226367077656															0			Unclassified	8																									5312	422	341			422	341	232	341	169.38	152.75					309.31	235.70	859.58		-34.01						890.46		4.97		0	4				
07/12/2018	3.3.2	Gaze Project	O4	3	M	Bilingual	G130	06/09/2018	89100	1280 x 720		Raw Data	Ord4_T3_L.avi	190	0	900	720									44292	10:16:33.313	1536226367086014															0			Unclassified	8																									5313	572	461			572	461	382	461	229.44	104.28					297.30	204.23	762.18		-34.01						787.59		4.52		0	4				
07/12/2018	3.3.2	Gaze Project	O4	3	M	Bilingual	G130	06/09/2018	89100	1280 x 720		Raw Data	Ord4_T3_L.avi	190	0	900	720									44300	10:16:33.321	1536226367094373															0			Unclassified	8																									5314	567	513			567	513	377	513	227.40	83.21					297.30	204.03	761.53		-34.01						786.91		4.66		0	4				
07/12/2018	3.3.2	Gaze Project	O4	3	M	Bilingual	G130	06/09/2018	89100	1280 x 720		Raw Data	Ord4_T3_L.avi	190	0	900	720									44309	10:16:33.329	1536226367102728															0	3719		Fixation	8	360	509	0.38	327.45	59.82																				5315	583	526	550	509	566	517	376	517	234.22	78.16	220.65	84.90	227.43	81.53	297.28	203.05	758.46	343.92	206.77	763.31					783.70	783.70	4.65	4.93	0	0				
07/12/2018	3.3.2	Gaze Project	O4	3	M	Bilingual	G130	06/09/2018	89100	1280 x 720		Raw Data	Ord4_T3_L.avi	190	0	900	720									44317	10:16:33.338	1536226367110979															0	3720		Fixation	8	405	504	1.34	6.36	38.92																				5316	605	485	595	504	600	494	410	494	242.95	94.79	238.64	86.91	240.80	90.85	297.25	200.45	750.29	342.20	199.06	738.96					775.13	775.13	4.54	4.68	0	0				
07/12/2018	3.3.2	Gaze Project	O4	3	M	Bilingual	G130	06/09/2018	89100	1280 x 720		Raw Data	Ord4_T3_L.avi	190	0	900	720									44325	10:16:33.346	1536226367119325															0	3721		Fixation	8	345	525	1.86	199.35	192.99																				5317	555	461	535	525	545	493	355	493	222.85	104.41	214.65	78.60	218.75	91.51	297.26	200.76	751.27	344.14	207.51	765.51					776.16	776.16	4.55	4.82	0	0				
07/12/2018	3.3.2	Gaze Project	O4	3	M	Bilingual	G130	06/09/2018	89100	1280 x 720		Raw Data	Ord4_T3_L.avi	190	0	900	720									44334	10:16:33.354	1536226367127686															0			Unclassified	8																									5318	528	493			528	493	338	493	212.08	91.58					297.41	206.19	768.23		-34.01						793.95		4.61		0	4				
07/12/2018	3.3.2	Gaze Project	O4	3	M	Bilingual	G130	06/09/2018	89100	1280 x 720		Raw Data	Ord4_T3_L.avi	190	0	900	720									44342	10:16:33.363	1536226367136041															0			Unclassified	8																									5319	548	529			548	529	358	529	220.00	77.10					297.36	203.58	759.98		-34.01						785.31		4.58		0	4				
07/12/2018	3.3.2	Gaze Project	O4	3	M	Bilingual	G130	06/09/2018	89100	1280 x 720		Raw Data	Ord4_T3_L.avi	190	0	900	720									44350	10:16:33.371	1536226367144318															0			Unclassified	8																									5320																			-34.01										4	4				
07/12/2018	3.3.2	Gaze Project	O4	3	M	Bilingual	G130	06/09/2018	89100	1280 x 720		Raw Data	Ord4_T3_L.avi	190	0	900	720									44359	10:16:33.379	1536226367152651															0	3722		Fixation	8	393	277	7.54	79.08	239.73																				5321	563	409	583	277	573	343	383	343	226.12	125.25	234.13	178.43	230.13	151.84	297.41	203.46	759.57	342.44	199.00	738.98					784.88	784.88	4.39	3.80	0	0				
07/12/2018	3.3.2	Gaze Project	O4	3	M	Bilingual	G130	06/09/2018	89100	1280 x 720		Raw Data	Ord4_T3_L.avi	190	0	900	720									44367	10:16:33.388	1536226367160996															0			Unclassified	8																									5322																			-34.01										4	4				
07/12/2018	3.3.2	Gaze Project	O4	3	M	Bilingual	G130	06/09/2018	89100	1280 x 720		Raw Data	Ord4_T3_L.avi	190	0	900	720									44375	10:16:33.396	1536226367169353															0	3723		Fixation	8	357	500	6.70	260.86	181.78																				5323	552	446	547	500	549	473	359	473	221.46	110.52	219.49	88.62	220.48	99.57	297.32	197.24	739.69	345.28	212.20	779.77					764.08	764.08	4.35	5.09	0	0				
07/12/2018	3.3.2	Gaze Project	O4	3	M	Bilingual	G130	06/09/2018	89100	1280 x 720		Raw Data	Ord4_T3_L.avi	190	0	900	720									44384	10:16:33.404	1536226367177707															0			Unclassified	8																									5324	590	516			590	516	400	516	236.91	82.11					297.37	197.13	739.73		-34.01						764.09		4.43		0	4				
07/12/2018	3.3.2	Gaze Project	O4	3	M	Bilingual	G130	06/09/2018	89100	1280 x 720		Raw Data	Ord4_T3_L.avi	190	0	900	720									44392	10:16:33.413	1536226367185974															0			Unclassified	8																									5325	586	472			586	472	396	472	235.07	100.06					297.41	197.13	739.29		-34.01						763.67		4.45		0	4				
07/12/2018	3.3.2	Gaze Project	O4	3	M	Bilingual	G130	06/09/2018	89100	1280 x 720		Raw Data	Ord4_T3_L.avi	190	0	900	720									44400	10:16:33.421	1536226367194312															0			Unclassified	8																									5326	538	430			538	430	348	430	215.86	116.97					297.61	205.20	764.86		-34.01						790.46		4.52		0	4				
07/12/2018	3.3.2	Gaze Project	O4	3	M	Bilingual	G130	06/09/2018	89100	1280 x 720		Raw Data	Ord4_T3_L.avi	190	0	900	720									44409	10:16:33.429	1536226367202669															0	3724		Fixation	8	458	189	8.60	72.06	171.20																				5327	543	451	648	189	595	320	405	320	218.10	108.29	259.97	213.75	239.03	161.02	297.45	197.11	739.19	373.97	261.26	930.63					763.57	763.57	4.22	5.84	0	0				
07/12/2018	3.3.2	Gaze Project	O4	3	M	Bilingual	G130	06/09/2018	89100	1280 x 720		Raw Data	Ord4_T3_L.avi	190	0	900	720									44417	10:16:33.438	1536226367211024															0	3725		Fixation	8	397	184	1.62	175.30	103.24																				5328	620	326	587	184	603	255	413	255	248.85	158.64	235.55	215.85	242.20	187.25	306.40	225.47	827.25	345.53	212.39	780.26					856.44	856.44	4.88	3.98	0	0				
07/12/2018	3.3.2	Gaze Project	O4	3	M	Bilingual	G130	06/09/2018	89100	1280 x 720		Raw Data	Ord4_T3_L.avi	190	0	900	720									44425	10:16:33.446	1536226367219296															0			Unclassified	8																									5329	570	492			570	492	380	492	228.96	91.79					297.55	197.01	738.86		-34.01						763.23		4.49		0	4				
07/12/2018	3.3.2	Gaze Project	O4	3	M	Bilingual	G130	06/09/2018	89100	1280 x 720		Raw Data	Ord4_T3_L.avi	190	0	900	720									44434	10:16:33.454	1536226367227639															0			Unclassified	8																									5330	550	508			550	508	360	508	220.67	85.36					297.64	196.89	738.90		-34.01						763.24		4.46		0	4				
07/12/2018	3.3.2	Gaze Project	O4	3	M	Bilingual	G130	06/09/2018	89100	1280 x 720		Raw Data	Ord4_T3_L.avi	190	0	900	720									44442	10:16:33.463	1536226367235973															0			Unclassified	8																									5331	579	504			579	504	389	504	232.34	86.96					297.78	204.28	762.04		-34.01						787.50		4.62		0	4				
07/12/2018	3.3.2	Gaze Project	O4	3	M	Bilingual	G130	06/09/2018	89100	1280 x 720		Raw Data	Ord4_T3_L.avi	190	0	900	720									44450	10:16:33.471	1536226367244340															0			Unclassified	8																									5332	540	304			540	304	350	304	216.72	167.61					297.66	197.12	738.81		-34.01						763.22		4.11		0	4				
07/12/2018	3.3.2	Gaze Project	O4	3	M	Bilingual	G130	06/09/2018	89100	1280 x 720		Raw Data	Ord4_T3_L.avi	190	0	900	720									44459	10:16:33.479	1536226367252694															0			Unclassified	8																									5333	556	343			556	343	366	343	223.09	151.94					297.79	202.46	756.34		-34.01						781.53		4.28		0	4				
07/12/2018	3.3.2	Gaze Project	O4	3	M	Bilingual	G130	06/09/2018	89100	1280 x 720		Raw Data	Ord4_T3_L.avi	190	0	900	720									44467	10:16:33.488	1536226367260963															0			Unclassified	8																									5334	586	499			586	499	396	499	235.22	89.04					297.69	196.73	738.13		-34.01						762.45		4.55		0	4				
07/12/2018	3.3.2	Gaze Project	O4	3	M	Bilingual	G130	06/09/2018	89100	1280 x 720		Raw Data	Ord4_T3_L.avi	190	0	900	720									44475	10:16:33.496	1536226367269304															0			Unclassified	8																									5335	526	519			526	519	336	519	211.28	80.94					297.74	196.59	738.18		-34.01						762.47		4.43		0	4				
07/12/2018	3.3.2	Gaze Project	O4	3	M	Bilingual	G130	06/09/2018	89100	1280 x 720		Raw Data	Ord4_T3_L.avi	190	0	900	720									44484	10:16:33.504	1536226367277648															0			Unclassified	8																									5336	565	482			565	482	375	482	226.89	95.78					297.75	196.74	738.30		-34.01						762.63		4.46		0	4				
07/12/2018	3.3.2	Gaze Project	O4	3	M	Bilingual	G130	06/09/2018	89100	1280 x 720		Raw Data	Ord4_T3_L.avi	190	0	900	720									44492	10:16:33.513	1536226367286008															0			Unclassified	8																									5337	542	395			542	395	352	395	217.47	130.91					297.80	196.64	738.02		-34.01						762.33		4.29		0	4				
07/12/2018	3.3.2	Gaze Project	O4	3	M	Bilingual	G130	06/09/2018	89100	1280 x 720		Raw Data	Ord4_T3_L.avi	190	0	900	720									44500	10:16:33.521	1536226367294362															0			Unclassified	8																									5338	611	551			611	551	421	551	245.19	68.00					297.95	202.12	755.67		-34.01						780.80		4.75		0	4				
07/12/2018	3.3.2	Gaze Project	O4	3	M	Bilingual	G130	06/09/2018	89100	1280 x 720		Raw Data	Ord4_T3_L.avi	190	0	900	720									44509	10:16:33.529	1536226367302623															0			Unclassified	8																									5339	580	534			580	534	390	534	232.64	74.71					297.84	196.25	736.98		-34.01						761.23		4.53		0	4				
07/12/2018	3.3.2	Gaze Project	O4	3	M	Bilingual	G130	06/09/2018	89100	1280 x 720		Raw Data	Ord4_T3_L.avi	190	0	900	720									44517	10:16:33.538	1536226367310962															0			Unclassified	8																									5340																			-34.01										4	4				
07/12/2018	3.3.2	Gaze Project	O4	3	M	Bilingual	G130	06/09/2018	89100	1280 x 720		Raw Data	Ord4_T3_L.avi	190	0	900	720									44525	10:16:33.546	1536226367319305															0			Unclassified	8																									5341	541	522			541	522	351	522	217.24	79.73					297.91	196.06	737.06		-34.01						761.25		4.54		0	4				
07/12/2018	3.3.2	Gaze Project	O4	3	M	Bilingual	G130	06/09/2018	89100	1280 x 720		Raw Data	Ord4_T3_L.avi	190	0	900	720									44534	10:16:33.554	1536226367327679															0			Unclassified	8																									5342	544	445			544	445	354	445	218.43	110.82					297.87	196.27	736.98		-34.01						761.23		4.39		0	4				
07/12/2018	3.3.2	Gaze Project	O4	3	M	Bilingual	G130	06/09/2018	89100	1280 x 720		Raw Data	Ord4_T3_L.avi	190	0	900	720									44542	10:16:33.563	1536226367335956															0	3726		Fixation	8			7.93	72.24	256.94																				5343	610	536	676	-93	643	221	453	221	244.73	74.23	271.40	327.40	258.06	200.81	298.00	195.98	737.09	369.15	249.28	895.54					761.26	761.26	4.65	5.08	0	0				
07/12/2018	3.3.2	Gaze Project	O4	3	M	Bilingual	G130	06/09/2018	89100	1280 x 720		Raw Data	Ord4_T3_L.avi	190	0	900	720									44550	10:16:33.571	1536226367344291															0			Unclassified	8																									5344	527	431			527	431	337	431	211.54	116.56					298.17	203.51	760.79		-34.01						786.10		4.32		0	4				
07/12/2018	3.3.2	Gaze Project	O4	3	M	Bilingual	G130	06/09/2018	89100	1280 x 720		Raw Data	Ord4_T3_L.avi	190	0	900	720									44559	10:16:33.579	1536226367352633															0			Unclassified	8																									5345	547	501			547	501	357	501	219.42	88.05					298.02	195.90	737.13		-34.01						761.27		4.38		0	4				
07/12/2018	3.3.2	Gaze Project	O4	3	M	Bilingual	G130	06/09/2018	89100	1280 x 720		Raw Data	Ord4_T3_L.avi	190	0	900	720									44567	10:16:33.588	1536226367360989															0			Unclassified	8																									5346	564	459			564	459	374	459	226.44	104.91					298.18	202.74	758.68		-34.01						783.86		4.46		0	4				
07/12/2018	3.3.2	Gaze Project	O4	3	M	Bilingual	G130	06/09/2018	89100	1280 x 720		Raw Data	Ord4_T3_L.avi	190	0	900	720									44575	10:16:33.596	1536226367369347															0			Unclassified	8																									5347	549	462			549	462	359	462	220.30	103.99					298.19	202.09	756.82		-34.01						781.89		4.50		0	4				
07/12/2018	3.3.2	Gaze Project	O4	3	M	Bilingual	G130	06/09/2018	89100	1280 x 720		Raw Data	Ord4_T3_L.avi	190	0	900	720									44583	10:16:33.604	1536226367377617															0			Unclassified	8																									5348	577	456			577	456	387	456	231.56	106.39					298.19	201.40	754.79		-34.01						779.75		4.69		0	4				
07/12/2018	3.3.2	Gaze Project	O4	3	M	Bilingual	G130	06/09/2018	89100	1280 x 720		Raw Data	Ord4_T3_L.avi	190	0	900	720									44592	10:16:33.613	1536226367385968															0			Unclassified	8																									5349	569	370			569	370	379	370	228.38	140.95					298.24	203.03	760.02		-34.01						785.22		4.38		0	4				
07/12/2018	3.3.2	Gaze Project	O4	3	M	Bilingual	G130	06/09/2018	89100	1280 x 720		Raw Data	Ord4_T3_L.avi	190	0	900	720									44600	10:16:33.621	1536226367394304															0			Unclassified	8																									5350	565	452			565	452	375	452	226.76	107.75					298.21	201.61	755.65		-34.01						780.63		4.61		0	4				
07/12/2018	3.3.2	Gaze Project	O4	3	M	Bilingual	G130	06/09/2018	89100	1280 x 720		Raw Data	Ord4_T3_L.avi	190	0	900	720									44609	10:16:33.629	1536226367402661															0	3727		Fixation	8	378	492	16.37	259.57	187.33																				5351	542	489	568	492	555	490	365	490	217.41	92.94	227.93	91.74	222.67	92.34	298.07	195.97	737.64	344.44	202.90	753.93					761.78	761.78	4.48	4.92	0	0				
07/12/2018	3.3.2	Gaze Project	O4	3	M	Bilingual	G130	06/09/2018	89100	1280 x 720		Raw Data	Ord4_T3_L.avi	190	0	900	720									44617	10:16:33.638	1536226367410999															0			Unclassified	8																									5352	554	470			554	470	364	470	222.54	100.61					298.20	201.07	754.10		-34.01						778.99		4.62		0	4				
07/12/2018	3.3.2	Gaze Project	O4	3	M	Bilingual	G130	06/09/2018	89100	1280 x 720		Raw Data	Ord4_T3_L.avi	190	0	900	720									44625	10:16:33.646	1536226367419280															0			Unclassified	8																									5353	598	543			598	543	408	543	239.98	71.08					298.09	195.82	737.70		-34.01						761.79		4.62		0	4				
07/12/2018	3.3.2	Gaze Project	O4	3	M	Bilingual	G130	06/09/2018	89100	1280 x 720		Raw Data	Ord4_T3_L.avi	190	0	900	720									44633	10:16:33.654	1536226367427613															0			Unclassified	8																									5354	555	490			555	490	365	490	222.63	92.80					298.22	202.20	757.79		-34.01						782.85		4.58		0	4				
07/12/2018	3.3.2	Gaze Project	O4	3	M	Bilingual	G130	06/09/2018	89100	1280 x 720		Raw Data	Ord4_T3_L.avi	190	0	900	720									44642	10:16:33.663	1536226367435971															0	3728		Fixation	8	364	516	0.81	239.82	340.25																				5355	560	387	554	516	557	451	367	451	224.96	133.94	222.34	82.01	223.65	107.97	298.04	195.63	736.81	344.45	202.92	754.38					760.89	760.89	4.18	4.95	0	0				
07/12/2018	3.3.2	Gaze Project	O4	3	M	Bilingual	G130	06/09/2018	89100	1280 x 720		Raw Data	Ord4_T3_L.avi	190	0	900	720									44650	10:16:33.671	1536226367444327															0			Unclassified	8																									5356	544	397			544	397	354	397	218.24	129.99					298.03	195.49	736.87		-34.01						760.90		4.28		0	4				
07/12/2018	3.3.2	Gaze Project	O4	3	M	Bilingual	G130	06/09/2018	89100	1280 x 720		Raw Data	Ord4_T3_L.avi	190	0	900	720									44659	10:16:33.679	1536226367452684															0	3729		Fixation	8	368	224	7.96	89.22	209.39																				5357	564	480	558	224	561	352	371	352	226.31	96.57	223.97	199.89	225.14	148.23	298.01	195.74	737.31	369.56	248.93	896.82					761.40	761.40	4.50	5.68	0	0				
07/12/2018	3.3.2	Gaze Project	O4	3	M	Bilingual	G130	06/09/2018	89100	1280 x 720		Raw Data	Ord4_T3_L.avi	190	0	900	720									44667	10:16:33.688	1536226367460946															0	3730		Fixation	8	368	224	0.00	0.00	270.78																				5358	541	463	558	224	549	343	359	343	217.08	103.52	223.97	199.89	220.53	151.71	298.02	195.60	737.37	368.43	246.66	889.96					761.41	761.41	4.38	5.68	0	0				
07/12/2018	3.3.2	Gaze Project	O4	3	M	Bilingual	G130	06/09/2018	89100	1280 x 720		Raw Data	Ord4_T3_L.avi	190	0	900	720									44675	10:16:33.696	1536226367469271															0	3731		Fixation	8	76	364	8.48	205.69	205.69																				5359	590	476	266	364	428	420	238	420	236.79	98.44	106.95	143.51	171.87	120.98	297.99	195.55	737.38	303.26	212.19	788.59					761.41	761.41	4.35	4.70	0	0				
07/12/2018	3.3.2	Gaze Project	O4	3	M	Bilingual	G130	06/09/2018	89100	1280 x 720		Raw Data	Ord4_T3_L.avi	190	0	900	720									44684	10:16:33.704	1536226367477641															0			Unclassified	8																									5360	560	503			560	503	370	503	224.63	87.58					297.94	195.25	736.14		-34.01						760.13		4.41		0	4				
07/12/2018	3.3.2	Gaze Project	O4	3	M	Bilingual	G130	06/09/2018	89100	1280 x 720		Raw Data	Ord4_T3_L.avi	190	0	900	720									44692	10:16:33.713	1536226367485995															0			Unclassified	8																									5361	632	529			632	529	442	529	253.77	76.87					298.17	202.50	759.54		-34.01						784.61		4.74		0	4				
07/12/2018	3.3.2	Gaze Project	O4	3	M	Bilingual	G130	06/09/2018	89100	1280 x 720		Raw Data	Ord4_T3_L.avi	190	0	900	720									44700	10:16:33.721	1536226367494270															0			Unclassified	8																									5362	677	547			677	547	487	547	271.59	69.65					298.03	195.50	737.41		-34.01						761.42		4.50		0	4				
07/12/2018	3.3.2	Gaze Project	O4	3	M	Bilingual	G130	06/09/2018	89100	1280 x 720		Raw Data	Ord4_T3_L.avi	190	0	900	720									44708	10:16:33.729	1536226367502606															0			Unclassified	8																									5363	632	561			632	561	442	561	253.75	64.03					298.17	200.71	754.46		-34.01						779.23		4.47		0	4				
07/12/2018	3.3.2	Gaze Project	O4	3	M	Bilingual	G130	06/09/2018	89100	1280 x 720		Raw Data	Ord4_T3_L.avi	190	0	900	720									44717	10:16:33.738	1536226367510952															0			Unclassified	8																									5364	672	627			672	627	482	627	269.75	37.56					298.02	195.31	737.25		-34.01						761.21		4.49		0	4				
07/12/2018	3.3.2	Gaze Project	O4	3	M	Bilingual	G130	06/09/2018	89100	1280 x 720		Raw Data	Ord4_T3_L.avi	190	0	900	720									44725	10:16:33.746	1536226367519309															0			Unclassified	8																									5365	674	608			674	608	484	608	270.65	45.24					298.00	195.26	737.28		-34.01						761.22		4.49		0	4				
07/12/2018	3.3.2	Gaze Project	O4	3	M	Bilingual	G130	06/09/2018	89100	1280 x 720		Raw Data	Ord4_T3_L.avi	190	0	900	720									44734	10:16:33.754	1536226367527665															0			Unclassified	8																									5366	672	612			672	612	482	612	269.84	43.40					297.95	195.14	736.99		-34.01						760.91		4.49		0	4				
07/12/2018	3.3.2	Gaze Project	O4	3	M	Bilingual	G130	06/09/2018	89100	1280 x 720		Raw Data	Ord4_T3_L.avi	190	0	900	720									44742	10:16:33.763	1536226367535931															0	3732		Fixation	8	444	605	12.63	326.69	121.01																				5367	659	645	634	605	646	625	456	625	264.41	30.11	254.67	46.16	259.54	38.14	297.92	195.06	736.83	344.89	204.62	762.08					760.73	760.73	4.57	5.00	0	0				
07/12/2018	3.3.2	Gaze Project	O4	3	M	Bilingual	G130	06/09/2018	89100	1280 x 720		Raw Data	Ord4_T3_L.avi	190	0	900	720									44750	10:16:33.771	1536226367544262															0			Unclassified	8																									5368	645	613			645	613	455	613	258.96	42.96					297.89	195.01	736.79		-34.01						760.67		4.46		0	4				
07/12/2018	3.3.2	Gaze Project	O4	3	M	Bilingual	G130	06/09/2018	89100	1280 x 720		Raw Data	Ord4_T3_L.avi	190	0	900	720									44759	10:16:33.779	1536226367552622															0	3733		Fixation	8	483	580	1.34	32.74	66.05																				5369	644	628	673	580	658	604	468	604	258.54	37.08	269.96	56.51	264.25	46.80	297.86	194.82	736.29	344.78	204.35	761.51					760.14	760.14	4.46	5.02	0	0				
07/12/2018	3.3.2	Gaze Project	O4	3	M	Bilingual	G130	06/09/2018	89100	1280 x 720		Raw Data	Ord4_T3_L.avi	190	0	900	720									44767	10:16:33.788	1536226367560978															0	3734		Fixation	8	425	619	2.02	214.00	181.26																				5370	685	606	615	619	650	612	460	612	274.95	46.00	246.73	40.72	260.84	43.36	298.00	201.66	758.31	344.59	203.54	759.11					783.17	783.17	4.55	4.85	0	0				
07/12/2018	3.3.2	Gaze Project	O4	3	M	Bilingual	G130	06/09/2018	89100	1280 x 720		Raw Data	Ord4_T3_L.avi	190	0	900	720									44775	10:16:33.796	1536226367569249															0			Unclassified	8																									5371	661	595			661	595	471	595	265.19	50.53					297.81	195.09	737.29		-34.01						761.17		4.42		0	4				
07/12/2018	3.3.2	Gaze Project	O4	3	M	Bilingual	G130	06/09/2018	89100	1280 x 720		Raw Data	Ord4_T3_L.avi	190	0	900	720									44783	10:16:33.804	1536226367577577															0			Unclassified	8																									5372	668	598			668	598	478	598	268.11	48.99					297.79	195.05	737.22		-34.01						761.09		4.55		0	4				
07/12/2018	3.3.2	Gaze Project	O4	3	M	Bilingual	G130	06/09/2018	89100	1280 x 720		Raw Data	Ord4_T3_L.avi	190	0	900	720									44792	10:16:33.813	1536226367585931															0			Unclassified	8																									5373	680	636			680	636	490	636	272.84	34.03					297.72	194.93	736.87		-34.01						760.72		4.56		0	4				
07/12/2018	3.3.2	Gaze Project	O4	3	M	Bilingual	G130	06/09/2018	89100	1280 x 720		Raw Data	Ord4_T3_L.avi	190	0	900	720									44800	10:16:33.821	1536226367594293															0	3735		Fixation	8	724	278	12.24	48.85	194.84																				5374	664	643	914	278	789	460	599	460	266.65	31.09	366.92	177.99	316.79	104.54	297.70	194.69	736.15	370.54	250.42	904.75					759.95	759.95	4.62	5.22	0	0				
07/12/2018	3.3.2	Gaze Project	O4	3	M	Bilingual	G130	06/09/2018	89100	1280 x 720		Raw Data	Ord4_T3_L.avi	190	0	900	720									44809	10:16:33.829	1536226367602648															0			Unclassified	8																									5375	677	633			677	633	487	633	271.94	35.09					297.67	195.00	737.14		-34.01						761.00		4.50		0	4				
07/12/2018	3.3.2	Gaze Project	O4	3	M	Bilingual	G130	06/09/2018	89100	1280 x 720		Raw Data	Ord4_T3_L.avi	190	0	900	720									44817	10:16:33.838	1536226367610921															0	3736		Fixation	8	426	570	11.29	224.51	175.66																				5376	647	597	616	570	631	583	441	583	259.67	49.46	247.36	60.21	253.52	54.84	305.59	219.72	814.39	344.47	203.88	760.36					842.42	842.42	5.04	4.91	0	0				
07/12/2018	3.3.2	Gaze Project	O4	3	M	Bilingual	G130	06/09/2018	89100	1280 x 720		Raw Data	Ord4_T3_L.avi	190	0	900	720									44825	10:16:33.846	1536226367619289															0			Unclassified	8																									5377	680	605			680	605	490	605	273.11	46.38					297.60	195.04	737.30		-34.01						761.15		4.56		0	4				
07/12/2018	3.3.2	Gaze Project	O4	3	M	Bilingual	G130	06/09/2018	89100	1280 x 720		Raw Data	Ord4_T3_L.avi	190	0	900	720									44834	10:16:33.854	1536226367627640															0			Unclassified	8																									5378	670	619			670	619	480	619	269.04	40.50					297.55	194.95	737.04		-34.01						760.88		4.48		0	4				
07/12/2018	3.3.2	Gaze Project	O4	3	M	Bilingual	G130	06/09/2018	89100	1280 x 720		Raw Data	Ord4_T3_L.avi	190	0	900	720									44842	10:16:33.863	1536226367635911															0			Unclassified	8																									5379	650	594			650	594	460	594	261.01	50.59					297.50	194.68	736.21		-34.01						760.01		4.38		0	4				
07/12/2018	3.3.2	Gaze Project	O4	3	M	Bilingual	G130	06/09/2018	89100	1280 x 720		Raw Data	Ord4_T3_L.avi	190	0	900	720									44850	10:16:33.871	1536226367644253															0			Unclassified	8																									5380	691	550			691	550	501	550	277.34	68.64					305.18	219.11	812.55		-34.01						840.46		4.97		0	4				
07/12/2018	3.3.2	Gaze Project	O4	3	M	Bilingual	G130	06/09/2018	89100	1280 x 720		Raw Data	Ord4_T3_L.avi	190	0	900	720									44858	10:16:33.879	1536226367652598															0	3737		Fixation	8	460	601	1.35	317.55	93.04																				5381	648	623	650	601	649	612	459	612	260.06	38.93	260.98	47.85	260.52	43.39	297.44	194.92	737.00	344.47	204.85	763.27					760.82	760.82	4.58	5.02	0	0				
07/12/2018	3.3.2	Gaze Project	O4	3	M	Bilingual	G130	06/09/2018	89100	1280 x 720		Raw Data	Ord4_T3_L.avi	190	0	900	720									44867	10:16:33.888	1536226367660957															0	3738		Fixation	8	448	580	0.71	119.67	162.11																				5382	687	615	638	580	662	597	472	597	275.89	42.10	256.10	56.55	266.00	49.32	297.37	194.96	737.11	344.17	203.65	759.51					760.94	760.94	4.51	4.90	0	0				
07/12/2018	3.3.2	Gaze Project	O4	3	M	Bilingual	G130	06/09/2018	89100	1280 x 720		Raw Data	Ord4_T3_L.avi	190	0	900	720									44875	10:16:33.896	1536226367669312															0			Unclassified	8																									5383	663	621			663	621	473	621	266.33	39.79					297.33	194.92	737.02		-34.01						760.84		4.54		0	4				
07/12/2018	3.3.2	Gaze Project	O4	3	M	Bilingual	G130	06/09/2018	89100	1280 x 720		Raw Data	Ord4_T3_L.avi	190	0	900	720									44883	10:16:33.904	1536226367677575															0	3739		Fixation	8	452	614	0.99	276.69	157.02																				5384	666	562	642	614	654	588	464	588	267.44	63.44	257.53	42.63	262.49	53.04	302.67	211.79	789.58	344.25	204.39	761.79					816.25	816.25	4.84	4.96	0	0				
07/12/2018	3.3.2	Gaze Project	O4	3	M	Bilingual	G130	06/09/2018	89100	1280 x 720		Raw Data	Ord4_T3_L.avi	190	0	900	720									44892	10:16:33.913	1536226367685911															0			Unclassified	8																									5385	642	619			642	619	452	619	257.80	40.77					297.40	201.09	756.90		-34.01						781.63		4.59		0	4				
07/12/2018	3.3.2	Gaze Project	O4	3	M	Bilingual	G130	06/09/2018	89100	1280 x 720		Raw Data	Ord4_T3_L.avi	190	0	900	720									44900	10:16:33.921	1536226367694264															0	3740		Fixation	8	466	621	0.46	333.36	56.67																				5386	712	557	656	621	684	589	494	589	285.91	65.57	263.52	39.73	274.71	52.65	301.80	209.51	782.47	344.07	204.07	760.80					808.74	808.74	4.72	5.04	0	0				
07/12/2018	3.3.2	Gaze Project	O4	3	M	Bilingual	G130	06/09/2018	89100	1280 x 720		Raw Data	Ord4_T3_L.avi	190	0	900	720									44909	10:16:33.929	1536226367702621															0			Unclassified	8																									5387	660	568			660	568	470	568	265.07	61.13					307.46	227.04	837.61		-34.01						866.83		5.34		0	4				
07/12/2018	3.3.2	Gaze Project	O4	3	M	Bilingual	G130	06/09/2018	89100	1280 x 720		Raw Data	Ord4_T3_L.avi	190	0	900	720									44917	10:16:33.938	1536226367710893															0	3741		Fixation	8	446	611	0.66	153.36	180.00																				5388	685	612	636	611	660	611	470	611	275.13	43.58	255.36	43.79	265.24	43.68	297.31	204.09	766.43	343.82	203.24	758.28					791.60	791.60	4.68	4.97	0	0				
07/12/2018	3.3.2	Gaze Project	O4	3	M	Bilingual	G130	06/09/2018	89100	1280 x 720		Raw Data	Ord4_T3_L.avi	190	0	900	720									44925	10:16:33.946	1536226367719239															0			Unclassified	8																									5389	665	612			665	612	475	612	267.06	43.39					297.25	202.47	761.41		-34.01						786.33		4.69		0	4				
07/12/2018	3.3.2	Gaze Project	O4	3	M	Bilingual	G130	06/09/2018	89100	1280 x 720		Raw Data	Ord4_T3_L.avi	190	0	900	720									44933	10:16:33.954	1536226367727570															0	3742		Fixation	8	463	616	0.52	343.56	190.20																				5390	677	591	653	616	665	603	475	603	271.66	51.76	261.95	41.93	266.81	46.85	301.77	209.98	784.19	343.93	204.21	761.40					810.52	810.52	4.75	4.91	0	0				
07/12/2018	3.3.2	Gaze Project	O4	3	M	Bilingual	G130	06/09/2018	89100	1280 x 720		Raw Data	Ord4_T3_L.avi	190	0	900	720									44942	10:16:33.963	1536226367735935															0	3743		Fixation	8	448	599	0.67	131.33	147.77																				5391	695	603	638	599	666	601	476	601	278.84	47.05	256.16	48.72	267.50	47.88	297.03	195.08	737.88	343.74	203.50	759.26					761.69	761.69	4.47	5.00	0	0				
07/12/2018	3.3.2	Gaze Project	O4	3	M	Bilingual	G130	06/09/2018	89100	1280 x 720		Raw Data	Ord4_T3_L.avi	190	0	900	720									44950	10:16:33.971	1536226367744293															0			Unclassified	8																									5392	663	613			663	613	473	613	266.27	42.96					296.99	195.03	737.79		-34.01						761.59		4.50		0	4				
07/12/2018	3.3.2	Gaze Project	O4	3	M	Bilingual	G130	06/09/2018	89100	1280 x 720		Raw Data	Ord4_T3_L.avi	190	0	900	720									44958	10:16:33.979	1536226367752560															0	3744		Fixation	8	439	622	0.71	248.69	117.36																				5393	683	631	629	622	656	626	466	626	274.17	35.92	252.37	39.54	263.27	37.73	296.93	195.01	737.81	343.83	204.21	761.63					761.60	761.60	4.59	4.91	0	0				
07/12/2018	3.3.2	Gaze Project	O4	3	M	Bilingual	G130	06/09/2018	89100	1280 x 720		Raw Data	Ord4_T3_L.avi	190	0	900	720									44967	10:16:33.988	1536226367760896															0			Unclassified	8																									5394	674	627			674	627	484	627	270.39	37.31					296.90	194.96	737.71		-34.01						761.48		4.52		0	4				
07/12/2018	3.3.2	Gaze Project	O4	3	M	Bilingual	G130	06/09/2018	89100	1280 x 720		Raw Data	Ord4_T3_L.avi	190	0	900	720									44975	10:16:33.996	1536226367769251															0			Unclassified	8																									5395	649	626			649	626	459	626	260.49	38.00					296.87	195.06	738.10		-34.01						761.88		4.55		0	4				
07/12/2018	3.3.2	Gaze Project	O4	3	M	Bilingual	G130	06/09/2018	89100	1280 x 720		Raw Data	Ord4_T3_L.avi	190	0	900	720									44983	10:16:34.004	1536226367777602															0	3745		Fixation	8	441	599	0.66	85.05	196.35																				5396	663	599	631	599	647	599	457	599	266.24	48.91	253.34	48.84	259.79	48.88	296.83	195.03	738.05	343.56	203.54	759.72					761.82	761.82	4.52	4.82	0	0				
07/12/2018	3.3.2	Gaze Project	O4	3	M	Bilingual	G130	06/09/2018	89100	1280 x 720		Raw Data	Ord4_T3_L.avi	190	0	900	720									44992	10:16:34.013	1536226367785960															0			Unclassified	8																									5397	673	615			673	615	483	615	270.25	42.29					296.79	194.74	737.17		-34.01						760.90		4.52		0	4				
07/12/2018	3.3.2	Gaze Project	O4	3	M	Bilingual	G130	06/09/2018	89100	1280 x 720		Raw Data	Ord4_T3_L.avi	190	0	900	720									45000	10:16:34.021	1536226367794222															0			Unclassified	8																									5398	707	596			707	596	517	596	283.63	50.05					296.75	194.61	737.22		-34.01						760.91		4.44		0	4				
07/12/2018	3.3.2	Gaze Project	O4	3	M	Bilingual	G130	06/09/2018	89100	1280 x 720		Raw Data	Ord4_T3_L.avi	190	0	900	720									45008	10:16:34.029	1536226367802558															0			Unclassified	8																									5399	707	615			707	615	517	615	283.92	42.32					296.70	195.08	738.32		-34.01						762.09		4.56		0	4				
07/12/2018	3.3.2	Gaze Project	O4	3	M	Bilingual	G130	06/09/2018	89100	1280 x 720		Raw Data	Ord4_T3_L.avi	190	0	900	720									45017	10:16:34.038	1536226367810906															0	3746		Fixation	8	706	419	8.56	34.27	309.23																				5400	683	642	896	419	789	530	599	530	274.31	31.55	359.73	121.30	317.02	76.42	296.66	195.04	738.24	370.83	253.71	915.64					761.99	761.99	4.56	5.84	0	0				
07/12/2018	3.3.2	Gaze Project	O4	3	M	Bilingual	G130	06/09/2018	89100	1280 x 720		Raw Data	Ord4_T3_L.avi	190	0	900	720									45025	10:16:34.046	1536226367819275															0			Unclassified	8																									5401	653	582			653	582	463	582	262.21	55.75					296.62	194.78	737.50		-34.01						761.21		4.38		0	4				
07/12/2018	3.3.2	Gaze Project	O4	3	M	Bilingual	G130	06/09/2018	89100	1280 x 720		Raw Data	Ord4_T3_L.avi	190	0	900	720									45033	10:16:34.054	1536226367827544															0			Unclassified	8																									5402	678	642			678	642	488	642	272.35	31.60					296.55	194.94	738.04		-34.01						761.78		4.55		0	4				
07/12/2018	3.3.2	Gaze Project	O4	3	M	Bilingual	G130	06/09/2018	89100	1280 x 720		Raw Data	Ord4_T3_L.avi	190	0	900	720									45042	10:16:34.063	1536226367835890															0			Unclassified	8																									5403	679	624			679	624	489	624	272.47	38.55					296.52	195.08	738.54		-34.01						762.29		4.50		0	4				
07/12/2018	3.3.2	Gaze Project	O4	3	M	Bilingual	G130	06/09/2018	89100	1280 x 720		Raw Data	Ord4_T3_L.avi	190	0	900	720									45050	10:16:34.071	1536226367844225															0	3747		Fixation	8	445	604	8.54	215.42	181.14																				5404	614	460	635	604	624	532	434	532	246.47	104.68	254.90	46.68	250.68	75.68	306.86	227.70	840.80	343.17	203.53	759.93					870.03	870.03	5.01	5.03	0	0				
07/12/2018	3.3.2	Gaze Project	O4	3	M	Bilingual	G130	06/09/2018	89100	1280 x 720		Raw Data	Ord4_T3_L.avi	190	0	900	720									45058	10:16:34.079	1536226367852573															0	3748		Fixation	8	498	456	4.59	70.36	214.94																				5405	660	616	688	456	674	536	484	536	264.94	41.97	276.05	106.44	270.50	74.21	296.43	195.12	738.77	343.17	203.77	760.68					762.52	762.52	4.56	4.35	0	0				
07/12/2018	3.3.2	Gaze Project	O4	3	M	Bilingual	G130	06/09/2018	89100	1280 x 720		Raw Data	Ord4_T3_L.avi	190	0	900	720									45067	10:16:34.088	1536226367860946															0			Unclassified	8																									5406	717	601			717	601	527	601	287.90	48.12					296.52	204.68	769.37		-34.01						794.54		4.73		0	4				
07/12/2018	3.3.2	Gaze Project	O4	3	M	Bilingual	G130	06/09/2018	89100	1280 x 720		Raw Data	Ord4_T3_L.avi	190	0	900	720									45075	10:16:34.096	1536226367869191															0			Unclassified	8																									5407	669	619			669	619	479	619	268.69	40.64					296.31	195.05	738.64		-34.01						762.36		4.46		0	4				
07/12/2018	3.3.2	Gaze Project	O4	3	M	Bilingual	G130	06/09/2018	89100	1280 x 720		Raw Data	Ord4_T3_L.avi	190	0	900	720									45083	10:16:34.104	1536226367877530															0			Unclassified	8																									5408	707	609			707	609	517	609	283.96	44.72					296.37	201.73	760.15		-34.01						784.86		4.53		0	4				
07/12/2018	3.3.2	Gaze Project	O4	3	M	Bilingual	G130	06/09/2018	89100	1280 x 720		Raw Data	Ord4_T3_L.avi	190	0	900	720									45092	10:16:34.113	1536226367885920															0	3749		Fixation	8	447	588	4.10	248.94	178.58																				5409	681	628	637	588	659	608	469	608	273.50	36.96	255.70	53.12	264.60	45.04	296.21	195.18	739.15	343.73	207.73	773.10					762.89	762.89	4.57	5.03	0	0				
07/12/2018	3.3.2	Gaze Project	O4	3	M	Bilingual	G130	06/09/2018	89100	1280 x 720		Raw Data	Ord4_T3_L.avi	190	0	900	720									45100	10:16:34.121	1536226367894258															0	3750		Fixation	8	541	520	3.05	35.97	147.03																				5410	676	614	731	520	703	567	513	567	271.24	42.80	293.61	80.68	282.43	61.74	296.13	195.03	738.76	368.68	250.86	906.93					762.46	762.46	4.55	5.91	0	0				
07/12/2018	3.3.2	Gaze Project	O4	3	M	Bilingual	G130	06/09/2018	89100	1280 x 720		Raw Data	Ord4_T3_L.avi	190	0	900	720									45108	10:16:34.129	1536226367902613															0			Unclassified	8																									5411	661	625			661	625	471	625	265.42	38.45					296.07	194.75	737.92		-34.01						761.57		4.54		0	4				
07/12/2018	3.3.2	Gaze Project	O4	3	M	Bilingual	G130	06/09/2018	89100	1280 x 720		Raw Data	Ord4_T3_L.avi	190	0	900	720									45117	10:16:34.137	1536226367910876															0	3751		Fixation	8	461	584	2.69	218.75	182.78																				5412	703	629	651	584	677	606	487	606	282.04	36.57	261.15	54.83	271.59	45.70	296.01	194.61	737.97	343.76	208.83	776.58					761.58	761.58	4.50	5.09	0	0				
07/12/2018	3.3.2	Gaze Project	O4	3	M	Bilingual	G130	06/09/2018	89100	1280 x 720		Raw Data	Ord4_T3_L.avi	190	0	900	720									45125	10:16:34.146	1536226367919207															0	3752		Fixation	8	401	499	3.05	125.13	266.38																				5413	675	613	591	499	633	556	443	556	270.79	43.09	237.27	88.85	254.03	65.97	295.94	195.00	738.92	342.50	203.02	758.48					762.60	762.60	4.53	4.31	0	0				
07/12/2018	3.3.2	Gaze Project	O4	3	M	Bilingual	G130	06/09/2018	89100	1280 x 720		Raw Data	Ord4_T3_L.avi	190	0	900	720									45133	10:16:34.154	1536226367927559															0	3753		Fixation	8	455	638	4.38	291.17	166.04																				5414	705	645	645	638	675	641	485	641	282.84	30.19	258.97	32.90	270.90	31.55	295.91	194.85	738.98	342.60	203.84	761.15					762.61	762.61	4.62	4.94	0	0				
07/12/2018	3.3.2	Gaze Project	O4	3	M	Bilingual	G130	06/09/2018	89100	1280 x 720		Raw Data	Ord4_T3_L.avi	190	0	900	720									45142	10:16:34.163	1536226367935927															0			Unclassified	8																									5415	654	644			654	644	464	644	262.50	30.65					295.86	194.82	738.99		-34.01						762.61		4.51		0	4				
07/12/2018	3.3.2	Gaze Project	O4	3	M	Bilingual	G130	06/09/2018	89100	1280 x 720		Raw Data	Ord4_T3_L.avi	190	0	900	720									45150	10:16:34.171	1536226367944197															0	3754		Fixation	8	494	644	1.15	351.23	60.06																				5416	690	655	684	644	687	649	497	649	276.82	26.36	274.56	30.45	275.69	28.41	295.75	194.96	739.07	342.58	204.38	762.95					762.72	762.72	4.52	4.98	0	0				
07/12/2018	3.3.2	Gaze Project	O4	3	M	Bilingual	G130	06/09/2018	89100	1280 x 720		Raw Data	Ord4_T3_L.avi	190	0	900	720									45158	10:16:34.179	1536226367952552															0	3755		Fixation	8	460	625	1.14	150.72	159.50																				5417	666	635	650	625	658	630	468	630	267.40	34.36	260.79	38.37	264.10	36.36	295.70	194.69	738.30	342.38	203.73	760.96					761.90	761.90	4.47	4.55	0	0				
07/12/2018	3.3.2	Gaze Project	O4	3	M	Bilingual	G130	06/09/2018	89100	1280 x 720		Raw Data	Ord4_T3_L.avi	190	0	900	720									45167	10:16:34.188	1536226367960881															0	3756		Fixation	8	404	630	1.61	185.12	34.39																				5418	656	644	594	630	625	637	435	637	263.13	30.60	238.26	36.25	250.70	33.42	295.63	194.87	738.99	343.44	209.23	778.20					762.61	762.61	4.56	4.73	0	0				
07/12/2018	3.3.2	Gaze Project	O4	3	M	Bilingual	G130	06/09/2018	89100	1280 x 720		Raw Data	Ord4_T3_L.avi	190	0	900	720									45175	10:16:34.196	1536226367969225															0	3757		Fixation	8	453	606	1.55	26.17	201.05																				5419	692	675	643	606	667	640	477	640	277.92	18.01	257.95	45.85	267.94	31.93	295.56	194.92	739.18	342.46	204.78	764.36					762.80	762.80	4.57	4.64	0	0				
07/12/2018	3.3.2	Gaze Project	O4	3	M	Bilingual	G130	06/09/2018	89100	1280 x 720		Raw Data	Ord4_T3_L.avi	190	0	900	720									45183	10:16:34.204	1536226367977596															0	3758		Fixation	8	446	625	0.58	249.83	223.67																				5420			636	625	636	625	446	625			255.30	38.12						342.25	204.04	762.08						0.00		4.60	4	0				
07/12/2018	3.3.2	Gaze Project	O4	3	M	Bilingual	G130	06/09/2018	89100	1280 x 720		Raw Data	Ord4_T3_L.avi	190	0	900	720									45192	10:16:34.212	1536226367985865															0	3759		Fixation	8	418	592	1.27	130.22	240.39																				5421	695	679	608	592	651	635	461	635	278.97	16.34	243.96	51.62	261.46	33.98	295.46	194.90	739.28	342.35	204.73	764.30					762.88	762.88	4.51	4.59	0	0				
07/12/2018	3.3.2	Gaze Project	O4	3	M	Bilingual	G130	06/09/2018	89100	1280 x 720		Raw Data	Ord4_T3_L.avi	190	0	900	720									45200	10:16:34.221	1536226367994195															0			Unclassified	8																									5422	662	636			662	636	472	636	265.62	33.83					295.51	201.79	761.50		-34.01						786.12		4.65		0	4				
07/12/2018	3.3.2	Gaze Project	O4	3	M	Bilingual	G130	06/09/2018	89100	1280 x 720		Raw Data	Ord4_T3_L.avi	190	0	900	720									45208	10:16:34.229	1536226368002550															0	3760		Fixation	8	425	650	1.68	276.86	146.64																				5423	670	644	615	650	642	647	452	647	268.90	30.46	246.68	28.21	257.79	29.33	300.08	210.12	786.94	342.02	203.69	761.11					813.09	813.09	4.84	4.55	0	0				
07/12/2018	3.3.2	Gaze Project	O4	3	M	Bilingual	G130	06/09/2018	89100	1280 x 720		Raw Data	Ord4_T3_L.avi	190	0	900	720									45217	10:16:34.238	1536226368010908															0	3761		Fixation	8	465	564	2.72	65.13	148.27																				5424	665	626	655	564	660	595	470	595	266.76	37.75	262.81	62.88	264.79	50.32	295.31	194.80	739.17	342.17	204.62	764.06					762.74	762.74	4.42	4.51	0	0				
07/12/2018	3.3.2	Gaze Project	O4	3	M	Bilingual	G130	06/09/2018	89100	1280 x 720		Raw Data	Ord4_T3_L.avi	190	0	900	720									45225	10:16:34.246	1536226368019188															0	3762		Fixation	8	454	618	1.57	258.52	193.40																				5425	666	699	644	618	655	658	465	658	267.52	8.64	258.57	40.89	263.05	24.76	295.28	195.14	740.29	343.35	210.70	783.10					763.91	763.91	4.56	4.83	0	0				
07/12/2018	3.3.2	Gaze Project	O4	3	M	Bilingual	G130	06/09/2018	89100	1280 x 720		Raw Data	Ord4_T3_L.avi	190	0	900	720									45233	10:16:34.254	1536226368027528															0	3763		Fixation	8	457	614	0.14	53.22	154.70																				5426	687	636	647	614	667	625	477	625	275.72	33.78	259.82	42.67	267.77	38.22	300.46	211.79	792.38	341.94	203.94	762.00					818.79	818.79	4.82	4.55	0	0				
07/12/2018	3.3.2	Gaze Project	O4	3	M	Bilingual	G130	06/09/2018	89100	1280 x 720		Raw Data	Ord4_T3_L.avi	190	0	900	720									45242	10:16:34.262	1536226368035859															0	3764		Fixation	8	456	600	0.41	94.07	40.85																				5427	691	639	646	600	668	619	478	619	277.49	32.74	259.26	48.20	268.37	40.47	295.25	198.43	751.19	342.03	204.56	763.94					775.28	775.28	4.45	4.61	0	0				
07/12/2018	3.3.2	Gaze Project	O4	3	M	Bilingual	G130	06/09/2018	89100	1280 x 720		Raw Data	Ord4_T3_L.avi	190	0	900	720									45250	10:16:34.271	1536226368044220															0			Unclassified	8																									5428																			-34.01										4	4				
07/12/2018	3.3.2	Gaze Project	O4	3	M	Bilingual	G130	06/09/2018	89100	1280 x 720		Raw Data	Ord4_T3_L.avi	190	0	900	720									45258	10:16:34.279	1536226368052580															0	3765		Fixation	8	438	612	0.62	213.78	119.70																				5429	667	660	628	612	647	636	457	636	267.56	24.15	252.26	43.66	259.91	33.91	295.14	194.58	738.70	341.92	204.30	763.16					762.22	762.22	4.61	4.62	0	0				
07/12/2018	3.3.2	Gaze Project	O4	3	M	Bilingual	G130	06/09/2018	89100	1280 x 720		Raw Data	Ord4_T3_L.avi	190	0	900	720									45267	10:16:34.287	1536226368060847															0	3766		Fixation	8	417	639	0.97	232.21	18.44																				5430	619	567	607	639	613	603	423	603	248.45	61.52	243.58	32.76	246.01	47.14	295.18	194.69	738.66	341.73	203.49	760.61					762.22	762.22	4.30	4.83	0	0				
07/12/2018	3.3.2	Gaze Project	O4	3	M	Bilingual	G130	06/09/2018	89100	1280 x 720		Raw Data	Ord4_T3_L.avi	190	0	900	720									45275	10:16:34.296	1536226368069192															0			Unclassified	8																									5431	613	668			613	668	423	668	246.23	20.93					295.10	194.70	738.66		-34.01						762.21		4.50		0	4				
07/12/2018	3.3.2	Gaze Project	O4	3	M	Bilingual	G130	06/09/2018	89100	1280 x 720		Raw Data	Ord4_T3_L.avi	190	0	900	720									45283	10:16:34.304	1536226368077533															0	3767		Fixation	8	435	657	0.73	314.91	82.69																				5432			625	657	625	657	435	657			250.82	25.42						343.21	211.05	784.25						0.00		5.05	4	0				
07/12/2018	3.3.2	Gaze Project	O4	3	M	Bilingual	G130	06/09/2018	89100	1280 x 720		Raw Data	Ord4_T3_L.avi	190	0	900	720									45292	10:16:34.313	1536226368085895															0	3768		Fixation	8	434	661	0.11	256.01	301.10																				5433	671	672	624	661	647	666	457	666	269.50	19.19	250.54	23.95	260.02	21.57	295.07	194.95	739.92	342.95	209.81	780.37					763.50	763.50	4.51	4.97	0	0				
07/12/2018	3.3.2	Gaze Project	O4	3	M	Bilingual	G130	06/09/2018	89100	1280 x 720		Raw Data	Ord4_T3_L.avi	190	0	900	720									45300	10:16:34.321	1536226368094248															0			Unclassified	8																									5434	673	649			673	649	483	649	270.18	28.47					295.06	194.79	739.43		-34.01						762.97		4.65		0	4				
07/12/2018	3.3.2	Gaze Project	O4	3	M	Bilingual	G130	06/09/2018	89100	1280 x 720		Raw Data	Ord4_T3_L.avi	190	0	900	720									45308	10:16:34.329	1536226368102507															0	3769		Fixation	8	467	652	0.97	15.30	119.30																				5435	655	664	657	652	656	658	466	658	263.00	22.51	263.88	27.24	263.44	24.88	295.05	194.67	739.48	341.79	204.30	763.14					762.98	762.98	4.46	4.91	0	0				
07/12/2018	3.3.2	Gaze Project	O4	3	M	Bilingual	G130	06/09/2018	89100	1280 x 720		Raw Data	Ord4_T3_L.avi	190	0	900	720									45317	10:16:34.337	1536226368110848															0	3770		Fixation	8	461	506	4.24	92.35	77.04																				5436	679	660	651	506	665	583	475	583	272.51	24.34	261.50	86.22	267.01	55.28	295.04	194.94	739.93	341.74	204.09	762.50					763.49	763.49	4.51	4.31	0	0				
07/12/2018	3.3.2	Gaze Project	O4	3	M	Bilingual	G130	06/09/2018	89100	1280 x 720		Raw Data	Ord4_T3_L.avi	190	0	900	720									45325	10:16:34.346	1536226368119203															0	3771		Fixation	8	450	628	3.55	264.86	172.52																				5437	677	680	640	628	658	654	468	654	271.89	16.05	256.87	37.12	264.38	26.58	295.03	194.94	739.94	341.73	204.11	762.59					763.50	763.50	4.49	4.59	0	0				
07/12/2018	3.3.2	Gaze Project	O4	3	M	Bilingual	G130	06/09/2018	89100	1280 x 720		Raw Data	Ord4_T3_L.avi	190	0	900	720									45333	10:16:34.354	1536226368127566															0	3772		Fixation	8	423	591	1.34	126.03	221.17																				5438	682	669	613	591	647	630	457	630	273.84	20.65	246.15	52.01	260.00	36.33	295.03	194.95	739.99	341.80	204.50	763.81					763.55	763.55	4.54	4.60	0	0				
07/12/2018	3.3.2	Gaze Project	O4	3	M	Bilingual	G130	06/09/2018	89100	1280 x 720		Raw Data	Ord4_T3_L.avi	190	0	900	720									45342	10:16:34.362	1536226368135844															0			Unclassified	8																									5439	625	660			625	660	435	660	250.88	24.17					295.02	194.76	739.41		-34.01						762.94		4.56		0	4				
07/12/2018	3.3.2	Gaze Project	O4	3	M	Bilingual	G130	06/09/2018	89100	1280 x 720		Raw Data	Ord4_T3_L.avi	190	0	900	720									45350	10:16:34.371	1536226368144160															0	3773		Fixation	8	459	631	1.58	311.90	185.86																				5440	658	657	649	631	653	644	463	644	264.06	25.39	260.63	35.85	262.34	30.62	295.02	194.96	740.04	341.67	203.86	761.86					763.61	763.61	4.49	4.77	0	0				
07/12/2018	3.3.2	Gaze Project	O4	3	M	Bilingual	G130	06/09/2018	89100	1280 x 720		Raw Data	Ord4_T3_L.avi	190	0	900	720									45358	10:16:34.379	1536226368152509															0	3774		Fixation	8	454	614	0.51	106.34	154.44																				5441	618	677	644	614	631	645	441	645	247.92	17.33	258.49	42.58	253.20	29.95	295.09	195.07	740.00	341.79	204.52	763.96					763.60	763.60	4.55	4.73	0	0				
07/12/2018	3.3.2	Gaze Project	O4	3	M	Bilingual	G130	06/09/2018	89100	1280 x 720		Raw Data	Ord4_T3_L.avi	190	0	900	720									45367	10:16:34.387	1536226368160875															0	3775		Fixation	8	444	626	0.45	230.29	123.95																				5442	678	668	634	626	656	647	466	647	272.18	20.95	254.38	37.79	263.28	29.37	295.02	194.78	739.48	341.78	204.46	763.80					763.02	763.02	4.58	4.58	0	0				
07/12/2018	3.3.2	Gaze Project	O4	3	M	Bilingual	G130	06/09/2018	89100	1280 x 720		Raw Data	Ord4_T3_L.avi	190	0	900	720									45375	10:16:34.396	1536226368169231															0	3776		Fixation	8	418	535	2.76	105.90	235.61																				5443	623	584	608	535	615	559	425	559	250.18	54.81	244.10	74.43	247.14	64.62	305.25	227.81	843.24	341.66	203.94	762.16					872.30	872.30	5.18	4.41	0	0				
07/12/2018	3.3.2	Gaze Project	O4	3	M	Bilingual	G130	06/09/2018	89100	1280 x 720		Raw Data	Ord4_T3_L.avi	190	0	900	720									45383	10:16:34.404	1536226368177506															0	3777		Fixation	8	450	586	1.77	302.02	196.13																				5444	673	685	640	586	656	635	466	635	270.25	14.03	256.74	53.77	263.50	33.90	294.98	194.67	739.14	341.76	204.43	763.72					762.66	762.66	4.51	4.43	0	0				
07/12/2018	3.3.2	Gaze Project	O4	3	M	Bilingual	G130	06/09/2018	89100	1280 x 720		Raw Data	Ord4_T3_L.avi	190	0	900	720									45392	10:16:34.413	1536226368185899															0	3778		Fixation	8	436	601	0.59	227.07	285.04																				5445	673	658	626	601	649	629	459	629	270.21	24.79	251.36	47.85	260.78	36.32	294.98	194.68	739.18	341.77	204.46	763.83					762.70	762.70	4.50	4.58	0	0				
07/12/2018	3.3.2	Gaze Project	O4	3	M	Bilingual	G130	06/09/2018	89100	1280 x 720		Raw Data	Ord4_T3_L.avi	190	0	900	720									45400	10:16:34.421	1536226368194185															0	3779		Fixation	8	432	611	0.31	248.26	21.20																				5446	656	685	622	611	639	648	449	648	263.27	14.03	249.71	43.95	256.49	28.99	295.02	194.83	739.61	341.56	203.42	760.57					763.16	763.16	4.57	4.54	0	0				
07/12/2018	3.3.2	Gaze Project	O4	3	M	Bilingual	G130	06/09/2018	89100	1280 x 720		Raw Data	Ord4_T3_L.avi	190	0	900	720									45408	10:16:34.429	1536226368202543															0	3780		Fixation	8	458	596	0.86	30.06	141.80																				5447	606	577	648	596	627	586	437	586	243.40	57.56	260.19	50.10	251.79	53.83	306.24	231.02	853.36	341.82	204.72	764.63					882.96	882.96	5.23	4.48	0	0				
07/12/2018	3.3.2	Gaze Project	O4	3	M	Bilingual	G130	06/09/2018	89100	1280 x 720		Raw Data	Ord4_T3_L.avi	190	0	900	720									45417	10:16:34.438	1536226368210898															0	3781		Fixation	8	436	650	1.66	247.90	217.84																				5448	663	669	626	650	644	659	454	659	266.12	20.37	251.43	28.36	258.77	24.37	295.14	206.89	778.07	341.71	204.22	763.03					803.42	803.42	4.82	4.80	0	0				
07/12/2018	3.3.2	Gaze Project	O4	3	M	Bilingual	G130	06/09/2018	89100	1280 x 720		Raw Data	Ord4_T3_L.avi	190	0	900	720									45425	10:16:34.446	1536226368219156															0	3782		Fixation	8	467	650	0.90	0.00	112.10																				5449	610	533	657	650	633	591	443	591	245.02	75.25	263.60	28.23	254.31	51.74	310.04	243.41	892.37	341.85	204.93	765.26					924.03	924.03	5.20	4.83	0	0				
07/12/2018	3.3.2	Gaze Project	O4	3	M	Bilingual	G130	06/09/2018	89100	1280 x 720		Raw Data	Ord4_T3_L.avi	190	0	900	720									45433	10:16:34.454	1536226368227500															0	3783		Fixation	8	456	644	0.36	151.31	151.31																				5450	642	635	646	644	644	639	454	639	257.82	34.07	259.19	30.64	258.51	32.35	295.13	204.48	770.45	341.95	205.44	766.86					795.44	795.44	4.76	4.86	0	0				
07/12/2018	3.3.2	Gaze Project	O4	3	M	Bilingual	G130	06/09/2018	89100	1280 x 720		Raw Data	Ord4_T3_L.avi	190	0	900	720									45442	10:16:34.462	1536226368235855															0	3784		Fixation	8	467	659	0.54	306.17	154.85																				5451	670	675	657	659	663	667	473	667	268.87	18.14	263.82	24.48	266.34	21.31	294.98	194.88	739.71	341.75	204.45	763.76					763.27	763.27	4.56	4.91	0	0				
07/12/2018	3.3.2	Gaze Project	O4	3	M	Bilingual	G130	06/09/2018	89100	1280 x 720		Raw Data	Ord4_T3_L.avi	190	0	900	720									45450	10:16:34.471	1536226368244212															0	3785		Fixation	8	452	672	0.56	221.01	274.84																				5452	654	620	642	672	648	646	458	646	262.54	40.26	257.78	19.29	260.16	29.77	294.98	194.90	739.76	341.80	204.76	764.73					763.32	763.32	4.42	4.96	0	0				
07/12/2018	3.3.2	Gaze Project	O4	3	M	Bilingual	G130	06/09/2018	89100	1280 x 720		Raw Data	Ord4_T3_L.avi	190	0	900	720									45458	10:16:34.479	1536226368252484															0	3786		Fixation	8	461	660	0.42	53.22	192.21																				5453	672	628	651	660	661	644	471	644	269.91	36.91	261.38	24.16	265.64	30.53	294.98	195.39	741.27	341.91	205.39	766.66					764.91	764.91	4.44	4.96	0	0				
07/12/2018	3.3.2	Gaze Project	O4	3	M	Bilingual	G130	06/09/2018	89100	1280 x 720		Raw Data	Ord4_T3_L.avi	190	0	900	720									45467	10:16:34.487	1536226368260829															0	3787		Fixation	8	458	653	0.22	113.13	59.91																				5454	703	675	648	653	675	664	485	664	282.06	18.23	260.12	27.09	271.09	22.66	294.97	195.39	741.25	341.80	204.90	765.14					764.88	764.88	4.49	4.91	0	0				
07/12/2018	3.3.2	Gaze Project	O4	3	M	Bilingual	G130	06/09/2018	89100	1280 x 720		Raw Data	Ord4_T3_L.avi	190	0	900	720									45475	10:16:34.496	1536226368269164															0	3788		Fixation	8	471	493	4.59	85.37	332.24																				5455	654	668	661	493	657	580	467	580	262.53	20.98	265.30	91.50	263.92	56.24	295.00	195.53	741.19	342.74	209.75	780.21					764.87	764.87	4.50	4.39	0	0				
07/12/2018	3.3.2	Gaze Project	O4	3	M	Bilingual	G130	06/09/2018	89100	1280 x 720		Raw Data	Ord4_T3_L.avi	190	0	900	720									45483	10:16:34.504	1536226368277533															0			Unclassified	8																									5456	624	625			624	625	434	625	250.57	38.30					294.93	195.37	741.26		-34.01						764.88		4.43		0	4				
07/12/2018	3.3.2	Gaze Project	O4	3	M	Bilingual	G130	06/09/2018	89100	1280 x 720		Raw Data	Ord4_T3_L.avi	190	0	900	720									45492	10:16:34.513	1536226368285878															0			Unclassified	8																									5457	653	556			653	556	463	556	262.17	66.18					294.90	195.45	741.23		-34.01						764.88		4.54		0	4				
07/12/2018	3.3.2	Gaze Project	O4	3	M	Bilingual	G130	06/09/2018	89100	1280 x 720		Raw Data	Ord4_T3_L.avi	190	0	900	720									45500	10:16:34.521	1536226368294151															0			Unclassified	8																									5458																			-34.01										4	4				
07/12/2018	3.3.2	Gaze Project	O4	3	M	Bilingual	G130	06/09/2018	89100	1280 x 720		Raw Data	Ord4_T3_L.avi	190	0	900	720									45508	10:16:34.529	1536226368302496															0			Unclassified	8																									5459	618	504	344	407	481	455	291	455	247.89	87.00	137.99	125.94	192.94	106.47	294.86	195.81	741.69	298.70	208.36	780.78					765.42	765.42	4.31	4.39	1	3				
07/12/2018	3.3.2	Gaze Project	O4	3	M	Bilingual	G130	06/09/2018	89100	1280 x 720		Raw Data	Ord4_T3_L.avi	190	0	900	720									45517	10:16:34.537	1536226368310838															0	3789		Fixation	8	358	465	3.39	166.04	80.67																				5460	571	397	548	465	559	431	369	431	229.05	130.19	219.84	102.59	224.44	116.39	294.87	195.70	741.73	341.34	204.48	762.92					765.43	765.43	4.28	4.88	0	0				
07/12/2018	3.3.2	Gaze Project	O4	3	M	Bilingual	G130	06/09/2018	89100	1280 x 720		Raw Data	Ord4_T3_L.avi	190	0	900	720									45525	10:16:34.546	1536226368319196															0			Unclassified	8																									5461	585	187	502	254	543	220	353	220	234.65	214.49	201.46	187.71	218.05	201.10	297.74	205.35	771.38	317.70	198.08	745.69					796.72	796.72	3.72	3.87	1	3				
07/12/2018	3.3.2	Gaze Project	O4	3	M	Bilingual	G130	06/09/2018	89100	1280 x 720		Raw Data	Ord4_T3_L.avi	190	0	900	720									45533	10:16:34.554	1536226368327552															0	3790		Fixation	8	476	288	6.35	56.39	250.35																				5462	592	313	666	288	629	300	439	300	237.58	163.95	267.17	174.04	252.37	169.00	294.75	195.56	741.04	340.23	199.18	746.37					764.72	764.72	3.63	3.77	0	0				
07/12/2018	3.3.2	Gaze Project	O4	3	M	Bilingual	G130	06/09/2018	89100	1280 x 720		Raw Data	Ord4_T3_L.avi	190	0	900	720									45542	10:16:34.562	1536226368335809															0	3791		Fixation	8	343	523	8.13	240.57	184.18																				5463	688	505	533	523	610	514	420	514	275.99	86.71	213.94	79.41	244.97	83.06	317.34	196.46	740.67	340.81	199.18	745.63					766.10	766.10	4.27	4.50	3	1				
07/12/2018	3.3.2	Gaze Project	O4	3	M	Bilingual	G130	06/09/2018	89100	1280 x 720		Raw Data	Ord4_T3_L.avi	190	0	900	720									45550	10:16:34.571	1536226368344150															0			Unclassified	8																									5464	594	273			594	273	404	273	238.25	180.05					294.67	195.43	740.66		-34.01						764.32		3.72		0	4				
07/12/2018	3.3.2	Gaze Project	O4	3	M	Bilingual	G130	06/09/2018	89100	1280 x 720		Raw Data	Ord4_T3_L.avi	190	0	900	720									45558	10:16:34.579	1536226368352506															0			Unclassified	8																									5465																			-34.01										4	4				
07/12/2018	3.3.2	Gaze Project	O4	3	M	Bilingual	G130	06/09/2018	89100	1280 x 720		Raw Data	Ord4_T3_L.avi	190	0	900	720									45567	10:16:34.587	1536226368360869															0	3792		Fixation	8	380	388	4.19	74.72	194.15																				5466	598	171	570	388	584	279	394	279	240.17	221.14	228.89	133.84	234.53	177.49	297.81	206.23	774.42	340.41	198.63	743.97					799.87	799.87	3.43	4.32	0	0				
07/12/2018	3.3.2	Gaze Project	O4	3	M	Bilingual	G130	06/09/2018	89100	1280 x 720		Raw Data	Ord4_T3_L.avi	190	0	900	720									45575	10:16:34.596	1536226368369136															0	3793		Fixation	8	437	457	2.72	309.47	234.75																				5467	586	310	627	457	606	383	416	383	235.08	165.18	251.86	105.95	243.47	135.56	294.56	195.55	741.20	340.13	199.67	748.01					764.86	764.86	3.58	4.46	0	0				
07/12/2018	3.3.2	Gaze Project	O4	3	M	Bilingual	G130	06/09/2018	89100	1280 x 720		Raw Data	Ord4_T3_L.avi	190	0	900	720									45583	10:16:34.604	1536226368377491															0			Unclassified	8																									5468	601	483			601	483	411	483	241.27	95.56					294.53	197.61	748.04		-34.01						772.00		4.25		0	4				
07/12/2018	3.3.2	Gaze Project	O4	3	M	Bilingual	G130	06/09/2018	89100	1280 x 720		Raw Data	Ord4_T3_L.avi	190	0	900	720									45592	10:16:34.612	1536226368385820															0	3794		Fixation	8	381	481	1.82	203.27	253.80																				5469	605	301	571	481	588	391	398	391	242.73	168.58	229.37	96.29	236.05	132.44	294.48	197.37	747.34	340.56	199.26	745.97					771.25	771.25	3.86	4.45	0	0				
07/12/2018	3.3.2	Gaze Project	O4	3	M	Bilingual	G130	06/09/2018	89100	1280 x 720		Raw Data	Ord4_T3_L.avi	190	0	900	720									45600	10:16:34.621	1536226368394178															0			Unclassified	8																									5470	594	282			594	282	404	282	238.24	176.47					294.44	197.18	746.76		-34.01						770.64		3.64		0	4				
07/12/2018	3.3.2	Gaze Project	O4	3	M	Bilingual	G130	06/09/2018	89100	1280 x 720		Raw Data	Ord4_T3_L.avi	190	0	900	720									45608	10:16:34.629	1536226368402534															0			Unclassified	8																									5471	620	462			620	462	430	462	249.06	103.95					294.39	196.94	746.01		-34.01						769.86		4.24		0	4				
07/12/2018	3.3.2	Gaze Project	O4	3	M	Bilingual	G130	06/09/2018	89100	1280 x 720		Raw Data	Ord4_T3_L.avi	190	0	900	720									45617	10:16:34.637	1536226368410787															0	3795		Fixation	8	398	429	1.62	71.95	228.69																				5472	537	309	588	429	562	369	372	369	215.45	165.36	235.92	117.26	225.69	141.31	303.16	224.64	832.47	341.13	205.88	767.35					860.98	860.98	4.66	4.62	0	0				
07/12/2018	3.3.2	Gaze Project	O4	3	M	Bilingual	G130	06/09/2018	89100	1280 x 720		Raw Data	Ord4_T3_L.avi	190	0	900	720									45625	10:16:34.646	1536226368419134															0	3796		Fixation	8	94	392	9.61	173.04	101.09																				5473	570	265	284	392	427	328	237	328	228.89	183.08	114.01	132.08	171.45	157.58	304.54	229.23	846.94	322.19	160.11	623.52					876.21	876.21	4.91	3.13	0	0				
07/12/2018	3.3.2	Gaze Project	O4	3	M	Bilingual	G130	06/09/2018	89100	1280 x 720		Raw Data	Ord4_T3_L.avi	190	0	900	720									45633	10:16:34.654	1536226368427488															0	3797		Fixation	8	409	477	10.29	344.85	171.81																				5474	605	455	599	477	602	466	412	466	242.97	106.88	240.64	97.94	241.80	102.41	294.31	203.05	765.26	340.95	205.58	766.31					790.02	790.02	4.41	4.88	0	0				
07/12/2018	3.3.2	Gaze Project	O4	3	M	Bilingual	G130	06/09/2018	89100	1280 x 720		Raw Data	Ord4_T3_L.avi	190	0	900	720									45642	10:16:34.662	1536226368435846															0			Unclassified	8																									5475	603	472			603	472	413	472	242.14	99.72					294.21	195.72	741.77		-34.01						765.44		4.34		0	4				
07/12/2018	3.3.2	Gaze Project	O4	3	M	Bilingual	G130	06/09/2018	89100	1280 x 720		Raw Data	Ord4_T3_L.avi	190	0	900	720									45650	10:16:34.671	1536226368444192															0			Unclassified	8																									5476	539	366			539	366	349	366	216.51	142.53					294.13	195.84	741.72		-34.01						765.43		4.09		0	4				
07/12/2018	3.3.2	Gaze Project	O4	3	M	Bilingual	G130	06/09/2018	89100	1280 x 720		Raw Data	Ord4_T3_L.avi	190	0	900	720									45658	10:16:34.679	1536226368452464															0			Unclassified	8																									5477																			-34.01										4	4				
07/12/2018	3.3.2	Gaze Project	O4	3	M	Bilingual	G130	06/09/2018	89100	1280 x 720		Raw Data	Ord4_T3_L.avi	190	0	900	720									45667	10:16:34.687	1536226368460807															0			Unclassified	8																									5478	424	378			424	378	234	378	170.31	137.59					294.04	192.41	731.33		-34.01						754.49		3.95		0	4				
07/12/2018	3.3.2	Gaze Project	O4	3	M	Bilingual	G130	06/09/2018	89100	1280 x 720		Raw Data	Ord4_T3_L.avi	190	0	900	720									45675	10:16:34.696	1536226368469147															0	3798		Fixation	8	558	278	6.73	53.26	68.41																				5479			748	278	748	278	558	278			300.14	178.03						364.32	248.93	900.53						0.00		5.95	4	0				
07/12/2018	3.3.2	Gaze Project	O4	3	M	Bilingual	G130	06/09/2018	89100	1280 x 720		Raw Data	Ord4_T3_L.avi	190	0	900	720									45683	10:16:34.704	1536226368477517															0			Unclassified	8																									5480	598	503			598	503	408	503	240.12	87.43					294.01	196.22	743.37		-34.01						767.11		4.40		0	4				
07/12/2018	3.3.2	Gaze Project	O4	3	M	Bilingual	G130	06/09/2018	89100	1280 x 720		Raw Data	Ord4_T3_L.avi	190	0	900	720									45692	10:16:34.712	1536226368485778															0	3799		Fixation	8	395	509	7.55	234.88	181.61																				5481			585	509	585	509	395	509			234.82	84.96						341.68	211.09	783.16						0.00		5.11	4	0				
07/12/2018	3.3.2	Gaze Project	O4	3	M	Bilingual	G130	06/09/2018	89100	1280 x 720		Raw Data	Ord4_T3_L.avi	190	0	900	720									45700	10:16:34.721	1536226368494198															0	3800		Fixation	8	413	425	2.45	77.94	203.06																				5482			603	425	603	425	413	425			241.97	118.86						341.74	211.54	784.56						0.00		4.90	4	0				
07/12/2018	3.3.2	Gaze Project	O4	3	M	Bilingual	G130	06/09/2018	89100	1280 x 720		Raw Data	Ord4_T3_L.avi	190	0	900	720									45708	10:16:34.729	1536226368502468															0			Unclassified	8																									5483																			-34.01										4	4				
07/12/2018	3.3.2	Gaze Project	O4	3	M	Bilingual	G130	06/09/2018	89100	1280 x 720		Raw Data	Ord4_T3_L.avi	190	0	900	720									45717	10:16:34.737	1536226368510816															0			Unclassified	8																									5484																			-34.01										4	4				
07/12/2018	3.3.2	Gaze Project	O4	3	M	Bilingual	G130	06/09/2018	89100	1280 x 720		Raw Data	Ord4_T3_L.avi	190	0	900	720									45725	10:16:34.746	1536226368519184															0	3801		Fixation	8	405	402	0.68	109.12	31.18																				5485	613	488	595	402	604	445	414	445	245.92	93.49	238.74	127.92	242.33	110.70	293.84	196.27	743.65	353.39	227.11	832.26					767.38	767.38	4.41	4.99	0	0				
07/12/2018	3.3.2	Gaze Project	O4	3	M	Bilingual	G130	06/09/2018	89100	1280 x 720		Raw Data	Ord4_T3_L.avi	190	0	900	720									45733	10:16:34.754	1536226368527458															0			Unclassified	8																									5486	603	495			603	495	413	495	242.14	90.55					293.83	196.29	743.74		-34.01						767.47		4.43		0	4				
07/12/2018	3.3.2	Gaze Project	O4	3	M	Bilingual	G130	06/09/2018	89100	1280 x 720		Raw Data	Ord4_T3_L.avi	190	0	900	720									45742	10:16:34.762	1536226368535781															0	3802		Fixation	8	375	479	2.31	248.78	139.65																				5487	608	506	565	479	586	492	396	492	243.99	86.01	226.86	97.20	235.42	91.60	293.82	196.31	743.84	340.41	205.56	765.76					767.57	767.57	4.43	4.83	0	0				
07/12/2018	3.3.2	Gaze Project	O4	3	M	Bilingual	G130	06/09/2018	89100	1280 x 720		Raw Data	Ord4_T3_L.avi	190	0	900	720									45750	10:16:34.771	1536226368544141															0			Unclassified	8																									5488	587	458			587	458	397	458	235.81	105.48					293.86	196.20	743.89		-34.01						767.59		4.41		0	4				
07/12/2018	3.3.2	Gaze Project	O4	3	M	Bilingual	G130	06/09/2018	89100	1280 x 720		Raw Data	Ord4_T3_L.avi	190	0	900	720									45758	10:16:34.779	1536226368552501															0			Unclassified	8																									5489	636	529			636	529	446	529	255.11	76.92					293.81	196.32	743.90		-34.01						767.63		4.36		0	4				
07/12/2018	3.3.2	Gaze Project	O4	3	M	Bilingual	G130	06/09/2018	89100	1280 x 720		Raw Data	Ord4_T3_L.avi	190	0	900	720									45767	10:16:34.787	1536226368560855															0	3803		Fixation	8	393	472	0.55	21.31	132.54																				5490	545	438	583	472	564	455	374	455	218.93	113.70	233.95	99.97	226.44	106.84	293.90	209.69	786.49	341.49	211.33	783.72					812.22	812.22	4.60	5.15	0	0				
07/12/2018	3.3.2	Gaze Project	O4	3	M	Bilingual	G130	06/09/2018	89100	1280 x 720		Raw Data	Ord4_T3_L.avi	190	0	900	720									45775	10:16:34.796	1536226368569119															0			Unclassified	8																									5491	559	415			559	415	369	415	224.30	122.69					293.80	196.36	744.04		-34.01						767.78		4.25		0	4				
07/12/2018	3.3.2	Gaze Project	O4	3	M	Bilingual	G130	06/09/2018	89100	1280 x 720		Raw Data	Ord4_T3_L.avi	190	0	900	720									45783	10:16:34.804	1536226368577449															0			Unclassified	8																									5492	565	526			565	526	375	526	226.70	77.93					293.80	196.26	744.09		-34.01						767.79		4.55		0	4				
07/12/2018	3.3.2	Gaze Project	O4	3	M	Bilingual	G130	06/09/2018	89100	1280 x 720		Raw Data	Ord4_T3_L.avi	190	0	900	720									45792	10:16:34.812	1536226368585812															0			Unclassified	8																									5493	616	559			616	559	426	559	247.36	65.01					293.85	196.27	744.08		-34.01						767.79		4.55		0	4				
07/12/2018	3.3.2	Gaze Project	O4	3	M	Bilingual	G130	06/09/2018	89100	1280 x 720		Raw Data	Ord4_T3_L.avi	190	0	900	720									45800	10:16:34.821	1536226368594168															0	3804		Fixation	8	384	435	1.10	103.63	82.32																				5494	605	490	574	435	589	462	399	462	242.93	92.65	230.49	114.58	236.71	103.61	293.85	196.29	744.08	341.49	211.56	784.22					767.79	767.79	4.30	4.77	0	0				
07/12/2018	3.3.2	Gaze Project	O4	3	M	Bilingual	G130	06/09/2018	89100	1280 x 720		Raw Data	Ord4_T3_L.avi	190	0	900	720									45808	10:16:34.829	1536226368602413															0	3805		Fixation	8	349	391	1.62	128.41	24.78																				5495	594	552	539	391	566	471	376	471	238.46	67.66	216.18	132.55	227.32	100.11	293.84	196.30	744.07	341.82	213.31	789.62					767.79	767.79	4.55	4.85	0	0				
07/12/2018	3.3.2	Gaze Project	O4	3	M	Bilingual	G130	06/09/2018	89100	1280 x 720		Raw Data	Ord4_T3_L.avi	190	0	900	720									45817	10:16:34.837	1536226368610791															0			Unclassified	8																									5496																			-34.01										4	4				
07/12/2018	3.3.2	Gaze Project	O4	3	M	Bilingual	G130	06/09/2018	89100	1280 x 720		Raw Data	Ord4_T3_L.avi	190	0	900	720									45825	10:16:34.846	1536226368619126															0	3806		Fixation	8	431	516	4.34	303.18	174.77																				5497	598	484	621	516	609	500	419	500	240.11	94.89	249.28	82.32	244.70	88.60	293.81	203.10	765.36	340.49	206.71	768.80					790.11	790.11	4.59	4.94	0	0				
07/12/2018	3.3.2	Gaze Project	O4	3	M	Bilingual	G130	06/09/2018	89100	1280 x 720		Raw Data	Ord4_T3_L.avi	190	0	900	720									45833	10:16:34.854	1536226368627484															0			Unclassified	8																									5498	564	487			564	487	374	487	226.43	93.68					293.81	204.02	768.14		-34.01						793.04		4.57		0	4				
07/12/2018	3.3.2	Gaze Project	O4	3	M	Bilingual	G130	06/09/2018	89100	1280 x 720		Raw Data	Ord4_T3_L.avi	190	0	900	720									45842	10:16:34.862	1536226368635837															0			Unclassified	8																									5499	617	495			617	495	427	495	247.82	90.64					293.81	202.95	764.68		-34.01						789.42		4.48		0	4				
07/12/2018	3.3.2	Gaze Project	O4	3	M	Bilingual	G130	06/09/2018	89100	1280 x 720		Raw Data	Ord4_T3_L.avi	190	0	900	720									45850	10:16:34.871	1536226368644090															0	3807		Fixation	8	354	459	2.78	143.40	200.22																				5500	570	427	544	459	557	443	367	443	228.91	117.93	218.55	105.09	223.73	111.51	293.89	210.21	787.48	341.65	212.65	787.00					813.32	813.32	4.59	4.95	0	0				
07/12/2018	3.3.2	Gaze Project	O4	3	M	Bilingual	G130	06/09/2018	89100	1280 x 720		Raw Data	Ord4_T3_L.avi	190	0	900	720									45858	10:16:34.879	1536226368652438															0	3808		Fixation	8	338	519	1.74	255.11	111.71																				5501	604	409	528	519	566	464	376	464	242.33	125.19	212.02	81.10	227.17	103.15	293.89	209.48	785.11	341.79	213.35	789.09					810.85	810.85	4.70	5.02	0	0				
07/12/2018	3.3.2	Gaze Project	O4	3	M	Bilingual	G130	06/09/2018	89100	1280 x 720		Raw Data	Ord4_T3_L.avi	190	0	900	720									45867	10:16:34.887	1536226368660794															0			Unclassified	8																									5502	609	466			609	466	419	466	244.49	102.20					293.89	207.94	780.15		-34.01						805.66		4.67		0	4				
07/12/2018	3.3.2	Gaze Project	O4	3	M	Bilingual	G130	06/09/2018	89100	1280 x 720		Raw Data	Ord4_T3_L.avi	190	0	900	720									45875	10:16:34.896	1536226368669155															0			Unclassified	8																									5503	584	511			584	511	394	511	234.38	84.09					293.90	209.07	783.64		-34.01						809.32		4.75		0	4				
07/12/2018	3.3.2	Gaze Project	O4	3	M	Bilingual	G130	06/09/2018	89100	1280 x 720		Raw Data	Ord4_T3_L.avi	190	0	900	720									45883	10:16:34.904	1536226368677431															0			Unclassified	8																									5504	581	359			581	359	391	359	233.39	145.37					293.90	209.34	784.45		-34.01						810.18		4.40		0	4				
07/12/2018	3.3.2	Gaze Project	O4	3	M	Bilingual	G130	06/09/2018	89100	1280 x 720		Raw Data	Ord4_T3_L.avi	190	0	900	720									45892	10:16:34.912	1536226368685759															0			Unclassified	8																									5505	597	457			597	457	407	457	239.71	106.04					293.91	209.89	786.10		-34.01						811.92		4.83		0	4				
07/12/2018	3.3.2	Gaze Project	O4	3	M	Bilingual	G130	06/09/2018	89100	1280 x 720		Raw Data	Ord4_T3_L.avi	190	0	900	720									45900	10:16:34.921	1536226368694105															0			Unclassified	8																									5506																			-34.01										4	4				
07/12/2018	3.3.2	Gaze Project	O4	3	M	Bilingual	G130	06/09/2018	89100	1280 x 720		Raw Data	Ord4_T3_L.avi	190	0	900	720									45908	10:16:34.929	1536226368702467															0			Unclassified	8																									5507	606	526			606	526	416	526	243.30	78.14					293.91	208.09	780.32		-34.01						805.86		4.70		0	4				
07/12/2018	3.3.2	Gaze Project	O4	3	M	Bilingual	G130	06/09/2018	89100	1280 x 720		Raw Data	Ord4_T3_L.avi	190	0	900	720									45917	10:16:34.937	1536226368710819															0			Unclassified	8																									5508	583	471			583	471	393	471	234.19	100.28					293.91	204.38	768.58		-34.01						793.57		4.44		0	4				
07/12/2018	3.3.2	Gaze Project	O4	3	M	Bilingual	G130	06/09/2018	89100	1280 x 720		Raw Data	Ord4_T3_L.avi	190	0	900	720									45925	10:16:34.946	1536226368719083															0	3809		Fixation	8	368	440	2.37	69.27	174.15																				5509	610	492	558	440	584	466	394	466	244.95	91.75	223.88	112.91	234.42	102.33	293.92	208.59	781.78	341.70	212.99	787.40					807.41	807.41	4.75	4.90	0	0				
07/12/2018	3.3.2	Gaze Project	O4	3	M	Bilingual	G130	06/09/2018	89100	1280 x 720		Raw Data	Ord4_T3_L.avi	190	0	900	720									45933	10:16:34.954	1536226368727450															0			Unclassified	8																									5510	595	415			595	415	405	415	238.97	122.90					293.94	210.26	786.96		-34.01						812.84		4.54		0	4				
07/12/2018	3.3.2	Gaze Project	O4	3	M	Bilingual	G130	06/09/2018	89100	1280 x 720		Raw Data	Ord4_T3_L.avi	190	0	900	720									45942	10:16:34.962	1536226368735774															0			Unclassified	8																									5511	612	463			612	463	422	463	245.72	103.55					293.93	208.73	782.03		-34.01						807.69		4.59		0	4				
07/12/2018	3.3.2	Gaze Project	O4	3	M	Bilingual	G130	06/09/2018	89100	1280 x 720		Raw Data	Ord4_T3_L.avi	190	0	900	720									45950	10:16:34.971	1536226368744131															0	3810		Fixation	8	401	172	7.80	83.00	13.74																				5512	605	413	591	172	598	292	408	292	242.94	123.59	237.07	220.84	240.00	172.21	293.93	204.57	768.84	341.60	212.56	785.76					793.87	793.87	4.44	3.63	0	0				
07/12/2018	3.3.2	Gaze Project	O4	3	M	Bilingual	G130	06/09/2018	89100	1280 x 720		Raw Data	Ord4_T3_L.avi	190	0	900	720									45958	10:16:34.979	1536226368752489															0	3811		Fixation	8	517	407	7.84	296.20	213.20																				5513	606	521	707	407	656	464	466	464	243.22	80.16	283.62	126.08	263.42	103.12	293.93	204.94	769.88	338.83	199.26	743.35					794.98	794.98	4.65	4.55	0	0				
07/12/2018	3.3.2	Gaze Project	O4	3	M	Bilingual	G130	06/09/2018	89100	1280 x 720		Raw Data	Ord4_T3_L.avi	190	0	900	720									45967	10:16:34.987	1536226368760738															0			Unclassified	8																									5514	631	512			631	512	441	512	253.31	83.61					293.94	204.05	766.91		-34.01						791.88		4.51		0	4				
07/12/2018	3.3.2	Gaze Project	O4	3	M	Bilingual	G130	06/09/2018	89100	1280 x 720		Raw Data	Ord4_T3_L.avi	190	0	900	720									45975	10:16:34.996	1536226368769071															0	3812		Fixation	8	384	468	4.19	204.71	268.51																				5515	603	371	574	468	588	419	398	419	242.20	140.58	230.48	101.36	236.34	120.97	293.96	208.60	781.12	344.04	225.44	825.43					806.78	806.78	4.34	5.22	0	0				
07/12/2018	3.3.2	Gaze Project	O4	3	M	Bilingual	G130	06/09/2018	89100	1280 x 720		Raw Data	Ord4_T3_L.avi	190	0	900	720									45983	10:16:35.004	1536226368777430															0	3813		Fixation	8	369	470	0.42	187.62	342.91																				5516			559	470	559	470	369	470			224.43	100.82						341.62	212.67	785.52						0.00		4.85	4	0				
07/12/2018	3.3.2	Gaze Project	O4	3	M	Bilingual	G130	06/09/2018	89100	1280 x 720		Raw Data	Ord4_T3_L.avi	190	0	900	720									45992	10:16:35.012	1536226368785789															0			Unclassified	8																									5517	601	511			601	511	411	511	241.13	84.30					293.98	205.14	769.87		-34.01						795.03		4.40		0	4				
07/12/2018	3.3.2	Gaze Project	O4	3	M	Bilingual	G130	06/09/2018	89100	1280 x 720		Raw Data	Ord4_T3_L.avi	190	0	900	720									46000	10:16:35.021	1536226368794081															0			Unclassified	8																									5518	634	489			634	489	444	489	254.40	92.94					293.98	204.44	767.52		-34.01						792.58		4.62		0	4				
07/12/2018	3.3.2	Gaze Project	O4	3	M	Bilingual	G130	06/09/2018	89100	1280 x 720		Raw Data	Ord4_T3_L.avi	190	0	900	720									46008	10:16:35.029	1536226368802419															0			Unclassified	8																									5519																			-34.01										4	4				
07/12/2018	3.3.2	Gaze Project	O4	3	M	Bilingual	G130	06/09/2018	89100	1280 x 720		Raw Data	Ord4_T3_L.avi	190	0	900	720									46017	10:16:35.037	1536226368810760															0	3814		Fixation	8	451	487	2.40	348.25	160.63																				5520	601	520	641	487	621	503	431	503	241.17	80.64	257.28	93.81	249.23	87.22	294.09	210.26	785.42	341.64	212.88	785.42					811.39	811.39	4.60	4.88	0	0				
07/12/2018	3.3.2	Gaze Project	O4	3	M	Bilingual	G130	06/09/2018	89100	1280 x 720		Raw Data	Ord4_T3_L.avi	190	0	900	720									46025	10:16:35.046	1536226368819117															0			Unclassified	8																									5521	432	527			432	527	242	527	173.49	77.66					293.95	194.52	735.36		-34.01						758.97		4.28		0	4				
07/12/2018	3.3.2	Gaze Project	O4	3	M	Bilingual	G130	06/09/2018	89100	1280 x 720		Raw Data	Ord4_T3_L.avi	190	0	900	720									46033	10:16:35.054	1536226368827473															0			Unclassified	8																									5522	555	470			555	470	365	470	222.61	100.60					294.04	194.46	735.39		-34.01						758.98		4.15		0	4				
07/12/2018	3.3.2	Gaze Project	O4	3	M	Bilingual	G130	06/09/2018	89100	1280 x 720		Raw Data	Ord4_T3_L.avi	190	0	900	720									46042	10:16:35.062	1536226368835742															0	3815		Fixation	8	399	204	8.43	100.38	112.13																				5523	643	549	589	204	616	376	426	376	258.22	68.71	236.27	207.85	247.24	138.28	294.11	209.47	782.31	340.67	207.81	769.04					808.19	808.19	4.66	3.54	0	0				
07/12/2018	3.3.2	Gaze Project	O4	3	M	Bilingual	G130	06/09/2018	89100	1280 x 720		Raw Data	Ord4_T3_L.avi	190	0	900	720									46050	10:16:35.071	1536226368844087															0			Unclassified	8																									5524	560	475			560	475	370	475	224.75	98.61					294.14	211.12	787.30		-34.01						813.44		4.73		0	4				
07/12/2018	3.3.2	Gaze Project	O4	3	M	Bilingual	G130	06/09/2018	89100	1280 x 720		Raw Data	Ord4_T3_L.avi	190	0	900	720									46058	10:16:35.079	1536226368852421															0			Unclassified	8																									5525	612	520			612	520	422	520	245.65	80.47					294.14	210.54	785.29		-34.01						811.35		4.85		0	4				
07/12/2018	3.3.2	Gaze Project	O4	3	M	Bilingual	G130	06/09/2018	89100	1280 x 720		Raw Data	Ord4_T3_L.avi	190	0	900	720									46067	10:16:35.087	1536226368860793															0	3816		Fixation	8	390	459	7.52	267.99	167.61																				5526	599	513	580	459	589	486	399	486	240.55	83.37	232.74	105.02	236.64	94.19	294.14	210.24	784.12	340.88	208.91	771.78					810.14	810.14	4.78	4.93	0	0				
07/12/2018	3.3.2	Gaze Project	O4	3	M	Bilingual	G130	06/09/2018	89100	1280 x 720		Raw Data	Ord4_T3_L.avi	190	0	900	720									46075	10:16:35.096	1536226368869141															0			Unclassified	8																									5527																			-34.01										4	4				
07/12/2018	3.3.2	Gaze Project	O4	3	M	Bilingual	G130	06/09/2018	89100	1280 x 720		Raw Data	Ord4_T3_L.avi	190	0	900	720									46083	10:16:35.104	1536226368877405															0			Unclassified	8																									5528	629	491			629	491	439	491	252.35	92.29					294.15	205.38	768.45		-34.01						793.76		4.60		0	4				
07/12/2018	3.3.2	Gaze Project	O4	3	M	Bilingual	G130	06/09/2018	89100	1280 x 720		Raw Data	Ord4_T3_L.avi	190	0	900	720									46092	10:16:35.112	1536226368885739															0	3817		Fixation	8	431	403	1.98	53.88	145.89																				5529			621	403	621	403	431	403			249.21	127.50						342.31	216.15	793.59						0.00		4.71	4	0				
07/12/2018	3.3.2	Gaze Project	O4	3	M	Bilingual	G130	06/09/2018	89100	1280 x 720		Raw Data	Ord4_T3_L.avi	190	0	900	720									46100	10:16:35.121	1536226368894096															0			Unclassified	8																									5530	601	468			601	468	411	468	241.29	101.51					294.17	205.89	769.60		-34.01						795.00		4.62		0	4				
07/12/2018	3.3.2	Gaze Project	O4	3	M	Bilingual	G130	06/09/2018	89100	1280 x 720		Raw Data	Ord4_T3_L.avi	190	0	900	720									46108	10:16:35.129	1536226368902455															0			Unclassified	8																									5531	628	526			628	526	438	526	252.22	78.30					294.19	205.56	768.33		-34.01						793.70		4.78		0	4				
07/12/2018	3.3.2	Gaze Project	O4	3	M	Bilingual	G130	06/09/2018	89100	1280 x 720		Raw Data	Ord4_T3_L.avi	190	0	900	720									46117	10:16:35.137	1536226368910695															0	3818		Fixation	8	394	422	1.18	207.26	153.38																				5532			584	422	584	422	394	422			234.43	119.92						341.84	213.90	785.71						0.00		4.82	4	0				
07/12/2018	3.3.2	Gaze Project	O4	3	M	Bilingual	G130	06/09/2018	89100	1280 x 720		Raw Data	Ord4_T3_L.avi	190	0	900	720									46125	10:16:35.146	1536226368919081															0	3819		Fixation	8	442	364	2.17	50.48	203.22																				5533	584	482	632	364	608	423	418	423	234.34	95.79	253.60	143.29	243.97	119.54	294.21	206.58	771.03	340.81	208.87	769.81					796.57	796.57	4.62	4.80	0	0				
07/12/2018	3.3.2	Gaze Project	O4	3	M	Bilingual	G130	06/09/2018	89100	1280 x 720		Raw Data	Ord4_T3_L.avi	190	0	900	720									46133	10:16:35.154	1536226368927398															0	3820		Fixation	8	338	402	3.17	200.13	149.65																				5534	544	501	528	402	536	451	346	451	218.18	88.00	211.80	127.88	214.99	107.94	294.30	213.38	792.13	342.25	216.28	792.43					818.73	818.73	4.95	4.90	0	0				
07/12/2018	3.3.2	Gaze Project	O4	3	M	Bilingual	G130	06/09/2018	89100	1280 x 720		Raw Data	Ord4_T3_L.avi	190	0	900	720									46142	10:16:35.162	1536226368935756															0			Unclassified	8																									5535																			-34.01										4	4				
07/12/2018	3.3.2	Gaze Project	O4	3	M	Bilingual	G130	06/09/2018	89100	1280 x 720		Raw Data	Ord4_T3_L.avi	190	0	900	720									46150	10:16:35.171	1536226368944126															0	3821		Fixation	8	346	407	0.27	327.91	127.78																				5536	548	248	536	407	542	327	352	327	220.13	190.05	215.29	125.90	217.71	157.98	294.34	211.64	786.24	342.04	215.18	788.32					812.60	812.60	3.63	4.77	0	0				
07/12/2018	3.3.2	Gaze Project	O4	3	M	Bilingual	G130	06/09/2018	89100	1280 x 720		Raw Data	Ord4_T3_L.avi	190	0	900	720									46158	10:16:35.179	1536226368952395															0			Unclassified	8																									5537	554	190			554	190	364	190	222.31	213.33					294.36	210.66	782.96		-34.01						809.18		3.71		0	4				
07/12/2018	3.3.2	Gaze Project	O4	3	M	Bilingual	G130	06/09/2018	89100	1280 x 720		Raw Data	Ord4_T3_L.avi	190	0	900	720									46167	10:16:35.187	1536226368960717															0	3822		Fixation	8	353	510	3.01	273.88	305.96																				5538	534	315	543	510	538	412	348	412	214.42	162.99	217.86	84.43	216.14	123.71	294.35	199.07	746.16	339.77	203.25	750.65					770.64	770.64	3.86	4.53	0	0				
07/12/2018	3.3.2	Gaze Project	O4	3	M	Bilingual	G130	06/09/2018	89100	1280 x 720		Raw Data	Ord4_T3_L.avi	190	0	900	720									46175	10:16:35.196	1536226368969078															0			Unclassified	8																									5539	604	165			604	165	414	165	242.42	223.36					296.80	207.33	771.32		-34.01						797.21		3.57		0	4				
07/12/2018	3.3.2	Gaze Project	O4	3	M	Bilingual	G130	06/09/2018	89100	1280 x 720		Raw Data	Ord4_T3_L.avi	190	0	900	720									46183	10:16:35.204	1536226368977445															0	3823		Fixation	8	383	396	3.49	75.30	161.43																				5540	545	113	573	396	559	254	369	254	218.85	244.38	230.10	130.50	224.48	187.44	300.70	219.81	810.20	340.23	205.21	755.99					838.19	838.19	3.49	4.38	0	0				
07/12/2018	3.3.2	Gaze Project	O4	3	M	Bilingual	G130	06/09/2018	89100	1280 x 720		Raw Data	Ord4_T3_L.avi	190	0	900	720									46192	10:16:35.212	1536226368985708															0	3824		Fixation	8	378	431	1.05	261.90	186.59																				5541	578	304	568	431	573	367	383	367	232.18	167.36	227.85	116.24	230.01	141.80	294.55	199.22	746.16	340.21	204.84	754.54					770.69	770.69	3.71	4.44	0	0				
07/12/2018	3.3.2	Gaze Project	O4	3	M	Bilingual	G130	06/09/2018	89100	1280 x 720		Raw Data	Ord4_T3_L.avi	190	0	900	720									46200	10:16:35.221	1536226368994059															0			Unclassified	8																									5542	527	175			527	175	337	175	211.63	219.60					296.79	206.66	768.89		-34.01						794.69		3.24		0	4				
07/12/2018	3.3.2	Gaze Project	O4	3	M	Bilingual	G130	06/09/2018	89100	1280 x 720		Raw Data	Ord4_T3_L.avi	190	0	900	720									46208	10:16:35.229	1536226369002385															0			Unclassified	8																									5543	582	259			582	259	392	259	233.48	185.61					294.71	199.21	745.94		-34.01						770.49		3.51		0	4				
07/12/2018	3.3.2	Gaze Project	O4	3	M	Bilingual	G130	06/09/2018	89100	1280 x 720		Raw Data	Ord4_T3_L.avi	190	0	900	720									46217	10:16:35.237	1536226369010749															0	3825		Fixation	8	339	528	3.07	248.16	346.26																				5544	558	174	529	528	543	351	353	351	223.79	219.87	212.51	77.40	218.15	148.64	298.53	211.90	785.05	340.29	204.43	752.45					811.74	811.74	3.28	4.68	0	0				
07/12/2018	3.3.2	Gaze Project	O4	3	M	Bilingual	G130	06/09/2018	89100	1280 x 720		Raw Data	Ord4_T3_L.avi	190	0	900	720									46225	10:16:35.246	1536226369019105															0			Unclassified	8																									5545	581	318			581	318	391	318	233.09	161.94					294.84	199.48	746.66		-34.01						771.26		3.79		0	4				
07/12/2018	3.3.2	Gaze Project	O4	3	M	Bilingual	G130	06/09/2018	89100	1280 x 720		Raw Data	Ord4_T3_L.avi	190	0	900	720									46233	10:16:35.254	1536226369027376															0			Unclassified	8																									5546	573	324			573	324	383	324	230.00	159.39					294.89	199.21	745.74		-34.01						770.30		3.63		0	4				
07/12/2018	3.3.2	Gaze Project	O4	3	M	Bilingual	G130	06/09/2018	89100	1280 x 720		Raw Data	Ord4_T3_L.avi	190	0	900	720									46242	10:16:35.262	1536226369035718															0			Unclassified	8																									5547																			-34.01										4	4				
07/12/2018	3.3.2	Gaze Project	O4	3	M	Bilingual	G130	06/09/2018	89100	1280 x 720		Raw Data	Ord4_T3_L.avi	190	0	900	720									46250	10:16:35.271	1536226369044061															0	3826		Fixation	8	375	454	2.41	64.13	175.97																				5548	528	503	565	454	546	478	356	478	211.97	87.54	226.80	106.96	219.39	97.25	295.00	200.87	751.39	340.68	205.70	755.73					776.19	776.19	4.32	4.57	0	0				
07/12/2018	3.3.2	Gaze Project	O4	3	M	Bilingual	G130	06/09/2018	89100	1280 x 720		Raw Data	Ord4_T3_L.avi	190	0	900	720									46258	10:16:35.279	1536226369052405															0			Unclassified	8																									5549	572	515			572	515	382	515	229.59	82.52					295.18	212.85	788.82		-34.01						815.46		4.92		0	4				
07/12/2018	3.3.2	Gaze Project	O4	3	M	Bilingual	G130	06/09/2018	89100	1280 x 720		Raw Data	Ord4_T3_L.avi	190	0	900	720									46267	10:16:35.287	1536226369060776															0			Unclassified	8																									5550																			-34.01										4	4				
07/12/2018	3.3.2	Gaze Project	O4	3	M	Bilingual	G130	06/09/2018	89100	1280 x 720		Raw Data	Ord4_T3_L.avi	190	0	900	720									46275	10:16:35.296	1536226369069044															0			Unclassified	8																									5551	555	469			555	469	365	469	222.61	100.96					295.21	213.51	790.97		-34.01						817.71		4.85		0	4				
07/12/2018	3.3.2	Gaze Project	O4	3	M	Bilingual	G130	06/09/2018	89100	1280 x 720		Raw Data	Ord4_T3_L.avi	190	0	900	720									46283	10:16:35.304	1536226369077392															0			Unclassified	8																									5552	534	448			534	448	344	448	214.51	109.62					295.19	212.36	787.37		-34.01						813.93		4.72		0	4				
07/12/2018	3.3.2	Gaze Project	O4	3	M	Bilingual	G130	06/09/2018	89100	1280 x 720		Raw Data	Ord4_T3_L.avi	190	0	900	720									46292	10:16:35.312	1536226369085723															0			Unclassified	8																									5553																			-34.01										4	4				
07/12/2018	3.3.2	Gaze Project	O4	3	M	Bilingual	G130	06/09/2018	89100	1280 x 720		Raw Data	Ord4_T3_L.avi	190	0	900	720									46300	10:16:35.321	1536226369094089															0			Unclassified	8																									5554	587	507			587	507	397	507	235.69	85.63					295.18	212.94	789.26		-34.01						815.90		4.89		0	4				
07/12/2018	3.3.2	Gaze Project	O4	3	M	Bilingual	G130	06/09/2018	89100	1280 x 720		Raw Data	Ord4_T3_L.avi	190	0	900	720									46308	10:16:35.329	1536226369102367															0			Unclassified	8																									5555																			-34.01										4	4				
07/12/2018	3.3.2	Gaze Project	O4	3	M	Bilingual	G130	06/09/2018	89100	1280 x 720		Raw Data	Ord4_T3_L.avi	190	0	900	720									46317	10:16:35.337	1536226369110708															0			Unclassified	8																									5556	547	434			547	434	357	434	219.41	115.31					295.03	206.51	769.11		-34.01						794.77		4.70		0	4				
07/12/2018	3.3.2	Gaze Project	O4	3	M	Bilingual	G130	06/09/2018	89100	1280 x 720		Raw Data	Ord4_T3_L.avi	190	0	900	720									46325	10:16:35.346	1536226369119048															0			Unclassified	8																									5557	581	512			581	512	391	512	233.24	83.59					295.04	212.85	788.90		-34.01						815.53		4.77		0	4				
07/12/2018	3.3.2	Gaze Project	O4	3	M	Bilingual	G130	06/09/2018	89100	1280 x 720		Raw Data	Ord4_T3_L.avi	190	0	900	720									46333	10:16:35.354	1536226369127401															0			Unclassified	8																									5558	564	415			564	415	374	415	226.53	122.85					295.00	212.46	787.60		-34.01						814.17		4.75		0	4				
07/12/2018	3.3.2	Gaze Project	O4	3	M	Bilingual	G130	06/09/2018	89100	1280 x 720		Raw Data	Ord4_T3_L.avi	190	0	900	720									46342	10:16:35.362	1536226369135759															0			Unclassified	8																									5559	578	469			578	469	388	469	232.16	100.92					294.98	212.55	787.73		-34.01						814.32		4.93		0	4				
07/12/2018	3.3.2	Gaze Project	O4	3	M	Bilingual	G130	06/09/2018	89100	1280 x 720		Raw Data	Ord4_T3_L.avi	190	0	900	720									46350	10:16:35.371	1536226369143998															0			Unclassified	8																									5560																			-34.01										4	4				
07/12/2018	3.3.2	Gaze Project	O4	3	M	Bilingual	G130	06/09/2018	89100	1280 x 720		Raw Data	Ord4_T3_L.avi	190	0	900	720									46358	10:16:35.379	1536226369152387															0	3827		Fixation	8	367	402	1.53	98.72	34.59																				5561	570	504	557	402	563	453	373	453	228.87	87.05	223.62	127.86	226.24	107.45	294.82	205.85	766.57	342.86	218.27	793.84					792.14	792.14	4.72	4.81	0	0				
07/12/2018	3.3.2	Gaze Project	O4	3	M	Bilingual	G130	06/09/2018	89100	1280 x 720		Raw Data	Ord4_T3_L.avi	190	0	900	720									46367	10:16:35.387	1536226369160701															0	3828		Fixation	8	361	433	0.89	259.08	160.36																				5562	606	513	551	433	578	473	388	473	243.13	83.33	221.35	115.72	232.24	99.53	294.82	211.40	783.78	342.56	216.87	789.39					810.20	810.20	5.05	5.04	0	0				
07/12/2018	3.3.2	Gaze Project	O4	3	M	Bilingual	G130	06/09/2018	89100	1280 x 720		Raw Data	Ord4_T3_L.avi	190	0	900	720									46375	10:16:35.396	1536226369169056															0			Unclassified	8																									5563	607	499			607	499	417	499	243.60	89.20					294.82	213.40	789.84		-34.01						816.58		4.95		0	4				
07/12/2018	3.3.2	Gaze Project	O4	3	M	Bilingual	G130	06/09/2018	89100	1280 x 720		Raw Data	Ord4_T3_L.avi	190	0	900	720									46383	10:16:35.404	1536226369177419															0	3829		Fixation	8	357	455	0.63	259.73	0.65																				5564			547	455	547	455	357	455			219.55	106.60						342.80	218.31	793.54						0.00		5.03	4	0				
07/12/2018	3.3.2	Gaze Project	O4	3	M	Bilingual	G130	06/09/2018	89100	1280 x 720		Raw Data	Ord4_T3_L.avi	190	0	900	720									46392	10:16:35.412	1536226369185689															0	3830		Fixation	8	392	461	0.98	350.24	90.51																				5565	566	473	582	461	574	467	384	467	227.31	99.56	233.57	104.47	230.44	102.01	294.78	211.90	784.82	344.99	229.86	828.98					811.34	811.34	4.85	5.42	0	0				
07/12/2018	3.3.2	Gaze Project	O4	3	M	Bilingual	G130	06/09/2018	89100	1280 x 720		Raw Data	Ord4_T3_L.avi	190	0	900	720									46400	10:16:35.421	1536226369194024															0			Unclassified	8																									5566	563	614			563	614	373	614	225.95	42.64					294.79	212.94	787.86		-34.01						814.55		4.87		0	4				
07/12/2018	3.3.2	Gaze Project	O4	3	M	Bilingual	G130	06/09/2018	89100	1280 x 720		Raw Data	Ord4_T3_L.avi	190	0	900	720									46408	10:16:35.429	1536226369202382															0	3831		Fixation	8	401	433	0.81	72.23	81.99																				5567	615	501	591	433	603	467	413	467	246.71	88.20	237.23	115.54	241.97	101.87	294.80	213.14	788.33	342.77	218.19	792.79					815.06	815.06	4.83	4.90	0	0				
07/12/2018	3.3.2	Gaze Project	O4	3	M	Bilingual	G130	06/09/2018	89100	1280 x 720		Raw Data	Ord4_T3_L.avi	190	0	900	720									46417	10:16:35.437	1536226369210740															0	3832		Fixation	8	448	457	1.52	332.87	260.64																				5568	597	434	638	457	617	445	427	445	239.49	115.03	256.01	106.04	247.75	110.53	294.99	215.42	795.19	341.86	212.97	776.57					822.29	822.29	4.79	5.02	0	0				
07/12/2018	3.3.2	Gaze Project	O4	3	M	Bilingual	G130	06/09/2018	89100	1280 x 720		Raw Data	Ord4_T3_L.avi	190	0	900	720									46425	10:16:35.446	1536226369219010															0	3833		Fixation	8	623	368	5.54	27.03	54.16																				5569	782	427	813	368	797	397	607	397	313.94	118.12	326.30	141.94	320.12	130.03	295.23	215.79	796.19	345.39	230.08	828.99					823.37	823.37	4.90	5.26	0	0				
07/12/2018	3.3.2	Gaze Project	O4	3	M	Bilingual	G130	06/09/2018	89100	1280 x 720		Raw Data	Ord4_T3_L.avi	190	0	900	720									46433	10:16:35.454	1536226369227361															0	3834		Fixation	8	672	448	2.66	301.41	274.37																				5570	844	537	862	448	853	492	663	492	338.83	73.80	345.94	109.46	342.38	91.63	295.44	209.75	777.15	342.21	212.74	775.71					803.42	803.42	4.65	4.83	0	0				
07/12/2018	3.3.2	Gaze Project	O4	3	M	Bilingual	G130	06/09/2018	89100	1280 x 720		Raw Data	Ord4_T3_L.avi	190	0	900	720									46442	10:16:35.462	1536226369235695															0	3835		Fixation	8	752	468	2.42	345.92	44.51																				5571			942	468	942	468	752	468			378.13	101.60						342.32	212.08	773.75						0.00		4.92	4	0				
07/12/2018	3.3.2	Gaze Project	O4	3	M	Bilingual	G130	06/09/2018	89100	1280 x 720		Raw Data	Ord4_T3_L.avi	190	0	900	720									46450	10:16:35.471	1536226369244041															0	3836		Fixation	8	847	415	3.16	29.24	43.32																				5572	1077	490	1037	415	1057	452	867	452	432.29	92.43	416.16	122.78	424.23	107.60	296.03	213.69	789.27	343.76	217.96	791.88					816.18	816.18	4.76	4.56	0	0				
07/12/2018	3.3.2	Gaze Project	O4	3	M	Bilingual	G130	06/09/2018	89100	1280 x 720		Raw Data	Ord4_T3_L.avi	190	0	900	720									46458	10:16:35.479	1536226369252410															0	3837		Fixation	8			2.26	322.04	292.80																				5573	1196	406	1100	464	1148	435			480.17	126.49	441.52	102.97	460.84	114.73	296.33	217.17	800.03	343.66	216.35	787.09					827.49	827.49	4.51	4.50	0	0				
07/12/2018	3.3.2	Gaze Project	O4	3	M	Bilingual	G130	06/09/2018	89100	1280 x 720		Raw Data	Ord4_T3_L.avi	190	0	900	720									46467	10:16:35.487	1536226369260679															0	3838		Fixation	8			4.86	321.40	359.37																				5574	1214	498	1237	573	1225	535			487.44	89.44	496.53	59.20	491.99	74.32	296.41	204.42	760.24	343.78	215.63	785.00					785.77	785.77	4.36	4.71	0	0				
07/12/2018	3.3.2	Gaze Project	O4	3	M	Bilingual	G130	06/09/2018	89100	1280 x 720		Raw Data	Ord4_T3_L.avi	190	0	900	720									46475	10:16:35.496	1536226369269020															0	3839		Fixation	8			8.11	41.45	80.04																				5575			1454	382	1454	382					583.77	136.29						343.92	214.82	782.64						0.00		3.67	4	0				
07/12/2018	3.3.2	Gaze Project	O4	3	M	Bilingual	G130	06/09/2018	89100	1280 x 720		Raw Data	Ord4_T3_L.avi	190	0	900	720									46483	10:16:35.504	1536226369277366															0	3840		Fixation	8			6.86	232.28	190.83																				5576	1237	536	1305	574	1271	555			496.39	74.09	523.68	58.70	510.03	66.40	296.79	203.15	756.10	343.56	212.32	775.06					781.45	781.45	4.34	4.61	0	0				
07/12/2018	3.3.2	Gaze Project	O4	3	M	Bilingual	G130	06/09/2018	89100	1280 x 720		Raw Data	Ord4_T3_L.avi	190	0	900	720									46492	10:16:35.512	1536226369285727															0			Unclassified	8																									5577	1321	472			1321	472			530.43	99.80					297.04	209.80	776.70		-34.01						803.09		4.36		0	4				
07/12/2018	3.3.2	Gaze Project	O4	3	M	Bilingual	G130	06/09/2018	89100	1280 x 720		Raw Data	Ord4_T3_L.avi	190	0	900	720									46500	10:16:35.521	1536226369294081															0			Unclassified	8																									5578	1850	414	1322	529	1586	471			742.74	123.20	530.58	77.09	636.66	100.14	361.14	242.08	866.01	346.44	212.48	774.99					903.02	903.02	4.69	4.19	1	3				
07/12/2018	3.3.2	Gaze Project	O4	3	M	Bilingual	G130	06/09/2018	89100	1280 x 720		Raw Data	Ord4_T3_L.avi	190	0	900	720									46508	10:16:35.529	1536226369302341															0	3841		Fixation	8			1.27	142.79	270.52																				5579	1312	501	1268	546	1290	523			526.84	88.07	509.05	69.96	517.95	79.01	297.41	208.95	773.82	343.70	210.05	768.41					800.11	800.11	4.54	4.20	0	0				
07/12/2018	3.3.2	Gaze Project	O4	3	M	Bilingual	G130	06/09/2018	89100	1280 x 720		Raw Data	Ord4_T3_L.avi	190	0	900	720									46517	10:16:35.537	1536226369310679															0	3842		Fixation	8			0.79	341.51	198.72																				5580	1266	488	1295	555	1280	521			508.15	93.32	519.62	66.38	513.89	79.85	297.53	204.17	758.82	344.12	211.04	771.58					784.39	784.39	4.43	4.52	0	0				
07/12/2018	3.3.2	Gaze Project	O4	3	M	Bilingual	G130	06/09/2018	89100	1280 x 720		Raw Data	Ord4_T3_L.avi	190	0	900	720									46525	10:16:35.546	1536226369319040															0	3843		Fixation	8			0.56	66.11	84.60																				5581			1303	537	1303	537					523.14	73.84						344.32	210.97	771.48						0.00		4.67	4	0				
07/12/2018	3.3.2	Gaze Project	O4	3	M	Bilingual	G130	06/09/2018	89100	1280 x 720		Raw Data	Ord4_T3_L.avi	190	0	900	720									46533	10:16:35.554	1536226369327397															0	3844		Fixation	8			2.53	234.93	168.83																				5582	1254	590	1253	608	1253	599			503.40	52.24	502.90	45.12	503.15	48.68	297.81	199.71	744.67	342.89	203.05	747.22					769.60	769.60	4.13	4.28	0	0				
07/12/2018	3.3.2	Gaze Project	O4	3	M	Bilingual	G130	06/09/2018	89100	1280 x 720		Raw Data	Ord4_T3_L.avi	190	0	900	720									46542	10:16:35.562	1536226369335662															0			Unclassified	8																									5583																			-34.01										4	4				
07/12/2018	3.3.2	Gaze Project	O4	3	M	Bilingual	G130	06/09/2018	89100	1280 x 720		Raw Data	Ord4_T3_L.avi	190	0	900	720									46550	10:16:35.571	1536226369344017															0	3845		Fixation	8			2.06	137.15	262.22																				5584	1290	538	1200	559	1245	548			517.65	73.30	481.75	64.90	499.70	69.10	298.21	199.30	743.20	343.20	202.42	745.50					768.09	768.09	4.03	4.16	0	0				
07/12/2018	3.3.2	Gaze Project	O4	3	M	Bilingual	G130	06/09/2018	89100	1280 x 720		Raw Data	Ord4_T3_L.avi	190	0	900	720									46558	10:16:35.579	1536226369352347															0			Unclassified	8																									5585																			-34.01										4	4				
07/12/2018	3.3.2	Gaze Project	O4	3	M	Bilingual	G130	06/09/2018	89100	1280 x 720		Raw Data	Ord4_T3_L.avi	190	0	900	720									46567	10:16:35.587	1536226369360703															0	3846		Fixation	8			0.34	52.21	275.06																				5586	1302	561	1207	550	1254	555			522.61	63.93	484.49	68.66	503.55	66.30	298.61	198.98	742.00	343.53	201.93	744.23					766.87	766.87	4.08	4.07	0	0				
07/12/2018	3.3.2	Gaze Project	O4	3	M	Bilingual	G130	06/09/2018	89100	1280 x 720		Raw Data	Ord4_T3_L.avi	190	0	900	720									46575	10:16:35.596	1536226369369062															0			Unclassified	8																									5587																			-34.01										4	4				
07/12/2018	3.3.2	Gaze Project	O4	3	M	Bilingual	G130	06/09/2018	89100	1280 x 720		Raw Data	Ord4_T3_L.avi	190	0	900	720									46583	10:16:35.604	1536226369377321															0	3847		Fixation	8			1.99	271.68	219.46																				5588	1313	472	1209	618	1261	545			527.23	100.00	485.28	40.89	506.25	70.45	299.00	199.15	742.37	343.93	201.91	744.40					767.29	767.29	3.82	4.55	0	0				
07/12/2018	3.3.2	Gaze Project	O4	3	M	Bilingual	G130	06/09/2018	89100	1280 x 720		Raw Data	Ord4_T3_L.avi	190	0	900	720									46592	10:16:35.612	1536226369385661															0	3848		Fixation	8			0.97	58.82	147.14																				5589			1226	590	1226	590					492.18	52.50						344.08	201.73	743.94						0.00		4.15	4	0				
07/12/2018	3.3.2	Gaze Project	O4	3	M	Bilingual	G130	06/09/2018	89100	1280 x 720		Raw Data	Ord4_T3_L.avi	190	0	900	720									46600	10:16:35.621	1536226369394018															0	3849		Fixation	8			1.44	65.63	6.81																				5590	1289	552	1246	546	1267	549			517.28	67.82	500.10	70.16	508.69	68.99	299.40	200.42	746.22	344.27	201.75	744.12					771.37	771.37	4.15	4.10	0	0				
07/12/2018	3.3.2	Gaze Project	O4	3	M	Bilingual	G130	06/09/2018	89100	1280 x 720		Raw Data	Ord4_T3_L.avi	190	0	900	720									46608	10:16:35.629	1536226369402375															0	3850		Fixation	8			0.86	187.88	122.25																				5591			1217	550	1217	550					488.40	68.28						344.41	201.58	743.70						0.00		4.09	4	0				
07/12/2018	3.3.2	Gaze Project	O4	3	M	Bilingual	G130	06/09/2018	89100	1280 x 720		Raw Data	Ord4_T3_L.avi	190	0	900	720									46617	10:16:35.637	1536226369410731															0	3851		Fixation	8			1.08	290.32	102.44																				5592	1305	517	1230	585	1267	551			523.65	81.93	493.74	54.33	508.70	68.13	299.73	200.56	746.52	344.79	202.53	746.75					771.71	771.71	4.05	4.18	0	0				
07/12/2018	3.3.2	Gaze Project	O4	3	M	Bilingual	G130	06/09/2018	89100	1280 x 720		Raw Data	Ord4_T3_L.avi	190	0	900	720									46625	10:16:35.646	1536226369418987															0	3852		Fixation	8			6.47	64.45	134.13																				5593			1324	389	1324	389					531.42	133.30						345.04	203.02	748.06						0.00		3.93	4	0				
07/12/2018	3.3.2	Gaze Project	O4	3	M	Bilingual	G130	06/09/2018	89100	1280 x 720		Raw Data	Ord4_T3_L.avi	190	0	900	720									46633	10:16:35.654	1536226369427333															0	3853		Fixation	8			5.91	230.84	166.39																				5594	1345	358	1199	542	1272	450			540.00	145.79	481.34	71.56	510.67	108.67	300.05	201.05	747.68	344.82	201.19	742.84					772.99	772.99	3.79	4.09	0	0				
07/12/2018	3.3.2	Gaze Project	O4	3	M	Bilingual	G130	06/09/2018	89100	1280 x 720		Raw Data	Ord4_T3_L.avi	190	0	900	720									46642	10:16:35.662	1536226369435687															0	3854		Fixation	8			1.71	272.95	42.11																				5595			1202	600	1202	600					482.45	48.31						345.09	201.74	744.64						0.00		4.12	4	0				
07/12/2018	3.3.2	Gaze Project	O4	3	M	Bilingual	G130	06/09/2018	89100	1280 x 720		Raw Data	Ord4_T3_L.avi	190	0	900	720									46650	10:16:35.671	1536226369444044															0	3855		Fixation	8			1.08	79.03	166.08																				5596	1324	508	1209	564	1266	536			531.36	85.35	485.16	62.67	508.26	74.01	300.31	200.55	746.37	345.25	201.82	744.97					771.60	771.60	4.08	4.18	0	0				
07/12/2018	3.3.2	Gaze Project	O4	3	M	Bilingual	G130	06/09/2018	89100	1280 x 720		Raw Data	Ord4_T3_L.avi	190	0	900	720									46658	10:16:35.679	1536226369452314															0	3856		Fixation	8			0.71	262.90	183.87																				5597			1206	588	1206	588					484.15	53.19						345.36	201.71	744.69						0.00		4.20	4	0				
07/12/2018	3.3.2	Gaze Project	O4	3	M	Bilingual	G130	06/09/2018	89100	1280 x 720		Raw Data	Ord4_T3_L.avi	190	0	900	720									46667	10:16:35.687	1536226369460657															0	3857		Fixation	8			0.53	183.19	280.29																				5598	1289	361	1188	589	1238	475			517.24	144.62	476.90	52.62	497.07	98.62	300.58	201.09	747.69	345.54	201.97	745.54					773.03	773.03	3.66	4.13	0	0				
07/12/2018	3.3.2	Gaze Project	O4	3	M	Bilingual	G130	06/09/2018	89100	1280 x 720		Raw Data	Ord4_T3_L.avi	190	0	900	720									46675	10:16:35.696	1536226369469002															0	3858		Fixation	8			0.29	293.89	110.70																				5599			1192	598	1192	598					478.60	49.11						345.54	201.49	744.08						0.00		4.08	4	0				
07/12/2018	3.3.2	Gaze Project	O4	3	M	Bilingual	G130	06/09/2018	89100	1280 x 720		Raw Data	Ord4_T3_L.avi	190	0	900	720									46683	10:16:35.704	1536226369477358															0	3859		Fixation	8			1.75	35.40	101.50																				5600	1220	388	1240	564	1230	476			489.89	133.72	497.94	62.89	493.92	98.30	300.72	201.07	747.56	346.04	203.43	750.10					772.92	772.92	3.76	4.12	0	0				
07/12/2018	3.3.2	Gaze Project	O4	3	M	Bilingual	G130	06/09/2018	89100	1280 x 720		Raw Data	Ord4_T3_L.avi	190	0	900	720									46692	10:16:35.712	1536226369485718															0			Unclassified	8																									5601	1130	334			1130	334			453.57	155.60					300.65	200.99	747.59		-34.01						772.92		3.78		0	4				
07/12/2018	3.3.2	Gaze Project	O4	3	M	Bilingual	G130	06/09/2018	89100	1280 x 720		Raw Data	Ord4_T3_L.avi	190	0	900	720									46700	10:16:35.721	1536226369493968															0	3860		Fixation	8	850	458	6.61	152.00	116.60																				5602	1008	497	1040	458	1024	477	834	477	404.64	89.62	417.56	105.35	411.10	97.48	300.50	201.03	747.58	346.21	205.44	756.23					772.91	772.91	4.34	4.05	0	0				
07/12/2018	3.3.2	Gaze Project	O4	3	M	Bilingual	G130	06/09/2018	89100	1280 x 720		Raw Data	Ord4_T3_L.avi	190	0	900	720									46708	10:16:35.729	1536226369502326															0	3861		Fixation	8	728	453	3.69	177.65	25.65																				5603	904	407	918	453	911	430	721	430	362.73	125.93	368.52	107.34	365.62	116.63	300.44	203.23	754.51	345.45	202.97	748.27					780.17	780.17	4.24	4.46	0	0				
07/12/2018	3.3.2	Gaze Project	O4	3	M	Bilingual	G130	06/09/2018	89100	1280 x 720		Raw Data	Ord4_T3_L.avi	190	0	900	720									46717	10:16:35.737	1536226369510674															0			Unclassified	8																									5604	792	553			792	553	602	553	317.89	67.22					300.30	203.70	756.07		-34.01						781.79		4.38		0	4				
07/12/2018	3.3.2	Gaze Project	O4	3	M	Bilingual	G130	06/09/2018	89100	1280 x 720		Raw Data	Ord4_T3_L.avi	190	0	900	720									46725	10:16:35.746	1536226369519027															0			Unclassified	8																									5605																			-34.01										4	4				
07/12/2018	3.3.2	Gaze Project	O4	3	M	Bilingual	G130	06/09/2018	89100	1280 x 720		Raw Data	Ord4_T3_L.avi	190	0	900	720									46733	10:16:35.754	1536226369527306															0			Unclassified	8																									5606	675	534			675	534	485	534	270.79	75.05					299.98	202.47	752.58		-34.01						778.07		4.32		0	4				
07/12/2018	3.3.2	Gaze Project	O4	3	M	Bilingual	G130	06/09/2018	89100	1280 x 720		Raw Data	Ord4_T3_L.avi	190	0	900	720									46742	10:16:35.762	1536226369535641															0	3862		Fixation	8	527	207	9.73	129.16	311.52																				5607			717	207	717	207	527	207			287.74	206.73						344.92	203.11	748.21						0.00		3.23	4	0				
07/12/2018	3.3.2	Gaze Project	O4	3	M	Bilingual	G130	06/09/2018	89100	1280 x 720		Raw Data	Ord4_T3_L.avi	190	0	900	720									46750	10:16:35.771	1536226369543974															0	3863		Fixation	8	460	530	9.98	258.32	129.16																				5608	663	379	650	530	656	454	466	454	266.06	137.34	261.11	76.40	263.59	106.87	299.72	200.88	747.64	345.21	204.82	754.19					772.88	772.88	3.68	4.73	0	0				
07/12/2018	3.3.2	Gaze Project	O4	3	M	Bilingual	G130	06/09/2018	89100	1280 x 720		Raw Data	Ord4_T3_L.avi	190	0	900	720									46753	10:16:35.774										18	MovieEnd	Ord4_T3_L.avi					3863		Fixation	8	460	530	9.98	258.32	129.16																																																						
07/12/2018	3.3.2	Gaze Project	O4	3	M	Bilingual	G130	06/09/2018	89100	1280 x 720		Raw Data														46758	10:16:35.779	1536226369552344															0	3864		Fixation	8			11.08	84.21	185.90																				5609	632	552	687	166	659	359			253.58	67.83	275.87	222.92	264.73	145.38	299.57	200.87	747.74	344.73	203.16	748.19					772.96	772.96	4.41	3.34	0	0				
07/12/2018	3.3.2	Gaze Project	O4	3	M	Bilingual	G130	06/09/2018	89100	1280 x 720		Raw Data														46767	10:16:35.787	1536226369560697															0	3865		Fixation	8			7.72	256.39	172.17																				5610	617	484	627	413	622	448			247.60	94.84	251.62	123.72	249.61	109.28	299.49	203.57	756.63	345.00	205.32	755.52					782.23	782.23	4.34	4.63	0	0				
07/12/2018	3.3.2	Gaze Project	O4	3	M	Bilingual	G130	06/09/2018	89100	1280 x 720		Raw Data														46775	10:16:35.796	1536226369568966															0			Unclassified	8																									5611	672	532			672	532			269.70	75.75					299.26	202.12	752.17		-34.01						777.54		4.38		0	4				
07/12/2018	3.3.2	Gaze Project	O4	3	M	Bilingual	G130	06/09/2018	89100	1280 x 720		Raw Data														46783	10:16:35.804	1536226369577307															0			Unclassified	8																									5612	648	349			648	349			259.91	149.48					298.99	200.86	747.92		-34.01						773.09		4.21		0	4				
07/12/2018	3.3.2	Gaze Project	O4	3	M	Bilingual	G130	06/09/2018	89100	1280 x 720		Raw Data														46792	10:16:35.812	1536226369585650															0			Unclassified	8																									5613																			-34.01										4	4				
07/12/2018	3.3.2	Gaze Project	O4	3	M	Bilingual	G130	06/09/2018	89100	1280 x 720		Raw Data														46800	10:16:35.821	1536226369594012															0	3866		Fixation	8			2.53	44.61	148.22																				5614	639	548	687	354	663	451			256.66	69.33	275.66	147.51	266.16	108.42	298.59	200.71	747.98	343.65	202.96	747.53					773.08	773.08	4.46	3.98	0	0				
07/12/2018	3.3.2	Gaze Project	O4	3	M	Bilingual	G130	06/09/2018	89100	1280 x 720		Raw Data														46808	10:16:35.829	1536226369602370															0			Unclassified	8																									5615	636	451			636	451			255.48	108.19					298.41	200.70	747.98		-34.01						773.07		4.57		0	4				
07/12/2018	3.3.2	Gaze Project	O4	3	M	Bilingual	G130	06/09/2018	89100	1280 x 720		Raw Data														46817	10:16:35.837	1536226369610635															0			Unclassified	8																									5616	631	470			631	470			253.42	100.79					298.20	200.68	747.99		-34.01						773.07		4.36		0	4				
07/12/2018	3.3.2	Gaze Project	O4	3	M	Bilingual	G130	06/09/2018	89100	1280 x 720		Raw Data														46825	10:16:35.846	1536226369618958															0	3867		Fixation	8			0.59	117.82	73.21																				5617	656	550	678	337	667	443			263.31	68.44	272.07	154.25	267.69	111.35	298.04	200.67	747.99	343.08	202.90	747.56					773.06	773.06	4.49	4.06	0	0				
07/12/2018	3.3.2	Gaze Project	O4	3	M	Bilingual	G130	06/09/2018	89100	1280 x 720		Raw Data														46833	10:16:35.854	1536226369627321															0	3868		Fixation	8			3.21	232.36	114.54																				5618			613	421	613	421					246.25	120.56						342.91	202.90	747.56						0.00		4.71	4	0				
07/12/2018	3.3.2	Gaze Project	O4	3	M	Bilingual	G130	06/09/2018	89100	1280 x 720		Raw Data														46842	10:16:35.862	1536226369635678															0			Unclassified	8																									5619	670	516			670	516			269.00	82.17					297.96	213.30	787.39		-34.01						814.36		4.86		0	4				
07/12/2018	3.3.2	Gaze Project	O4	3	M	Bilingual	G130	06/09/2018	89100	1280 x 720		Raw Data														46850	10:16:35.871	1536226369643949															0			Unclassified	8																									5620	652	447			652	447			261.72	110.08					297.74	209.04	774.15		-34.01						800.46		4.62		0	4				
07/12/2018	3.3.2	Gaze Project	O4	3	M	Bilingual	G130	06/09/2018	89100	1280 x 720		Raw Data														46858	10:16:35.879	1536226369652297															0			Unclassified	8																									5621	683	551			683	551			274.13	68.07					297.46	200.64	748.01		-34.01						773.03		4.65		0	4				
07/12/2018	3.3.2	Gaze Project	O4	3	M	Bilingual	G130	06/09/2018	89100	1280 x 720		Raw Data														46867	10:16:35.887	1536226369660626															0			Unclassified	8																									5622	662	432			662	432			265.86	115.97					297.79	218.24	802.84		-34.01						830.56		4.79		0	4				
07/12/2018	3.3.2	Gaze Project	O4	3	M	Bilingual	G130	06/09/2018	89100	1280 x 720		Raw Data														46875	10:16:35.896	1536226369668987															0			Unclassified	8																									5623	656	416			656	416			263.51	122.33					297.31	201.41	750.01		-34.01						775.16		4.17		0	4				
07/12/2018	3.3.2	Gaze Project	O4	3	M	Bilingual	G130	06/09/2018	89100	1280 x 720		Raw Data														46883	10:16:35.904	1536226369677348															0			Unclassified	8																									5624	691	511			691	511			277.35	84.03					297.29	201.28	750.06		-34.01						775.17		4.54		0	4				
07/12/2018	3.3.2	Gaze Project	O4	3	M	Bilingual	G130	06/09/2018	89100	1280 x 720		Raw Data														46892	10:16:35.912	1536226369685621															0	3869		Fixation	8			7.04	60.19	187.83																				5625	645	482	732	214	688	348			258.93	96.03	293.88	203.70	276.41	149.87	297.26	201.27	750.07	345.63	218.87	797.02					775.17	775.17	4.62	4.46	0	0				
07/12/2018	3.3.2	Gaze Project	O4	3	M	Bilingual	G130	06/09/2018	89100	1280 x 720		Raw Data														46900	10:16:35.921	1536226369693974															0	3870		Fixation	8			1.33	217.21	157.02																				5626	617	485	695	242	656	363			247.52	94.74	278.92	192.38	263.22	143.56	297.27	201.26	750.07	345.72	219.27	798.35					775.17	775.17	4.43	4.38	0	0				
07/12/2018	3.3.2	Gaze Project	O4	3	M	Bilingual	G130	06/09/2018	89100	1280 x 720		Raw Data														46908	10:16:35.929	1536226369702292															0	3871		Fixation	8			0.34	4.78	147.57																				5627	651	459	707	241	679	350			261.26	105.03	283.99	192.88	272.62	148.96	297.58	214.71	791.97	346.10	221.04	803.88					819.13	819.13	4.76	4.45	0	0				
07/12/2018	3.3.2	Gaze Project	O4	3	M	Bilingual	G130	06/09/2018	89100	1280 x 720		Raw Data														46917	10:16:35.937	1536226369710660															0	3872		Fixation	8			2.78	103.99	99.21																				5628	613	448	683	145	648	296			246.01	109.46	274.01	231.54	260.01	170.50	297.35	201.24	750.08	347.97	229.81	831.07					775.18	775.18	4.37	4.41	0	0				
07/12/2018	3.3.2	Gaze Project	O4	3	M	Bilingual	G130	06/09/2018	89100	1280 x 720		Raw Data														46925	10:16:35.946	1536226369719016															0	3873		Fixation	8			1.75	167.03	63.04																				5629	673	520	622	131	647	325			270.29	80.58	249.64	237.22	259.97	158.90	297.36	201.23	750.08	345.85	219.10	798.13					775.18	775.18	4.63	3.91	0	0				
07/12/2018	3.3.2	Gaze Project	O4	3	M	Bilingual	G130	06/09/2018	89100	1280 x 720		Raw Data														46933	10:16:35.954	1536226369727281															0	3874		Fixation	8			3.29	305.68	138.65																				5630			689	224	689	224					276.45	199.55						345.57	217.57	793.50						0.00		4.23	4	0				
07/12/2018	3.3.2	Gaze Project	O4	3	M	Bilingual	G130	06/09/2018	89100	1280 x 720		Raw Data														46942	10:16:35.962	1536226369735618															0			Unclassified	8																									5631	646	191			646	191			259.48	212.88					297.72	210.88	780.19		-34.01						806.77		3.89		0	4				
07/12/2018	3.3.2	Gaze Project	O4	3	M	Bilingual	G130	06/09/2018	89100	1280 x 720		Raw Data														46950	10:16:35.971	1536226369743971															0			Unclassified	8																									5632																			-34.01										4	4				
07/12/2018	3.3.2	Gaze Project	O4	3	M	Bilingual	G130	06/09/2018	89100	1280 x 720		Raw Data														46958	10:16:35.979	1536226369752330															0			Unclassified	8																									5633																			-34.01										4	4				
07/12/2018	3.3.2	Gaze Project	O4	3	M	Bilingual	G130	06/09/2018	89100	1280 x 720		Raw Data														46966	10:16:35.987	1536226369760569															0	3875		Fixation	8			5.34	256.08	310.40																				5634	669	526	644	405	656	465			268.50	77.95	258.59	127.05	263.54	102.50	297.98	214.78	792.36	346.18	219.26	799.13					819.55	819.55	4.82	5.10	0	0				
07/12/2018	3.3.2	Gaze Project	O4	3	M	Bilingual	G130	06/09/2018	89100	1280 x 720		Raw Data														46975	10:16:35.996	1536226369768930															0			Unclassified	8																									5635	657	530			657	530			263.80	76.35					298.05	215.91	795.91		-34.01						823.27		4.80		0	4				
07/12/2018	3.3.2	Gaze Project	O4	3	M	Bilingual	G130	06/09/2018	89100	1280 x 720		Raw Data														46983	10:16:36.004	1536226369777275															0	3876		Fixation	8			11.61	67.73	171.65																				5636	835	389	812	-4	823	192			335.37	133.12	326.08	291.60	330.73	212.36	324.84	219.46	802.97	373.96	265.66	941.52					832.82	832.82	4.85	5.69	3	1				
07/12/2018	3.3.2	Gaze Project	O4	3	M	Bilingual	G130	06/09/2018	89100	1280 x 720		Raw Data														46992	10:16:36.012	1536226369785642															0			Unclassified	8																									5637																			-34.01										4	4				
07/12/2018	3.3.2	Gaze Project	O4	3	M	Bilingual	G130	06/09/2018	89100	1280 x 720		Raw Data														47000	10:16:36.021	1536226369794002															0			Unclassified	8																									5638	663	522			663	522			266.13	79.66					298.20	215.40	794.31		-34.01						821.60		5.07		0	4				
07/12/2018	3.3.2	Gaze Project	O4	3	M	Bilingual	G130	06/09/2018	89100	1280 x 720		Raw Data														47008	10:16:36.029	1536226369802273															0			Unclassified	8																									5639	608	453			608	453			244.01	107.48					298.20	214.61	791.81		-34.01						818.98		4.74		0	4				
07/12/2018	3.3.2	Gaze Project	O4	3	M	Bilingual	G130	06/09/2018	89100	1280 x 720		Raw Data														47017	10:16:36.037	1536226369810617															0			Unclassified	8																									5640	665	442			665	442			266.92	111.95					298.17	213.07	786.98		-34.01						813.91		4.80		0	4				
07/12/2018	3.3.2	Gaze Project	O4	3	M	Bilingual	G130	06/09/2018	89100	1280 x 720		Raw Data														47025	10:16:36.046	1536226369818942															0			Unclassified	8																									5641	601	348			601	348			241.41	149.64					298.59	227.77	832.74		-34.01						861.94		4.97		0	4				
07/12/2018	3.3.2	Gaze Project	O4	3	M	Bilingual	G130	06/09/2018	89100	1280 x 720		Raw Data														47033	10:16:36.054	1536226369827314															0	3877		Fixation	8			5.76	240.30	172.57																				5642	617	430	705	183	661	306			247.80	116.77	282.92	216.28	265.36	166.52	298.24	215.18	793.47	344.99	212.02	776.93					820.74	820.74	4.63	3.82	0	0				
07/12/2018	3.3.2	Gaze Project	O4	3	M	Bilingual	G130	06/09/2018	89100	1280 x 720		Raw Data														47042	10:16:36.062	1536226369835667															0			Unclassified	8																									5643	631	386			631	386			253.23	134.54					298.23	214.39	790.92		-34.01						818.07		4.61		0	4				
07/12/2018	3.3.2	Gaze Project	O4	3	M	Bilingual	G130	06/09/2018	89100	1280 x 720		Raw Data														47050	10:16:36.071	1536226369843929															0	3878		Fixation	8			1.20	34.16	153.86																				5644	616	470	739	160	677	315			247.21	100.54	296.78	225.36	272.00	162.95	298.13	208.97	773.94	346.36	218.30	796.34					800.26	800.26	4.50	4.03	0	0				
07/12/2018	3.3.2	Gaze Project	O4	3	M	Bilingual	G130	06/09/2018	89100	1280 x 720		Raw Data														47058	10:16:36.079	1536226369852254															0			Unclassified	8																									5645	680	488			680	488			272.86	93.37					298.13	208.59	772.64		-34.01						798.91		4.67		0	4				
07/12/2018	3.3.2	Gaze Project	O4	3	M	Bilingual	G130	06/09/2018	89100	1280 x 720		Raw Data														47067	10:16:36.087	1536226369860623															0			Unclassified	8																									5646																			-34.01										4	4				
07/12/2018	3.3.2	Gaze Project	O4	3	M	Bilingual	G130	06/09/2018	89100	1280 x 720		Raw Data														47075	10:16:36.096	1536226369868983															0	3879		Fixation	8			4.54	250.82	216.66																				5647	616	486	687	309	651	397			247.37	94.41	275.88	165.65	261.63	130.03	298.41	216.83	798.09	346.60	219.22	799.22					825.64	825.64	4.74	4.52	0	0				
07/12/2018	3.3.2	Gaze Project	O4	3	M	Bilingual	G130	06/09/2018	89100	1280 x 720		Raw Data														47083	10:16:36.104	1536226369877251															0	3880		Fixation	8			5.11	74.76	183.94																				5648	698	583	734	137	716	360			280.12	55.03	294.67	234.85	287.40	144.94	298.38	214.93	792.08	346.81	220.14	802.07					819.34	819.34	4.90	3.99	0	0				
07/12/2018	3.3.2	Gaze Project	O4	3	M	Bilingual	G130	06/09/2018	89100	1280 x 720		Raw Data														47091	10:16:36.112	1536226369885595															0	3881		Fixation	8			0.57	225.09	150.33																				5649	653	453	720	151	686	302			262.18	107.60	289.20	228.95	275.69	168.27	298.41	215.36	793.28	346.58	218.94	798.37					820.62	820.62	4.78	3.96	0	0				
07/12/2018	3.3.2	Gaze Project	O4	3	M	Bilingual	G130	06/09/2018	89100	1280 x 720		Raw Data														47100	10:16:36.121	1536226369893936															0			Unclassified	8																									5650	702	-255	446	76	574	-89			281.79	392.61	179.18	259.25	230.49	325.93	317.03	261.61	936.01	303.10	217.51	798.94					971.46	971.46	4.57	3.88	1	3				
07/12/2018	3.3.2	Gaze Project	O4	3	M	Bilingual	G130	06/09/2018	89100	1280 x 720		Raw Data														47108	10:16:36.129	1536226369902275															0	3882		Fixation	8			9.01	255.92	30.83																				5651	648	496	643	457	645	476			260.27	90.37	257.96	105.90	259.11	98.13	298.34	209.16	773.79	346.73	218.96	798.48					800.19	800.19	4.55	5.02	0	0				
07/12/2018	3.3.2	Gaze Project	O4	3	M	Bilingual	G130	06/09/2018	89100	1280 x 720		Raw Data														47117	10:16:36.137	1536226369910651															0			Unclassified	8																									5652	634	459			634	459			254.63	105.04					298.62	216.84	797.57		-34.01						825.17		4.79		0	4				
07/12/2018	3.3.2	Gaze Project	O4	3	M	Bilingual	G130	06/09/2018	89100	1280 x 720		Raw Data														47121	10:16:36.142										19	InstructionStart	Instruction Element							Unclassified	8																																																											
07/12/2018	3.3.2	Gaze Project	O4	3	M	Bilingual	G130	06/09/2018	89100	1280 x 720		Raw Data														47125	10:16:36.146	1536226369918912															0			Unclassified	8																									5653	606	349			606	349			243.31	149.43					298.62	215.57	793.47		-34.01						820.87		4.55		0	4				
07/12/2018	3.3.2	Gaze Project	O4	3	M	Bilingual	G130	06/09/2018	89100	1280 x 720		Raw Data														47133	10:16:36.154	1536226369927247															0			Unclassified	8																									5654																			-34.01										4	4				
07/12/2018	3.3.2	Gaze Project	O4	3	M	Bilingual	G130	06/09/2018	89100	1280 x 720		Raw Data														47141	10:16:36.162	1536226369935598															0			Unclassified	8																									5655	627	523			627	523			251.77	79.31					298.56	209.01	772.83		-34.01						799.24		4.63		0	4				
07/12/2018	3.3.2	Gaze Project	O4	3	M	Bilingual	G130	06/09/2018	89100	1280 x 720		Raw Data														47150	10:16:36.171	1536226369943966															0			Unclassified	8																									5656	687	399			687	399			275.75	129.44					298.81	215.73	793.54		-34.01						821.00		4.71		0	4				
07/12/2018	3.3.2	Gaze Project	O4	3	M	Bilingual	G130	06/09/2018	89100	1280 x 720		Raw Data														47158	10:16:36.179	1536226369952235															0			Unclassified	8																									5657	630	491			630	491			252.98	92.25					298.84	215.22	791.81		-34.01						819.20		4.73		0	4				
07/12/2018	3.3.2	Gaze Project	O4	3	M	Bilingual	G130	06/09/2018	89100	1280 x 720		Raw Data														47166	10:16:36.187	1536226369960582															0	3883		Fixation	8			3.26	68.71	172.79																				5658	666	485	686	347	676	416			267.33	94.60	275.30	150.38	271.31	122.49	298.77	210.02	775.48	349.73	231.53	837.00					802.08	802.08	4.66	5.19	0	0				
07/12/2018	3.3.2	Gaze Project	O4	3	M	Bilingual	G130	06/09/2018	89100	1280 x 720		Raw Data														47175	10:16:36.196	1536226369968922															0	3884		Fixation	8			2.89	265.62	196.90																				5659	644	495	678	451	661	473			258.44	90.46	272.19	108.48	265.31	99.47	298.81	209.34	773.20	347.10	218.69	797.27					799.71	799.71	4.75	5.13	0	0				
07/12/2018	3.3.2	Gaze Project	O4	3	M	Bilingual	G130	06/09/2018	89100	1280 x 720		Raw Data														47183	10:16:36.204	1536226369977278															0			Unclassified	8																									5660	631	466			631	466			253.21	102.20					299.05	215.87	793.33		-34.01						820.86		4.73		0	4				
07/12/2018	3.3.2	Gaze Project	O4	3	M	Bilingual	G130	06/09/2018	89100	1280 x 720		Raw Data														47192	10:16:36.212	1536226369985635															0	3885		Fixation	8			1.45	205.15	299.54																				5661	623	397	631	473	627	435			249.91	129.96	253.48	99.36	251.69	114.66	298.97	211.25	778.80	347.54	220.57	802.81					805.63	805.63	4.43	5.14	0	0				
07/12/2018	3.3.2	Gaze Project	O4	3	M	Bilingual	G130	06/09/2018	89100	1280 x 720		Raw Data														47200	10:16:36.221	1536226369993908															0	3886		Fixation	8			8.73	71.62	226.47																				5662	672	544	727	185	699	364			269.63	70.93	291.86	215.40	280.75	143.17	298.98	210.21	775.44	345.93	212.68	778.31					802.11	802.11	4.70	3.82	0	0				
07/12/2018	3.3.2	Gaze Project	O4	3	M	Bilingual	G130	06/09/2018	89100	1280 x 720		Raw Data														47208	10:16:36.229	1536226370002248															0	3887		Fixation	8			4.26	242.32	170.70																				5663	653	471	657	318	655	394			261.99	100.27	263.90	161.97	262.94	131.12	299.01	210.59	776.46	349.80	230.99	834.66					803.20	803.20	4.60	4.66	0	0				
07/12/2018	3.3.2	Gaze Project	O4	3	M	Bilingual	G130	06/09/2018	89100	1280 x 720		Raw Data														47216	10:16:36.237	1536226370010594															0			Unclassified	8																									5664	642	516			642	516			257.57	82.09					299.29	218.73	801.58		-34.01						829.58		4.86		0	4				
07/12/2018	3.3.2	Gaze Project	O4	3	M	Bilingual	G130	06/09/2018	89100	1280 x 720		Raw Data														47225	10:16:36.246	1536226370018935															0			Unclassified	8																									5665	615	467			615	467			246.81	102.04					299.29	218.61	801.08		-34.01						829.08		4.73		0	4				
07/12/2018	3.3.2	Gaze Project	O4	3	M	Bilingual	G130	06/09/2018	89100	1280 x 720		Raw Data														47233	10:16:36.254	1536226370027304															0			Unclassified	8																									5666	649	513			649	513			260.67	83.37					299.28	218.79	801.52		-34.01						829.55		4.86		0	4				
07/12/2018	3.3.2	Gaze Project	O4	3	M	Bilingual	G130	06/09/2018	89100	1280 x 720		Raw Data														47241	10:16:36.262	1536226370035565															0			Unclassified	8																									5667	657	459			657	459			263.69	105.03					298.99	210.50	775.68		-34.01						802.43		4.61		0	4				
07/12/2018	3.3.2	Gaze Project	O4	3	M	Bilingual	G130	06/09/2018	89100	1280 x 720		Raw Data														47250	10:16:36.271	1536226370043907															0	3888		Fixation	8			4.76	57.33	175.01																				5668	661	461	749	175	705	318			265.52	104.44	300.83	219.64	283.17	162.04	299.08	216.27	793.52	347.39	220.23	800.58					821.16	821.16	4.72	4.06	0	0				
07/12/2018	3.3.2	Gaze Project	O4	3	M	Bilingual	G130	06/09/2018	89100	1280 x 720		Raw Data														47258	10:16:36.279	1536226370052260															0	3889		Fixation	8			1.62	244.87	187.54																				5669	642	499	725	226	683	362			257.66	88.95	290.93	198.83	274.29	143.89	299.05	216.65	794.65	347.07	218.99	796.60					822.35	822.35	4.66	4.15	0	0				
07/12/2018	3.3.2	Gaze Project	O4	3	M	Bilingual	G130	06/09/2018	89100	1280 x 720		Raw Data														47267	10:16:36.287	1536226370060615															0	3890		Fixation	8			2.23	161.75	276.88																				5670	632	439	652	202	642	320			253.54	113.20	261.90	208.44	257.72	160.82	298.89	215.60	791.41	345.67	212.81	777.40					818.94	818.94	4.52	3.64	0	0				
07/12/2018	3.3.2	Gaze Project	O4	3	M	Bilingual	G130	06/09/2018	89100	1280 x 720		Raw Data														47275	10:16:36.296	1536226370068897															0	3891		Fixation	8			5.34	54.55	252.80																				5671	659	465	762	48	710	256			264.43	102.72	305.83	270.64	285.13	186.68	298.84	216.44	794.01	350.42	236.33	849.70					821.67	821.67	4.75	4.13	0	0				
07/12/2018	3.3.2	Gaze Project	O4	3	M	Bilingual	G130	06/09/2018	89100	1280 x 720		Raw Data														47283	10:16:36.304	1536226370077232															0	3892		Fixation	8			0.85	197.29	142.74																				5672	654	264	733	57	693	160			262.67	183.45	294.04	266.89	278.35	225.17	298.58	211.93	780.04	345.47	213.09	777.98					806.99	806.99	3.99	3.96	0	0				
07/12/2018	3.3.2	Gaze Project	O4	3	M	Bilingual	G130	06/09/2018	89100	1280 x 720		Raw Data														47291	10:16:36.312	1536226370085570															0			Unclassified	8																									5673	636	285			636	285			255.27	175.08					298.41	211.87	779.91		-34.01						806.84		4.14		0	4				
07/12/2018	3.3.2	Gaze Project	O4	3	M	Bilingual	G130	06/09/2018	89100	1280 x 720		Raw Data														47300	10:16:36.321	1536226370093939															0	3893		Fixation	8			5.53	251.62	54.33																				5674	658	484	673	237	665	360			263.97	94.90	270.24	194.69	267.10	144.80	298.45	219.78	804.55	346.44	219.40	797.14					832.69	832.69	4.84	4.27	0	0				
07/12/2018	3.3.2	Gaze Project	O4	3	M	Bilingual	G130	06/09/2018	89100	1280 x 720		Raw Data														47308	10:16:36.329	1536226370102290															0	3894		Fixation	8			3.85	51.76	160.14																				5675			756	132	756	132					303.66	236.97						346.37	220.06	799.03						0.00		3.75	4	0				
07/12/2018	3.3.2	Gaze Project	O4	3	M	Bilingual	G130	06/09/2018	89100	1280 x 720		Raw Data														47316	10:16:36.337	1536226370110555															0	3895		Fixation	8			6.68	243.62	191.85																				5676	613	427	649	347	631	387			246.22	118.17	260.35	150.39	253.29	134.28	298.00	218.32	800.25	349.26	235.49	846.38					828.13	828.13	4.75	4.85	0	0				
07/12/2018	3.3.2	Gaze Project	O4	3	M	Bilingual	G130	06/09/2018	89100	1280 x 720		Raw Data														47325	10:16:36.346	1536226370118900															0	3896		Fixation	8			1.31	55.39	171.78																				5677	582	377	676	308	629	342			233.48	138.14	271.52	166.05	252.50	152.09	297.82	219.92	805.36	345.60	218.54	794.10					833.47	833.47	4.72	4.22	0	0				
07/12/2018	3.3.2	Gaze Project	O4	3	M	Bilingual	G130	06/09/2018	89100	1280 x 720		Raw Data														47333	10:16:36.354	1536226370127241															0			Unclassified	8																									5678	631	387			631	387			253.14	133.92					297.44	216.69	795.44		-34.01						823.03		4.30		0	4				
07/12/2018	3.3.2	Gaze Project	O4	3	M	Bilingual	G130	06/09/2018	89100	1280 x 720		Raw Data														47341	10:16:36.362	1536226370135600															0	3897		Fixation	8			3.47	152.08	96.69																				5679	632	256	570	252	601	254			253.79	186.78	228.84	188.60	241.31	187.69	297.13	211.24	778.68	343.99	213.23	777.46					805.41	805.41	4.24	3.98	0	0				
07/12/2018	3.3.2	Gaze Project	O4	3	M	Bilingual	G130	06/09/2018	89100	1280 x 720		Raw Data														47350	10:16:36.371	1536226370143958															0	3898		Fixation	8			6.28	65.28	273.20																				5680			661	55	661	55					265.20	267.97						345.23	220.76	800.43						0.00		3.64	4	0				
07/12/2018	3.3.2	Gaze Project	O4	3	M	Bilingual	G130	06/09/2018	89100	1280 x 720		Raw Data														47358	10:16:36.379	1536226370152224															0	3899		Fixation	8			2.42	275.89	210.61																				5681	664	462	670	142	667	302			266.39	104.09	268.85	232.96	267.62	168.52	296.71	215.98	793.72	348.46	238.45	854.66					821.14	821.14	4.78	4.36	0	0				
07/12/2018	3.3.2	Gaze Project	O4	3	M	Bilingual	G130	06/09/2018	89100	1280 x 720		Raw Data														47366	10:16:36.387	1536226370160549															0			Unclassified	8																									5682																			-34.01										4	4				
07/12/2018	3.3.2	Gaze Project	O4	3	M	Bilingual	G130	06/09/2018	89100	1280 x 720		Raw Data														47375	10:16:36.396	1536226370168916															0	3900		Fixation	8			6.34	280.18	4.29																				5683	665	443	710	364	687	403			267.09	111.54	285.15	143.50	276.12	127.52	296.09	210.92	778.31	342.93	213.40	777.23					804.92	804.92	4.71	5.00	0	0				
07/12/2018	3.3.2	Gaze Project	O4	3	M	Bilingual	G130	06/09/2018	89100	1280 x 720		Raw Data														47383	10:16:36.404	1536226370177268															0			Unclassified	8																									5684	616	486			616	486			247.20	94.24					295.88	215.09	791.41		-34.01						818.63		4.90		0	4				
07/12/2018	3.3.2	Gaze Project	O4	3	M	Bilingual	G130	06/09/2018	89100	1280 x 720		Raw Data														47391	10:16:36.412	1536226370185545															0			Unclassified	8																									5685	656	407			656	407			263.43	125.94					295.52	202.22	751.17		-34.01						776.42		4.25		0	4				
07/12/2018	3.3.2	Gaze Project	O4	3	M	Bilingual	G130	06/09/2018	89100	1280 x 720		Raw Data														47400	10:16:36.421	1536226370193891															0	3901		Fixation	8			3.22	242.58	322.40																				5686	650	455	659	462	654	458			261.01	106.87	264.57	103.99	262.79	105.43	295.21	202.05	751.24	341.83	212.24	773.09					776.42	776.42	4.48	4.87	0	0				
07/12/2018	3.3.2	Gaze Project	O4	3	M	Bilingual	G130	06/09/2018	89100	1280 x 720		Raw Data														47408	10:16:36.429	1536226370202225															0	3902		Fixation	8			1.75	262.55	19.97																				5687	626	419	651	523	638	471			251.13	121.05	261.30	79.30	256.21	100.17	295.03	210.95	779.09	343.14	220.54	798.37					805.61	805.61	4.67	5.25	0	0				
07/12/2018	3.3.2	Gaze Project	O4	3	M	Bilingual	G130	06/09/2018	89100	1280 x 720		Raw Data														47416	10:16:36.437	1536226370210581															0	3903		Fixation	8			4.10	82.12	179.57																				5688	602	462	671	379	636	420			241.69	103.94	269.43	137.23	255.56	120.59	294.82	216.79	797.45	342.74	219.87	796.14					824.85	824.85	4.86	5.16	0	0				
07/12/2018	3.3.2	Gaze Project	O4	3	M	Bilingual	G130	06/09/2018	89100	1280 x 720		Raw Data														47425	10:16:36.446	1536226370218937															0			Unclassified	8																									5689	645	490			645	490			258.71	92.70					294.58	217.81	800.80		-34.01						828.33		4.94		0	4				
07/12/2018	3.3.2	Gaze Project	O4	3	M	Bilingual	G130	06/09/2018	89100	1280 x 720		Raw Data														47433	10:16:36.454	1536226370227212															0	3904		Fixation	8			1.94	181.69	99.57																				5690	640	318	603	381	621	349			256.76	161.72	242.21	136.33	249.49	149.03	294.35	220.60	809.66	341.87	218.57	791.76					837.60	837.60	4.63	4.98	0	0				
07/12/2018	3.3.2	Gaze Project	O4	3	M	Bilingual	G130	06/09/2018	89100	1280 x 720		Raw Data														47441	10:16:36.462	1536226370235560															0			Unclassified	8																									5691	613	415			613	415			245.95	122.68					293.98	216.01	795.54		-34.01						822.76		4.85		0	4				
07/12/2018	3.3.2	Gaze Project	O4	3	M	Bilingual	G130	06/09/2018	89100	1280 x 720		Raw Data														47450	10:16:36.471	1536226370243886															0			Unclassified	8																									5692	620	365			620	365			248.75	142.99					293.74	216.21	796.25		-34.01						823.48		4.66		0	4				
07/12/2018	3.3.2	Gaze Project	O4	3	M	Bilingual	G130	06/09/2018	89100	1280 x 720		Raw Data														47458	10:16:36.479	1536226370252256															0	3905		Fixation	8			2.65	292.08	110.39																				5693	620	273	638	467	629	370			248.76	180.12	255.99	101.69	252.37	140.90	293.50	217.21	799.49	341.21	219.67	794.56					826.86	826.86	4.63	5.19	0	0				
07/12/2018	3.3.2	Gaze Project	O4	3	M	Bilingual	G130	06/09/2018	89100	1280 x 720		Raw Data														47467	10:16:36.487	1536226370260608															0			Unclassified	8																									5694	599	471			599	471			240.42	100.26					293.27	217.36	800.03		-34.01						827.41		4.85		0	4				
07/12/2018	3.3.2	Gaze Project	O4	3	M	Bilingual	G130	06/09/2018	89100	1280 x 720		Raw Data														47475	10:16:36.496	1536226370268873															0			Unclassified	8																									5695	673	456			673	456			270.04	106.51					292.97	209.68	776.16		-34.01						802.35		4.67		0	4				
07/12/2018	3.3.2	Gaze Project	O4	3	M	Bilingual	G130	06/09/2018	89100	1280 x 720		Raw Data														47483	10:16:36.504	1536226370277206															0			Unclassified	8																									5696																			-34.01										4	4				
07/12/2018	3.3.2	Gaze Project	O4	3	M	Bilingual	G130	06/09/2018	89100	1280 x 720		Raw Data														47491	10:16:36.512	1536226370285562															0	3906		Fixation	8			0.99	293.56	1.48																				5697	654	500	652	499	653	499			262.48	88.42	261.89	89.09	262.19	88.75	292.48	215.00	792.84	340.18	220.13	794.90					819.82	819.82	4.89	5.24	0	0				
07/12/2018	3.3.2	Gaze Project	O4	3	M	Bilingual	G130	06/09/2018	89100	1280 x 720		Raw Data														47500	10:16:36.521	1536226370293930															0	3907		Fixation	8			1.87	88.27	154.71																				5698	605	503	654	433	629	468			242.74	87.43	262.47	115.50	252.60	101.47	292.22	215.97	795.88	339.85	219.90	793.88					822.99	822.99	5.00	5.29	0	0				
07/12/2018	3.3.2	Gaze Project	O4	3	M	Bilingual	G130	06/09/2018	89100	1280 x 720		Raw Data														47508	10:16:36.529	1536226370302191															0			Unclassified	8																									5699	342	403			342	403			137.45	127.77					291.84	197.97	739.35		-34.01						763.71		4.20		0	4				
07/12/2018	3.3.2	Gaze Project	O4	3	M	Bilingual	G130	06/09/2018	89100	1280 x 720		Raw Data														47516	10:16:36.537	1536226370310542															0			Unclassified	8																									5700	288	-45			288	-45			115.72	307.93					305.01	249.41	898.90		-34.01						931.78		5.00		0	4				
07/12/2018	3.3.2	Gaze Project	O4	3	M	Bilingual	G130	06/09/2018	89100	1280 x 720		Raw Data														47525	10:16:36.546	1536226370318875															0	3908		Fixation	8			12.57	129.85	41.58																				5701	400	203	371	95	385	149			160.75	208.00	148.84	251.58	154.80	229.79	291.05	197.84	739.40	337.98	218.04	787.22					763.68	763.68	3.33	4.35	0	0				
07/12/2018	3.3.2	Gaze Project	O4	3	M	Bilingual	G130	06/09/2018	89100	1280 x 720		Raw Data														47533	10:16:36.554	1536226370327232															0			Unclassified	8																									5702	174	267			174	267			69.85	182.49					290.49	212.00	783.45		-34.01						809.88		4.04		0	4				
07/12/2018	3.3.2	Gaze Project	O4	3	M	Bilingual	G130	06/09/2018	89100	1280 x 720		Raw Data														47541	10:16:36.562	1536226370335592															0	3909		Fixation	8			9.43	231.32	101.47																				5703	117	383	163	354	140	368			46.89	135.67	65.23	147.49	56.06	141.58	290.13	200.40	747.42	334.01	201.56	736.24					772.05	772.05	4.32	4.18	0	0				
07/12/2018	3.3.2	Gaze Project	O4	3	M	Bilingual	G130	06/09/2018	89100	1280 x 720		Raw Data														47550	10:16:36.571	1536226370343863															0	3910		Fixation	8			0.91	225.09	353.77																				5704	66	306	140	377	103	341			26.39	166.58	56.00	138.18	41.20	152.38	289.67	200.05	746.39	333.29	200.44	732.51					770.94	770.94	4.26	4.24	0	0				
07/12/2018	3.3.2	Gaze Project	O4	3	M	Bilingual	G130	06/09/2018	89100	1280 x 720		Raw Data														47558	10:16:36.579	1536226370352195															0	3911		Fixation	8			6.08	107.51	242.42																				5705	-56	296	77	178	10	237			-22.51	170.66	30.85	218.46	4.17	194.56	289.20	201.36	750.30	332.82	200.62	732.72					775.04	775.04	4.13	3.67	0	0				
07/12/2018	3.3.2	Gaze Project	O4	3	M	Bilingual	G130	06/09/2018	89100	1280 x 720		Raw Data														47566	10:16:36.587	1536226370360547															0	3912		Fixation	8			1.58	276.32	168.81																				5706	7	417	83	232	45	324			2.88	122.18	33.43	196.65	18.15	159.42	288.85	195.79	733.23	332.29	200.32	731.46					757.09	757.09	4.21	3.80	0	0				
07/12/2018	3.3.2	Gaze Project	O4	3	M	Bilingual	G130	06/09/2018	89100	1280 x 720		Raw Data														47575	10:16:36.596	1536226370368904															0	3913		Fixation	8			3.61	252.92	336.60																				5707			46	352	46	352					18.32	148.36						331.82	200.50	731.71						0.00		4.23	4	0				
07/12/2018	3.3.2	Gaze Project	O4	3	M	Bilingual	G130	06/09/2018	89100	1280 x 720		Raw Data														47583	10:16:36.604	1536226370377260															0	3914		Fixation	8			2.44	71.62	178.70																				5708	-11	401	73	271	31	336			-4.50	128.28	29.30	180.82	12.40	154.55	287.77	201.28	750.33	331.26	200.49	731.40					774.99	774.99	4.38	4.04	0	0				
07/12/2018	3.3.2	Gaze Project	O4	3	M	Bilingual	G130	06/09/2018	89100	1280 x 720		Raw Data														47591	10:16:36.612	1536226370385523															0	3915		Fixation	8			2.18	81.57	9.95																				5709			84	197	84	197					33.80	210.57						330.68	200.45	730.96						0.00		3.80	4	0				
07/12/2018	3.3.2	Gaze Project	O4	3	M	Bilingual	G130	06/09/2018	89100	1280 x 720		Raw Data														47600	10:16:36.620	1536226370393853															0			Unclassified	8																									5710	61	398			61	398			24.46	129.65					286.90	196.50	735.65		-34.01						759.52		4.17		0	4				
07/12/2018	3.3.2	Gaze Project	O4	3	M	Bilingual	G130	06/09/2018	89100	1280 x 720		Raw Data														47608	10:16:36.629	1536226370402215															0	3916		Fixation	8			2.46	233.48	151.91																				5711	41	451	32	267	36	359			16.45	108.28	12.79	182.62	14.62	145.45	286.59	190.39	716.60	329.54	200.70	731.28					739.53	739.53	4.22	3.91	0	0				
07/12/2018	3.3.2	Gaze Project	O4	3	M	Bilingual	G130	06/09/2018	89100	1280 x 720		Raw Data														47616	10:16:36.637	1536226370410572															0			Unclassified	8																									5712	10	401			10	401			4.20	128.34					285.71	201.18	750.37		-34.01						774.92		4.44		0	4				
07/12/2018	3.3.2	Gaze Project	O4	3	M	Bilingual	G130	06/09/2018	89100	1280 x 720		Raw Data														47625	10:16:36.645	1536226370418833															0	3917		Fixation	8			1.45	1.06	127.58																				5713			86	266	86	266					34.63	182.66						328.33	200.43	730.11						0.00		4.10	4	0				
07/12/2018	3.3.2	Gaze Project	O4	3	M	Bilingual	G130	06/09/2018	89100	1280 x 720		Raw Data														47633	10:16:36.654	1536226370427205															0			Unclassified	8																									5714	17	422			17	422			6.75	120.03					284.93	196.47	735.85		-34.01						759.63		4.21		0	4				
07/12/2018	3.3.2	Gaze Project	O4	3	M	Bilingual	G130	06/09/2018	89100	1280 x 720		Raw Data														47641	10:16:36.662	1536226370435530															0	3918		Fixation	8			4.79	272.44	271.37																				5715			93	430	93	430					37.51	116.71						327.34	201.03	731.75						0.00		4.83	4	0				
07/12/2018	3.3.2	Gaze Project	O4	3	M	Bilingual	G130	06/09/2018	89100	1280 x 720		Raw Data														47647	10:16:36.668								8	Space										Unclassified	8																																																											
07/12/2018	3.3.2	Gaze Project	O4	3	M	Bilingual	G130	06/09/2018	89100	1280 x 720		Raw Data														47647	10:16:36.668										20	InstructionEnd	Instruction Element							Unclassified	8																																																											
07/12/2018	3.3.2	Gaze Project	O4	3	M	Bilingual	G130	06/09/2018	89100	1280 x 720		Raw Data														47650	10:16:36.671	1536226370443873															0			Unclassified	8																									5716																			-34.01										4	4				
07/12/2018	3.3.2	Gaze Project	O4	3	M	Bilingual	G130	06/09/2018	89100	1280 x 720		Raw Data														47658	10:16:36.679	1536226370452242															0	3919		Fixation	8			0.33	285.21	12.77																				5717			96	441	96	441					38.71	112.28						326.32	200.13	728.97						0.00		4.52	4	0				
07/12/2018	3.3.2	Gaze Project	O4	3	M	Bilingual	G130	06/09/2018	89100	1280 x 720		Raw Data														47666	10:16:36.687	1536226370460487															0			Unclassified	8																									5718	78	458			78	458			31.36	105.33					284.20	180.05	684.98		-34.01						706.19		4.12		0	4				
07/12/2018	3.3.2	Gaze Project	O4	3	M	Bilingual	G130	06/09/2018	89100	1280 x 720		Raw Data														47675	10:16:36.695	1536226370468846															0	3920		Fixation	8			6.55	98.72	173.51																				5719	39	378	62	220	50	299			15.79	137.67	25.07	201.46	20.43	169.57	283.21	195.74	734.09	325.59	200.05	728.63					757.67	757.67	4.44	4.08	0	0				
07/12/2018	3.3.2	Gaze Project	O4	3	M	Bilingual	G130	06/09/2018	89100	1280 x 720		Raw Data														47683	10:16:36.704	1536226370477189															0			Unclassified	8																									5720																			-34.01										4	4				
07/12/2018	3.3.2	Gaze Project	O4	3	M	Bilingual	G130	06/09/2018	89100	1280 x 720		Raw Data														47691	10:16:36.712	1536226370485557															0	3921		Fixation	8			0.39	296.49	197.77																				5721			68	232	68	232					27.24	196.61						325.31	201.61	733.26						0.00		4.14	4	0				
07/12/2018	3.3.2	Gaze Project	O4	3	M	Bilingual	G130	06/09/2018	89100	1280 x 720		Raw Data														47700	10:16:36.720	1536226370493834															0			Unclassified	8																									5722	115	472			115	472			46.10	99.91					283.33	182.38	692.33		-34.01						713.86		4.16		0	4				
07/12/2018	3.3.2	Gaze Project	O4	3	M	Bilingual	G130	06/09/2018	89100	1280 x 720		Raw Data														47708	10:16:36.729	1536226370502179															0	3922		Fixation	8			2.72	255.86	319.37																				5723	51	419	45	323	48	371			20.61	121.27	18.20	159.90	19.40	140.58	282.83	190.52	717.71	324.79	199.95	728.00					740.48	740.48	4.28	4.47	0	0				
07/12/2018	3.3.2	Gaze Project	O4	3	M	Bilingual	G130	06/09/2018	89100	1280 x 720		Raw Data														47716	10:16:36.737	1536226370510510															0			Unclassified	8																									5724	76	457			76	457			30.60	105.89					283.12	183.52	695.68		-34.01						717.39		4.24		0	4				
07/12/2018	3.3.2	Gaze Project	O4	3	M	Bilingual	G130	06/09/2018	89100	1280 x 720		Raw Data														47725	10:16:36.746	1536226370518869															0			Unclassified	8																									5725																			-34.01										4	4				
07/12/2018	3.3.2	Gaze Project	O4	3	M	Bilingual	G130	06/09/2018	89100	1280 x 720		Raw Data														47733	10:16:36.754	1536226370527224															0	3923		Fixation	8			0.94	175.09	279.23																				5726	74	469	10	320	42	394			29.66	100.94	3.96	161.25	16.81	131.10	283.21	180.73	686.81	324.78	201.14	731.15					708.10	708.10	4.10	4.48	0	0				
07/12/2018	3.3.2	Gaze Project	O4	3	M	Bilingual	G130	06/09/2018	89100	1280 x 720		Raw Data														47741	10:16:36.762	1536226370535492															0	3924		Fixation	8			0.86	145.22	330.13																				5727			-16	302	-16	302					-6.58	168.47						324.77	201.12	730.92						0.00		4.47	4	0				
07/12/2018	3.3.2	Gaze Project	O4	3	M	Bilingual	G130	06/09/2018	89100	1280 x 720		Raw Data														47750	10:16:36.770	1536226370543848															0			Unclassified	8																									5728																			-34.01										4	4				
07/12/2018	3.3.2	Gaze Project	O4	3	M	Bilingual	G130	06/09/2018	89100	1280 x 720		Raw Data														47758	10:16:36.779	1536226370552180															0	3925		Fixation	8			2.90	291.42	146.20																				5729			21	396	21	396					8.47	130.46						324.85	201.35	731.33						0.00		4.63	4	0				
07/12/2018	3.3.2	Gaze Project	O4	3	M	Bilingual	G130	06/09/2018	89100	1280 x 720		Raw Data														47766	10:16:36.787	1536226370560541															0	3926		Fixation	8			2.24	342.18	50.75																				5730			99	421	99	421					39.84	120.38						324.84	200.94	729.98						0.00		4.99	4	0				
07/12/2018	3.3.2	Gaze Project	O4	3	M	Bilingual	G130	06/09/2018	89100	1280 x 720		Raw Data														47775	10:16:36.796	1536226370568894															0			Unclassified	8																									5731																			-34.01										4	4				
07/12/2018	3.3.2	Gaze Project	O4	3	M	Bilingual	G130	06/09/2018	89100	1280 x 720		Raw Data														47783	10:16:36.804	1536226370577163															0	3927		Fixation	8			3.43	144.54	162.36																				5732	55	413	-1	350	27	381			22.12	123.59	-0.49	149.04	10.81	136.31	282.77	191.40	719.33	324.82	200.07	727.14					742.28	742.28	4.34	4.64	0	0				
07/12/2018	3.3.2	Gaze Project	O4	3	M	Bilingual	G130	06/09/2018	89100	1280 x 720		Raw Data														47791	10:16:36.812	1536226370585498															0	3928		Fixation	8			2.72	301.09	156.55																				5733			48	431	48	431					19.37	116.20						324.90	200.35	727.91						0.00		4.74	4	0				
07/12/2018	3.3.2	Gaze Project	O4	3	M	Bilingual	G130	06/09/2018	89100	1280 x 720		Raw Data														47800	10:16:36.820	1536226370593850															0	3929		Fixation	8			1.44	24.25	83.16																				5734			97	409	97	409					39.11	125.04						325.06	201.22	730.49						0.00		4.95	4	0				
07/12/2018	3.3.2	Gaze Project	O4	3	M	Bilingual	G130	06/09/2018	89100	1280 x 720		Raw Data														47808	10:16:36.829	1536226370602206															0	3930		Fixation	8			1.53	129.58	105.33																				5735	41	448	63	368	52	408			16.63	109.57	25.34	141.55	20.99	125.56	283.16	185.41	700.57	324.92	199.98	726.66					722.62	722.62	4.24	4.73	0	0				
07/12/2018	3.3.2	Gaze Project	O4	3	M	Bilingual	G130	06/09/2018	89100	1280 x 720		Raw Data														47816	10:16:36.837	1536226370610485															0			Unclassified	8																									5736																			-34.01										4	4				
07/12/2018	3.3.2	Gaze Project	O4	3	M	Bilingual	G130	06/09/2018	89100	1280 x 720		Raw Data														47825	10:16:36.845	1536226370618824															0	3931		Fixation	8			1.76	233.40	103.82																				5737			25	419	25	419					9.95	121.41						325.14	201.35	730.74						0.00		5.00	4	0				
07/12/2018	3.3.2	Gaze Project	O4	3	M	Bilingual	G130	06/09/2018	89100	1280 x 720		Raw Data														47833	10:16:36.854	1536226370627161															0	3932		Fixation	8			4.26	83.42	210.03																				5738	67	481	42	272	54	376			27.00	96.33	16.85	180.31	21.93	138.32	283.27	183.62	695.00	325.12	201.10	729.96					716.78	716.78	4.20	4.45	0	0				
07/12/2018	3.3.2	Gaze Project	O4	3	M	Bilingual	G130	06/09/2018	89100	1280 x 720		Raw Data														47841	10:16:36.862	1536226370635525															0	3933		Fixation	8			3.52	263.89	180.46																				5739			29	393	29	393					11.52	131.86						325.10	200.92	729.39						0.00		4.88	4	0				
07/12/2018	3.3.2	Gaze Project	O4	3	M	Bilingual	G130	06/09/2018	89100	1280 x 720		Raw Data														47850	10:16:36.871	1536226370643878															0			Unclassified	8																									5740																			-34.01										4	4				
07/12/2018	3.3.2	Gaze Project	O4	3	M	Bilingual	G130	06/09/2018	89100	1280 x 720		Raw Data														47858	10:16:36.879	1536226370652147															0			Unclassified	8																									5741	51	491			51	491			20.45	92.05					283.50	178.91	680.26		-34.01						701.32		4.15		0	4				
07/12/2018	3.3.2	Gaze Project	O4	3	M	Bilingual	G130	06/09/2018	89100	1280 x 720		Raw Data														47866	10:16:36.887	1536226370660491															0	3934		Fixation	8			7.26	93.88	189.99																				5742			12	143	12	143					4.67	232.25						325.11	201.02	729.62						0.00		3.70	4	0				
07/12/2018	3.3.2	Gaze Project	O4	3	M	Bilingual	G130	06/09/2018	89100	1280 x 720		Raw Data														47875	10:16:36.895	1536226370668821															0			Unclassified	8																									5743																			-34.01										4	4				
07/12/2018	3.3.2	Gaze Project	O4	3	M	Bilingual	G130	06/09/2018	89100	1280 x 720		Raw Data														47883	10:16:36.904	1536226370677190															0			Unclassified	8																									5744																			-34.01										4	4				
07/12/2018	3.3.2	Gaze Project	O4	3	M	Bilingual	G130	06/09/2018	89100	1280 x 720		Raw Data														47891	10:16:36.912	1536226370685545															0			Unclassified	8																									5745	98	494			98	494			39.18	91.19					283.41	180.61	685.57		-34.01						706.89		4.15		0	4				
07/12/2018	3.3.2	Gaze Project	O4	3	M	Bilingual	G130	06/09/2018	89100	1280 x 720		Raw Data														47900	10:16:36.920	1536226370693817															0			Unclassified	8																									5746																			-34.01										4	4				
07/12/2018	3.3.2	Gaze Project	O4	3	M	Bilingual	G130	06/09/2018	89100	1280 x 720		Raw Data														47908	10:16:36.929	1536226370702145															0	3935		Fixation	8			7.66	280.00	186.12																				5747			58	403	58	403					23.20	127.86						325.21	201.32	730.48						0.00		4.86	4	0				
07/12/2018	3.3.2	Gaze Project	O4	3	M	Bilingual	G130	06/09/2018	89100	1280 x 720		Raw Data														47916	10:16:36.937	1536226370710492															0			Unclassified	8																									5748	60	471			60	471			23.93	100.35					283.10	187.15	705.67		-34.01						728.00		4.17		0	4				
07/12/2018	3.3.2	Gaze Project	O4	3	M	Bilingual	G130	06/09/2018	89100	1280 x 720		Raw Data														47925	10:16:36.946	1536226370718861															0			Unclassified	8																									5749																			-34.01										4	4				
07/12/2018	3.3.2	Gaze Project	O4	3	M	Bilingual	G130	06/09/2018	89100	1280 x 720		Raw Data														47933	10:16:36.954	1536226370727123															0	3936		Fixation	8			3.86	94.32	174.32																				5750			48	271	48	271					19.46	180.96						325.19	200.63	728.22						0.00		4.08	4	0				
07/12/2018	3.3.2	Gaze Project	O4	3	M	Bilingual	G130	06/09/2018	89100	1280 x 720		Raw Data														47941	10:16:36.962	1536226370735474															0			Unclassified	8																									5751	43	503			43	503			17.43	87.44					283.13	187.40	706.24		-34.01						728.62		4.32		0	4				
07/12/2018	3.3.2	Gaze Project	O4	3	M	Bilingual	G130	06/09/2018	89100	1280 x 720		Raw Data														47950	10:16:36.970	1536226370743814															0			Unclassified	8																									5752	66	399			66	399			26.31	129.22					283.10	188.52	709.62		-34.01						732.17		4.33		0	4				
07/12/2018	3.3.2	Gaze Project	O4	3	M	Bilingual	G130	06/09/2018	89100	1280 x 720		Raw Data														47958	10:16:36.979	1536226370752179															0	3937		Fixation	8			5.37	65.45	331.13																				5753			125	103	125	103					50.03	248.48						325.35	201.33	730.10						0.00		3.31	4	0				
07/12/2018	3.3.2	Gaze Project	O4	3	M	Bilingual	G130	06/09/2018	89100	1280 x 720		Raw Data														47966	10:16:36.987	1536226370760531															0	3938		Fixation	8			5.25	182.03	116.59																				5754			-73	110	-73	110					-29.24	245.79						325.46	201.95	731.90						0.00		3.32	4	0				
07/12/2018	3.3.2	Gaze Project	O4	3	M	Bilingual	G130	06/09/2018	89100	1280 x 720		Raw Data														47975	10:16:36.995	1536226370768769															0			Unclassified	8																									5755	76	415			76	415			30.41	122.71					283.03	190.70	716.07		-34.01						738.98		4.35		0	4				
07/12/2018	3.3.2	Gaze Project	O4	3	M	Bilingual	G130	06/09/2018	89100	1280 x 720		Raw Data														47983	10:16:37.004	1536226370777116															0	3939		Fixation	8			10.57	286.72	104.69																				5756	62	491	34	465	48	478			24.99	92.02	13.51	102.82	19.25	97.42	283.39	183.95	694.98	325.42	201.14	729.30					716.86	716.86	4.18	4.83	0	0				
07/12/2018	3.3.2	Gaze Project	O4	3	M	Bilingual	G130	06/09/2018	89100	1280 x 720		Raw Data														47991	10:16:37.012	1536226370785488															0			Unclassified	8																									5757																			-34.01										4	4				
07/12/2018	3.3.2	Gaze Project	O4	3	M	Bilingual	G130	06/09/2018	89100	1280 x 720		Raw Data														48000	10:16:37.020	1536226370793845															0			Unclassified	8																									5758	9	464			9	464			3.49	102.92					282.72	198.11	738.83		-34.01						762.89		4.32		0	4				
07/12/2018	3.3.2	Gaze Project	O4	3	M	Bilingual	G130	06/09/2018	89100	1280 x 720		Raw Data														48008	10:16:37.029	1536226370802202															0			Unclassified	8																									5759	93	457			93	457			37.27	105.89					282.88	194.85	728.47		-34.01						752.04		4.43		0	4				
07/12/2018	3.3.2	Gaze Project	O4	3	M	Bilingual	G130	06/09/2018	89100	1280 x 720		Raw Data														48016	10:16:37.037	1536226370810463															0			Unclassified	8																									5760																			-34.01										4	4				
07/12/2018	3.3.2	Gaze Project	O4	3	M	Bilingual	G130	06/09/2018	89100	1280 x 720		Raw Data														48025	10:16:37.045	1536226370818792															0	3940		Fixation	8			7.90	97.96	171.23																				5761	40	461	-4	194	18	327			15.89	104.28	-1.42	211.75	7.23	158.01	282.86	196.42	732.99	325.70	201.96	731.09					756.82	756.82	4.40	3.73	0	0				
07/12/2018	3.3.2	Gaze Project	O4	3	M	Bilingual	G130	06/09/2018	89100	1280 x 720		Raw Data														48033	10:16:37.054	1536226370827152															0			Unclassified	8																									5762	11	458			11	458			4.53	105.49					282.85	196.89	734.22		-34.01						758.14		4.55		0	4				
07/12/2018	3.3.2	Gaze Project	O4	3	M	Bilingual	G130	06/09/2018	89100	1280 x 720		Raw Data														48041	10:16:37.062	1536226370835514															0	3941		Fixation	8			8.38	274.72	176.76																				5763			20	484	20	484					8.05	94.93						325.64	201.11	728.18						0.00		4.75	4	0				
07/12/2018	3.3.2	Gaze Project	O4	3	M	Bilingual	G130	06/09/2018	89100	1280 x 720		Raw Data														48050	10:16:37.070	1536226370843775															0			Unclassified	8																									5764																			-34.01										4	4				
07/12/2018	3.3.2	Gaze Project	O4	3	M	Bilingual	G130	06/09/2018	89100	1280 x 720		Raw Data														48058	10:16:37.079	1536226370852135															0			Unclassified	8																									5765																			-34.01										4	4				
07/12/2018	3.3.2	Gaze Project	O4	3	M	Bilingual	G130	06/09/2018	89100	1280 x 720		Raw Data														48066	10:16:37.087	1536226370860470															0			Unclassified	8																									5766	46	496			46	496			18.58	90.37					282.86	197.88	736.51		-34.01						760.61		4.25		0	4				
07/12/2018	3.3.2	Gaze Project	O4	3	M	Bilingual	G130	06/09/2018	89100	1280 x 720		Raw Data														48075	10:16:37.095	1536226370868810															0			Unclassified	8																									5767																			-34.01										4	4				
07/12/2018	3.3.2	Gaze Project	O4	3	M	Bilingual	G130	06/09/2018	89100	1280 x 720		Raw Data	attention.avi	190	0	900	720									48081	10:16:37.101										21	MovieStart	attention.avi							Unclassified	8																																																											
07/12/2018	3.3.2	Gaze Project	O4	3	M	Bilingual	G130	06/09/2018	89100	1280 x 720		Raw Data	attention.avi	190	0	900	720									48083	10:16:37.104	1536226370877181															0			Unclassified	8																									5768																			-34.01										4	4				
07/12/2018	3.3.2	Gaze Project	O4	3	M	Bilingual	G130	06/09/2018	89100	1280 x 720		Raw Data	attention.avi	190	0	900	720									48091	10:16:37.112	1536226370885448															0			Unclassified	8																									5769	38	522			38	522			15.39	79.85					282.89	197.48	735.03		-34.01						759.08		4.21		0	4				
07/12/2018	3.3.2	Gaze Project	O4	3	M	Bilingual	G130	06/09/2018	89100	1280 x 720		Raw Data	attention.avi	190	0	900	720									48100	10:16:37.120	1536226370893784															0			Unclassified	8																									5770	-36	461			-36	461			-14.44	104.14					282.85	198.47	738.13		-34.01						762.34		4.26		0	4				
07/12/2018	3.3.2	Gaze Project	O4	3	M	Bilingual	G130	06/09/2018	89100	1280 x 720		Raw Data	attention.avi	190	0	900	720									48108	10:16:37.129	1536226370902137															0			Unclassified	8																									5771	-11	455			-11	455			-4.32	106.74					282.85	198.46	738.04		-34.01						762.25		4.64		0	4				
07/12/2018	3.3.2	Gaze Project	O4	3	M	Bilingual	G130	06/09/2018	89100	1280 x 720		Raw Data	attention.avi	190	0	900	720									48116	10:16:37.137	1536226370910493															0			Unclassified	8																									5772																			-34.01										4	4				
07/12/2018	3.3.2	Gaze Project	O4	3	M	Bilingual	G130	06/09/2018	89100	1280 x 720		Raw Data	attention.avi	190	0	900	720									48125	10:16:37.145	1536226370918851															0			Unclassified	8																									5773																			-34.01										4	4				
07/12/2018	3.3.2	Gaze Project	O4	3	M	Bilingual	G130	06/09/2018	89100	1280 x 720		Raw Data	attention.avi	190	0	900	720									48133	10:16:37.154	1536226370927105															0			Unclassified	8																									5774	-617	346	-955	280	-786	313			-247.63	150.78	-383.47	177.20	-315.55	163.99	331.03	216.88	774.20	331.04	216.88	774.20					805.31	805.31	4.59	4.61	1	3				
07/12/2018	3.3.2	Gaze Project	O4	3	M	Bilingual	G130	06/09/2018	89100	1280 x 720		Raw Data	attention.avi	190	0	900	720									48141	10:16:37.162	1536226370935447															0			Unclassified	8																									5775																			-34.01										4	4				
07/12/2018	3.3.2	Gaze Project	O4	3	M	Bilingual	G130	06/09/2018	89100	1280 x 720		Raw Data	attention.avi	190	0	900	720									48150	10:16:37.170	1536226370943805															0			Unclassified	8																									5776																			-34.01										4	4				
07/12/2018	3.3.2	Gaze Project	O4	3	M	Bilingual	G130	06/09/2018	89100	1280 x 720		Raw Data	attention.avi	190	0	900	720									48158	10:16:37.179	1536226370952151															0			Unclassified	8																									5777	44	433			44	433			17.57	115.67					282.89	198.94	739.36		-34.01						763.66		4.46		0	4				
07/12/2018	3.3.2	Gaze Project	O4	3	M	Bilingual	G130	06/09/2018	89100	1280 x 720		Raw Data	attention.avi	190	0	900	720									48166	10:16:37.187	1536226370960433															0			Unclassified	8																									5778																			-34.01										4	4				
07/12/2018	3.3.2	Gaze Project	O4	3	M	Bilingual	G130	06/09/2018	89100	1280 x 720		Raw Data	attention.avi	190	0	900	720									48175	10:16:37.195	1536226370968775															0			Unclassified	8																									5779	269	328			269	328	79	328	107.87	158.05					283.22	203.23	752.64		-34.01						777.61		4.31		0	4				
07/12/2018	3.3.2	Gaze Project	O4	3	M	Bilingual	G130	06/09/2018	89100	1280 x 720		Raw Data	attention.avi	190	0	900	720									48183	10:16:37.204	1536226370977118															0			Unclassified	8																									5780																			-34.01										4	4				
07/12/2018	3.3.2	Gaze Project	O4	3	M	Bilingual	G130	06/09/2018	89100	1280 x 720		Raw Data	attention.avi	190	0	900	720									48191	10:16:37.212	1536226370985477															0			Unclassified	8																									5781																			-34.01										4	4				
07/12/2018	3.3.2	Gaze Project	O4	3	M	Bilingual	G130	06/09/2018	89100	1280 x 720		Raw Data	attention.avi	190	0	900	720									48200	10:16:37.220	1536226370993831															0			Unclassified	8																									5782	514	412			514	412	324	412	206.33	124.09					283.91	203.84	754.30		-34.01						779.40		4.62		0	4				
07/12/2018	3.3.2	Gaze Project	O4	3	M	Bilingual	G130	06/09/2018	89100	1280 x 720		Raw Data	attention.avi	190	0	900	720									48208	10:16:37.229	1536226371002091															0			Unclassified	8																									5783	445	708	547	443	496	575	306	575	178.66	5.02	219.43	111.56	199.04	58.29	288.24	109.75	456.79	328.81	208.33	748.98					467.96	467.96	2.73	4.57	1	3				
07/12/2018	3.3.2	Gaze Project	O4	3	M	Bilingual	G130	06/09/2018	89100	1280 x 720		Raw Data	attention.avi	190	0	900	720									48216	10:16:37.237	1536226371010431															0	3942		Fixation	8	363	395	15.30	9.51	94.79																				5784	548	696	553	395	550	545	360	545	220.00	9.75	221.99	130.93	220.99	70.34	287.85	109.68	456.63	328.35	208.29	749.94					467.76	467.76	2.67	4.95	0	0				
07/12/2018	3.3.2	Gaze Project	O4	3	M	Bilingual	G130	06/09/2018	89100	1280 x 720		Raw Data	attention.avi	190	0	900	720									48225	10:16:37.245	1536226371018777															0			Unclassified	8																									5785	658	681			658	681	468	681	264.16	15.62					287.55	111.30	455.98		-34.01						467.61		2.75		0	4				
07/12/2018	3.3.2	Gaze Project	O4	3	M	Bilingual	G130	06/09/2018	89100	1280 x 720		Raw Data	attention.avi	190	0	900	720									48233	10:16:37.254	1536226371027146															0			Unclassified	8																									5786	589	670			589	670	399	670	236.58	20.07					287.91	109.54	456.27		-34.01						467.37		2.61		0	4				
07/12/2018	3.3.2	Gaze Project	O4	3	M	Bilingual	G130	06/09/2018	89100	1280 x 720		Raw Data	attention.avi	190	0	900	720									48241	10:16:37.262	1536226371035427															0			Unclassified	8																									5787	793	412			793	412	603	412	318.39	124.14					329.87	208.62	750.72		-34.01						780.42		4.39		0	4				
07/12/2018	3.3.2	Gaze Project	O4	3	M	Bilingual	G130	06/09/2018	89100	1280 x 720		Raw Data	attention.avi	190	0	900	720									48250	10:16:37.270	1536226371043765															0			Unclassified	8																									5788	718	701			718	701	528	701	288.15	7.74					287.57	109.39	455.91		-34.01						466.97		2.70		0	4				
07/12/2018	3.3.2	Gaze Project	O4	3	M	Bilingual	G130	06/09/2018	89100	1280 x 720		Raw Data	attention.avi	190	0	900	720									48258	10:16:37.279	1536226371052100															0	3943		Fixation	8	315	469	2.61	237.11	227.60																				5789	543	416	505	469	524	442	334	442	217.98	122.31	202.90	101.07	210.44	111.69	284.95	205.18	758.20	329.64	209.15	753.46					783.56	783.56	5.05	4.85	0	0				
07/12/2018	3.3.2	Gaze Project	O4	3	M	Bilingual	G130	06/09/2018	89100	1280 x 720		Raw Data	attention.avi	190	0	900	720									48266	10:16:37.287	1536226371060465															0	3944		Fixation	8	376	376	3.29	56.82	179.71																				5790	547	440	566	376	556	408	366	408	219.58	112.81	227.00	138.39	223.29	125.60	285.17	204.31	755.48	329.79	208.44	751.47					780.71	780.71	5.12	5.16	0	0				
07/12/2018	3.3.2	Gaze Project	O4	3	M	Bilingual	G130	06/09/2018	89100	1280 x 720		Raw Data	attention.avi	190	0	900	720									48275	10:16:37.295	1536226371068814															0			Unclassified	8																									5791																			-34.01										4	4				
07/12/2018	3.3.2	Gaze Project	O4	3	M	Bilingual	G130	06/09/2018	89100	1280 x 720		Raw Data	attention.avi	190	0	900	720									48283	10:16:37.304	1536226371077078															0			Unclassified	8																									5792	796	713	621	374	708	543	518	543	319.32	3.02	249.41	139.44	284.37	71.23	287.87	110.85	455.32	332.08	213.54	766.84					466.88	466.88	2.90	4.93	1	3				
07/12/2018	3.3.2	Gaze Project	O4	3	M	Bilingual	G130	06/09/2018	89100	1280 x 720		Raw Data	attention.avi	190	0	900	720									48291	10:16:37.312	1536226371085429															0	3945		Fixation	8	426	325	2.05	45.66	348.84																				5793			616	325	616	325	426	325			247.18	158.94						333.90	231.18	820.87						0.00		5.13	4	0				
07/12/2018	3.3.2	Gaze Project	O4	3	M	Bilingual	G130	06/09/2018	89100	1280 x 720		Raw Data	attention.avi	190	0	900	720									48300	10:16:37.320	1536226371093770															0			Unclassified	8																									5794	583	421			583	421	393	421	234.08	120.40					285.64	211.04	776.37		-34.01						802.66		4.90		0	4				
07/12/2018	3.3.2	Gaze Project	O4	3	M	Bilingual	G130	06/09/2018	89100	1280 x 720		Raw Data	attention.avi	190	0	900	720									48308	10:16:37.329	1536226371102132															0	3946		Fixation	8	381	311	1.33	162.67	117.01																				5795			571	311	571	311	381	311			229.25	164.58						332.42	219.38	785.30						0.00		4.94	4	0				
07/12/2018	3.3.2	Gaze Project	O4	3	M	Bilingual	G130	06/09/2018	89100	1280 x 720		Raw Data	attention.avi	190	0	900	720									48316	10:16:37.337	1536226371110487															0			Unclassified	8																									5796	508	390			508	390	318	390	203.82	132.96					285.74	218.11	798.26		-34.01						825.65		5.09		0	4				
07/12/2018	3.3.2	Gaze Project	O4	3	M	Bilingual	G130	06/09/2018	89100	1280 x 720		Raw Data	attention.avi	190	0	900	720									48325	10:16:37.345	1536226371118743															0	3947		Fixation	8	379	296	0.44	97.57	294.90																				5797	549	377	569	296	559	336	369	336	220.24	137.95	228.39	170.80	224.31	154.38	285.88	214.93	788.38	332.75	220.07	787.43					815.28	815.28	5.02	5.01	0	0				
07/12/2018	3.3.2	Gaze Project	O4	3	M	Bilingual	G130	06/09/2018	89100	1280 x 720		Raw Data	attention.avi	190	0	900	720									48333	10:16:37.354	1536226371127084															0	3948		Fixation	8	408	345	1.67	300.54	202.97																				5798			598	345	598	345	408	345			239.92	151.06						331.87	213.83	768.52						0.00		4.93	4	0				
07/12/2018	3.3.2	Gaze Project	O4	3	M	Bilingual	G130	06/09/2018	89100	1280 x 720		Raw Data	attention.avi	190	0	900	720									48341	10:16:37.362	1536226371135441															0			Unclassified	8																									5799																			-34.01										4	4				
07/12/2018	3.3.2	Gaze Project	O4	3	M	Bilingual	G130	06/09/2018	89100	1280 x 720		Raw Data	attention.avi	190	0	900	720									48350	10:16:37.370	1536226371143800															0	3949		Fixation	8	365	332	1.31	163.13	222.59																				5800	551	421	555	332	553	376	363	376	220.99	120.45	222.95	156.44	221.97	138.45	286.03	216.80	794.12	332.85	219.33	785.18					821.33	821.33	5.05	5.00	0	0				
07/12/2018	3.3.2	Gaze Project	O4	3	M	Bilingual	G130	06/09/2018	89100	1280 x 720		Raw Data	attention.avi	190	0	900	720									48358	10:16:37.379	1536226371152077															0			Unclassified	8																									5801	562	442			562	442	372	442	225.62	111.98					286.09	215.72	790.73		-34.01						817.77		5.07		0	4				
07/12/2018	3.3.2	Gaze Project	O4	3	M	Bilingual	G130	06/09/2018	89100	1280 x 720		Raw Data	attention.avi	190	0	900	720									48366	10:16:37.387	1536226371160406															0			Unclassified	8																									5802	542	261			542	261	352	261	217.37	184.72					286.38	205.24	758.26		-34.01						783.69		4.15		0	4				
07/12/2018	3.3.2	Gaze Project	O4	3	M	Bilingual	G130	06/09/2018	89100	1280 x 720		Raw Data	attention.avi	190	0	900	720									48375	10:16:37.395	1536226371168756															0			Unclassified	8																									5803	536	476			536	476	346	476	215.18	98.08					286.40	205.39	758.71		-34.01						784.16		4.68		0	4				
07/12/2018	3.3.2	Gaze Project	O4	3	M	Bilingual	G130	06/09/2018	89100	1280 x 720		Raw Data	attention.avi	190	0	900	720									48383	10:16:37.404	1536226371177109															0			Unclassified	8																									5804																			-34.01										4	4				
07/12/2018	3.3.2	Gaze Project	O4	3	M	Bilingual	G130	06/09/2018	89100	1280 x 720		Raw Data	attention.avi	190	0	900	720									48391	10:16:37.412	1536226371185468															0			Unclassified	8																									5805	655	721	511	473	583	597	393	597	263.11	-0.38	204.94	99.45	234.02	49.53	288.83	109.04	455.03	337.05	219.61	785.07					466.11	466.11	2.75	4.88	1	3				
07/12/2018	3.3.2	Gaze Project	O4	3	M	Bilingual	G130	06/09/2018	89100	1280 x 720		Raw Data	attention.avi	190	0	900	720									48400	10:16:37.420	1536226371193728															0			Unclassified	8																									5806	706	682	560	162	633	422	443	422	283.56	15.22	224.85	224.80	254.20	120.01	288.60	108.95	454.78	337.13	219.60	785.07					465.83	465.83	2.60	4.27	1	3				
07/12/2018	3.3.2	Gaze Project	O4	3	M	Bilingual	G130	06/09/2018	89100	1280 x 720		Raw Data	attention.avi	190	0	900	720									48408	10:16:37.429	1536226371202066															0			Unclassified	8																									5807																			-34.01										4	4				
07/12/2018	3.3.2	Gaze Project	O4	3	M	Bilingual	G130	06/09/2018	89100	1280 x 720		Raw Data	attention.avi	190	0	900	720									48416	10:16:37.437	1536226371210416															0			Unclassified	8																									5808	432	658			432	658	242	658	173.49	25.15					289.85	107.52	455.37		-34.01						466.03		2.47		0	4				
07/12/2018	3.3.2	Gaze Project	O4	3	M	Bilingual	G130	06/09/2018	89100	1280 x 720		Raw Data	attention.avi	190	0	900	720									48425	10:16:37.445	1536226371218782															0			Unclassified	8																									5809	572	129			572	129	382	129	229.50	238.04					286.52	204.39	755.44		-34.01						780.75		3.45		0	4				
07/12/2018	3.3.2	Gaze Project	O4	3	M	Bilingual	G130	06/09/2018	89100	1280 x 720		Raw Data	attention.avi	190	0	900	720									48433	10:16:37.454	1536226371227139															0			Unclassified	8																									5810	832	706	506	403	669	554	479	554	333.88	5.49	202.99	127.75	268.44	66.62	288.08	110.54	454.62	332.06	208.21	750.63					466.13	466.13	2.72	4.51	1	3				
07/12/2018	3.3.2	Gaze Project	O4	3	M	Bilingual	G130	06/09/2018	89100	1280 x 720		Raw Data	attention.avi	190	0	900	720									48441	10:16:37.462	1536226371235394															0			Unclassified	8																									5811																			-34.01										4	4				
07/12/2018	3.3.2	Gaze Project	O4	3	M	Bilingual	G130	06/09/2018	89100	1280 x 720		Raw Data	attention.avi	190	0	900	720									48450	10:16:37.470	1536226371243734															0			Unclassified	8																									5812	586	716	510	535	548	625	358	625	235.39	1.47	204.84	74.60	220.12	38.03	289.20	109.09	455.27	331.15	206.04	744.22					466.37	466.37	2.74	4.72	1	3				
07/12/2018	3.3.2	Gaze Project	O4	3	M	Bilingual	G130	06/09/2018	89100	1280 x 720		Raw Data	attention.avi	190	0	900	720									48458	10:16:37.479	1536226371252096															0			Unclassified	8																									5813	545	441			545	441	355	441	218.58	112.23					286.45	210.36	773.92		-34.01						800.15		4.96		0	4				
07/12/2018	3.3.2	Gaze Project	O4	3	M	Bilingual	G130	06/09/2018	89100	1280 x 720		Raw Data	attention.avi	190	0	900	720									48466	10:16:37.487	1536226371260450															0			Unclassified	8																									5814																			-34.01										4	4				
07/12/2018	3.3.2	Gaze Project	O4	3	M	Bilingual	G130	06/09/2018	89100	1280 x 720		Raw Data	attention.avi	190	0	900	720									48475	10:16:37.495	1536226371268718															0			Unclassified	8																									5815	534	403			534	403	344	403	214.53	127.53					286.50	209.92	772.59		-34.01						798.75		4.79		0	4				
07/12/2018	3.3.2	Gaze Project	O4	3	M	Bilingual	G130	06/09/2018	89100	1280 x 720		Raw Data	attention.avi	190	0	900	720									48483	10:16:37.504	1536226371277067															0	3950		Fixation	8	362	431	2.87	268.27	105.14																				5816	482	361	552	431	517	396	327	396	193.59	144.65	221.47	116.19	207.53	130.42	286.38	218.08	797.84	332.49	215.08	772.66					825.27	825.27	5.14	5.12	0	0				
07/12/2018	3.3.2	Gaze Project	O4	3	M	Bilingual	G130	06/09/2018	89100	1280 x 720		Raw Data	attention.avi	190	0	900	720									48491	10:16:37.512	1536226371285396															0	3951		Fixation	8	351	377	1.59	101.48	193.21																				5817			541	377	541	377	351	377			217.00	138.21						333.60	221.77	793.02						0.00		5.32	4	0				
07/12/2018	3.3.2	Gaze Project	O4	3	M	Bilingual	G130	06/09/2018	89100	1280 x 720		Raw Data	attention.avi	190	0	900	720									48500	10:16:37.520	1536226371293762															0	3952		Fixation	8	390	305	2.28	61.63	320.16																				5818			580	305	580	305	390	305			232.82	167.16						335.13	231.59	822.87						0.00		5.13	4	0				
07/12/2018	3.3.2	Gaze Project	O4	3	M	Bilingual	G130	06/09/2018	89100	1280 x 720		Raw Data	attention.avi	190	0	900	720									48508	10:16:37.529	1536226371302116															0			Unclassified	8																									5819	542	371			542	371	352	371	217.74	140.51					286.45	216.88	794.19		-34.01						821.43		5.16		0	4				
07/12/2018	3.3.2	Gaze Project	O4	3	M	Bilingual	G130	06/09/2018	89100	1280 x 720		Raw Data	attention.avi	190	0	900	720									48516	10:16:37.537	1536226371310390															0	3953		Fixation	8	332	316	1.65	190.77	129.14																				5820			522	316	522	316	332	316			209.36	162.65						333.42	220.28	788.60						0.00		5.10	4	0				
07/12/2018	3.3.2	Gaze Project	O4	3	M	Bilingual	G130	06/09/2018	89100	1280 x 720		Raw Data	attention.avi	190	0	900	720									48525	10:16:37.545	1536226371318727															0	3954		Fixation	8	359	335	0.95	324.78	134.01																				5821			549	335	549	335	359	335			220.50	155.10						333.48	220.66	789.78						0.00		5.05	4	0				
07/12/2018	3.3.2	Gaze Project	O4	3	M	Bilingual	G130	06/09/2018	89100	1280 x 720		Raw Data	attention.avi	190	0	900	720									48533	10:16:37.554	1536226371327073															0			Unclassified	8																									5822																			-34.01										4	4				
07/12/2018	3.3.2	Gaze Project	O4	3	M	Bilingual	G130	06/09/2018	89100	1280 x 720		Raw Data	attention.avi	190	0	900	720									48541	10:16:37.562	1536226371335433															0	3955		Fixation	8	332	446	3.25	256.37	291.59																				5823	596	423	522	446	559	434	369	434	239.07	119.70	209.47	110.20	224.27	114.95	286.49	215.88	791.14	333.28	219.36	785.86					818.23	818.23	5.16	5.22	0	0				
07/12/2018	3.3.2	Gaze Project	O4	3	M	Bilingual	G130	06/09/2018	89100	1280 x 720		Raw Data	attention.avi	190	0	900	720									48550	10:16:37.570	1536226371343787															0			Unclassified	8																									5824	582	406			582	406	392	406	233.54	126.32					286.49	215.13	788.85		-34.01						815.82		5.03		0	4				
07/12/2018	3.3.2	Gaze Project	O4	3	M	Bilingual	G130	06/09/2018	89100	1280 x 720		Raw Data	attention.avi	190	0	900	720									48558	10:16:37.579	1536226371352048															0			Unclassified	8																									5825	558	380			558	380	368	380	223.99	136.87					286.44	216.85	794.21		-34.01						821.44		5.16		0	4				
07/12/2018	3.3.2	Gaze Project	O4	3	M	Bilingual	G130	06/09/2018	89100	1280 x 720		Raw Data	attention.avi	190	0	900	720									48566	10:16:37.587	1536226371360380															0	3956		Fixation	8	351	369	2.28	76.18	179.81																				5826			541	369	541	369	351	369			217.30	141.26						332.55	215.23	773.33						0.00		4.87	4	0				
07/12/2018	3.3.2	Gaze Project	O4	3	M	Bilingual	G130	06/09/2018	89100	1280 x 720		Raw Data	attention.avi	190	0	900	720									48575	10:16:37.595	1536226371368734															0	3957		Fixation	8	385	389	1.16	329.45	253.27																				5827	563	404	575	389	569	396	379	396	225.90	127.36	230.78	133.38	228.34	130.37	286.51	210.56	774.77	332.45	214.78	771.98					801.03	801.03	4.96	5.01	0	0				
07/12/2018	3.3.2	Gaze Project	O4	3	M	Bilingual	G130	06/09/2018	89100	1280 x 720		Raw Data	attention.avi	190	0	900	720									48583	10:16:37.604	1536226371377101															0	3958		Fixation	8	373	421	1.00	249.50	280.05																				5828			563	421	563	421	373	421			225.82	120.25						332.25	213.65	768.57						0.00		5.09	4	0				
07/12/2018	3.3.2	Gaze Project	O4	3	M	Bilingual	G130	06/09/2018	89100	1280 x 720		Raw Data	attention.avi	190	0	900	720									48591	10:16:37.612	1536226371385381															0	3959		Fixation	8	392	449	0.99	304.07	54.57																				5829			582	449	582	449	392	449			233.73	108.99						333.14	219.64	786.75						0.00		5.16	4	0				
07/12/2018	3.3.2	Gaze Project	O4	3	M	Bilingual	G130	06/09/2018	89100	1280 x 720		Raw Data	attention.avi	190	0	900	720									48600	10:16:37.620	1536226371393717															0	3960		Fixation	8	386	331	3.40	92.90	148.83																				5830	554	368	576	331	565	349	375	349	222.23	141.87	231.22	156.62	226.72	149.24	286.30	215.68	790.81	333.18	219.98	787.83					817.84	817.84	5.07	4.96	0	0				
07/12/2018	3.3.2	Gaze Project	O4	3	M	Bilingual	G130	06/09/2018	89100	1280 x 720		Raw Data	attention.avi	190	0	900	720									48608	10:16:37.629	1536226371402049															0			Unclassified	8																									5831																			-34.01										4	4				
07/12/2018	3.3.2	Gaze Project	O4	3	M	Bilingual	G130	06/09/2018	89100	1280 x 720		Raw Data	attention.avi	190	0	900	720									48616	10:16:37.637	1536226371410415															0	3961		Fixation	8	346	434	3.19	248.84	155.94																				5832	521	224	536	434	528	329	338	329	209.26	199.70	215.00	114.99	212.13	157.35	286.27	215.72	791.09	332.06	213.27	767.55					818.12	818.12	4.13	5.08	0	0				
07/12/2018	3.3.2	Gaze Project	O4	3	M	Bilingual	G130	06/09/2018	89100	1280 x 720		Raw Data	attention.avi	190	0	900	720									48625	10:16:37.645	1536226371418770															0			Unclassified	8																									5833	511	342			511	342	321	342	205.06	152.28					286.28	214.60	787.70		-34.01						814.56		4.29		0	4				
07/12/2018	3.3.2	Gaze Project	O4	3	M	Bilingual	G130	06/09/2018	89100	1280 x 720		Raw Data	attention.avi	190	0	900	720									48633	10:16:37.654	1536226371427039															0			Unclassified	8																									5834	82	79	201	217	141	148			33.02	258.28	80.76	202.50	56.89	230.39	288.55	206.34	761.37	310.67	211.22	768.91					787.07	787.07	3.45	4.22	1	3				
07/12/2018	3.3.2	Gaze Project	O4	3	M	Bilingual	G130	06/09/2018	89100	1280 x 720		Raw Data	attention.avi	190	0	900	720									48641	10:16:37.662	1536226371435375															0	3962		Fixation	8	347	354	2.38	89.29	200.45																				5835	521	324	537	354	529	339	339	339	209.06	159.65	215.45	147.37	212.26	153.51	286.53	202.49	750.06	331.92	207.90	750.66					775.05	775.05	4.20	4.35	0	0				
07/12/2018	3.3.2	Gaze Project	O4	3	M	Bilingual	G130	06/09/2018	89100	1280 x 720		Raw Data	attention.avi	190	0	900	720									48650	10:16:37.670	1536226371443725															0	3963		Fixation	8	383	374	1.24	330.87	241.58																				5836	526	-49	573	374	549	162	359	162	211.04	309.83	229.95	139.44	220.49	224.64	292.74	226.03	822.67	331.49	206.92	747.79					851.57	851.57	3.64	4.43	0	0				
07/12/2018	3.3.2	Gaze Project	O4	3	M	Bilingual	G130	06/09/2018	89100	1280 x 720		Raw Data	attention.avi	190	0	900	720									48658	10:16:37.679	1536226371452084															0	3964		Fixation	8	337	524	4.68	253.00	282.14																				5837	471	42	527	524	499	283	309	283	189.24	273.18	211.72	78.98	200.48	176.08	292.48	225.02	819.62	331.56	207.02	748.20					848.35	848.35	4.05	4.67	0	0				
07/12/2018	3.3.2	Gaze Project	O4	3	M	Bilingual	G130	06/09/2018	89100	1280 x 720		Raw Data	attention.avi	190	0	900	720									48666	10:16:37.687	1536226371460353															0	3965		Fixation	8	349	490	1.06	70.62	177.62																				5838	547	31	539	490	543	260	353	260	219.60	277.53	216.38	92.74	217.99	185.14	292.21	223.94	816.36	332.04	208.08	751.47					844.91	844.91	3.87	4.66	0	0				
07/12/2018	3.3.2	Gaze Project	O4	3	M	Bilingual	G130	06/09/2018	89100	1280 x 720		Raw Data	attention.avi	190	0	900	720									48675	10:16:37.695	1536226371468703															0	3966		Fixation	8	335	412	2.36	100.14	29.53																				5839	547	283	525	412	536	347	346	347	219.53	175.91	210.86	124.06	215.19	149.98	286.57	202.50	750.45	332.65	209.38	755.51					775.43	775.43	3.95	4.55	0	0				
07/12/2018	3.3.2	Gaze Project	O4	3	M	Bilingual	G130	06/09/2018	89100	1280 x 720		Raw Data	attention.avi	190	0	900	720									48683	10:16:37.704	1536226371477034															0			Unclassified	8																									5840	507	275			507	275	317	275	203.50	179.28					286.53	205.20	759.13		-34.01						784.51		4.09		0	4				
07/12/2018	3.3.2	Gaze Project	O4	3	M	Bilingual	G130	06/09/2018	89100	1280 x 720		Raw Data	attention.avi	190	0	900	720									48691	10:16:37.712	1536226371485473															0	3967		Fixation	8	337	504	2.73	271.24	171.10																				5841	542	471	527	504	534	487	344	487	217.59	100.22	211.54	87.14	214.57	93.68	286.64	202.37	750.50	332.48	208.79	754.00					775.44	775.44	4.73	4.64	0	0				
07/12/2018	3.3.2	Gaze Project	O4	3	M	Bilingual	G130	06/09/2018	89100	1280 x 720		Raw Data	attention.avi	190	0	900	720									48700	10:16:37.720	1536226371493753															0	3968		Fixation	8	337	503	0.03	90.00	178.76																				5842			527	503	527	503	337	503			211.67	87.54						332.31	208.33	752.66						0.00		4.70	4	0				
07/12/2018	3.3.2	Gaze Project	O4	3	M	Bilingual	G130	06/09/2018	89100	1280 x 720		Raw Data	attention.avi	190	0	900	720									48708	10:16:37.729	1536226371501998															0			Unclassified	8																									5843	501	230			501	230	311	230	201.15	197.27					286.68	202.34	750.52		-34.01						775.44		3.98		0	4				
07/12/2018	3.3.2	Gaze Project	O4	3	M	Bilingual	G130	06/09/2018	89100	1280 x 720		Raw Data	attention.avi	190	0	900	720									48716	10:16:37.737	1536226371510362															0	3969		Fixation	8	442	185	10.06	71.78	341.78																				5844			632	185	632	185	442	185			253.86	215.49						331.46	207.91	752.42						0.00		3.75	4	0				
07/12/2018	3.3.2	Gaze Project	O4	3	M	Bilingual	G130	06/09/2018	89100	1280 x 720		Raw Data	attention.avi	190	0	900	720									48725	10:16:37.745	1536226371518709															0	3970		Fixation	8	380	215	2.09	205.89	134.11																				5845	523	41	570	215	546	128	356	128	210.13	273.26	228.83	203.38	219.48	238.32	291.42	220.00	804.65	331.02	204.81	742.75					832.53	832.53	3.83	3.68	0	0				
07/12/2018	3.3.2	Gaze Project	O4	3	M	Bilingual	G130	06/09/2018	89100	1280 x 720		Raw Data	attention.avi	190	0	900	720									48733	10:16:37.754	1536226371527053															0	3971		Fixation	8	376	435	6.54	268.96	63.07																				5846	597	429	566	435	581	432	391	432	239.79	117.33	227.21	114.74	233.50	116.04	286.54	213.69	785.86	333.35	219.14	786.81					812.54	812.54	4.91	5.03	0	0				
07/12/2018	3.3.2	Gaze Project	O4	3	M	Bilingual	G130	06/09/2018	89100	1280 x 720		Raw Data	attention.avi	190	0	900	720									48741	10:16:37.762	1536226371535422															0	3972		Fixation	8	385	227	6.07	87.53	178.57																				5847			575	227	575	227	385	227			230.74	198.55						332.62	214.11	771.62						0.00		4.44	4	0				
07/12/2018	3.3.2	Gaze Project	O4	3	M	Bilingual	G130	06/09/2018	89100	1280 x 720		Raw Data	attention.avi	190	0	900	720									48750	10:16:37.770	1536226371543676															0	3973		Fixation	8	332	430	6.04	255.41	167.88																				5848	371	353	522	430	446	391	256	391	148.86	147.76	209.45	116.88	179.15	132.32	287.01	199.06	740.22	334.11	222.94	798.61					764.66	764.66	4.07	5.21	0	0				
07/12/2018	3.3.2	Gaze Project	O4	3	M	Bilingual	G130	06/09/2018	89100	1280 x 720		Raw Data	attention.avi	190	0	900	720									48758	10:16:37.779	1536226371552018															0			Unclassified	8																									5849	565	372			565	372	375	372	226.59	140.15					286.64	217.40	797.58		-34.01						824.82		5.04		0	4				
07/12/2018	3.3.2	Gaze Project	O4	3	M	Bilingual	G130	06/09/2018	89100	1280 x 720		Raw Data	attention.avi	190	0	900	720									48766	10:16:37.787	1536226371560377															0	3974		Fixation	8	376	455	1.43	330.32	74.90																				5850			566	455	566	455	376	455			227.05	106.87						333.86	220.83	792.39						0.00		5.12	4	0				
07/12/2018	3.3.2	Gaze Project	O4	3	M	Bilingual	G130	06/09/2018	89100	1280 x 720		Raw Data	attention.avi	190	0	900	720									48775	10:16:37.795	1536226371568737															0			Unclassified	8																									5851																			-34.01										4	4				
07/12/2018	3.3.2	Gaze Project	O4	3	M	Bilingual	G130	06/09/2018	89100	1280 x 720		Raw Data	attention.avi	190	0	900	720									48783	10:16:37.804	1536226371577013															0	3975		Fixation	8	367	335	3.43	94.28	123.96																				5852	384	494	557	335	470	414	280	414	154.27	91.09	223.58	155.12	188.92	123.10	287.21	199.22	740.91	334.04	220.88	792.77					765.38	765.38	4.64	5.00	0	0				
07/12/2018	3.3.2	Gaze Project	O4	3	M	Bilingual	G130	06/09/2018	89100	1280 x 720		Raw Data	attention.avi	190	0	900	720									48791	10:16:37.812	1536226371585356															0	3976		Fixation	8	327	443	3.26	249.74	155.46																				5853			517	443	517	443	327	443			207.68	111.72						333.84	219.36	788.25						0.00		5.14	4	0				
07/12/2018	3.3.2	Gaze Project	O4	3	M	Bilingual	G130	06/09/2018	89100	1280 x 720		Raw Data	attention.avi	190	0	900	720									48800	10:16:37.820	1536226371593685															0	3977		Fixation	8	368	392	1.84	51.29	161.56																				5854			558	392	558	392	368	392			223.87	132.01						334.16	221.17	793.84						0.00		5.07	4	0				
07/12/2018	3.3.2	Gaze Project	O4	3	M	Bilingual	G130	06/09/2018	89100	1280 x 720		Raw Data	attention.avi	190	0	900	720									48808	10:16:37.829	1536226371602047															0	3978		Fixation	8	352	350	1.28	110.79	59.50																				5855	584	437	542	350	563	393	373	393	234.37	113.83	217.74	149.02	226.06	131.42	287.08	211.12	778.38	334.49	222.51	797.97					804.65	804.65	4.89	5.09	0	0				
07/12/2018	3.3.2	Gaze Project	O4	3	M	Bilingual	G130	06/09/2018	89100	1280 x 720		Raw Data	attention.avi	190	0	900	720									48816	10:16:37.837	1536226371610406															0			Unclassified	8																									5856																			-34.01										4	4				
07/12/2018	3.3.2	Gaze Project	O4	3	M	Bilingual	G130	06/09/2018	89100	1280 x 720		Raw Data	attention.avi	190	0	900	720									48825	10:16:37.845	1536226371618674															0	3979		Fixation	8	349	380	0.86	264.31	153.51																				5857			539	380	539	380	349	380			216.17	136.95						334.25	220.57	792.21						0.00		4.95	4	0				
07/12/2018	3.3.2	Gaze Project	O4	3	M	Bilingual	G130	06/09/2018	89100	1280 x 720		Raw Data	attention.avi	190	0	900	720									48833	10:16:37.854	1536226371627021															0	3980		Fixation	8	362	476	2.76	277.69	13.38																				5858	535	410	552	476	543	443	353	443	214.93	124.73	221.70	98.08	218.32	111.40	287.08	217.50	798.29	334.04	219.17	787.97					825.55	825.55	5.10	5.13	0	0				
07/12/2018	3.3.2	Gaze Project	O4	3	M	Bilingual	G130	06/09/2018	89100	1280 x 720		Raw Data	attention.avi	190	0	900	720									48841	10:16:37.862	1536226371635361															0	3981		Fixation	8	347	359	3.36	97.28	179.60																				5859	587	452	537	359	562	405	372	405	235.73	107.92	215.57	145.34	225.65	126.63	287.11	217.14	797.16	334.46	221.58	795.35					824.36	824.36	4.88	5.04	0	0				
07/12/2018	3.3.2	Gaze Project	O4	3	M	Bilingual	G130	06/09/2018	89100	1280 x 720		Raw Data	attention.avi	190	0	900	720									48850	10:16:37.870	1536226371643718															0	3982		Fixation	8	325	460	2.96	257.75	160.47																				5860			515	460	515	460	325	460			206.82	104.89						333.23	213.57	770.99						0.00		4.96	4	0				
07/12/2018	3.3.2	Gaze Project	O4	3	M	Bilingual	G130	06/09/2018	89100	1280 x 720		Raw Data	attention.avi	190	0	900	720									48858	10:16:37.879	1536226371652062															0	3983		Fixation	8	354	486	1.14	318.03	60.28																				5861			544	486	544	486	354	486			218.38	94.22						333.23	213.33	770.30						0.00		4.94	4	0				
07/12/2018	3.3.2	Gaze Project	O4	3	M	Bilingual	G130	06/09/2018	89100	1280 x 720		Raw Data	attention.avi	190	0	900	720									48866	10:16:37.887	1536226371660338															0			Unclassified	8																									5862	535	402			535	402	345	402	214.69	128.17					287.23	218.84	802.37		-34.01						829.84		4.97		0	4				
07/12/2018	3.3.2	Gaze Project	O4	3	M	Bilingual	G130	06/09/2018	89100	1280 x 720		Raw Data	attention.avi	190	0	900	720									48875	10:16:37.895	1536226371668666															0	3984		Fixation	8	310	373	3.51	111.21	153.18																				5863	561	428	500	373	530	400	340	400	225.16	117.70	200.76	139.56	212.96	128.63	287.28	217.22	797.34	334.29	219.40	788.85					824.56	824.56	4.86	4.89	0	0				
07/12/2018	3.3.2	Gaze Project	O4	3	M	Bilingual	G130	06/09/2018	89100	1280 x 720		Raw Data	attention.avi	190	0	900	720									48883	10:16:37.904	1536226371677030															0	3985		Fixation	8	377	455	3.03	309.16	197.95																				5864			567	455	567	455	377	455			227.42	106.67						334.33	219.50	789.18						0.00		5.04	4	0				
07/12/2018	3.3.2	Gaze Project	O4	3	M	Bilingual	G130	06/09/2018	89100	1280 x 720		Raw Data	attention.avi	190	0	900	720									48891	10:16:37.912	1536226371685403															0	3986		Fixation	8	344	430	1.20	142.76	193.60																				5865	537	456	534	430	535	443	345	443	215.52	106.37	214.45	116.95	214.98	111.66	287.31	217.58	798.39	333.51	214.08	772.74					825.67	825.67	4.83	4.78	0	0				
07/12/2018	3.3.2	Gaze Project	O4	3	M	Bilingual	G130	06/09/2018	89100	1280 x 720		Raw Data	attention.avi	190	0	900	720									48900	10:16:37.920	1536226371693669															0	3987		Fixation	8	381	444	1.15	339.21	196.45																				5866			571	444	571	444	381	444			229.32	111.29						333.44	213.45	770.83						0.00		4.98	4	0				
07/12/2018	3.3.2	Gaze Project	O4	3	M	Bilingual	G130	06/09/2018	89100	1280 x 720		Raw Data	attention.avi	190	0	900	720									48908	10:16:37.929	1536226371702004															0			Unclassified	8																									5867	573	440			573	440	383	440	229.90	112.67					287.51	211.20	778.58		-34.01						804.89		4.74		0	4				
07/12/2018	3.3.2	Gaze Project	O4	3	M	Bilingual	G130	06/09/2018	89100	1280 x 720		Raw Data	attention.avi	190	0	900	720									48916	10:16:37.937	1536226371710345															0	3988		Fixation	8	329	463	1.57	200.13	220.92																				5868			519	463	519	463	329	463			208.49	103.32						334.70	220.64	792.84						0.00		5.12	4	0				
07/12/2018	3.3.2	Gaze Project	O4	3	M	Bilingual	G130	06/09/2018	89100	1280 x 720		Raw Data	attention.avi	190	0	900	720									48925	10:16:37.945	1536226371718700															0	3989		Fixation	8	374	367	2.99	64.96	224.82																				5869			564	367	564	367	374	367			226.42	142.35						334.54	219.53	789.50						0.00		4.79	4	0				
07/12/2018	3.3.2	Gaze Project	O4	3	M	Bilingual	G130	06/09/2018	89100	1280 x 720		Raw Data	attention.avi	190	0	900	720									48933	10:16:37.954	1536226371727056															0	3990		Fixation	8	370	383	0.47	256.01	191.05																				5870	561	387	560	383	560	385	370	385	225.24	133.95	224.93	135.72	225.09	134.84	287.49	218.06	799.83	334.41	218.64	786.80					827.20	827.20	4.87	4.72	0	0				
07/12/2018	3.3.2	Gaze Project	O4	3	M	Bilingual	G130	06/09/2018	89100	1280 x 720		Raw Data	attention.avi	190	0	900	720									48941	10:16:37.962	1536226371735321															0			Unclassified	8																									5871																			-34.01										4	4				
07/12/2018	3.3.2	Gaze Project	O4	3	M	Bilingual	G130	06/09/2018	89100	1280 x 720		Raw Data	attention.avi	190	0	900	720									48950	10:16:37.970	1536226371743655															0	3991		Fixation	8	439	453	2.91	314.50	58.49																				5872	752	332	629	453	690	392	500	392	301.99	156.18	252.56	107.67	277.28	131.92	313.35	218.52	793.40	332.11	204.93	744.70					822.59	822.59	4.63	4.62	3	1				
07/12/2018	3.3.2	Gaze Project	O4	3	M	Bilingual	G130	06/09/2018	89100	1280 x 720		Raw Data	attention.avi	190	0	900	720									48958	10:16:37.979	1536226371752011															0	3992		Fixation	8	401	365	2.88	113.29	158.79																				5873	582	459	591	365	586	412	396	412	233.62	105.10	237.38	142.90	235.50	124.00	287.55	216.13	793.83	333.58	213.12	770.13					820.90	820.90	4.78	4.71	0	0				
07/12/2018	3.3.2	Gaze Project	O4	3	M	Bilingual	G130	06/09/2018	89100	1280 x 720		Raw Data	attention.avi	190	0	900	720									48966	10:16:37.987	1536226371760357															0			Unclassified	8																									5874	569	231			569	231	379	231	228.35	196.91					287.56	216.28	794.35		-34.01						821.44		3.88		0	4				
07/12/2018	3.3.2	Gaze Project	O4	3	M	Bilingual	G130	06/09/2018	89100	1280 x 720		Raw Data	attention.avi	190	0	900	720									48975	10:16:37.995	1536226371768726															0	3993		Fixation	8	383	477	3.31	260.90	147.61																				5875	599	452	573	477	586	464	396	464	240.45	107.80	230.13	97.90	235.29	102.85	287.53	217.97	799.62	333.60	213.09	770.16					826.97	826.97	4.38	5.05	0	0				
07/12/2018	3.3.2	Gaze Project	O4	3	M	Bilingual	G130	06/09/2018	89100	1280 x 720		Raw Data	attention.avi	190	0	900	720									48983	10:16:38.004	1536226371776989															0			Unclassified	8																									5876	490	234			490	234	300	234	196.62	195.73					287.56	217.02	796.68		-34.01						823.88		3.98		0	4				
07/12/2018	3.3.2	Gaze Project	O4	3	M	Bilingual	G130	06/09/2018	89100	1280 x 720		Raw Data	attention.avi	190	0	900	720									48991	10:16:38.012	1536226371785315															0			Unclassified	8																									5877	520	265			520	265	330	265	208.73	183.14					287.58	215.82	793.00		-34.01						820.02		4.19		0	4				
07/12/2018	3.3.2	Gaze Project	O4	3	M	Bilingual	G130	06/09/2018	89100	1280 x 720		Raw Data	attention.avi	190	0	900	720									49000	10:16:38.020	1536226371793680															0			Unclassified	8																									5878	570	468			570	468	380	468	228.81	101.47					287.58	216.62	795.49		-34.01						822.63		4.80		0	4				
07/12/2018	3.3.2	Gaze Project	O4	3	M	Bilingual	G130	06/09/2018	89100	1280 x 720		Raw Data	attention.avi	190	0	900	720									49008	10:16:38.029	1536226371802039															0			Unclassified	8																									5879	548	70	323	119	435	94	245	94	219.83	261.89	129.47	242.05	174.65	251.97	292.13	218.53	800.63	289.56	209.22	771.73					828.29	828.29	3.45	3.33	1	3				
07/12/2018	3.3.2	Gaze Project	O4	3	M	Bilingual	G130	06/09/2018	89100	1280 x 720		Raw Data	attention.avi	190	0	900	720									49016	10:16:38.037	1536226371810305															0			Unclassified	8																									5880	527	275			527	275	337	275	211.60	179.35					287.86	202.62	751.71		-34.01						776.71		3.80		0	4				
07/12/2018	3.3.2	Gaze Project	O4	3	M	Bilingual	G130	06/09/2018	89100	1280 x 720		Raw Data	attention.avi	190	0	900	720									49025	10:16:38.045	1536226371818651															0			Unclassified	8																									5881	497	387			497	387	307	387	199.69	134.00					287.87	202.57	751.57		-34.01						776.56		4.06		0	4				
07/12/2018	3.3.2	Gaze Project	O4	3	M	Bilingual	G130	06/09/2018	89100	1280 x 720		Raw Data	attention.avi	190	0	900	720									49033	10:16:38.054	1536226371826993															0	3994		Fixation	8	351	202	8.26	96.62	195.72																				5882	547	307	541	202	544	254	354	254	219.52	166.44	217.36	208.66	218.44	187.55	287.87	202.59	751.63	332.68	207.17	752.35					776.63	776.63	3.77	3.64	0	0				
07/12/2018	3.3.2	Gaze Project	O4	3	M	Bilingual	G130	06/09/2018	89100	1280 x 720		Raw Data	attention.avi	190	0	900	720									49041	10:16:38.062	1536226371835338															0			Unclassified	8																									5883	580	192			580	192	390	192	232.74	212.65					287.87	202.60	751.67		-34.01						776.67		3.42		0	4				
07/12/2018	3.3.2	Gaze Project	O4	3	M	Bilingual	G130	06/09/2018	89100	1280 x 720		Raw Data	attention.avi	190	0	900	720									49050	10:16:38.070	1536226371843708															0	3995		Fixation	8	397	247	1.89	315.54	218.92																				5884	853	319	587	247	720	283	530	283	342.46	161.37	235.59	190.64	289.02	176.00	333.07	206.64	750.03	339.12	219.96	790.61					779.47	779.47	3.90	4.14	3	1				
07/12/2018	3.3.2	Gaze Project	O4	3	M	Bilingual	G130	06/09/2018	89100	1280 x 720		Raw Data	attention.avi	190	0	900	720									49058	10:16:38.079	1536226371851970															0			Unclassified	8																									5885	566	406			566	406	376	406	227.02	126.59					287.89	202.50	751.71		-34.01						776.68		4.32		0	4				
07/12/2018	3.3.2	Gaze Project	O4	3	M	Bilingual	G130	06/09/2018	89100	1280 x 720		Raw Data	attention.avi	190	0	900	720									49066	10:16:38.087	1536226371860302															0	3996		Fixation	8	457	175	2.77	50.29	94.75																				5886	537	85	647	175	592	130	402	130	215.45	255.63	259.90	219.52	237.67	237.57	292.04	218.15	799.56	332.62	206.71	751.06					827.15	827.15	3.93	3.16	0	0				
07/12/2018	3.3.2	Gaze Project	O4	3	M	Bilingual	G130	06/09/2018	89100	1280 x 720		Raw Data	attention.avi	190	0	900	720									49075	10:16:38.095	1536226371868665															0	3997		Fixation	8	406	308	4.34	249.08	198.80																				5887	577	274	596	308	586	291	396	291	231.77	179.70	239.30	166.10	235.54	172.90	287.89	202.51	751.71	332.62	206.68	750.95					776.68	776.68	3.73	3.78	0	0				
07/12/2018	3.3.2	Gaze Project	O4	3	M	Bilingual	G130	06/09/2018	89100	1280 x 720		Raw Data	attention.avi	190	0	900	720									49083	10:16:38.104	1536226371877021															0			Unclassified	8																									5888	599	480			599	480	409	480	240.60	96.76					287.89	202.50	751.71		-34.01						776.68		4.53		0	4				
07/12/2018	3.3.2	Gaze Project	O4	3	M	Bilingual	G130	06/09/2018	89100	1280 x 720		Raw Data	attention.avi	190	0	900	720									49091	10:16:38.112	1536226371885366															0			Unclassified	8																									5889																			-34.01										4	4				
07/12/2018	3.3.2	Gaze Project	O4	3	M	Bilingual	G130	06/09/2018	89100	1280 x 720		Raw Data	attention.avi	190	0	900	720									49100	10:16:38.120	1536226371893632															0	3998		Fixation	8	355	353	2.04	221.52	332.43																				5890	605	499	545	353	575	426	385	426	242.84	88.89	218.79	147.86	230.82	118.38	287.85	204.87	759.07	332.68	206.91	751.80					784.40	784.40	4.39	4.13	0	0				
07/12/2018	3.3.2	Gaze Project	O4	3	M	Bilingual	G130	06/09/2018	89100	1280 x 720		Raw Data	attention.avi	190	0	900	720									49108	10:16:38.129	1536226371901972															0	3999		Fixation	8	323	517	4.96	258.99	37.48																				5891	555	417	513	517	534	467	344	467	222.82	122.09	206.01	81.82	214.41	101.95	287.85	205.14	759.91	332.86	207.99	755.15					785.28	785.28	4.22	4.72	0	0				
07/12/2018	3.3.2	Gaze Project	O4	3	M	Bilingual	G130	06/09/2018	89100	1280 x 720		Raw Data	attention.avi	190	0	900	720									49116	10:16:38.137	1536226371910332															0	4000		Fixation	8	410	227	9.05	73.35	174.36																				5892	700	334	600	227	650	280	460	280	281.06	155.36	240.85	198.72	260.96	177.04	310.96	206.59	757.27	333.22	206.75	750.69					784.47	784.47	3.99	3.69	3	1				
07/12/2018	3.3.2	Gaze Project	O4	3	M	Bilingual	G130	06/09/2018	89100	1280 x 720		Raw Data	attention.avi	190	0	900	720									49125	10:16:38.145	1536226371918690															0	4001		Fixation	8	365	246	1.47	202.96	129.61																				5893	520	371	555	246	537	308	347	308	208.74	140.42	222.72	191.03	215.73	165.73	287.92	202.71	752.04	333.64	207.66	753.56					777.06	777.06	3.96	3.83	0	0				
07/12/2018	3.3.2	Gaze Project	O4	3	M	Bilingual	G130	06/09/2018	89100	1280 x 720		Raw Data	attention.avi	190	0	900	720									49133	10:16:38.154	1536226371926960															0	4002		Fixation	8	398	248	1.00	356.52	153.56																				5894			588	248	588	248	398	248			236.14	190.22						332.36	204.62	744.76						0.00		3.64	4	0				
07/12/2018	3.3.2	Gaze Project	O4	3	M	Bilingual	G130	06/09/2018	89100	1280 x 720		Raw Data	attention.avi	190	0	900	720									49141	10:16:38.162	1536226371935317															0	4003		Fixation	8	417	238	0.65	27.83	31.31																				5895	513	509	607	238	560	373	370	373	205.80	84.86	243.78	193.97	224.79	139.42	287.91	204.52	758.07	332.85	207.48	753.88					783.35	783.35	4.48	3.72	0	0				
07/12/2018	3.3.2	Gaze Project	O4	3	M	Bilingual	G130	06/09/2018	89100	1280 x 720		Raw Data	attention.avi	190	0	900	720									49150	10:16:38.170	1536226371943647															0			Unclassified	8																									5896	544	415			544	415	354	415	218.39	122.76					287.93	204.24	757.24		-34.01						782.47		4.21		0	4				
07/12/2018	3.3.2	Gaze Project	O4	3	M	Bilingual	G130	06/09/2018	89100	1280 x 720		Raw Data	attention.avi	190	0	900	720									49158	10:16:38.179	1536226371951990															0			Unclassified	8																									5897	599	461			599	461	409	461	240.49	104.11					287.95	204.75	758.81		-34.01						784.12		4.95		0	4				
07/12/2018	3.3.2	Gaze Project	O4	3	M	Bilingual	G130	06/09/2018	89100	1280 x 720		Raw Data	attention.avi	190	0	900	720									49166	10:16:38.187	1536226371960359															0			Unclassified	8																									5898	567	529			567	529	377	529	227.49	76.77					287.96	205.22	760.26		-34.01						785.65		4.40		0	4				
07/12/2018	3.3.2	Gaze Project	O4	3	M	Bilingual	G130	06/09/2018	89100	1280 x 720		Raw Data	attention.avi	190	0	900	720									49175	10:16:38.195	1536226371968629															0			Unclassified	8																									5899	537	383			537	383	347	383	215.49	135.89					288.03	202.50	751.49		-34.01						776.48		4.51		0	4				
07/12/2018	3.3.2	Gaze Project	O4	3	M	Bilingual	G130	06/09/2018	89100	1280 x 720		Raw Data	attention.avi	190	0	900	720									49183	10:16:38.204	1536226371976954															0	4004		Fixation	8	347	218	2.19	164.01	136.17																				5900			537	218	537	218	347	218			215.61	202.24						332.86	206.65	751.71						0.00		3.41	4	0				
07/12/2018	3.3.2	Gaze Project	O4	3	M	Bilingual	G130	06/09/2018	89100	1280 x 720		Raw Data	attention.avi	190	0	900	720									49191	10:16:38.212	1536226371985316															0	4005		Fixation	8	320	466	7.30	263.81	99.80																				5901	448	340	510	466	479	403	289	403	179.72	153.14	204.52	102.39	192.12	127.76	287.78	222.80	814.92	335.00	219.38	790.67					843.02	843.02	4.56	5.00	0	0				
07/12/2018	3.3.2	Gaze Project	O4	3	M	Bilingual	G130	06/09/2018	89100	1280 x 720		Raw Data	attention.avi	190	0	900	720									49200	10:16:38.220	1536226371993673															0	4006		Fixation	8	343	433	1.12	55.21	151.40																				5902	580	401	533	433	556	417	366	417	232.92	128.45	213.95	115.53	223.43	121.99	287.82	221.59	811.18	335.10	219.89	792.27					839.08	839.08	4.94	4.96	0	0				
07/12/2018	3.3.2	Gaze Project	O4	3	M	Bilingual	G130	06/09/2018	89100	1280 x 720		Raw Data	attention.avi	190	0	900	720									49208	10:16:38.229	1536226372001953															0			Unclassified	8																									5903																			-34.01										4	4				
07/12/2018	3.3.2	Gaze Project	O4	3	M	Bilingual	G130	06/09/2018	89100	1280 x 720		Raw Data	attention.avi	190	0	900	720									49216	10:16:38.237	1536226372010291															0	4007		Fixation	8	398	405	1.74	27.05	331.84																				5904	503	460	588	405	545	432	355	432	202.09	104.86	235.85	127.03	218.97	115.94	287.91	218.38	801.21	334.99	218.99	789.61					828.63	828.63	4.88	4.79	0	0				
07/12/2018	3.3.2	Gaze Project	O4	3	M	Bilingual	G130	06/09/2018	89100	1280 x 720		Raw Data	attention.avi	190	0	900	720									49225	10:16:38.245	1536226372018632															0	4008		Fixation	8	349	499	3.02	242.54	215.49																				5905			539	499	539	499	349	499			216.17	89.11						334.16	213.69	773.46						0.00		4.82	4	0				
07/12/2018	3.3.2	Gaze Project	O4	3	M	Bilingual	G130	06/09/2018	89100	1280 x 720		Raw Data	attention.avi	190	0	900	720									49233	10:16:38.254	1536226372026986															0	4009		Fixation	8	382	448	1.74	57.18	174.64																				5906	572	461	572	448	572	454	382	454	229.55	104.39	229.68	109.42	229.61	106.91	287.94	217.94	799.83	334.30	214.42	775.72					827.17	827.17	5.03	4.95	0	0				
07/12/2018	3.3.2	Gaze Project	O4	3	M	Bilingual	G130	06/09/2018	89100	1280 x 720		Raw Data	attention.avi	190	0	900	720									49241	10:16:38.262	1536226372035347															0			Unclassified	8																									5907																			-34.01										4	4				
07/12/2018	3.3.2	Gaze Project	O4	3	M	Bilingual	G130	06/09/2018	89100	1280 x 720		Raw Data	attention.avi	190	0	900	720									49250	10:16:38.270	1536226372043613															0	4010		Fixation	8	387	455	0.25	305.45	248.27																				5908	622	280	577	455	599	367	409	367	249.56	177.18	231.63	106.61	240.59	141.89	287.96	218.51	801.54	334.22	213.69	773.55					828.98	828.98	4.10	4.70	0	0				
07/12/2018	3.3.2	Gaze Project	O4	3	M	Bilingual	G130	06/09/2018	89100	1280 x 720		Raw Data	attention.avi	190	0	900	720									49258	10:16:38.279	1536226372051964															0	4011		Fixation	8	342	403	1.98	130.78	185.33																				5909			532	403	532	403	342	403			213.62	127.61						335.48	221.08	796.13						0.00		4.94	4	0				
07/12/2018	3.3.2	Gaze Project	O4	3	M	Bilingual	G130	06/09/2018	89100	1280 x 720		Raw Data	attention.avi	190	0	900	720									49266	10:16:38.287	1536226372060297															0			Unclassified	8																									5910	499	421			499	421	309	421	200.24	120.21					287.97	218.16	800.46		-34.01						827.84		4.93		0	4				
07/12/2018	3.3.2	Gaze Project	O4	3	M	Bilingual	G130	06/09/2018	89100	1280 x 720		Raw Data	attention.avi	190	0	900	720									49275	10:16:38.295	1536226372068647															0			Unclassified	8																									5911																			-34.01										4	4				
07/12/2018	3.3.2	Gaze Project	O4	3	M	Bilingual	G130	06/09/2018	89100	1280 x 720		Raw Data	attention.avi	190	0	900	720									49283	10:16:38.304	1536226372077011															0			Unclassified	8																									5912	531	479			531	479	341	479	213.20	97.12					288.04	221.17	809.80		-34.01						837.65		5.00		0	4				
07/12/2018	3.3.2	Gaze Project	O4	3	M	Bilingual	G130	06/09/2018	89100	1280 x 720		Raw Data	attention.avi	190	0	900	720									49291	10:16:38.312	1536226372085270															0			Unclassified	8																									5913																			-34.01										4	4				
07/12/2018	3.3.2	Gaze Project	O4	3	M	Bilingual	G130	06/09/2018	89100	1280 x 720		Raw Data	attention.avi	190	0	900	720									49300	10:16:38.320	1536226372093612															0	4012		Fixation	8	349	510	3.02	273.73	142.95																				5914	520	196	539	510	529	353	339	353	208.54	211.01	216.47	84.39	212.50	147.70	288.09	219.95	806.00	335.54	220.95	795.92					833.67	833.67	3.70	4.99	0	0				
07/12/2018	3.3.2	Gaze Project	O4	3	M	Bilingual	G130	06/09/2018	89100	1280 x 720		Raw Data	attention.avi	190	0	900	720									49308	10:16:38.329	1536226372101972															0	4013		Fixation	8	368	512	0.53	353.97	80.24																				5915	535	249	558	512	546	380	356	380	214.70	189.85	224.10	83.73	219.40	136.79	288.13	218.65	801.97	335.70	221.82	798.63					829.44	829.44	4.20	4.99	0	0				
07/12/2018	3.3.2	Gaze Project	O4	3	M	Bilingual	G130	06/09/2018	89100	1280 x 720		Raw Data	attention.avi	190	0	900	720									49316	10:16:38.337	1536226372110324															0			Unclassified	8																									5916	544	413			544	413	354	413	218.22	123.76					288.14	218.86	802.66		-34.01						830.16		5.00		0	4				
07/12/2018	3.3.2	Gaze Project	O4	3	M	Bilingual	G130	06/09/2018	89100	1280 x 720		Raw Data	attention.avi	190	0	900	720									49325	10:16:38.345	1536226372118596															0	4014		Fixation	8	315	470	1.91	141.52	147.54																				5917	565	427	505	470	535	448	345	448	226.81	118.00	202.84	100.84	214.83	109.42	288.17	218.42	801.28	335.64	220.64	795.16					828.72	828.72	5.03	5.00	0	0				
07/12/2018	3.3.2	Gaze Project	O4	3	M	Bilingual	G130	06/09/2018	89100	1280 x 720		Raw Data	attention.avi	190	0	900	720									49333	10:16:38.354	1536226372126932															0			Unclassified	8																									5918	530	456			530	456	340	456	212.57	106.19					288.21	217.47	798.34		-34.01						825.63		4.99		0	4				
07/12/2018	3.3.2	Gaze Project	O4	3	M	Bilingual	G130	06/09/2018	89100	1280 x 720		Raw Data	attention.avi	190	0	900	720									49341	10:16:38.362	1536226372135279															0			Unclassified	8																									5919	542	419			542	419	352	419	217.72	121.21					288.23	222.93	815.31		-34.01						843.44		4.94		0	4				
07/12/2018	3.3.2	Gaze Project	O4	3	M	Bilingual	G130	06/09/2018	89100	1280 x 720		Raw Data	attention.avi	190	0	900	720									49350	10:16:38.370	1536226372143635															0	4015		Fixation	8	352	412	1.92	57.55	276.03																				5920	528	482	542	412	535	447	345	447	212.10	95.64	217.69	123.85	214.89	109.75	288.29	220.61	808.07	335.63	220.09	793.63					835.85	835.85	4.98	4.95	0	0				
07/12/2018	3.3.2	Gaze Project	O4	3	M	Bilingual	G130	06/09/2018	89100	1280 x 720		Raw Data	attention.avi	190	0	900	720									49358	10:16:38.379	1536226372151994															0	4016		Fixation	8	381	465	1.74	298.61	241.06																				5921			571	465	571	465	381	465			229.29	102.69						334.70	214.13	775.46						0.00		4.74	4	0				
07/12/2018	3.3.2	Gaze Project	O4	3	M	Bilingual	G130	06/09/2018	89100	1280 x 720		Raw Data	attention.avi	190	0	900	720									49366	10:16:38.387	1536226372160263															0			Unclassified	8																									5922	549	461			549	461	359	461	220.38	104.30					288.39	216.58	795.56		-34.01						822.72		4.87		0	4				
07/12/2018	3.3.2	Gaze Project	O4	3	M	Bilingual	G130	06/09/2018	89100	1280 x 720		Raw Data	attention.avi	190	0	900	720									49375	10:16:38.395	1536226372168617															0	4017		Fixation	8	344	489	1.24	213.05	274.45																				5923	568	412	534	489	551	450	361	450	227.92	123.87	214.52	92.85	221.22	108.36	288.41	217.29	797.77	335.84	220.36	794.61					825.04	825.04	4.88	5.09	0	0				
07/12/2018	3.3.2	Gaze Project	O4	3	M	Bilingual	G130	06/09/2018	89100	1280 x 720		Raw Data	attention.avi	190	0	900	720									49383	10:16:38.404	1536226372176952															0	4018		Fixation	8	357	464	0.78	62.60	209.55																				5924			547	464	547	464	357	464			219.76	102.93						335.72	219.54	792.16						0.00		4.82	4	0				
07/12/2018	3.3.2	Gaze Project	O4	3	M	Bilingual	G130	06/09/2018	89100	1280 x 720		Raw Data	attention.avi	190	0	900	720									49391	10:16:38.412	1536226372185309															0			Unclassified	8																									5925	529	398			529	398	339	398	212.52	129.49					288.46	222.49	813.95		-34.01						842.02		4.96		0	4				
07/12/2018	3.3.2	Gaze Project	O4	3	M	Bilingual	G130	06/09/2018	89100	1280 x 720		Raw Data	attention.avi	190	0	900	720									49400	10:16:38.420	1536226372193665															0			Unclassified	8																									5926	507	412			507	412	317	412	203.36	123.96					288.49	221.33	810.34		-34.01						838.23		4.87		0	4				
07/12/2018	3.3.2	Gaze Project	O4	3	M	Bilingual	G130	06/09/2018	89100	1280 x 720		Raw Data	attention.avi	190	0	900	720									49408	10:16:38.429	1536226372201921															0	4019		Fixation	8	439	272	5.91	66.94	4.34																				5927			629	272	629	272	439	272			252.56	180.23						336.14	221.67	798.83						0.00		4.87	4	0				
07/12/2018	3.3.2	Gaze Project	O4	3	M	Bilingual	G130	06/09/2018	89100	1280 x 720		Raw Data	attention.avi	190	0	900	720									49416	10:16:38.437	1536226372210253															0			Unclassified	8																									5928	520	400			520	400	330	400	208.54	129.02					288.57	218.62	801.95		-34.01						829.43		4.77		0	4				
07/12/2018	3.3.2	Gaze Project	O4	3	M	Bilingual	G130	06/09/2018	89100	1280 x 720		Raw Data	attention.avi	190	0	900	720									49425	10:16:38.445	1536226372218623															0			Unclassified	8																									5929	586	472			586	472	396	472	235.03	99.69					288.60	217.56	798.66		-34.01						825.98		4.90		0	4				
07/12/2018	3.3.2	Gaze Project	O4	3	M	Bilingual	G130	06/09/2018	89100	1280 x 720		Raw Data	attention.avi	190	0	900	720									49433	10:16:38.454	1536226372226981															0			Unclassified	8																									5930																			-34.01										4	4				
07/12/2018	3.3.2	Gaze Project	O4	3	M	Bilingual	G130	06/09/2018	89100	1280 x 720		Raw Data	attention.avi	190	0	900	720									49441	10:16:38.462	1536226372235254															0	4020		Fixation	8	411	315	1.42	237.01	170.07																				5931	430	267	601	315	515	291	325	291	172.76	182.23	241.27	163.20	207.02	172.71	288.64	217.35	797.99	338.49	235.07	839.90					825.27	825.27	3.87	5.17	0	0				
07/12/2018	3.3.2	Gaze Project	O4	3	M	Bilingual	G130	06/09/2018	89100	1280 x 720		Raw Data	attention.avi	190	0	900	720									49450	10:16:38.470	1536226372243594															0			Unclassified	8																									5932	396	190			396	190	206	190	158.83	213.45					288.66	223.32	816.54		-34.01						844.75		3.88		0	4				
07/12/2018	3.3.2	Gaze Project	O4	3	M	Bilingual	G130	06/09/2018	89100	1280 x 720		Raw Data	attention.avi	190	0	900	720									49458	10:16:38.479	1536226372251930															0			Unclassified	8																									5933	551	378			551	378	361	378	221.29	137.67					288.69	222.44	813.77		-34.01						841.84		4.50		0	4				
07/12/2018	3.3.2	Gaze Project	O4	3	M	Bilingual	G130	06/09/2018	89100	1280 x 720		Raw Data	attention.avi	190	0	900	720									49466	10:16:38.487	1536226372260290															0	4021		Fixation	8	383	329	0.88	206.64	329.63																				5934	598	457	573	329	585	393	395	393	239.99	106.05	230.05	157.63	235.02	131.84	288.93	204.01	756.52	334.00	207.48	755.51					781.76	781.76	4.09	4.04	0	0				
07/12/2018	3.3.2	Gaze Project	O4	3	M	Bilingual	G130	06/09/2018	89100	1280 x 720		Raw Data	attention.avi	190	0	900	720									49475	10:16:38.495	1536226372268647															0			Unclassified	8																									5935	608	269			608	269	418	269	243.98	181.71					288.94	205.25	760.38		-34.01						785.80		3.55		0	4				
07/12/2018	3.3.2	Gaze Project	O4	3	M	Bilingual	G130	06/09/2018	89100	1280 x 720		Raw Data	attention.avi	190	0	900	720									49483	10:16:38.504	1536226372276906															0	4022		Fixation	8	405	239	2.79	76.31	229.67																				5936	549	166	595	239	572	202	382	202	220.40	223.04	238.76	193.89	229.58	208.46	288.92	212.13	781.81	334.11	207.75	756.39					808.30	808.30	3.36	3.86	0	0				
07/12/2018	3.3.2	Gaze Project	O4	3	M	Bilingual	G130	06/09/2018	89100	1280 x 720		Raw Data	attention.avi	190	0	900	720									49491	10:16:38.512	1536226372285251															0	4023		Fixation	8	417	260	0.73	299.67	223.36																				5937	596	509	607	260	601	384	411	384	239.04	84.90	243.84	185.18	241.44	135.04	289.01	205.12	759.99	334.06	207.21	754.78					785.40	785.40	4.48	3.54	0	0				
07/12/2018	3.3.2	Gaze Project	O4	3	M	Bilingual	G130	06/09/2018	89100	1280 x 720		Raw Data	attention.avi	190	0	900	720									49500	10:16:38.520	1536226372293601															0	4024		Fixation	8	460	185	2.62	60.25	120.59																				5938	601	424	650	185	625	304	435	304	241.44	119.22	260.77	215.36	251.10	167.29	289.05	204.65	758.52	334.07	206.98	754.16					783.86	783.86	4.26	3.33	0	0				
07/12/2018	3.3.2	Gaze Project	O4	3	M	Bilingual	G130	06/09/2018	89100	1280 x 720		Raw Data	attention.avi	190	0	900	720									49508	10:16:38.529	1536226372301964															0	4025		Fixation	8	384	362	5.81	246.83	186.58																				5939	549	394	574	362	561	378	371	378	220.44	131.20	230.23	144.35	225.34	137.78	289.10	204.46	757.97	334.26	207.86	756.91					783.28	783.28	4.10	4.24	0	0				
07/12/2018	3.3.2	Gaze Project	O4	3	M	Bilingual	G130	06/09/2018	89100	1280 x 720		Raw Data	attention.avi	190	0	900	720									49516	10:16:38.537	1536226372310315															0	4026		Fixation	8	430	299	2.33	53.95	167.12																				5940	569	199	620	299	594	249	404	249	228.52	210.01	248.78	169.52	238.65	189.77	289.12	204.29	757.50	334.33	208.02	757.46					782.78	782.78	3.55	3.90	0	0				
07/12/2018	3.3.2	Gaze Project	O4	3	M	Bilingual	G130	06/09/2018	89100	1280 x 720		Raw Data	attention.avi	190	0	900	720									49524	10:16:38.545	1536226372318574															0			Unclassified	8																									5941																			-34.01										4	4				
07/12/2018	3.3.2	Gaze Project	O4	3	M	Bilingual	G130	06/09/2018	89100	1280 x 720		Raw Data	attention.avi	190	0	900	720									49527	10:16:38.548								9	Space										Unclassified	8																																																											
07/12/2018	3.3.2	Gaze Project	O4	3	M	Bilingual	G130	06/09/2018	89100	1280 x 720		Raw Data	attention.avi	190	0	900	720									49527	10:16:38.548										22	MovieEnd	attention.avi							Unclassified	8																																																											
07/12/2018	3.3.2	Gaze Project	O4	3	M	Bilingual	G130	06/09/2018	89100	1280 x 720		Raw Data														49533	10:16:38.554	1536226372326910															0			Unclassified	8																									5942																			-34.01										4	4				
07/12/2018	3.3.2	Gaze Project	O4	3	M	Bilingual	G130	06/09/2018	89100	1280 x 720		Raw Data														49541	10:16:38.562	1536226372335272															0	4027		Fixation	8			1.17	174.13	120.17																				5943	575	481	581	295	578	388			230.74	96.21	233.30	170.97	232.02	133.59	289.22	205.43	761.17	334.32	207.25	755.37					786.62	786.62	4.32	4.00	0	0				
07/12/2018	3.3.2	Gaze Project	O4	3	M	Bilingual	G130	06/09/2018	89100	1280 x 720		Raw Data														49550	10:16:38.570	1536226372343633															0			Unclassified	8																									5944	579	585			579	585			232.41	54.47					289.26	204.26	757.59		-34.01						782.86		4.53		0	4				
07/12/2018	3.3.2	Gaze Project	O4	3	M	Bilingual	G130	06/09/2018	89100	1280 x 720		Raw Data														49558	10:16:38.579	1536226372351896															0	4028		Fixation	8			1.66	273.11	98.99																				5945			584	350	584	350					234.40	148.80						334.33	207.02	754.80						0.00		4.08	4	0				
07/12/2018	3.3.2	Gaze Project	O4	3	M	Bilingual	G130	06/09/2018	89100	1280 x 720		Raw Data														49566	10:16:38.587	1536226372360244															0	4029		Fixation	8			0.99	173.07	259.95																				5946			551	346	551	346					221.06	150.64						334.37	207.12	755.17						0.00		3.84	4	0				
07/12/2018	3.3.2	Gaze Project	O4	3	M	Bilingual	G130	06/09/2018	89100	1280 x 720		Raw Data														49574	10:16:38.595	1536226372368583															0			Unclassified	8																									5947	511	519			511	519			204.96	80.76					289.31	203.71	755.96		-34.01						781.15		4.39		0	4				
07/12/2018	3.3.2	Gaze Project	O4	3	M	Bilingual	G130	06/09/2018	89100	1280 x 720		Raw Data														49583	10:16:38.604	1536226372376943															0			Unclassified	8																									5948																			-34.01										4	4				
07/12/2018	3.3.2	Gaze Project	O4	3	M	Bilingual	G130	06/09/2018	89100	1280 x 720		Raw Data														49591	10:16:38.612	1536226372385287															0			Unclassified	8																									5949	548	413			548	413			219.89	123.62					289.28	204.86	759.55		-34.01						784.91		4.09		0	4				
07/12/2018	3.3.2	Gaze Project	O4	3	M	Bilingual	G130	06/09/2018	89100	1280 x 720		Raw Data														49599	10:16:38.620	1536226372393567															0	4030		Fixation	8			5.47	270.93	97.86																				5950			554	530	554	530					222.49	76.45						334.52	208.06	758.11						0.00		4.92	4	0				
07/12/2018	3.3.2	Gaze Project	O4	3	M	Bilingual	G130	06/09/2018	89100	1280 x 720		Raw Data														49608	10:16:38.629	1536226372401905															0			Unclassified	8																									5951	519	318			519	318			208.29	162.04					289.26	205.06	760.22		-34.01						785.61		3.82		0	4				
07/12/2018	3.3.2	Gaze Project	O4	3	M	Bilingual	G130	06/09/2018	89100	1280 x 720		Raw Data														49616	10:16:38.637	1536226372410253															0	4031		Fixation	8			9.93	91.55	180.62																				5952	576	235	545	198	560	216			231.35	195.42	218.69	210.20	225.02	202.81	289.23	205.15	760.52	334.27	206.73	754.05					785.92	785.92	3.48	3.14	0	0				
07/12/2018	3.3.2	Gaze Project	O4	3	M	Bilingual	G130	06/09/2018	89100	1280 x 720		Raw Data														49625	10:16:38.645	1536226372418611															0	4032		Fixation	8			2.24	76.76	345.21																				5953			562	126	562	126					225.64	239.04						334.28	206.96	754.76						0.00		2.98	4	0				
07/12/2018	3.3.2	Gaze Project	O4	3	M	Bilingual	G130	06/09/2018	89100	1280 x 720		Raw Data														49633	10:16:38.654	1536226372426886															0	4033		Fixation	8			5.02	294.49	217.73																				5954			631	277	631	277					253.09	178.37						334.26	206.99	754.87						0.00		3.89	4	0				
07/12/2018	3.3.2	Gaze Project	O4	3	M	Bilingual	G130	06/09/2018	89100	1280 x 720		Raw Data														49641	10:16:38.662	1536226372435224															0	4034		Fixation	8			0.76	113.43	178.94																				5955	516	318	621	254	568	286			207.25	161.91	249.31	187.81	228.28	174.86	289.19	204.42	758.36	334.18	206.71	754.03					783.64	783.64	4.09	4.00	0	0				
07/12/2018	3.3.2	Gaze Project	O4	3	M	Bilingual	G130	06/09/2018	89100	1280 x 720		Raw Data														49649	10:16:38.670	1536226372443562															0	4035		Fixation	8			3.92	260.15	146.72																				5956			598	386	598	386					239.88	134.65						336.76	221.83	800.42						0.00		4.98	4	0				
07/12/2018	3.3.2	Gaze Project	O4	3	M	Bilingual	G130	06/09/2018	89100	1280 x 720		Raw Data														49658	10:16:38.679	1536226372451924															0			Unclassified	8																									5957	593	441			593	441			238.12	112.55					288.99	217.97	800.58		-34.01						827.94		4.93		0	4				
07/12/2018	3.3.2	Gaze Project	O4	3	M	Bilingual	G130	06/09/2018	89100	1280 x 720		Raw Data														49666	10:16:38.687	1536226372460277															0	4036		Fixation	8			1.13	224.09	323.94																				5958	623	492	569	414	596	453			249.94	91.96	228.29	123.25	239.11	107.61	288.96	219.48	805.32	336.57	221.35	798.99					832.91	832.91	5.17	4.76	0	0				
07/12/2018	3.3.2	Gaze Project	O4	3	M	Bilingual	G130	06/09/2018	89100	1280 x 720		Raw Data														49674	10:16:38.695	1536226372468543															0	4037		Fixation	8			1.05	254.52	30.44																				5959	594	453	559	450	576	451			238.47	107.47	224.30	108.80	231.39	108.14	288.96	218.86	803.45	336.46	220.74	797.21					830.94	830.94	4.88	4.97	0	0				
07/12/2018	3.3.2	Gaze Project	O4	3	M	Bilingual	G130	06/09/2018	89100	1280 x 720		Raw Data														49683	10:16:38.704	1536226372476892															0	4038		Fixation	8			2.47	67.30	172.77																				5960	617	450	593	369	605	409			247.81	108.77	237.96	141.38	242.89	125.07	288.93	219.87	806.68	336.38	220.31	795.91					834.32	834.32	4.90	4.69	0	0				
07/12/2018	3.3.2	Gaze Project	O4	3	M	Bilingual	G130	06/09/2018	89100	1280 x 720		Raw Data														49691	10:16:38.712	1536226372485233															0	4039		Fixation	8			1.43	85.44	18.15																				5961	631	456	597	319	614	387			253.12	106.30	239.80	161.36	246.46	133.83	288.81	227.16	829.42	336.35	220.11	795.38					858.18	858.18	5.18	4.71	0	0				
07/12/2018	3.3.2	Gaze Project	O4	3	M	Bilingual	G130	06/09/2018	89100	1280 x 720		Raw Data														49700	10:16:38.720	1536226372493594															0	4040		Fixation	8			2.23	250.01	164.57																				5962			570	393	570	393					228.76	131.56						336.42	220.57	796.85						0.00		4.82	4	0				
07/12/2018	3.3.2	Gaze Project	O4	3	M	Bilingual	G130	06/09/2018	89100	1280 x 720		Raw Data														49708	10:16:38.729	1536226372501954															0	4041		Fixation	8			1.95	31.47	141.46																				5963			629	357	629	357					252.47	146.15						336.37	220.32	796.12						0.00		4.82	4	0				
07/12/2018	3.3.2	Gaze Project	O4	3	M	Bilingual	G130	06/09/2018	89100	1280 x 720		Raw Data														49716	10:16:38.737	1536226372510204															0			Unclassified	8																									5964	582	409			582	409			233.69	125.33					288.95	212.36	783.58		-34.01						810.05		4.79		0	4				
07/12/2018	3.3.2	Gaze Project	O4	3	M	Bilingual	G130	06/09/2018	89100	1280 x 720		Raw Data														49724	10:16:38.745	1536226372518550															0			Unclassified	8																									5965																			-34.01										4	4				
07/12/2018	3.3.2	Gaze Project	O4	3	M	Bilingual	G130	06/09/2018	89100	1280 x 720		Raw Data														49733	10:16:38.754	1536226372526906															0			Unclassified	8																									5966	596	482			596	482			239.26	95.97					288.84	217.15	798.61		-34.01						825.81		4.80		0	4				
07/12/2018	3.3.2	Gaze Project	O4	3	M	Bilingual	G130	06/09/2018	89100	1280 x 720		Raw Data														49741	10:16:38.762	1536226372535264															0	4042		Fixation	8			1.50	169.28	137.81																				5967	565	498	576	347	570	422			226.99	89.45	231.38	150.22	229.18	119.84	288.83	217.39	799.39	338.37	232.67	834.04					826.63	826.63	4.90	5.11	0	0				
07/12/2018	3.3.2	Gaze Project	O4	3	M	Bilingual	G130	06/09/2018	89100	1280 x 720		Raw Data														49749	10:16:38.770	1536226372543541															0	4043		Fixation	8			0.65	163.02	353.74																				5968			553	340	553	340					221.94	152.99						338.28	232.13	832.41						0.00		4.97	4	0				
07/12/2018	3.3.2	Gaze Project	O4	3	M	Bilingual	G130	06/09/2018	89100	1280 x 720		Raw Data														49758	10:16:38.779	1536226372551883															0	4044		Fixation	8			1.42	331.85	168.83																				5969			598	364	598	364					239.85	143.33						336.24	219.79	794.62						0.00		4.85	4	0				
07/12/2018	3.3.2	Gaze Project	O4	3	M	Bilingual	G130	06/09/2018	89100	1280 x 720		Raw Data														49766	10:16:38.787	1536226372560210															0	4045		Fixation	8			1.72	147.81	175.96																				5970	538	474	547	332	542	403			215.94	99.03	219.52	156.44	217.73	127.73	288.82	217.48	799.76	336.12	219.13	792.59					827.00	827.00	4.85	4.79	0	0				
07/12/2018	3.3.2	Gaze Project	O4	3	M	Bilingual	G130	06/09/2018	89100	1280 x 720		Raw Data														49774	10:16:38.795	1536226372568581															0			Unclassified	8																									5971	609	468			609	468			244.33	101.51					288.81	217.81	800.81		-34.01						828.10		4.89		0	4				
07/12/2018	3.3.2	Gaze Project	O4	3	M	Bilingual	G130	06/09/2018	89100	1280 x 720		Raw Data														49783	10:16:38.804	1536226372576935															0	4046		Fixation	8			1.83	31.81	244.00																				5972			602	298	602	298					241.46	169.84						336.42	220.85	797.91						0.00		5.05	4	0				
07/12/2018	3.3.2	Gaze Project	O4	3	M	Bilingual	G130	06/09/2018	89100	1280 x 720		Raw Data														49791	10:16:38.812	1536226372585202															0			Unclassified	8																									5973	587	468			587	468			235.65	101.53					288.83	216.18	795.82		-34.01						822.86		4.87		0	4				
07/12/2018	3.3.2	Gaze Project	O4	3	M	Bilingual	G130	06/09/2018	89100	1280 x 720		Raw Data														49799	10:16:38.820	1536226372593528															0			Unclassified	8																									5974	575	472			575	472			230.61	99.94					288.82	216.80	797.81		-34.01						824.94		4.86		0	4				
07/12/2018	3.3.2	Gaze Project	O4	3	M	Bilingual	G130	06/09/2018	89100	1280 x 720		Raw Data														49808	10:16:38.829	1536226372601888															0			Unclassified	8																									5975	556	453			556	453			223.11	107.57					288.70	233.08	848.54		-34.01						878.18		5.21		0	4				
07/12/2018	3.3.2	Gaze Project	O4	3	M	Bilingual	G130	06/09/2018	89100	1280 x 720		Raw Data														49816	10:16:38.837	1536226372610231															0			Unclassified	8																									5976	551	430			551	430			220.98	116.83					288.86	215.13	792.73		-34.01						819.60		4.80		0	4				
07/12/2018	3.3.2	Gaze Project	O4	3	M	Bilingual	G130	06/09/2018	89100	1280 x 720		Raw Data														49825	10:16:38.845	1536226372618602															0			Unclassified	8																									5977																			-34.01										4	4				
07/12/2018	3.3.2	Gaze Project	O4	3	M	Bilingual	G130	06/09/2018	89100	1280 x 720		Raw Data														49833	10:16:38.854	1536226372626867															0	4047		Fixation	8			4.45	257.15	225.35																				5978	546	394	567	451	556	422			219.14	131.12	227.53	108.42	223.34	119.77	288.85	216.22	796.19	336.24	219.55	794.22					823.23	823.23	4.90	4.95	0	0				
07/12/2018	3.3.2	Gaze Project	O4	3	M	Bilingual	G130	06/09/2018	89100	1280 x 720		Raw Data														49841	10:16:38.862	1536226372635202															0			Unclassified	8																									5979	584	470			584	470			234.44	100.74					288.85	216.82	798.12		-34.01						825.24		4.85		0	4				
07/12/2018	3.3.2	Gaze Project	O4	3	M	Bilingual	G130	06/09/2018	89100	1280 x 720		Raw Data														49849	10:16:38.870	1536226372643559															0			Unclassified	8																									5980																			-34.01										4	4				
07/12/2018	3.3.2	Gaze Project	O4	3	M	Bilingual	G130	06/09/2018	89100	1280 x 720		Raw Data														49858	10:16:38.879	1536226372651918															0	4048		Fixation	8			1.77	44.45	147.29																				5981	581	288	612	407	596	347			233.33	173.97	245.81	126.15	239.57	150.06	288.92	213.43	787.57	336.29	219.84	795.14					814.17	814.17	4.07	4.97	0	0				
07/12/2018	3.3.2	Gaze Project	O4	3	M	Bilingual	G130	06/09/2018	89100	1280 x 720		Raw Data														49866	10:16:38.887	1536226372660195															0	4049		Fixation	8			1.40	189.30	144.85																				5982	584	485	563	415	573	450			234.29	94.68	226.17	123.01	230.23	108.85	288.84	217.48	800.20	336.20	219.36	793.61					827.42	827.42	4.89	5.12	0	0				
07/12/2018	3.3.2	Gaze Project	O4	3	M	Bilingual	G130	06/09/2018	89100	1280 x 720		Raw Data														49874	10:16:38.895	1536226372668534															0			Unclassified	8																									5983	596	461			596	461			239.06	104.27					288.83	217.97	801.75		-34.01						829.05		5.09		0	4				
07/12/2018	3.3.2	Gaze Project	O4	3	M	Bilingual	G130	06/09/2018	89100	1280 x 720		Raw Data														49883	10:16:38.904	1536226372676867															0	4050		Fixation	8			4.28	247.64	58.34																				5984	593	461	504	558	548	509			237.86	104.41	202.50	65.05	220.18	84.73	288.83	217.40	799.97	336.57	221.68	800.68					827.18	827.18	4.79	5.09	0	0				
07/12/2018	3.3.2	Gaze Project	O4	3	M	Bilingual	G130	06/09/2018	89100	1280 x 720		Raw Data														49891	10:16:38.912	1536226372685230															0			Unclassified	8																									5985																			-34.01										4	4				
07/12/2018	3.3.2	Gaze Project	O4	3	M	Bilingual	G130	06/09/2018	89100	1280 x 720		Raw Data														49900	10:16:38.920	1536226372693588															0			Unclassified	8																									5986	462	290			462	290			185.36	173.21					288.82	217.73	801.01		-34.01						828.27		4.06		0	4				
07/12/2018	3.3.2	Gaze Project	O4	3	M	Bilingual	G130	06/09/2018	89100	1280 x 720		Raw Data														49908	10:16:38.929	1536226372701855															0			Unclassified	8																									5987																			-34.01										4	4				
07/12/2018	3.3.2	Gaze Project	O4	3	M	Bilingual	G130	06/09/2018	89100	1280 x 720		Raw Data														49916	10:16:38.937	1536226372710214															0			Unclassified	8																									5988	473	421			473	421			189.74	120.23					288.78	218.60	803.77		-34.01						831.16		4.29		0	4				
07/12/2018	3.3.2	Gaze Project	O4	3	M	Bilingual	G130	06/09/2018	89100	1280 x 720		Raw Data														49924	10:16:38.945	1536226372718538															0			Unclassified	8																									5989	601	374			601	374			241.21	139.25					288.93	205.57	763.22		-34.01						788.61		4.28		0	4				
07/12/2018	3.3.2	Gaze Project	O4	3	M	Bilingual	G130	06/09/2018	89100	1280 x 720		Raw Data														49933	10:16:38.954	1536226372726901															0			Unclassified	8																									5990	565	480			565	480			226.99	96.56					288.93	203.97	758.26		-34.01						783.40		4.58		0	4				
07/12/2018	3.3.2	Gaze Project	O4	3	M	Bilingual	G130	06/09/2018	89100	1280 x 720		Raw Data														49941	10:16:38.962	1536226372735254															0			Unclassified	8																									5991																			-34.01										4	4				
07/12/2018	3.3.2	Gaze Project	O4	3	M	Bilingual	G130	06/09/2018	89100	1280 x 720		Raw Data														49949	10:16:38.970	1536226372743514															0	4051		Fixation	8			4.33	89.62	201.98																				5992	501	482	505	406	503	444			201.09	95.68	202.83	126.42	201.96	111.05	288.89	204.64	760.30	334.10	208.36	759.53					785.55	785.55	4.37	4.36	0	0				
07/12/2018	3.3.2	Gaze Project	O4	3	M	Bilingual	G130	06/09/2018	89100	1280 x 720		Raw Data														49958	10:16:38.979	1536226372751849															0			Unclassified	8																									5993																			-34.01										4	4				
07/12/2018	3.3.2	Gaze Project	O4	3	M	Bilingual	G130	06/09/2018	89100	1280 x 720		Raw Data														49966	10:16:38.987	1536226372760210															0			Unclassified	8																									5994																			-34.01										4	4				
07/12/2018	3.3.2	Gaze Project	O4	3	M	Bilingual	G130	06/09/2018	89100	1280 x 720		Raw Data														49974	10:16:38.995	1536226372768570															0	4052		Fixation	8			4.94	67.37	337.74																				5995	580	372	569	253	574	312			232.80	140.14	228.58	188.26	230.69	164.20	288.85	205.48	762.86	333.78	206.70	754.27					788.24	788.24	4.32	3.81	0	0				
07/12/2018	3.3.2	Gaze Project	O4	3	M	Bilingual	G130	06/09/2018	89100	1280 x 720		Raw Data														49983	10:16:39.003	1536226372776802															0			Unclassified	8																									5996																			-34.01										4	4				
07/12/2018	3.3.2	Gaze Project	O4	3	M	Bilingual	G130	06/09/2018	89100	1280 x 720		Raw Data														49991	10:16:39.012	1536226372785160															0	4053		Fixation	8			6.48	273.18	205.82																				5997	585	233	581	468	583	350			234.97	196.17	233.28	101.38	234.13	148.78	288.86	205.46	762.72	333.78	206.74	754.25					788.10	788.10	3.92	4.57	0	0				
07/12/2018	3.3.2	Gaze Project	O4	3	M	Bilingual	G130	06/09/2018	89100	1280 x 720		Raw Data														49999	10:16:39.020	1536226372793523															0			Unclassified	8																									5998	593	252			593	252			238.18	188.54					288.89	203.92	757.92		-34.01						783.06		4.00		0	4				
07/12/2018	3.3.2	Gaze Project	O4	3	M	Bilingual	G130	06/09/2018	89100	1280 x 720		Raw Data														50008	10:16:39.029	1536226372801892															0			Unclassified	8																									5999	611	329			611	329			245.43	157.63					288.91	203.66	757.02		-34.01						782.13		4.09		0	4				
07/12/2018	3.3.2	Gaze Project	O4	3	M	Bilingual	G130	06/09/2018	89100	1280 x 720		Raw Data														50016	10:16:39.037	1536226372810235															0			Unclassified	8																									6000																			-34.01										4	4				
07/12/2018	3.3.2	Gaze Project	O4	3	M	Bilingual	G130	06/09/2018	89100	1280 x 720		Raw Data														50024	10:16:39.045	1536226372818504															0			Unclassified	8																									6001																			-34.01										4	4				
07/12/2018	3.3.2	Gaze Project	O4	3	M	Bilingual	G130	06/09/2018	89100	1280 x 720		Raw Data														50033	10:16:39.053	1536226372826829															0	4054		Fixation	8			9.27	92.97	179.79																				6002			565	161	565	161					226.91	225.31						333.87	206.95	754.64						0.00		3.26	4	0				
07/12/2018	3.3.2	Gaze Project	O4	3	M	Bilingual	G130	06/09/2018	89100	1280 x 720		Raw Data														50041	10:16:39.062	1536226372835193															0			Unclassified	8																									6003																			-34.01										4	4				
07/12/2018	3.3.2	Gaze Project	O4	3	M	Bilingual	G130	06/09/2018	89100	1280 x 720		Raw Data														50049	10:16:39.070	1536226372843552															0			Unclassified	8																									6004	587	372			587	372			235.79	140.15					288.98	205.81	763.54		-34.01						788.98		4.28		0	4				
07/12/2018	3.3.2	Gaze Project	O4	3	M	Bilingual	G130	06/09/2018	89100	1280 x 720		Raw Data														50058	10:16:39.078	1536226372851805															0	4055		Fixation	8			3.89	308.92	215.94																				6005			646	261	646	261					259.47	185.03						334.02	207.39	755.96						0.00		4.06	4	0				
07/12/2018	3.3.2	Gaze Project	O4	3	M	Bilingual	G130	06/09/2018	89100	1280 x 720		Raw Data														50066	10:16:39.087	1536226372860171															0			Unclassified	8																									6006	534	197			534	197			214.47	210.53					289.03	205.55	762.67		-34.01						788.08		3.40		0	4				
07/12/2018	3.3.2	Gaze Project	O4	3	M	Bilingual	G130	06/09/2018	89100	1280 x 720		Raw Data														50074	10:16:39.095	1536226372868503															0			Unclassified	8																									6007																			-34.01										4	4				
07/12/2018	3.3.2	Gaze Project	O4	3	M	Bilingual	G130	06/09/2018	89100	1280 x 720		Raw Data	Ord4_T4_R.avi	190	0	900	720									50077	10:16:39.097										23	MovieStart	Ord4_T4_R.avi							Unclassified	8																																																											
07/12/2018	3.3.2	Gaze Project	O4	3	M	Bilingual	G130	06/09/2018	89100	1280 x 720		Raw Data	Ord4_T4_R.avi	190	0	900	720									50083	10:16:39.104	1536226372876861															0			Unclassified	8																									6008																			-34.01										4	4				
07/12/2018	3.3.2	Gaze Project	O4	3	M	Bilingual	G130	06/09/2018	89100	1280 x 720		Raw Data	Ord4_T4_R.avi	190	0	900	720									50091	10:16:39.112	1536226372885217															0			Unclassified	8																									6009	539	568			539	568	349	568	216.45	61.12					289.13	205.95	763.97		-34.01						789.44		4.66		0	4				
07/12/2018	3.3.2	Gaze Project	O4	3	M	Bilingual	G130	06/09/2018	89100	1280 x 720		Raw Data	Ord4_T4_R.avi	190	0	900	720									50099	10:16:39.120	1536226372893486															0			Unclassified	8																									6010	600	468			600	468	410	468	240.73	101.40					289.16	205.43	762.32		-34.01						787.71		4.41		0	4				
07/12/2018	3.3.2	Gaze Project	O4	3	M	Bilingual	G130	06/09/2018	89100	1280 x 720		Raw Data	Ord4_T4_R.avi	190	0	900	720									50108	10:16:39.128	1536226372901841															0	4056		Fixation	8	435	160	3.13	101.71	152.79																				6011	568	451	625	160	596	305	406	305	228.09	108.36	250.85	225.33	239.47	166.85	289.18	205.29	761.83	334.20	207.12	755.40					787.21	787.21	4.38	3.65	0	0				
07/12/2018	3.3.2	Gaze Project	O4	3	M	Bilingual	G130	06/09/2018	89100	1280 x 720		Raw Data	Ord4_T4_R.avi	190	0	900	720									50116	10:16:39.137	1536226372910172															0			Unclassified	8																									6012	563	203			563	203	373	203	226.02	208.36					289.22	205.47	762.42		-34.01						787.82		3.59		0	4				
07/12/2018	3.3.2	Gaze Project	O4	3	M	Bilingual	G130	06/09/2018	89100	1280 x 720		Raw Data	Ord4_T4_R.avi	190	0	900	720									50124	10:16:39.145	1536226372918534															0	4057		Fixation	8	377	362	6.35	254.03	152.32																				6013	548	194	567	362	557	278	367	278	220.08	211.83	227.55	144.27	223.82	178.05	289.24	205.66	762.99	334.24	206.92	754.88					788.43	788.43	3.58	4.27	0	0				
07/12/2018	3.3.2	Gaze Project	O4	3	M	Bilingual	G130	06/09/2018	89100	1280 x 720		Raw Data	Ord4_T4_R.avi	190	0	900	720									50133	10:16:39.154	1536226372926889															0			Unclassified	8																									6014	603	302			603	302	413	302	242.25	168.32					289.27	204.81	760.33		-34.01						785.63		4.25		0	4				
07/12/2018	3.3.2	Gaze Project	O4	3	M	Bilingual	G130	06/09/2018	89100	1280 x 720		Raw Data	Ord4_T4_R.avi	190	0	900	720									50141	10:16:39.162	1536226372935153															0			Unclassified	8																									6015	581	427			581	427	391	427	233.26	118.03					289.28	205.45	762.27		-34.01						787.68		4.60		0	4				
07/12/2018	3.3.2	Gaze Project	O4	3	M	Bilingual	G130	06/09/2018	89100	1280 x 720		Raw Data	Ord4_T4_R.avi	190	0	900	720									50149	10:16:39.170	1536226372943491															0			Unclassified	8																									6016	535	411			535	411	345	411	214.82	124.25					289.32	204.25	758.50		-34.01						783.73		4.35		0	4				
07/12/2018	3.3.2	Gaze Project	O4	3	M	Bilingual	G130	06/09/2018	89100	1280 x 720		Raw Data	Ord4_T4_R.avi	190	0	900	720									50158	10:16:39.179	1536226372951844															0			Unclassified	8																									6017	571	385			571	385	381	385	229.29	134.90					289.33	205.59	762.60		-34.01						788.04		4.36		0	4				
07/12/2018	3.3.2	Gaze Project	O4	3	M	Bilingual	G130	06/09/2018	89100	1280 x 720		Raw Data	Ord4_T4_R.avi	190	0	900	720									50166	10:16:39.187	1536226372960202															0			Unclassified	8																									6018	585	543			585	543	395	543	234.65	71.28					289.34	207.21	767.52		-34.01						793.21		4.53		0	4				
07/12/2018	3.3.2	Gaze Project	O4	3	M	Bilingual	G130	06/09/2018	89100	1280 x 720		Raw Data	Ord4_T4_R.avi	190	0	900	720									50174	10:16:39.195	1536226372968481															0			Unclassified	8																									6019																			-34.01										4	4				
07/12/2018	3.3.2	Gaze Project	O4	3	M	Bilingual	G130	06/09/2018	89100	1280 x 720		Raw Data	Ord4_T4_R.avi	190	0	900	720									50183	10:16:39.203	1536226372976819															0			Unclassified	8																									6020	557	514			557	514	367	514	223.49	83.15					289.39	204.87	759.71		-34.01						785.07		4.63		0	4				
07/12/2018	3.3.2	Gaze Project	O4	3	M	Bilingual	G130	06/09/2018	89100	1280 x 720		Raw Data	Ord4_T4_R.avi	190	0	900	720									50191	10:16:39.212	1536226372985152															0			Unclassified	8																									6021																			-34.01										4	4				
07/12/2018	3.3.2	Gaze Project	O4	3	M	Bilingual	G130	06/09/2018	89100	1280 x 720		Raw Data	Ord4_T4_R.avi	190	0	900	720									50199	10:16:39.220	1536226372993515															0			Unclassified	8																									6022																			-34.01										4	4				
07/12/2018	3.3.2	Gaze Project	O4	3	M	Bilingual	G130	06/09/2018	89100	1280 x 720		Raw Data	Ord4_T4_R.avi	190	0	900	720									50208	10:16:39.229	1536226373001880															0			Unclassified	8																									6023																			-34.01										4	4				
07/12/2018	3.3.2	Gaze Project	O4	3	M	Bilingual	G130	06/09/2018	89100	1280 x 720		Raw Data	Ord4_T4_R.avi	190	0	900	720									50216	10:16:39.237	1536226373010143															0			Unclassified	8																									6024																			-34.01										4	4				
07/12/2018	3.3.2	Gaze Project	O4	3	M	Bilingual	G130	06/09/2018	89100	1280 x 720		Raw Data	Ord4_T4_R.avi	190	0	900	720									50224	10:16:39.245	1536226373018494															0			Unclassified	8																									6025																			-34.01										4	4				
07/12/2018	3.3.2	Gaze Project	O4	3	M	Bilingual	G130	06/09/2018	89100	1280 x 720		Raw Data	Ord4_T4_R.avi	190	0	900	720									50233	10:16:39.253	1536226373026827															0			Unclassified	8																									6026																			-34.01										4	4				
07/12/2018	3.3.2	Gaze Project	O4	3	M	Bilingual	G130	06/09/2018	89100	1280 x 720		Raw Data	Ord4_T4_R.avi	190	0	900	720									50241	10:16:39.262	1536226373035170															0			Unclassified	8																									6027																			-34.01										4	4				
07/12/2018	3.3.2	Gaze Project	O4	3	M	Bilingual	G130	06/09/2018	89100	1280 x 720		Raw Data	Ord4_T4_R.avi	190	0	900	720									50249	10:16:39.270	1536226373043543															0			Unclassified	8																									6028																			-34.01										4	4				
07/12/2018	3.3.2	Gaze Project	O4	3	M	Bilingual	G130	06/09/2018	89100	1280 x 720		Raw Data	Ord4_T4_R.avi	190	0	900	720									50258	10:16:39.278	1536226373051808															0			Unclassified	8																									6029																			-34.01										4	4				
07/12/2018	3.3.2	Gaze Project	O4	3	M	Bilingual	G130	06/09/2018	89100	1280 x 720		Raw Data	Ord4_T4_R.avi	190	0	900	720									50266	10:16:39.287	1536226373060139															0			Unclassified	8																									6030																			-34.01										4	4				
07/12/2018	3.3.2	Gaze Project	O4	3	M	Bilingual	G130	06/09/2018	89100	1280 x 720		Raw Data	Ord4_T4_R.avi	190	0	900	720									50274	10:16:39.295	1536226373068498															0			Unclassified	8																									6031																			-34.01										4	4				
07/12/2018	3.3.2	Gaze Project	O4	3	M	Bilingual	G130	06/09/2018	89100	1280 x 720		Raw Data	Ord4_T4_R.avi	190	0	900	720									50283	10:16:39.304	1536226373076853															0			Unclassified	8																									6032																			-34.01										4	4				
07/12/2018	3.3.2	Gaze Project	O4	3	M	Bilingual	G130	06/09/2018	89100	1280 x 720		Raw Data	Ord4_T4_R.avi	190	0	900	720									50291	10:16:39.312	1536226373085136															0			Unclassified	8																									6033																			-34.01										4	4				
07/12/2018	3.3.2	Gaze Project	O4	3	M	Bilingual	G130	06/09/2018	89100	1280 x 720		Raw Data	Ord4_T4_R.avi	190	0	900	720									50299	10:16:39.320	1536226373093479															0			Unclassified	8																									6034																			-34.01										4	4				
07/12/2018	3.3.2	Gaze Project	O4	3	M	Bilingual	G130	06/09/2018	89100	1280 x 720		Raw Data	Ord4_T4_R.avi	190	0	900	720									50308	10:16:39.328	1536226373101804															0			Unclassified	8																									6035																			-34.01										4	4				
07/12/2018	3.3.2	Gaze Project	O4	3	M	Bilingual	G130	06/09/2018	89100	1280 x 720		Raw Data	Ord4_T4_R.avi	190	0	900	720									50316	10:16:39.337	1536226373110164															0			Unclassified	8																									6036																			-34.01										4	4				
07/12/2018	3.3.2	Gaze Project	O4	3	M	Bilingual	G130	06/09/2018	89100	1280 x 720		Raw Data	Ord4_T4_R.avi	190	0	900	720									50324	10:16:39.345	1536226373118522															0			Unclassified	8																									6037																			-34.01										4	4				
07/12/2018	3.3.2	Gaze Project	O4	3	M	Bilingual	G130	06/09/2018	89100	1280 x 720		Raw Data	Ord4_T4_R.avi	190	0	900	720									50333	10:16:39.353	1536226373126795															0	4058		Fixation	8	371	495	3.97	267.43	13.40																				6038	553	487	561	495	557	491	367	491	221.91	93.66	225.14	90.59	223.53	92.13	289.44	204.77	758.78	334.57	207.55	755.89					784.16	784.16	4.43	5.04	0	0				
07/12/2018	3.3.2	Gaze Project	O4	3	M	Bilingual	G130	06/09/2018	89100	1280 x 720		Raw Data	Ord4_T4_R.avi	190	0	900	720									50341	10:16:39.362	1536226373135136															0			Unclassified	8																									6039																			-34.01										4	4				
07/12/2018	3.3.2	Gaze Project	O4	3	M	Bilingual	G130	06/09/2018	89100	1280 x 720		Raw Data	Ord4_T4_R.avi	190	0	900	720									50349	10:16:39.370	1536226373143481															0			Unclassified	8																									6040	539	462			539	462	349	462	216.51	103.84					289.45	204.55	758.17		-34.01						783.51		4.78		0	4				
07/12/2018	3.3.2	Gaze Project	O4	3	M	Bilingual	G130	06/09/2018	89100	1280 x 720		Raw Data	Ord4_T4_R.avi	190	0	900	720									50358	10:16:39.378	1536226373151821															0			Unclassified	8																									6041	527	303			527	303	337	303	211.40	167.75					289.47	203.46	754.49		-34.01						779.68		3.71		0	4				
07/12/2018	3.3.2	Gaze Project	O4	3	M	Bilingual	G130	06/09/2018	89100	1280 x 720		Raw Data	Ord4_T4_R.avi	190	0	900	720									50366	10:16:39.387	1536226373160190															0	4059		Fixation	8	392	329	4.99	82.81	175.39																				6042	521	375	582	329	551	352	361	352	209.15	139.08	233.46	157.53	221.31	148.31	289.45	204.96	759.61	334.55	207.42	755.85					785.01	785.01	4.14	4.01	0	0				
07/12/2018	3.3.2	Gaze Project	O4	3	M	Bilingual	G130	06/09/2018	89100	1280 x 720		Raw Data	Ord4_T4_R.avi	190	0	900	720									50374	10:16:39.395	1536226373168451															0			Unclassified	8																									6043	520	517			520	517	330	517	208.91	81.87					289.45	205.15	760.25		-34.01						785.67		4.38		0	4				
07/12/2018	3.3.2	Gaze Project	O4	3	M	Bilingual	G130	06/09/2018	89100	1280 x 720		Raw Data	Ord4_T4_R.avi	190	0	900	720									50383	10:16:39.403	1536226373176790															0	4060		Fixation	8	360	452	3.60	255.46	172.65																				6044	524	386	550	452	537	419	347	419	210.51	134.70	220.80	108.11	215.66	121.40	289.15	230.67	839.60	338.70	231.81	830.76					868.95	868.95	5.17	5.38	0	0				
07/12/2018	3.3.2	Gaze Project	O4	3	M	Bilingual	G130	06/09/2018	89100	1280 x 720		Raw Data	Ord4_T4_R.avi	190	0	900	720									50391	10:16:39.412	1536226373185151															0	4061		Fixation	8	356	495	1.18	264.70	9.24																				6045			546	495	546	495	356	495			219.21	90.53						336.76	220.17	795.22						0.00		5.11	4	0				
07/12/2018	3.3.2	Gaze Project	O4	3	M	Bilingual	G130	06/09/2018	89100	1280 x 720		Raw Data	Ord4_T4_R.avi	190	0	900	720									50399	10:16:39.420	1536226373193490															0	4062		Fixation	8	347	497	0.26	192.57	287.87																				6046	544	436	537	497	540	466	350	466	218.17	114.24	215.60	89.93	216.88	102.08	289.38	211.87	781.29	336.81	220.43	796.08					807.74	807.74	4.69	5.30	0	0				
07/12/2018	3.3.2	Gaze Project	O4	3	M	Bilingual	G130	06/09/2018	89100	1280 x 720		Raw Data	Ord4_T4_R.avi	190	0	900	720									50408	10:16:39.428	1536226373201761															0			Unclassified	8																									6047	562	467			562	467	372	467	225.49	101.73					289.47	203.51	754.96		-34.01						780.14		4.37		0	4				
07/12/2018	3.3.2	Gaze Project	O4	3	M	Bilingual	G130	06/09/2018	89100	1280 x 720		Raw Data	Ord4_T4_R.avi	190	0	900	720									50416	10:16:39.437	1536226373210112															0			Unclassified	8																									6048																			-34.01										4	4				
07/12/2018	3.3.2	Gaze Project	O4	3	M	Bilingual	G130	06/09/2018	89100	1280 x 720		Raw Data	Ord4_T4_R.avi	190	0	900	720									50424	10:16:39.445	1536226373218452															0	4063		Fixation	8	380	225	7.77	83.10	250.54																				6049	553	323	570	225	561	274	371	274	221.98	159.91	228.82	199.27	225.40	179.59	289.17	226.20	826.07	336.80	220.35	796.17					854.71	854.71	4.51	4.88	0	0				
07/12/2018	3.3.2	Gaze Project	O4	3	M	Bilingual	G130	06/09/2018	89100	1280 x 720		Raw Data	Ord4_T4_R.avi	190	0	900	720									50433	10:16:39.453	1536226373226826															0	4064		Fixation	8	393	276	1.51	284.26	201.15																				6050	505	439	583	276	544	357	354	357	202.71	113.34	233.83	178.69	218.27	146.02	289.52	203.10	753.97	336.73	219.90	794.89					779.07	779.07	4.41	4.87	0	0				
07/12/2018	3.3.2	Gaze Project	O4	3	M	Bilingual	G130	06/09/2018	89100	1280 x 720		Raw Data	Ord4_T4_R.avi	190	0	900	720									50441	10:16:39.462	1536226373235176															0			Unclassified	8																									6051	555	429			555	429	365	429	222.87	117.06					289.45	202.82	753.09		-34.01						778.15		4.37		0	4				
07/12/2018	3.3.2	Gaze Project	O4	3	M	Bilingual	G130	06/09/2018	89100	1280 x 720		Raw Data	Ord4_T4_R.avi	190	0	900	720									50449	10:16:39.470	1536226373243444															0	4065		Fixation	8	353	349	2.39	241.36	317.10																				6052			543	349	543	349	353	349			218.11	149.25						335.79	214.02	777.17						0.00		4.70	4	0				
07/12/2018	3.3.2	Gaze Project	O4	3	M	Bilingual	G130	06/09/2018	89100	1280 x 720		Raw Data	Ord4_T4_R.avi	190	0	900	720									50458	10:16:39.478	1536226373251781															0			Unclassified	8																									6053																			-34.01										4	4				
07/12/2018	3.3.2	Gaze Project	O4	3	M	Bilingual	G130	06/09/2018	89100	1280 x 720		Raw Data	Ord4_T4_R.avi	190	0	900	720									50466	10:16:39.487	1536226373260122															0	4066		Fixation	8	421	340	1.99	7.56	126.21																				6054	573	507	611	340	592	423	402	423	229.85	85.66	245.41	153.17	237.63	119.41	289.53	203.15	754.55	335.80	213.90	777.08					779.64	779.64	4.49	4.68	0	0				
07/12/2018	3.3.2	Gaze Project	O4	3	M	Bilingual	G130	06/09/2018	89100	1280 x 720		Raw Data	Ord4_T4_R.avi	190	0	900	720									50474	10:16:39.495	1536226373268492															0	4067		Fixation	8	354	221	3.94	119.30	111.74																				6055	543	412	544	221	543	316	353	316	218.13	123.96	218.38	201.09	218.25	162.52	289.36	219.06	804.53	337.26	222.59	803.87					832.04	832.04	4.99	4.50	0	0				
07/12/2018	3.3.2	Gaze Project	O4	3	M	Bilingual	G130	06/09/2018	89100	1280 x 720		Raw Data	Ord4_T4_R.avi	190	0	900	720									50483	10:16:39.504	1536226373276845															0			Unclassified	8																									6056	575	530			575	530	385	530	230.88	76.65					289.48	203.26	754.50		-34.01						779.63		4.39		0	4				
07/12/2018	3.3.2	Gaze Project	O4	3	M	Bilingual	G130	06/09/2018	89100	1280 x 720		Raw Data	Ord4_T4_R.avi	190	0	900	720									50491	10:16:39.512	1536226373285106															0	4068		Fixation	8	362	450	6.57	271.99	152.69																				6057	440	175	552	450	496	312	306	312	176.62	219.61	221.43	108.78	199.03	164.19	305.26	259.07	928.04	335.85	213.97	777.66					962.45	962.45	5.39	4.80	0	0				
07/12/2018	3.3.2	Gaze Project	O4	3	M	Bilingual	G130	06/09/2018	89100	1280 x 720		Raw Data	Ord4_T4_R.avi	190	0	900	720									50499	10:16:39.520	1536226373293430															0	4069		Fixation	8	362	301	4.33	90.00	178.01																				6058	590	545	552	301	571	423	381	423	236.83	70.32	221.56	168.91	229.20	119.62	289.49	203.23	754.51	335.81	213.67	776.82					779.63	779.63	4.45	4.61	0	0				
07/12/2018	3.3.2	Gaze Project	O4	3	M	Bilingual	G130	06/09/2018	89100	1280 x 720		Raw Data	Ord4_T4_R.avi	190	0	900	720									50508	10:16:39.528	1536226373301786															0	4070		Fixation	8	367	341	1.18	277.10	187.10																				6059	556	410	557	341	556	375	366	375	223.30	124.83	223.76	152.53	223.53	138.68	289.48	202.51	752.83	335.78	213.45	776.21					777.81	777.81	4.36	4.79	0	0				
07/12/2018	3.3.2	Gaze Project	O4	3	M	Bilingual	G130	06/09/2018	89100	1280 x 720		Raw Data	Ord4_T4_R.avi	190	0	900	720									50516	10:16:39.537	1536226373310157															0			Unclassified	8																									6060	614	496			614	496	424	496	246.40	90.31					289.33	202.64	752.78		-34.01						777.79		4.48		0	4				
07/12/2018	3.3.2	Gaze Project	O4	3	M	Bilingual	G130	06/09/2018	89100	1280 x 720		Raw Data	Ord4_T4_R.avi	190	0	900	720									50524	10:16:39.545	1536226373318439															0	4071		Fixation	8	360	391	1.47	262.06	344.95																				6061	581	431	550	391	565	411	375	411	233.15	116.29	220.64	132.48	226.89	124.39	289.34	202.64	752.78	335.79	213.49	776.39					777.79	777.79	4.26	4.73	0	0				
07/12/2018	3.3.2	Gaze Project	O4	3	M	Bilingual	G130	06/09/2018	89100	1280 x 720		Raw Data	Ord4_T4_R.avi	190	0	900	720									50533	10:16:39.553	1536226373326775															0	4072		Fixation	8	337	489	2.89	256.83	354.78																				6062	608	553	527	489	567	521	377	521	243.86	67.25	211.59	93.14	227.72	80.19	289.47	202.48	752.77	335.82	213.64	776.87					777.75	777.75	4.54	4.94	0	0				
07/12/2018	3.3.2	Gaze Project	O4	3	M	Bilingual	G130	06/09/2018	89100	1280 x 720		Raw Data	Ord4_T4_R.avi	190	0	900	720									50541	10:16:39.562	1536226373335109															0			Unclassified	8																									6063	590	541			590	541	400	541	236.87	71.99					289.33	202.62	752.71		-34.01						777.73		4.48		0	4				
07/12/2018	3.3.2	Gaze Project	O4	3	M	Bilingual	G130	06/09/2018	89100	1280 x 720		Raw Data	Ord4_T4_R.avi	190	0	900	720									50549	10:16:39.570	1536226373343461															0	4073		Fixation	8	379	280	6.18	78.67	181.84																				6064	584	502	569	280	576	391	386	391	234.46	87.71	228.21	177.32	231.34	132.52	289.33	202.63	752.71	335.70	212.89	774.54					777.73	777.73	4.47	4.67	0	0				
07/12/2018	3.3.2	Gaze Project	O4	3	M	Bilingual	G130	06/09/2018	89100	1280 x 720		Raw Data	Ord4_T4_R.avi	190	0	900	720									50558	10:16:39.578	1536226373351826															0	4074		Fixation	8	351	474	5.70	261.81	183.14																				6065	585	501	541	474	563	487	373	487	234.66	88.27	217.36	98.95	226.01	93.61	289.33	202.65	752.70	335.79	213.44	776.21					777.73	777.73	4.50	5.00	0	0				
07/12/2018	3.3.2	Gaze Project	O4	3	M	Bilingual	G130	06/09/2018	89100	1280 x 720		Raw Data	Ord4_T4_R.avi	190	0	900	720									50566	10:16:39.587	1536226373360098															0	4075		Fixation	8	407	427	2.09	40.10	138.28																				6066	581	422	597	427	589	424	399	424	233.19	120.08	239.68	117.80	236.44	118.94	289.54	202.75	753.55	335.79	213.41	776.09					778.57	778.57	4.15	4.99	0	0				
07/12/2018	3.3.2	Gaze Project	O4	3	M	Bilingual	G130	06/09/2018	89100	1280 x 720		Raw Data	Ord4_T4_R.avi	190	0	900	720									50574	10:16:39.595	1536226373368428															0	4076		Fixation	8	354	422	1.57	174.59	134.50																				6067	578	356	544	422	561	389	371	389	231.97	146.71	218.25	120.10	225.11	133.41	289.54	202.78	753.59	334.14	203.88	746.38					778.62	778.62	3.98	4.59	0	0				
07/12/2018	3.3.2	Gaze Project	O4	3	M	Bilingual	G130	06/09/2018	89100	1280 x 720		Raw Data	Ord4_T4_R.avi	190	0	900	720									50583	10:16:39.603	1536226373376783															0			Unclassified	8																									6068	544	238			544	238	354	238	218.46	194.27					289.34	221.29	811.45		-34.01						839.31		3.94		0	4				
07/12/2018	3.3.2	Gaze Project	O4	3	M	Bilingual	G130	06/09/2018	89100	1280 x 720		Raw Data	Ord4_T4_R.avi	190	0	900	720									50591	10:16:39.612	1536226373385142															0			Unclassified	8																									6069	571	276			571	276	381	276	229.17	178.90					289.40	202.98	753.51		-34.01						778.60		3.95		0	4				
07/12/2018	3.3.2	Gaze Project	O4	3	M	Bilingual	G130	06/09/2018	89100	1280 x 720		Raw Data	Ord4_T4_R.avi	190	0	900	720									50599	10:16:39.620	1536226373393496															0			Unclassified	8																									6070	571	392			571	392	381	392	229.07	132.08					289.48	203.11	754.34		-34.01						779.43		4.07		0	4				
07/12/2018	3.3.2	Gaze Project	O4	3	M	Bilingual	G130	06/09/2018	89100	1280 x 720		Raw Data	Ord4_T4_R.avi	190	0	900	720									50608	10:16:39.628	1536226373401757															0	4077		Fixation	8	397	312	3.45	68.71	254.12																				6071			587	312	587	312	397	312			235.45	164.28						336.96	219.98	795.98						0.00		4.89	4	0				
07/12/2018	3.3.2	Gaze Project	O4	3	M	Bilingual	G130	06/09/2018	89100	1280 x 720		Raw Data	Ord4_T4_R.avi	190	0	900	720									50616	10:16:39.637	1536226373410090															0	4078		Fixation	8	450	434	3.81	293.41	224.70																				6072	583	266	640	434	611	350	421	350	234.16	182.86	257.02	115.17	245.59	149.01	300.04	240.05	868.69	336.89	219.36	794.06					899.95	899.95	4.99	4.98	0	0				
07/12/2018	3.3.2	Gaze Project	O4	3	M	Bilingual	G130	06/09/2018	89100	1280 x 720		Raw Data	Ord4_T4_R.avi	190	0	900	720									50624	10:16:39.645	1536226373418452															0	4079		Fixation	8	446	538	2.98	267.80	334.39																				6073	563	376	636	538	599	457	409	457	225.98	138.52	255.30	73.44	240.64	105.98	305.18	258.18	925.01	335.75	212.33	772.52					959.30	959.30	5.50	4.93	0	0				
07/12/2018	3.3.2	Gaze Project	O4	3	M	Bilingual	G130	06/09/2018	89100	1280 x 720		Raw Data	Ord4_T4_R.avi	190	0	900	720									50633	10:16:39.653	1536226373426809															0			Unclassified	8																									6074																			-34.01										4	4				
07/12/2018	3.3.2	Gaze Project	O4	3	M	Bilingual	G130	06/09/2018	89100	1280 x 720		Raw Data	Ord4_T4_R.avi	190	0	900	720									50641	10:16:39.662	1536226373435080															0	4080		Fixation	8	496	265	7.42	79.65	171.85																				6075	584	445	686	265	635	355	445	355	234.26	110.69	275.39	183.13	254.83	146.91	289.67	216.95	797.74	359.44	258.61	913.45					824.95	824.95	4.82	5.74	0	0				
07/12/2018	3.3.2	Gaze Project	O4	3	M	Bilingual	G130	06/09/2018	89100	1280 x 720		Raw Data	Ord4_T4_R.avi	190	0	900	720									50649	10:16:39.670	1536226373443426															0	4081		Fixation	8	461	533	7.22	262.58	182.93																				6076	634	421	651	533	642	477	452	477	254.55	120.21	261.35	75.50	257.95	97.86	289.69	203.06	754.05	335.87	212.89	774.21					779.15	779.15	4.75	4.97	0	0				
07/12/2018	3.3.2	Gaze Project	O4	3	M	Bilingual	G130	06/09/2018	89100	1280 x 720		Raw Data	Ord4_T4_R.avi	190	0	900	720									50658	10:16:39.678	1536226373451767															0			Unclassified	8																									6077																			-34.01										4	4				
07/12/2018	3.3.2	Gaze Project	O4	3	M	Bilingual	G130	06/09/2018	89100	1280 x 720		Raw Data	Ord4_T4_R.avi	190	0	900	720									50666	10:16:39.687	1536226373460124															0			Unclassified	8																									6078	635	513			635	513	445	513	254.84	83.44					291.08	207.69	768.05		-34.01						793.94		4.79		0	4				
07/12/2018	3.3.2	Gaze Project	O4	3	M	Bilingual	G130	06/09/2018	89100	1280 x 720		Raw Data	Ord4_T4_R.avi	190	0	900	720									50674	10:16:39.695	1536226373468480															0	4082		Fixation	8	411	572	1.83	218.04	315.46																				6079			601	572	601	572	411	572			241.22	59.73						335.61	206.83	754.93						0.00		4.50	4	0				
07/12/2018	3.3.2	Gaze Project	O4	3	M	Bilingual	G130	06/09/2018	89100	1280 x 720		Raw Data	Ord4_T4_R.avi	190	0	900	720									50683	10:16:39.703	1536226373476747															0	4083		Fixation	8	404	523	1.45	98.10	240.06																				6080	651	379	594	523	622	451	432	451	261.40	137.43	238.51	79.19	249.96	108.31	289.86	203.95	757.30	336.24	208.12	758.97					782.52	782.52	4.04	4.43	0	0				
07/12/2018	3.3.2	Gaze Project	O4	3	M	Bilingual	G130	06/09/2018	89100	1280 x 720		Raw Data	Ord4_T4_R.avi	190	0	900	720									50691	10:16:39.712	1536226373485073															0	4084		Fixation	8	419	550	0.91	298.98	200.87																				6081	667	482	609	550	638	516	448	516	267.61	95.88	244.66	68.38	256.14	82.13	289.90	203.09	754.20	336.43	208.45	760.06					779.31	779.31	4.57	4.71	0	0				
07/12/2018	3.3.2	Gaze Project	O4	3	M	Bilingual	G130	06/09/2018	89100	1280 x 720		Raw Data	Ord4_T4_R.avi	190	0	900	720									50699	10:16:39.720	1536226373493442															0	4085		Fixation	8	421	516	1.00	86.64	147.67																				6082	638	519	611	516	624	517	434	517	255.94	81.07	245.30	82.19	250.62	81.63	289.92	203.20	754.16	334.46	203.95	746.74					779.30	779.30	4.74	4.46	0	0				
07/12/2018	3.3.2	Gaze Project	O4	3	M	Bilingual	G130	06/09/2018	89100	1280 x 720		Raw Data	Ord4_T4_R.avi	190	0	900	720									50708	10:16:39.728	1536226373501792															0	4086		Fixation	8	443	439	2.40	74.10	347.46																				6083	627	347	633	439	630	393	440	393	251.69	150.22	254.12	113.20	252.91	131.71	289.94	203.80	756.93	334.48	203.88	746.63					782.12	782.12	4.04	4.21	0	0				
07/12/2018	3.3.2	Gaze Project	O4	3	M	Bilingual	G130	06/09/2018	89100	1280 x 720		Raw Data	Ord4_T4_R.avi	190	0	900	720									50716	10:16:39.737	1536226373510070															0	4087		Fixation	8	383	578	4.46	246.72	172.62																				6084			573	578	573	578	383	578			229.83	57.16						336.29	207.89	758.57						0.00		4.63	4	0				
07/12/2018	3.3.2	Gaze Project	O4	3	M	Bilingual	G130	06/09/2018	89100	1280 x 720		Raw Data	Ord4_T4_R.avi	190	0	900	720									50724	10:16:39.745	1536226373518405															0	4088		Fixation	8	450	473	3.64	57.54	170.82																				6085			640	473	640	473	450	473			256.87	99.46						335.61	206.29	753.75						0.00		4.33	4	0				
07/12/2018	3.3.2	Gaze Project	O4	3	M	Bilingual	G130	06/09/2018	89100	1280 x 720		Raw Data	Ord4_T4_R.avi	190	0	900	720									50733	10:16:39.753	1536226373526742															0	4089		Fixation	8	455	503	0.90	279.43	221.89																				6086	637	315	645	503	641	409	451	409	255.77	162.98	258.94	87.23	257.36	125.11	290.03	202.95	753.97	336.87	209.00	762.12					779.05	779.05	3.65	4.41	0	0				
07/12/2018	3.3.2	Gaze Project	O4	3	M	Bilingual	G130	06/09/2018	89100	1280 x 720		Raw Data	Ord4_T4_R.avi	190	0	900	720									50741	10:16:39.762	1536226373535103															0	4090		Fixation	8	345	555	3.53	205.37	285.94																				6087	572	269	535	555	553	412	363	412	229.47	181.48	214.88	66.38	222.18	123.93	290.03	204.53	759.28	336.43	207.91	758.77					784.59	784.59	4.05	4.67	0	0				
07/12/2018	3.3.2	Gaze Project	O4	3	M	Bilingual	G130	06/09/2018	89100	1280 x 720		Raw Data	Ord4_T4_R.avi	190	0	900	720									50749	10:16:39.770	1536226373543462															0			Unclassified	8																									6088	602	460			602	460	412	460	241.85	104.85					290.08	202.89	753.77		-34.01						778.84		4.22		0	4				
07/12/2018	3.3.2	Gaze Project	O4	3	M	Bilingual	G130	06/09/2018	89100	1280 x 720		Raw Data	Ord4_T4_R.avi	190	0	900	720									50758	10:16:39.778	1536226373551732															0	4091		Fixation	8	425	507	2.73	31.05	185.67																				6089	610	337	615	507	612	422	422	422	244.72	154.10	246.78	85.61	245.75	119.86	290.01	211.97	782.44	334.45	203.39	745.31					808.89	808.89	4.61	4.53	0	0				
07/12/2018	3.3.2	Gaze Project	O4	3	M	Bilingual	G130	06/09/2018	89100	1280 x 720		Raw Data	Ord4_T4_R.avi	190	0	900	720									50766	10:16:39.787	1536226373560082															0	4092		Fixation	8	436	549	1.31	284.63	253.59																				6090	687	635	626	549	656	592	466	592	275.74	34.15	251.22	68.77	263.48	51.46	290.04	203.03	753.71	334.56	203.28	745.35					778.83	778.83	4.64	4.61	0	0				
07/12/2018	3.3.2	Gaze Project	O4	3	M	Bilingual	G130	06/09/2018	89100	1280 x 720		Raw Data	Ord4_T4_R.avi	190	0	900	720									50774	10:16:39.795	1536226373568416															0	4093		Fixation	8	431	515	1.00	98.34	173.71																				6091	616	453	621	515	618	484	428	484	247.38	107.62	249.42	82.55	248.40	95.09	290.10	202.87	753.62	337.30	218.95	793.45					778.69	778.69	4.39	4.90	0	0				
07/12/2018	3.3.2	Gaze Project	O4	3	M	Bilingual	G130	06/09/2018	89100	1280 x 720		Raw Data	Ord4_T4_R.avi	190	0	900	720									50783	10:16:39.803	1536226373576774															0	4094		Fixation	8	505	465	2.60	34.13	295.79																				6092	624	527	695	465	659	496	469	496	250.44	77.65	279.16	102.79	264.80	90.22	290.11	202.87	753.59	334.38	203.54	745.24					778.67	778.67	4.41	4.56	0	0				
07/12/2018	3.3.2	Gaze Project	O4	3	M	Bilingual	G130	06/09/2018	89100	1280 x 720		Raw Data	Ord4_T4_R.avi	190	0	900	720									50791	10:16:39.812	1536226373585131															0	4095		Fixation	8	458	288	5.01	104.83	70.69																				6093	613	499	648	288	630	393	440	393	245.98	89.12	259.94	174.15	252.96	131.63	290.16	202.76	753.64	360.58	259.82	917.75					778.68	778.68	4.55	5.65	0	0				
07/12/2018	3.3.2	Gaze Project	O4	3	M	Bilingual	G130	06/09/2018	89100	1280 x 720		Raw Data	Ord4_T4_R.avi	190	0	900	720									50799	10:16:39.820	1536226373593400															0	4096		Fixation	8	421	556	7.30	262.16	157.34																				6094	636	395	611	556	623	475	433	475	255.43	130.68	245.08	65.96	250.25	98.32	290.19	202.95	753.72	334.66	203.34	745.32					778.82	778.82	4.26	4.65	0	0				
07/12/2018	3.3.2	Gaze Project	O4	3	M	Bilingual	G130	06/09/2018	89100	1280 x 720		Raw Data	Ord4_T4_R.avi	190	0	900	720									50808	10:16:39.828	1536226373601723															0	4097		Fixation	8	548	244	9.10	67.92	165.75																				6095			738	244	738	244	548	244			296.42	191.62						360.86	260.45	919.45						0.00		5.65	4	0				
07/12/2018	3.3.2	Gaze Project	O4	3	M	Bilingual	G130	06/09/2018	89100	1280 x 720		Raw Data	Ord4_T4_R.avi	190	0	900	720									50816	10:16:39.837	1536226373610071															0			Unclassified	8																									6096	608	568			608	568	418	568	244.17	61.25					290.16	202.89	753.75		-34.01						778.83		4.48		0	4				
07/12/2018	3.3.2	Gaze Project	O4	3	M	Bilingual	G130	06/09/2018	89100	1280 x 720		Raw Data	Ord4_T4_R.avi	190	0	900	720									50824	10:16:39.845	1536226373618442															0	4098		Fixation	8	445	551	8.76	251.51	183.59																				6097	642	542	635	551	638	546	448	546	257.59	71.68	254.79	67.86	256.19	69.77	290.17	202.92	753.74	334.70	204.00	746.64					778.83	778.83	4.61	4.67	0	0				
07/12/2018	3.3.2	Gaze Project	O4	3	M	Bilingual	G130	06/09/2018	89100	1280 x 720		Raw Data	Ord4_T4_R.avi	190	0	900	720									50833	10:16:39.853	1536226373626724															0			Unclassified	8																									6098	651	475			651	475	461	475	261.22	98.49					290.11	217.02	797.48		-34.01						824.74		4.95		0	4				
07/12/2018	3.3.2	Gaze Project	O4	3	M	Bilingual	G130	06/09/2018	89100	1280 x 720		Raw Data	Ord4_T4_R.avi	190	0	900	720									50841	10:16:39.862	1536226373635071															0	4099		Fixation	8	457	554	0.37	345.92	94.41																				6099	612	563	647	554	629	558	439	558	245.83	63.21	259.55	66.95	252.69	65.08	290.24	202.89	753.03	334.78	204.17	746.57					778.15	778.15	4.54	4.78	0	0				
07/12/2018	3.3.2	Gaze Project	O4	3	M	Bilingual	G130	06/09/2018	89100	1280 x 720		Raw Data	Ord4_T4_R.avi	190	0	900	720									50849	10:16:39.870	1536226373643392															0	4100		Fixation	8	470	588	1.09	290.86	304.94																				6100	590	541	660	588	625	564	435	564	236.99	71.97	264.85	53.31	250.92	62.64	290.12	218.37	801.45	334.78	204.20	746.56					828.94	828.94	4.85	4.69	0	0				
07/12/2018	3.3.2	Gaze Project	O4	3	M	Bilingual	G130	06/09/2018	89100	1280 x 720		Raw Data	Ord4_T4_R.avi	190	0	900	720									50858	10:16:39.878	1536226373651755															0	4101		Fixation	8	460	566	0.72	114.37	183.51																				6101			650	566	650	566	460	566			260.97	62.08						334.85	203.98	746.65						0.00		4.76	4	0				
07/12/2018	3.3.2	Gaze Project	O4	3	M	Bilingual	G130	06/09/2018	89100	1280 x 720		Raw Data	Ord4_T4_R.avi	190	0	900	720									50866	10:16:39.887	1536226373660102															0			Unclassified	8																									6102	586	510			586	510	396	510	235.22	84.69					290.18	222.08	812.84		-34.01						840.91		5.06		0	4				
07/12/2018	3.3.2	Gaze Project	O4	3	M	Bilingual	G130	06/09/2018	89100	1280 x 720		Raw Data	Ord4_T4_R.avi	190	0	900	720									50874	10:16:39.895	1536226373668385															0	4102		Fixation	8	471	557	0.42	39.38	285.01																				6103	629	551	661	557	645	554	455	554	252.66	68.00	265.35	65.48	259.01	66.74	290.27	203.02	753.06	334.72	203.77	745.45					778.21	778.21	4.57	4.76	0	0				
07/12/2018	3.3.2	Gaze Project	O4	3	M	Bilingual	G130	06/09/2018	89100	1280 x 720		Raw Data	Ord4_T4_R.avi	190	0	900	720									50883	10:16:39.903	1536226373676713															0			Unclassified	8																									6104	660	470			660	470	470	470	264.77	100.72					290.30	203.11	753.28		-34.01						778.46		4.34		0	4				
07/12/2018	3.3.2	Gaze Project	O4	3	M	Bilingual	G130	06/09/2018	89100	1280 x 720		Raw Data	Ord4_T4_R.avi	190	0	900	720									50891	10:16:39.912	1536226373685067															0	4103		Fixation	8	476	537	0.61	76.01	36.63																				6105	659	315	666	537	662	426	472	426	264.69	163.19	267.26	73.51	265.98	118.35	290.23	203.26	753.22	334.75	203.86	745.60					778.44	778.44	3.72	4.68	0	0				
07/12/2018	3.3.2	Gaze Project	O4	3	M	Bilingual	G130	06/09/2018	89100	1280 x 720		Raw Data	Ord4_T4_R.avi	190	0	900	720									50899	10:16:39.920	1536226373693435															0			Unclassified	8																									6106	689	376			689	376	499	376	276.57	138.48					290.27	203.45	754.19		-34.01						779.43		3.94		0	4				
07/12/2018	3.3.2	Gaze Project	O4	3	M	Bilingual	G130	06/09/2018	89100	1280 x 720		Raw Data	Ord4_T4_R.avi	190	0	900	720									50908	10:16:39.928	1536226373701781															0			Unclassified	8																									6107	566	513			566	513	376	513	227.33	83.19					290.22	220.75	808.26		-34.01						836.14		5.08		0	4				
07/12/2018	3.3.2	Gaze Project	O4	3	M	Bilingual	G130	06/09/2018	89100	1280 x 720		Raw Data	Ord4_T4_R.avi	190	0	900	720									50916	10:16:39.937	1536226373710047															0			Unclassified	8																									6108	637	490			637	490	447	490	255.53	92.59					290.36	202.95	752.52		-34.01						777.69		4.36		0	4				
07/12/2018	3.3.2	Gaze Project	O4	3	M	Bilingual	G130	06/09/2018	89100	1280 x 720		Raw Data	Ord4_T4_R.avi	190	0	900	720									50924	10:16:39.945	1536226373718376															0			Unclassified	8																									6109	616	399			616	399	426	399	247.14	129.33					290.37	203.17	753.13		-34.01						778.33		4.05		0	4				
07/12/2018	3.3.2	Gaze Project	O4	3	M	Bilingual	G130	06/09/2018	89100	1280 x 720		Raw Data	Ord4_T4_R.avi	190	0	900	720									50933	10:16:39.953	1536226373726741															0	4104		Fixation	8	417	547	1.79	189.65	113.64																				6110	602	430	607	547	604	488	414	488	241.75	116.84	243.81	69.66	242.78	93.25	306.01	258.88	925.41	334.93	203.88	745.38					959.94	959.94	5.48	4.64	0	0				
07/12/2018	3.3.2	Gaze Project	O4	3	M	Bilingual	G130	06/09/2018	89100	1280 x 720		Raw Data	Ord4_T4_R.avi	190	0	900	720									50941	10:16:39.962	1536226373735095															0	4105		Fixation	8	419	554	0.21	285.90	96.25																				6111	620	507	609	554	614	530	424	530	248.75	85.87	244.58	66.77	246.67	76.32	290.34	202.84	752.02	337.47	218.23	789.72					777.17	777.17	4.39	5.05	0	0				
07/12/2018	3.3.2	Gaze Project	O4	3	M	Bilingual	G130	06/09/2018	89100	1280 x 720		Raw Data	Ord4_T4_R.avi	190	0	900	720									50949	10:16:39.970	1536226373743373															0	4106		Fixation	8	489	420	4.26	62.49	136.60																				6112	609	565	679	420	644	492	454	492	244.51	62.62	272.67	120.99	258.59	91.81	290.38	203.00	752.48	337.62	219.09	792.33					777.66	777.66	4.48	5.04	0	0				
07/12/2018	3.3.2	Gaze Project	O4	3	M	Bilingual	G130	06/09/2018	89100	1280 x 720		Raw Data	Ord4_T4_R.avi	190	0	900	720									50958	10:16:39.978	1536226373751722															0	4107		Fixation	8	453	466	1.66	232.04	169.55																				6113			643	466	643	466	453	466			257.99	102.39						337.37	217.62	787.78						0.00		4.96	4	0				
07/12/2018	3.3.2	Gaze Project	O4	3	M	Bilingual	G130	06/09/2018	89100	1280 x 720		Raw Data	Ord4_T4_R.avi	190	0	900	720									50966	10:16:39.987	1536226373760048															0	4108		Fixation	8	436	493	0.93	237.89	5.84																				6114	615	501	626	493	620	497	430	497	246.73	88.35	251.40	91.29	249.06	89.82	290.39	203.01	752.47	334.96	203.80	745.41					777.66	777.66	4.25	4.58	0	0				
07/12/2018	3.3.2	Gaze Project	O4	3	M	Bilingual	G130	06/09/2018	89100	1280 x 720		Raw Data	Ord4_T4_R.avi	190	0	900	720									50974	10:16:39.995	1536226373768395															0	4109		Fixation	8	397	581	2.76	246.17	8.28																				6115	640	551	587	581	613	566	423	566	256.74	67.95	235.66	56.18	246.20	62.06	290.40	203.01	752.47	337.53	218.45	790.29					777.66	777.66	4.44	5.10	0	0				
07/12/2018	3.3.2	Gaze Project	O4	3	M	Bilingual	G130	06/09/2018	89100	1280 x 720		Raw Data	Ord4_T4_R.avi	190	0	900	720									50983	10:16:40.003	1536226373776764															0			Unclassified	8																									6116	654	455			654	455	464	455	262.39	106.75					290.40	202.99	752.40		-34.01						777.58		4.08		0	4				
07/12/2018	3.3.2	Gaze Project	O4	3	M	Bilingual	G130	06/09/2018	89100	1280 x 720		Raw Data	Ord4_T4_R.avi	190	0	900	720									50991	10:16:40.012	1536226373785023															0	4110		Fixation	8	464	518	2.64	43.33	157.16																				6117			654	518	654	518	464	518			262.37	81.18						334.97	203.81	745.41						0.00		4.69	4	0				
07/12/2018	3.3.2	Gaze Project	O4	3	M	Bilingual	G130	06/09/2018	89100	1280 x 720		Raw Data	Ord4_T4_R.avi	190	0	900	720									50999	10:16:40.020	1536226373793363															0	4111		Fixation	8	452	526	0.42	213.78	170.45																				6118	643	544	642	526	642	535	452	535	258.27	70.99	257.57	78.28	257.92	74.64	290.35	202.87	752.45	337.56	218.57	790.60					777.59	777.59	4.53	5.23	0	0				
07/12/2018	3.3.2	Gaze Project	O4	3	M	Bilingual	G130	06/09/2018	89100	1280 x 720		Raw Data	Ord4_T4_R.avi	190	0	900	720									51008	10:16:40.028	1536226373801723															0	4112		Fixation	8	452	457	1.95	90.00	236.22																				6119	628	509	642	457	635	483	445	483	252.18	84.86	257.69	105.87	254.93	95.37	290.41	203.01	752.44	337.52	218.32	789.83					777.63	777.63	4.43	4.87	0	0				
07/12/2018	3.3.2	Gaze Project	O4	3	M	Bilingual	G130	06/09/2018	89100	1280 x 720		Raw Data	Ord4_T4_R.avi	190	0	900	720									51016	10:16:40.037	1536226373810078															0	4113		Fixation	8	507	354	3.33	61.98	331.98																				6120	664	305	697	354	680	329	490	329	266.55	167.23	279.92	147.51	273.24	157.37	290.32	202.88	751.57	337.64	218.99	791.87					776.76	776.76	3.73	4.83	0	0				
07/12/2018	3.3.2	Gaze Project	O4	3	M	Bilingual	G130	06/09/2018	89100	1280 x 720		Raw Data	Ord4_T4_R.avi	190	0	900	720									51024	10:16:40.045	1536226373818434															0	4114		Fixation	8	467	536	5.30	257.64	195.67																				6121	619	568	657	536	638	552	448	552	248.62	61.05	263.82	74.28	256.22	67.66	290.37	202.78	751.74	337.62	218.92	791.68					776.90	776.90	4.52	5.02	0	0				
07/12/2018	3.3.2	Gaze Project	O4	3	M	Bilingual	G130	06/09/2018	89100	1280 x 720		Raw Data	Ord4_T4_R.avi	190	0	900	720									51033	10:16:40.053	1536226373826696															0	4115		Fixation	8	469	536	0.06	0.00	102.36																				6122	631	519	659	536	645	527	455	527	253.32	81.03	264.57	74.08	258.95	77.55	290.32	216.12	793.70	337.58	218.65	790.91					820.88	820.88	4.93	4.94	0	0				
07/12/2018	3.3.2	Gaze Project	O4	3	M	Bilingual	G130	06/09/2018	89100	1280 x 720		Raw Data	Ord4_T4_R.avi	190	0	900	720									51041	10:16:40.062	1536226373835034															0	4116		Fixation	8	454	429	3.07	97.95	97.95																				6123	594	593	644	429	619	511	429	511	238.54	51.30	258.45	117.37	248.50	84.34	290.51	202.63	751.81	337.47	218.04	789.04					776.91	776.91	4.63	4.75	0	0				
07/12/2018	3.3.2	Gaze Project	O4	3	M	Bilingual	G130	06/09/2018	89100	1280 x 720		Raw Data	Ord4_T4_R.avi	190	0	900	720									51049	10:16:40.070	1536226373843389															0	4117		Fixation	8	485	469	1.45	307.69	209.73																				6124			675	469	675	469	485	469			270.88	101.03						337.66	219.09	792.25						0.00		4.91	4	0				
07/12/2018	3.3.2	Gaze Project	O4	3	M	Bilingual	G130	06/09/2018	89100	1280 x 720		Raw Data	Ord4_T4_R.avi	190	0	900	720									51058	10:16:40.078	1536226373851747															0			Unclassified	8																									6125	642	521			642	521	452	521	257.86	80.27					290.31	217.64	798.39		-34.01						825.81		4.83		0	4				
07/12/2018	3.3.2	Gaze Project	O4	3	M	Bilingual	G130	06/09/2018	89100	1280 x 720		Raw Data	Ord4_T4_R.avi	190	0	900	720									51066	10:16:40.087	1536226373860025															0			Unclassified	8																									6126	615	568			615	568	425	568	246.74	61.15					290.32	216.99	796.38		-34.01						823.69		4.85		0	4				
07/12/2018	3.3.2	Gaze Project	O4	3	M	Bilingual	G130	06/09/2018	89100	1280 x 720		Raw Data	Ord4_T4_R.avi	190	0	900	720									51074	10:16:40.095	1536226373868365															0			Unclassified	8																									6127	593	513			593	513	403	513	238.12	83.38					290.48	202.80	751.86		-34.01						777.02		4.33		0	4				
07/12/2018	3.3.2	Gaze Project	O4	3	M	Bilingual	G130	06/09/2018	89100	1280 x 720		Raw Data	Ord4_T4_R.avi	190	0	900	720									51083	10:16:40.103	1536226373876702															0	4118		Fixation	8	443	549	2.57	242.38	294.69																				6128	541	550	633	549	587	549	397	549	217.32	68.64	254.11	69.05	235.72	68.84	290.29	229.81	836.21	336.51	212.15	770.98					865.51	865.51	4.94	4.78	0	0				
07/12/2018	3.3.2	Gaze Project	O4	3	M	Bilingual	G130	06/09/2018	89100	1280 x 720		Raw Data	Ord4_T4_R.avi	190	0	900	720									51091	10:16:40.112	1536226373885059															0			Unclassified	8																									6129	643	617			643	617	453	617	258.12	41.32					290.49	202.66	751.92		-34.01						777.03		4.75		0	4				
07/12/2018	3.3.2	Gaze Project	O4	3	M	Bilingual	G130	06/09/2018	89100	1280 x 720		Raw Data	Ord4_T4_R.avi	190	0	900	720									51099	10:16:40.120	1536226373893414															0	4119		Fixation	8	476	550	0.96	358.26	115.88																				6130	589	523	666	550	627	536	437	536	236.41	79.45	267.39	68.49	251.90	73.97	290.48	202.91	751.82	336.53	212.16	771.02					777.01	777.01	4.34	4.89	0	0				
07/12/2018	3.3.2	Gaze Project	O4	3	M	Bilingual	G130	06/09/2018	89100	1280 x 720		Raw Data	Ord4_T4_R.avi	190	0	900	720									51108	10:16:40.128	1536226373901689															0	4120		Fixation	8	421	469	2.86	124.09	125.83																				6131	626	319	611	469	618	394	428	394	251.20	161.43	245.22	101.17	248.21	131.30	290.42	202.91	751.82	336.61	212.65	772.53					777.01	777.01	3.82	4.70	0	0				
07/12/2018	3.3.2	Gaze Project	O4	3	M	Bilingual	G130	06/09/2018	89100	1280 x 720		Raw Data	Ord4_T4_R.avi	190	0	900	720									51116	10:16:40.137	1536226373910030															0			Unclassified	8																									6132	608	584			608	584	418	584	243.92	54.69					290.43	202.72	751.73		-34.01						776.87		4.47		0	4				
07/12/2018	3.3.2	Gaze Project	O4	3	M	Bilingual	G130	06/09/2018	89100	1280 x 720		Raw Data	Ord4_T4_R.avi	190	0	900	720									51124	10:16:40.145	1536226373918374															0			Unclassified	8																									6133	628	452			628	452	438	452	252.01	107.95					290.42	202.71	751.71		-34.01						776.85		4.18		0	4				
07/12/2018	3.3.2	Gaze Project	O4	3	M	Bilingual	G130	06/09/2018	89100	1280 x 720		Raw Data	Ord4_T4_R.avi	190	0	900	720									51133	10:16:40.153	1536226373926730															0	4121		Fixation	8	534	508	3.51	340.90	216.81																				6134	617	533	724	508	670	520	480	520	247.64	75.49	290.78	85.49	269.21	80.49	290.42	202.68	751.64	336.53	212.12	770.95					776.77	776.77	4.28	4.83	0	0				
07/12/2018	3.3.2	Gaze Project	O4	3	M	Bilingual	G130	06/09/2018	89100	1280 x 720		Raw Data	Ord4_T4_R.avi	190	0	900	720									51141	10:16:40.162	1536226373935085															0			Unclassified	8																									6135	647	421			647	421	457	421	259.66	120.21					290.41	202.67	751.63		-34.01						776.76		4.04		0	4				
07/12/2018	3.3.2	Gaze Project	O4	3	M	Bilingual	G130	06/09/2018	89100	1280 x 720		Raw Data	Ord4_T4_R.avi	190	0	900	720									51149	10:16:40.170	1536226373943343															0			Unclassified	8																									6136	606	398			606	398	416	398	243.16	129.74					295.26	219.98	804.86		-34.01						832.89		4.34		0	4				
07/12/2018	3.3.2	Gaze Project	O4	3	M	Bilingual	G130	06/09/2018	89100	1280 x 720		Raw Data	Ord4_T4_R.avi	190	0	900	720									51158	10:16:40.178	1536226373951683															0			Unclassified	8																									6137	641	559			641	559	451	559	257.23	64.90					290.40	202.62	751.50		-34.01						776.62		4.43		0	4				
07/12/2018	3.3.2	Gaze Project	O4	3	M	Bilingual	G130	06/09/2018	89100	1280 x 720		Raw Data	Ord4_T4_R.avi	190	0	900	720									51166	10:16:40.187	1536226373960046															0	4122		Fixation	8	466	516	2.00	186.73	205.83																				6138	607	514	656	516	631	515	441	515	243.46	82.83	263.32	82.15	253.39	82.49	290.40	202.63	751.50	336.62	212.76	772.81					776.62	776.62	4.44	4.90	0	0				
07/12/2018	3.3.2	Gaze Project	O4	3	M	Bilingual	G130	06/09/2018	89100	1280 x 720		Raw Data	Ord4_T4_R.avi	190	0	900	720									51174	10:16:40.195	1536226373968400															0			Unclassified	8																									6139	625	585			625	585	435	585	250.74	54.23					290.40	202.49	751.56		-34.01						776.63		4.55		0	4				
07/12/2018	3.3.2	Gaze Project	O4	3	M	Bilingual	G130	06/09/2018	89100	1280 x 720		Raw Data	Ord4_T4_R.avi	190	0	900	720									51183	10:16:40.203	1536226373976668															0			Unclassified	8																									6140	608	609			608	609	418	609	244.22	44.80					290.39	202.42	750.87		-34.01						775.95		4.57		0	4				
07/12/2018	3.3.2	Gaze Project	O4	3	M	Bilingual	G130	06/09/2018	89100	1280 x 720		Raw Data	Ord4_T4_R.avi	190	0	900	720									51191	10:16:40.212	1536226373985006															0	4123		Fixation	8	451	566	1.50	253.35	66.62																				6141	613	614	641	566	627	590	437	590	245.91	42.80	257.33	62.02	251.62	52.41	290.38	202.40	750.82	336.51	212.25	771.15					775.90	775.90	4.53	4.85	0	0				
07/12/2018	3.3.2	Gaze Project	O4	3	M	Bilingual	G130	06/09/2018	89100	1280 x 720		Raw Data	Ord4_T4_R.avi	190	0	900	720									51199	10:16:40.220	1536226373993354															0	4124		Fixation	8	468	570	0.51	346.72	93.37																				6142			658	570	658	570	468	570			264.08	60.36						336.39	211.64	769.23						0.00		4.92	4	0				
07/12/2018	3.3.2	Gaze Project	O4	3	M	Bilingual	G130	06/09/2018	89100	1280 x 720		Raw Data	Ord4_T4_R.avi	190	0	900	720									51208	10:16:40.228	1536226374001700															0			Unclassified	8																									6143																			-34.01										4	4				
07/12/2018	3.3.2	Gaze Project	O4	3	M	Bilingual	G130	06/09/2018	89100	1280 x 720		Raw Data	Ord4_T4_R.avi	190	0	900	720									51216	10:16:40.237	1536226374010068															0	4125		Fixation	8	414	481	3.04	121.17	134.45																				6144	590	547	604	481	597	514	407	514	236.64	69.69	242.48	96.28	239.56	82.98	290.37	202.38	750.71	336.39	211.73	769.36					775.79	775.79	4.32	4.68	0	0				
07/12/2018	3.3.2	Gaze Project	O4	3	M	Bilingual	G130	06/09/2018	89100	1280 x 720		Raw Data	Ord4_T4_R.avi	190	0	900	720									51224	10:16:40.245	1536226374018337															0	4126		Fixation	8	386	563	2.49	251.20	130.04																				6145			576	563	576	563	386	563			231.02	63.31						336.38	211.72	769.25						0.00		4.90	4	0				
07/12/2018	3.3.2	Gaze Project	O4	3	M	Bilingual	G130	06/09/2018	89100	1280 x 720		Raw Data	Ord4_T4_R.avi	190	0	900	720									51233	10:16:40.253	1536226374026665															0			Unclassified	8																									6146	629	570			629	570	439	570	252.46	60.37					290.32	202.23	750.18		-34.01						775.24		4.44		0	4				
07/12/2018	3.3.2	Gaze Project	O4	3	M	Bilingual	G130	06/09/2018	89100	1280 x 720		Raw Data	Ord4_T4_R.avi	190	0	900	720									51241	10:16:40.262	1536226374035025															0			Unclassified	8																									6147	618	593			618	593	428	593	247.96	51.24					290.35	202.54	751.12		-34.01						776.23		4.61		0	4				
07/12/2018	3.3.2	Gaze Project	O4	3	M	Bilingual	G130	06/09/2018	89100	1280 x 720		Raw Data	Ord4_T4_R.avi	190	0	900	720									51249	10:16:40.270	1536226374043380															0			Unclassified	8																									6148	578	529			578	529	388	529	231.82	76.96					290.13	225.62	823.19		-34.01						851.83		5.11		0	4				
07/12/2018	3.3.2	Gaze Project	O4	3	M	Bilingual	G130	06/09/2018	89100	1280 x 720		Raw Data	Ord4_T4_R.avi	190	0	900	720									51258	10:16:40.278	1536226374051622															0	4127		Fixation	8	460	537	2.22	19.42	128.21																				6149	647	416	650	537	648	476	458	476	259.84	122.36	260.95	73.55	260.40	97.96	290.34	202.74	751.63	337.64	219.21	791.80					776.77	776.77	3.95	5.09	0	0				
07/12/2018	3.3.2	Gaze Project	O4	3	M	Bilingual	G130	06/09/2018	89100	1280 x 720		Raw Data	Ord4_T4_R.avi	190	0	900	720									51266	10:16:40.287	1536226374059992															0			Unclassified	8																									6150	594	562			594	562	404	562	238.43	63.65					290.44	202.88	751.57		-34.01						776.77		4.40		0	4				
07/12/2018	3.3.2	Gaze Project	O4	3	M	Bilingual	G130	06/09/2018	89100	1280 x 720		Raw Data	Ord4_T4_R.avi	190	0	900	720									51274	10:16:40.295	1536226374068335															0			Unclassified	8																									6151	646	590			646	590	456	590	259.25	52.34					290.26	202.54	751.03		-34.01						776.14		4.46		0	4				
07/12/2018	3.3.2	Gaze Project	O4	3	M	Bilingual	G130	06/09/2018	89100	1280 x 720		Raw Data	Ord4_T4_R.avi	190	0	900	720									51283	10:16:40.303	1536226374076695															0			Unclassified	8																									6152	413	637			413	637	223	637	165.69	33.46					300.37	238.45	862.10		-34.01						893.21		5.14		0	4				
07/12/2018	3.3.2	Gaze Project	O4	3	M	Bilingual	G130	06/09/2018	89100	1280 x 720		Raw Data	Ord4_T4_R.avi	190	0	900	720									51291	10:16:40.312	1536226374085050															0			Unclassified	8																									6153																			-34.01										4	4				
07/12/2018	3.3.2	Gaze Project	O4	3	M	Bilingual	G130	06/09/2018	89100	1280 x 720		Raw Data	Ord4_T4_R.avi	190	0	900	720									51299	10:16:40.320	1536226374093297															0			Unclassified	8																									6154																			-34.01										4	4				
07/12/2018	3.3.2	Gaze Project	O4	3	M	Bilingual	G130	06/09/2018	89100	1280 x 720		Raw Data	Ord4_T4_R.avi	190	0	900	720									51308	10:16:40.328	1536226374101665															0	4128		Fixation	8	242	697	7.45	216.36	196.95																				6155	395	710	432	697	413	703	223	703	158.42	4.21	173.30	9.13	165.86	6.67	290.04	202.26	751.14	336.02	211.95	769.99					776.15	776.15	4.22	4.96	0	0				
07/12/2018	3.3.2	Gaze Project	O4	3	M	Bilingual	G130	06/09/2018	89100	1280 x 720		Raw Data	Ord4_T4_R.avi	190	0	900	720									51316	10:16:40.337	1536226374110004															0			Unclassified	8																									6156	393	705	288	693	340	699	150	699	157.64	6.11	115.65	10.93	136.64	8.52	295.01	220.42	806.65	313.85	210.18	769.71					834.72	834.72	4.72	4.67	1	3				
07/12/2018	3.3.2	Gaze Project	O4	3	M	Bilingual	G130	06/09/2018	89100	1280 x 720		Raw Data	Ord4_T4_R.avi	190	0	900	720									51324	10:16:40.345	1536226374118362															0			Unclassified	8																									6157	439	691	294	689	366	690	176	690	176.25	11.52	118.10	12.30	147.17	11.91	294.90	220.04	805.50	313.88	210.32	770.14					833.51	833.51	4.75	4.70	1	3				
07/12/2018	3.3.2	Gaze Project	O4	3	M	Bilingual	G130	06/09/2018	89100	1280 x 720		Raw Data	Ord4_T4_R.avi	190	0	900	720									51333	10:16:40.353	1536226374126721															0			Unclassified	8																									6158	443	759	170	727	306	743			177.65	-15.82	68.42	-2.87	123.03	-9.34	289.98	202.48	751.05	291.75	208.82	770.75					776.13	776.13	4.57	4.72	1	3				
07/12/2018	3.3.2	Gaze Project	O4	3	M	Bilingual	G130	06/09/2018	89100	1280 x 720		Raw Data	Ord4_T4_R.avi	190	0	900	720									51341	10:16:40.362	1536226374134988															0	4129		Fixation	8	251	677	0.59	65.84	209.48																				6159	351	665	441	677	396	671	206	671	140.95	21.98	177.10	17.45	159.02	19.72	289.79	212.23	782.27	336.90	217.26	786.29					808.80	808.80	4.52	4.83	0	0				
07/12/2018	3.3.2	Gaze Project	O4	3	M	Bilingual	G130	06/09/2018	89100	1280 x 720		Raw Data	Ord4_T4_R.avi	190	0	900	720									51349	10:16:40.370	1536226374143317															0	4130		Fixation	8	247	698	0.57	259.25	193.41																				6160			437	698	437	698	247	698			175.30	8.66						336.85	217.04	785.62						0.00		4.96	4	0				
07/12/2018	3.3.2	Gaze Project	O4	3	M	Bilingual	G130	06/09/2018	89100	1280 x 720		Raw Data	Ord4_T4_R.avi	190	0	900	720									51358	10:16:40.378	1536226374151675															0	4131		Fixation	8	261	694	0.39	15.99	116.74																				6161			451	694	451	694	261	694			180.95	10.33						336.91	217.45	786.89						0.00		4.84	4	0				
07/12/2018	3.3.2	Gaze Project	O4	3	M	Bilingual	G130	06/09/2018	89100	1280 x 720		Raw Data	Ord4_T4_R.avi	190	0	900	720									51366	10:16:40.387	1536226374160031															0			Unclassified	8																									6162																			-34.01										4	4				
07/12/2018	3.3.2	Gaze Project	O4	3	M	Bilingual	G130	06/09/2018	89100	1280 x 720		Raw Data	Ord4_T4_R.avi	190	0	900	720									51374	10:16:40.395	1536226374168303															0	4132		Fixation	8	228	680	1.00	156.94	140.95																				6163	428	730	418	680	423	705	233	705	171.61	-4.00	167.87	16.27	169.74	6.13	289.64	217.60	798.99	335.97	212.33	771.18					826.34	826.34	4.55	4.90	0	0				
07/12/2018	3.3.2	Gaze Project	O4	3	M	Bilingual	G130	06/09/2018	89100	1280 x 720		Raw Data	Ord4_T4_R.avi	190	0	900	720									51383	10:16:40.403	1536226374176654															0			Unclassified	8																									6164	443	662			443	662	253	662	177.71	23.46					289.61	218.97	803.21		-34.01						830.77		4.97		0	4				
07/12/2018	3.3.2	Gaze Project	O4	3	M	Bilingual	G130	06/09/2018	89100	1280 x 720		Raw Data	Ord4_T4_R.avi	190	0	900	720									51391	10:16:40.412	1536226374184991															0			Unclassified	8																									6165																			-34.01										4	4				
07/12/2018	3.3.2	Gaze Project	O4	3	M	Bilingual	G130	06/09/2018	89100	1280 x 720		Raw Data	Ord4_T4_R.avi	190	0	900	720									51399	10:16:40.420	1536226374193331															0	4133		Fixation	8	231	712	0.90	275.34	118.39																				6166	540	730	421	712	480	721			216.81	-3.88	168.89	3.42	192.85	-0.23	312.96	205.61	755.56	334.35	203.24	742.82					782.68	782.68	4.33	4.47	3	1				
07/12/2018	3.3.2	Gaze Project	O4	3	M	Bilingual	G130	06/09/2018	89100	1280 x 720		Raw Data	Ord4_T4_R.avi	190	0	900	720									51408	10:16:40.428	1536226374201708															0	4134		Fixation	8	232	714	0.06	296.49	21.15																				6167			422	714	422	714	232	714			169.47	2.44						334.36	203.26	742.81						0.00		4.57	4	0				
07/12/2018	3.3.2	Gaze Project	O4	3	M	Bilingual	G130	06/09/2018	89100	1280 x 720		Raw Data	Ord4_T4_R.avi	190	0	900	720									51416	10:16:40.437	1536226374209961															0	4135		Fixation	8			0.59	267.28	330.79																				6168	388	731	421	735	404	733			155.63	-4.27	168.89	-5.94	162.26	-5.10	289.74	203.76	755.76	335.98	206.89	753.44					780.99	780.99	4.17	4.55	0	0				
07/12/2018	3.3.2	Gaze Project	O4	3	M	Bilingual	G130	06/09/2018	89100	1280 x 720		Raw Data	Ord4_T4_R.avi	190	0	900	720									51424	10:16:40.445	1536226374218309															0	4136		Fixation	8			0.26	173.64	266.36																				6169			412	734	412	734					165.37	-5.46						334.37	203.30	742.78						0.00		4.47	4	0				
07/12/2018	3.3.2	Gaze Project	O4	3	M	Bilingual	G130	06/09/2018	89100	1280 x 720		Raw Data	Ord4_T4_R.avi	190	0	900	720									51433	10:16:40.453	1536226374226658															0			Unclassified	8																									6170	366	690			366	690	176	690	146.73	11.98					289.74	204.54	758.06		-34.01						783.41		4.29		0	4				
07/12/2018	3.3.2	Gaze Project	O4	3	M	Bilingual	G130	06/09/2018	89100	1280 x 720		Raw Data	Ord4_T4_R.avi	190	0	900	720									51441	10:16:40.462	1536226374235016															0	4137		Fixation	8			0.75	13.04	199.40																				6171	422	721	438	728	430	724			169.42	-0.31	175.65	-3.21	172.53	-1.76	289.76	204.33	757.38	334.40	203.22	742.81					782.71	782.71	4.41	4.62	0	0				
07/12/2018	3.3.2	Gaze Project	O4	3	M	Bilingual	G130	06/09/2018	89100	1280 x 720		Raw Data	Ord4_T4_R.avi	190	0	900	720									51449	10:16:40.470	1536226374243373															0			Unclassified	8																									6172																			-34.01										4	4				
07/12/2018	3.3.2	Gaze Project	O4	3	M	Bilingual	G130	06/09/2018	89100	1280 x 720		Raw Data	Ord4_T4_R.avi	190	0	900	720									51458	10:16:40.478	1536226374251632															0	4138		Fixation	8	189	698	1.92	152.97	139.94																				6173	418	712	379	698	398	705	208	705	167.73	3.40	152.18	8.88	159.96	6.14	289.78	205.03	759.47	334.82	205.52	749.79					784.91	784.91	4.24	4.42	0	0				
07/12/2018	3.3.2	Gaze Project	O4	3	M	Bilingual	G130	06/09/2018	89100	1280 x 720		Raw Data	Ord4_T4_R.avi	190	0	900	720									51466	10:16:40.487	1536226374259967															0	4139		Fixation	8			0.83	296.49	143.52																				6174	438	740	392	724	415	732			175.98	-7.92	157.36	-1.80	166.67	-4.86	289.80	205.21	760.03	336.75	208.43	757.80					785.49	785.49	4.40	4.74	0	0				
07/12/2018	3.3.2	Gaze Project	O4	3	M	Bilingual	G130	06/09/2018	89100	1280 x 720		Raw Data	Ord4_T4_R.avi	190	0	900	720									51474	10:16:40.495	1536226374268327															0	4140		Fixation	8			1.05	319.31	22.82																				6175			420	748	420	748					168.76	-11.31						336.77	208.41	757.74						0.00		4.61	4	0				
07/12/2018	3.3.2	Gaze Project	O4	3	M	Bilingual	G130	06/09/2018	89100	1280 x 720		Raw Data	Ord4_T4_R.avi	190	0	900	720									51483	10:16:40.503	1536226374276684															0	4141		Fixation	8	175	715	1.83	148.95	189.65																				6176			365	715	365	715	175	715			146.38	1.90						334.96	205.86	750.79						0.00		4.47	4	0				
07/12/2018	3.3.2	Gaze Project	O4	3	M	Bilingual	G130	06/09/2018	89100	1280 x 720		Raw Data	Ord4_T4_R.avi	190	0	900	720									51491	10:16:40.512	1536226374284956															0	4142		Fixation	8	230	700	1.59	15.30	226.35																				6177			420	700	420	700	230	700			168.63	8.01						334.53	203.29	742.54						0.00		4.49	4	0				
07/12/2018	3.3.2	Gaze Project	O4	3	M	Bilingual	G130	06/09/2018	89100	1280 x 720		Raw Data	Ord4_T4_R.avi	190	0	900	720									51499	10:16:40.520	1536226374293301															0			Unclassified	8																									6178	398	720			398	720			159.75	-0.13					289.89	205.27	760.18		-34.01						785.66		4.33		0	4				
07/12/2018	3.3.2	Gaze Project	O4	3	M	Bilingual	G130	06/09/2018	89100	1280 x 720		Raw Data	Ord4_T4_R.avi	190	0	900	720									51508	10:16:40.528	1536226374301642															0	4143		Fixation	8	243	705	0.41	338.90	323.60																				6179	456	748	433	705	444	726			182.93	-11.30	173.80	6.13	178.36	-2.59	289.93	204.00	756.27	334.58	203.15	742.60					781.55	781.55	4.30	4.51	0	0				
07/12/2018	3.3.2	Gaze Project	O4	3	M	Bilingual	G130	06/09/2018	89100	1280 x 720		Raw Data	Ord4_T4_R.avi	190	0	900	720									51516	10:16:40.537	1536226374310007															0			Unclassified	8																									6180	425	753			425	753			170.64	-13.41					289.95	203.84	755.77		-34.01						781.03		4.23		0	4				
07/12/2018	3.3.2	Gaze Project	O4	3	M	Bilingual	G130	06/09/2018	89100	1280 x 720		Raw Data	Ord4_T4_R.avi	190	0	900	720									51524	10:16:40.545	1536226374318356															0	4144		Fixation	8	241	673	0.92	93.56	114.66																				6181			431	673	431	673	241	673			173.20	18.94						334.62	203.14	742.28						0.00		4.45	4	0				
07/12/2018	3.3.2	Gaze Project	O4	3	M	Bilingual	G130	06/09/2018	89100	1280 x 720		Raw Data	Ord4_T4_R.avi	190	0	900	720									51533	10:16:40.553	1536226374326625															0	4145		Fixation	8	242	637	1.03	88.41	354.85																				6182	406	732	432	637	419	684	229	684	162.92	-4.94	173.47	33.31	168.20	14.19	289.98	204.92	759.23	335.09	205.55	750.13					784.66	784.66	4.26	4.34	0	0				
07/12/2018	3.3.2	Gaze Project	O4	3	M	Bilingual	G130	06/09/2018	89100	1280 x 720		Raw Data	Ord4_T4_R.avi	190	0	900	720									51541	10:16:40.562	1536226374334958															0			Unclassified	8																									6183																			-34.01										4	4				
07/12/2018	3.3.2	Gaze Project	O4	3	M	Bilingual	G130	06/09/2018	89100	1280 x 720		Raw Data	Ord4_T4_R.avi	190	0	900	720									51549	10:16:40.570	1536226374343311															0	4146		Fixation	8	194	713	2.50	237.81	149.39																				6184			384	713	384	713	194	713			154.24	2.89						334.70	203.09	742.26						0.00		4.54	4	0				
07/12/2018	3.3.2	Gaze Project	O4	3	M	Bilingual	G130	06/09/2018	89100	1280 x 720		Raw Data	Ord4_T4_R.avi	190	0	900	720									51558	10:16:40.578	1536226374351671															0	4147		Fixation	8			0.95	336.50	98.70																				6185			414	726	414	726					166.03	-2.58						334.72	203.10	742.34						0.00		4.56	4	0				
07/12/2018	3.3.2	Gaze Project	O4	3	M	Bilingual	G130	06/09/2018	89100	1280 x 720		Raw Data	Ord4_T4_R.avi	190	0	900	720									51566	10:16:40.587	1536226374360026															0			Unclassified	8																									6186																			-34.01										4	4				
07/12/2018	3.3.2	Gaze Project	O4	3	M	Bilingual	G130	06/09/2018	89100	1280 x 720		Raw Data	Ord4_T4_R.avi	190	0	900	720									51574	10:16:40.595	1536226374368290															0			Unclassified	8																									6187																			-34.01										4	4				
07/12/2018	3.3.2	Gaze Project	O4	3	M	Bilingual	G130	06/09/2018	89100	1280 x 720		Raw Data	Ord4_T4_R.avi	190	0	900	720									51583	10:16:40.603	1536226374376621															0	4148		Fixation	8	183	692	1.51	140.24	163.74																				6188			373	692	373	692	183	692			149.80	11.34						337.28	217.28	786.11						0.00		4.91	4	0				
07/12/2018	3.3.2	Gaze Project	O4	3	M	Bilingual	G130	06/09/2018	89100	1280 x 720		Raw Data	Ord4_T4_R.avi	190	0	900	720									51591	10:16:40.612	1536226374384982															0			Unclassified	8																									6189																			-34.01										4	4				
07/12/2018	3.3.2	Gaze Project	O4	3	M	Bilingual	G130	06/09/2018	89100	1280 x 720		Raw Data	Ord4_T4_R.avi	190	0	900	720									51599	10:16:40.620	1536226374393335															0			Unclassified	8																									6190																			-34.01										4	4				
07/12/2018	3.3.2	Gaze Project	O4	3	M	Bilingual	G130	06/09/2018	89100	1280 x 720		Raw Data	Ord4_T4_R.avi	190	0	900	720									51608	10:16:40.628	1536226374401581															0	4149		Fixation	8	229	665	1.41	30.49	250.25																				6191			419	665	419	665	229	665			168.17	22.05						337.28	217.18	785.63						0.00		4.93	4	0				
07/12/2018	3.3.2	Gaze Project	O4	3	M	Bilingual	G130	06/09/2018	89100	1280 x 720		Raw Data	Ord4_T4_R.avi	190	0	900	720									51616	10:16:40.637	1536226374409953															0			Unclassified	8																									6192																			-34.01										4	4				
07/12/2018	3.3.2	Gaze Project	O4	3	M	Bilingual	G130	06/09/2018	89100	1280 x 720		Raw Data	Ord4_T4_R.avi	190	0	900	720									51624	10:16:40.645	1536226374418289															0	4150		Fixation	8	220	682	0.51	242.18	211.69																				6193			410	682	410	682	220	682			164.42	15.16						336.37	211.69	768.71						0.00		4.74	4	0				
07/12/2018	3.3.2	Gaze Project	O4	3	M	Bilingual	G130	06/09/2018	89100	1280 x 720		Raw Data	Ord4_T4_R.avi	190	0	900	720									51633	10:16:40.653	1536226374426636															0	4151		Fixation	8	268	693	1.38	347.05	104.87																				6194			458	693	458	693	268	693			183.86	10.77						336.33	211.36	767.64						0.00		4.73	4	0				
07/12/2018	3.3.2	Gaze Project	O4	3	M	Bilingual	G130	06/09/2018	89100	1280 x 720		Raw Data	Ord4_T4_R.avi	190	0	900	720									51641	10:16:40.662	1536226374435011															0			Unclassified	8																									6195																			-34.01										4	4				
07/12/2018	3.3.2	Gaze Project	O4	3	M	Bilingual	G130	06/09/2018	89100	1280 x 720		Raw Data	Ord4_T4_R.avi	190	0	900	720									51649	10:16:40.670	1536226374443274															0			Unclassified	8																									6196																			-34.01										4	4				
07/12/2018	3.3.2	Gaze Project	O4	3	M	Bilingual	G130	06/09/2018	89100	1280 x 720		Raw Data	Ord4_T4_R.avi	190	0	900	720									51658	10:16:40.678	1536226374451592															0			Unclassified	8																									6197																			-34.01										4	4				
07/12/2018	3.3.2	Gaze Project	O4	3	M	Bilingual	G130	06/09/2018	89100	1280 x 720		Raw Data	Ord4_T4_R.avi	190	0	900	720									51666	10:16:40.687	1536226374459964															0	4152		Fixation	8	244	701	0.70	198.49	211.44																				6198			434	701	434	701	244	701			174.08	7.83						335.19	204.48	746.56						0.00		4.41	4	0				
07/12/2018	3.3.2	Gaze Project	O4	3	M	Bilingual	G130	06/09/2018	89100	1280 x 720		Raw Data	Ord4_T4_R.avi	190	0	900	720									51674	10:16:40.695	1536226374468319															0	4153		Fixation	8			1.30	330.49	132.00																				6199			473	723	473	723					189.69	-1.24						335.29	204.98	748.10						0.00		4.50	4	0				
07/12/2018	3.3.2	Gaze Project	O4	3	M	Bilingual	G130	06/09/2018	89100	1280 x 720		Raw Data	Ord4_T4_R.avi	190	0	900	720									51683	10:16:40.703	1536226374476676															0	4154		Fixation	8	249	717	0.99	169.96	199.47																				6200			439	717	439	717	249	717			176.21	1.24						335.35	205.18	748.75						0.00		4.45	4	0				
07/12/2018	3.3.2	Gaze Project	O4	3	M	Bilingual	G130	06/09/2018	89100	1280 x 720		Raw Data	Ord4_T4_R.avi	190	0	900	720									51691	10:16:40.712	1536226374484948															0			Unclassified	8																									6201																			-34.01										4	4				
07/12/2018	3.3.2	Gaze Project	O4	3	M	Bilingual	G130	06/09/2018	89100	1280 x 720		Raw Data	Ord4_T4_R.avi	190	0	900	720									51699	10:16:40.720	1536226374493270															0			Unclassified	8																									6202	673	739	413	723	543	731			270.19	-7.82	165.92	-1.03	218.06	-4.43	336.65	206.69	752.61	335.93	205.95	750.74					782.28	782.28	4.46	4.49	1	3				
07/12/2018	3.3.2	Gaze Project	O4	3	M	Bilingual	G130	06/09/2018	89100	1280 x 720		Raw Data	Ord4_T4_R.avi	190	0	900	720									51708	10:16:40.728	1536226374501633															0	4155		Fixation	8	223	674	1.46	121.08	311.12																				6203	357	739	413	674	385	706	195	706	143.15	-7.64	165.94	18.56	154.55	5.46	290.37	202.20	750.56	335.37	204.96	748.18					775.59	775.59	4.13	4.37	0	0				
07/12/2018	3.3.2	Gaze Project	O4	3	M	Bilingual	G130	06/09/2018	89100	1280 x 720		Raw Data	Ord4_T4_R.avi	190	0	900	720									51716	10:16:40.737	1536226374509990															0	4156		Fixation	8			1.36	273.56	152.49																				6204	378	750	416	722	397	736			151.84	-12.01	166.92	-1.00	159.38	-6.50	290.38	202.01	749.99	335.47	205.46	749.72					774.99	774.99	4.19	4.54	0	0				
07/12/2018	3.3.2	Gaze Project	O4	3	M	Bilingual	G130	06/09/2018	89100	1280 x 720		Raw Data	Ord4_T4_R.avi	190	0	900	720									51724	10:16:40.745	1536226374518261															0	4157		Fixation	8	205	690	1.11	123.19	209.63																				6205			395	690	395	690	205	690			158.60	12.22						335.41	205.02	748.39						0.00		4.39	4	0				
07/12/2018	3.3.2	Gaze Project	O4	3	M	Bilingual	G130	06/09/2018	89100	1280 x 720		Raw Data	Ord4_T4_R.avi	190	0	900	720									51733	10:16:40.753	1536226374526619															0	4158		Fixation	8	217	700	0.45	320.10	196.91																				6206	385	768	407	700	396	734			154.53	-19.14	163.36	8.17	158.95	-5.49	290.40	202.98	752.97	335.47	205.35	749.43					778.13	778.13	4.21	4.44	0	0				
07/12/2018	3.3.2	Gaze Project	O4	3	M	Bilingual	G130	06/09/2018	89100	1280 x 720		Raw Data	Ord4_T4_R.avi	190	0	900	720									51741	10:16:40.762	1536226374534943															0	4159		Fixation	8	251	682	1.07	27.97	67.87																				6207			441	682	441	682	251	682			176.87	15.38						335.04	202.83	741.36						0.00		4.44	4	0				
07/12/2018	3.3.2	Gaze Project	O4	3	M	Bilingual	G130	06/09/2018	89100	1280 x 720		Raw Data	Ord4_T4_R.avi	190	0	900	720									51749	10:16:40.770	1536226374543296															0	4160		Fixation	8	202	702	1.49	202.27	174.29																				6208	411	761	392	702	401	731			164.92	-16.66	157.40	7.30	161.16	-4.68	290.41	203.21	753.72	335.03	202.74	741.11					778.92	778.92	4.22	4.40	0	0				
07/12/2018	3.3.2	Gaze Project	O4	3	M	Bilingual	G130	06/09/2018	89100	1280 x 720		Raw Data	Ord4_T4_R.avi	190	0	900	720									51758	10:16:40.778	1536226374551659															0	4161		Fixation	8			1.18	294.61	92.34																				6209			409	739	409	739					164.14	-7.71						335.05	202.61	741.16						0.00		4.35	4	0				
07/12/2018	3.3.2	Gaze Project	O4	3	M	Bilingual	G130	06/09/2018	89100	1280 x 720		Raw Data	Ord4_T4_R.avi	190	0	900	720									51766	10:16:40.787	1536226374559927															0	4162		Fixation	8	214	709	0.87	99.43	164.83																				6210	424	689	404	709	414	699	224	699	170.06	12.43	162.02	4.49	166.04	8.46	290.42	202.53	751.67	335.07	202.60	741.16					776.75	776.75	4.18	4.37	0	0				
07/12/2018	3.3.2	Gaze Project	O4	3	M	Bilingual	G130	06/09/2018	89100	1280 x 720		Raw Data	Ord4_T4_R.avi	190	0	900	720									51774	10:16:40.795	1536226374568259															0	4163		Fixation	8	249	718	1.05	345.53	246.10																				6211			439	718	439	718	249	718			176.32	0.67						335.06	202.69	741.10						0.00		4.33	4	0				
07/12/2018	3.3.2	Gaze Project	O4	3	M	Bilingual	G130	06/09/2018	89100	1280 x 720		Raw Data	Ord4_T4_R.avi	190	0	900	720									51783	10:16:40.803	1536226374576618															0	4164		Fixation	8	230	710	0.60	157.10	171.57																				6212	384	757	420	710	402	733			154.03	-14.89	168.48	3.96	161.26	-5.47	290.42	204.20	756.90	335.07	202.67	741.12					782.24	782.24	4.34	4.42	0	0				
07/12/2018	3.3.2	Gaze Project	O4	3	M	Bilingual	G130	06/09/2018	89100	1280 x 720		Raw Data	Ord4_T4_R.avi	190	0	900	720									51791	10:16:40.812	1536226374584973															0	4165		Fixation	8	202	710	0.80	180.00	22.90																				6213	361	735	392	710	376	722			144.92	-5.88	157.37	4.20	151.14	-0.84	290.44	202.92	752.97	335.07	202.61	741.01					778.10	778.10	4.11	4.31	0	0				
07/12/2018	3.3.2	Gaze Project	O4	3	M	Bilingual	G130	06/09/2018	89100	1280 x 720		Raw Data	Ord4_T4_R.avi	190	0	900	720									51799	10:16:40.820	1536226374593250															0	4166		Fixation	8	211	640	2.00	82.70	262.70																				6214			401	640	401	640	211	640			161.09	32.25						335.45	204.64	747.70						0.00		4.17	4	0				
07/12/2018	3.3.2	Gaze Project	O4	3	M	Bilingual	G130	06/09/2018	89100	1280 x 720		Raw Data	Ord4_T4_R.avi	190	0	900	720									51808	10:16:40.828	1536226374601592															0	4167		Fixation	8	216	696	1.61	275.09	192.39																				6215			406	696	406	696	216	696			162.93	9.86						335.44	204.50	747.38						0.00		4.28	4	0				
07/12/2018	3.3.2	Gaze Project	O4	3	M	Bilingual	G130	06/09/2018	89100	1280 x 720		Raw Data	Ord4_T4_R.avi	190	0	900	720									51816	10:16:40.837	1536226374609934															0	4168		Fixation	8	219	712	0.47	280.59	5.50																				6216			409	712	409	712	219	712			164.14	3.14						335.08	202.65	740.99						0.00		4.35	4	0				
07/12/2018	3.3.2	Gaze Project	O4	3	M	Bilingual	G130	06/09/2018	89100	1280 x 720		Raw Data	Ord4_T4_R.avi	190	0	900	720									51824	10:16:40.845	1536226374618283															0	4169		Fixation	8			0.91	300.57	19.98																				6217			425	739	425	739					170.47	-7.80						335.10	202.40	741.09						0.00		4.41	4	0				
07/12/2018	3.3.2	Gaze Project	O4	3	M	Bilingual	G130	06/09/2018	89100	1280 x 720		Raw Data	Ord4_T4_R.avi	190	0	900	720									51833	10:16:40.853	1536226374626640															0	4170		Fixation	8			1.23	169.18	228.61																				6218	339	717	383	731	361	724			136.03	1.06	153.79	-4.43	144.91	-1.68	290.46	203.01	753.52	335.10	202.47	740.98					778.66	778.66	4.09	4.38	0	0				
07/12/2018	3.3.2	Gaze Project	O4	3	M	Bilingual	G130	06/09/2018	89100	1280 x 720		Raw Data	Ord4_T4_R.avi	190	0	900	720									51841	10:16:40.862	1536226374634911															0	4171		Fixation	8			0.25	90.00	280.82																				6219			383	722	383	722					153.86	-0.86						335.44	204.28	747.00						0.00		4.52	4	0				
07/12/2018	3.3.2	Gaze Project	O4	3	M	Bilingual	G130	06/09/2018	89100	1280 x 720		Raw Data	Ord4_T4_R.avi	190	0	900	720									51849	10:16:40.870	1536226374643251															0	4172		Fixation	8			1.60	343.15	253.15																				6220	438	670	436	738	437	704	247	704	175.67	20.10	175.03	-7.40	175.35	6.35	290.41	209.89	774.99	335.03	202.56	740.95					801.19	801.19	4.56	4.63	0	0				
07/12/2018	3.3.2	Gaze Project	O4	3	M	Bilingual	G130	06/09/2018	89100	1280 x 720		Raw Data	Ord4_T4_R.avi	190	0	900	720									51858	10:16:40.878	1536226374651594															0			Unclassified	8																									6221																			-34.01										4	4				
07/12/2018	3.3.2	Gaze Project	O4	3	M	Bilingual	G130	06/09/2018	89100	1280 x 720		Raw Data	Ord4_T4_R.avi	190	0	900	720									51866	10:16:40.887	1536226374659952															0			Unclassified	8																									6222																			-34.01										4	4				
07/12/2018	3.3.2	Gaze Project	O4	3	M	Bilingual	G130	06/09/2018	89100	1280 x 720		Raw Data	Ord4_T4_R.avi	190	0	900	720									51874	10:16:40.895	1536226374668308															0			Unclassified	8																									6223	242	467	99	550	170	508			97.05	101.83	39.83	68.50	68.44	85.17	300.10	235.19	852.59	290.01	199.60	742.15					883.16	883.16	4.19	3.66	1	3				
07/12/2018	3.3.2	Gaze Project	O4	3	M	Bilingual	G130	06/09/2018	89100	1280 x 720		Raw Data	Ord4_T4_R.avi	190	0	900	720									51883	10:16:40.903	1536226374676572															0	4173		Fixation	8	324	665	3.00	43.20	60.04																				6224	435	640	514	665	474	652	284	652	174.58	32.05	206.13	22.31	190.35	27.18	290.61	201.68	748.82	335.28	203.08	742.94					773.79	773.79	3.97	4.52	0	0				
07/12/2018	3.3.2	Gaze Project	O4	3	M	Bilingual	G130	06/09/2018	89100	1280 x 720		Raw Data	Ord4_T4_R.avi	190	0	900	720									51891	10:16:40.912	1536226374684904															0	4174		Fixation	8	308	541	3.57	97.33	54.13																				6225	540	509	498	541	519	525	329	525	216.90	84.95	199.77	71.97	208.34	78.46	290.88	201.89	748.73	337.95	217.27	786.57					773.79	773.79	4.26	4.78	0	0				
07/12/2018	3.3.2	Gaze Project	O4	3	M	Bilingual	G130	06/09/2018	89100	1280 x 720		Raw Data	Ord4_T4_R.avi	190	0	900	720									51899	10:16:40.920	1536226374693266															0	4175		Fixation	8	339	471	2.08	66.18	328.85																				6226			529	471	529	471	339	471			212.36	100.33						347.89	229.42	822.74						0.00		4.77	4	0				
07/12/2018	3.3.2	Gaze Project	O4	3	M	Bilingual	G130	06/09/2018	89100	1280 x 720		Raw Data	Ord4_T4_R.avi	190	0	900	720									51908	10:16:40.928	1536226374701622															0	4176		Fixation	8	372	593	3.60	285.09	218.91																				6227	582	491	562	593	572	542	382	542	233.47	92.20	225.57	50.95	229.52	71.57	290.87	220.18	806.17	335.52	202.66	741.22					834.01	834.01	4.76	4.47	0	0				
07/12/2018	3.3.2	Gaze Project	O4	3	M	Bilingual	G130	06/09/2018	89100	1280 x 720		Raw Data	Ord4_T4_R.avi	190	0	900	720									51916	10:16:40.937	1536226374709897															0	4177		Fixation	8	394	529	2.00	71.09	146.00																				6228	525	269	584	529	554	399	364	399	210.80	181.43	234.62	77.08	222.71	129.25	300.41	234.51	849.65	335.51	202.45	740.62					880.17	880.17	4.57	4.36	0	0				
07/12/2018	3.3.2	Gaze Project	O4	3	M	Bilingual	G130	06/09/2018	89100	1280 x 720		Raw Data	Ord4_T4_R.avi	190	0	900	720									51924	10:16:40.945	1536226374718242															0	4178		Fixation	8	408	570	1.31	288.80	217.71																				6229	628	573	598	570	613	571	423	571	252.16	59.03	239.98	60.22	246.07	59.63	290.97	216.11	793.48	335.43	202.55	740.58					820.70	820.70	4.77	4.54	0	0				
07/12/2018	3.3.2	Gaze Project	O4	3	M	Bilingual	G130	06/09/2018	89100	1280 x 720		Raw Data	Ord4_T4_R.avi	190	0	900	720									51933	10:16:40.953	1536226374726575															0	4179		Fixation	8	397	607	1.14	253.49	324.70																				6230	625	518	587	607	606	562	416	562	250.71	81.42	235.52	45.66	243.12	63.54	291.04	201.44	747.54	335.59	202.29	740.68					772.52	772.52	4.41	4.54	0	0				
07/12/2018	3.3.2	Gaze Project	O4	3	M	Bilingual	G130	06/09/2018	89100	1280 x 720		Raw Data	Ord4_T4_R.avi	190	0	900	720									51941	10:16:40.962	1536226374734940															0	4180		Fixation	8	422	434	5.24	81.80	188.31																				6231	590	409	612	434	601	421	411	421	236.74	125.22	245.73	115.06	241.23	120.14	291.11	201.33	747.59	335.51	202.53	740.59					772.53	772.53	3.84	3.97	0	0				
07/12/2018	3.3.2	Gaze Project	O4	3	M	Bilingual	G130	06/09/2018	89100	1280 x 720		Raw Data	Ord4_T4_R.avi	190	0	900	720									51949	10:16:40.970	1536226374743295															0	4181		Fixation	8	415	357	2.37	95.18	13.37																				6232			605	357	605	357	415	357			242.69	146.06						335.67	202.28	740.68						0.00		3.59	4	0				
07/12/2018	3.3.2	Gaze Project	O4	3	M	Bilingual	G130	06/09/2018	89100	1280 x 720		Raw Data	Ord4_T4_R.avi	190	0	900	720									51957	10:16:40.978	1536226374751565															0	4182		Fixation	8	381	630	8.22	262.92	167.75																				6233	599	330	571	630	585	480	395	480	240.33	157.01	229.14	36.24	234.73	96.62	291.18	201.88	748.80	336.96	205.43	749.51					773.86	773.86	3.73	4.51	0	0				
07/12/2018	3.3.2	Gaze Project	O4	3	M	Bilingual	G130	06/09/2018	89100	1280 x 720		Raw Data	Ord4_T4_R.avi	190	0	900	720									51966	10:16:40.987	1536226374759905															0	4183		Fixation	8	405	529	3.05	76.67	173.75																				6234			595	529	595	529	405	529			238.88	76.96						335.82	202.78	741.84						0.00		4.20	4	0				
07/12/2018	3.3.2	Gaze Project	O4	3	M	Bilingual	G130	06/09/2018	89100	1280 x 720		Raw Data	Ord4_T4_R.avi	190	0	900	720									51974	10:16:40.995	1536226374768251															0	4184		Fixation	8	442	369	4.97	77.02	0.35																				6235	642	354	632	369	637	361	447	361	257.62	147.49	253.70	141.47	255.66	144.48	291.22	203.94	755.56	335.85	202.79	741.87					780.92	780.92	3.80	3.81	0	0				
07/12/2018	3.3.2	Gaze Project	O4	3	M	Bilingual	G130	06/09/2018	89100	1280 x 720		Raw Data	Ord4_T4_R.avi	190	0	900	720									51983	10:16:41.003	1536226374776608															0	4185		Fixation	8	331	685	9.89	250.70	173.68																				6236			521	685	521	685	331	685			209.20	13.99						336.94	205.17	748.76						0.00		4.75	4	0				
07/12/2018	3.3.2	Gaze Project	O4	3	M	Bilingual	G130	06/09/2018	89100	1280 x 720		Raw Data	Ord4_T4_R.avi	190	0	900	720									51991	10:16:41.012	1536226374784964															0			Unclassified	8																									6237																			-34.01										4	4				
07/12/2018	3.3.2	Gaze Project	O4	3	M	Bilingual	G130	06/09/2018	89100	1280 x 720		Raw Data	Ord4_T4_R.avi	190	0	900	720									51999	10:16:41.020	1536226374793226															0	4186		Fixation	8	435	322	11.20	74.06	183.36																				6238			625	322	625	322	435	322			250.83	160.08						335.94	202.66	741.92						0.00		3.44	4	0				
07/12/2018	3.3.2	Gaze Project	O4	3	M	Bilingual	G130	06/09/2018	89100	1280 x 720		Raw Data	Ord4_T4_R.avi	190	0	900	720									52007	10:16:41.028	1536226374801557															0	4187		Fixation	8	390	533	6.54	258.00	183.94																				6239			580	533	580	533	390	533			232.78	75.35						335.97	202.84	742.08						0.00		4.23	4	0				
07/12/2018	3.3.2	Gaze Project	O4	3	M	Bilingual	G130	06/09/2018	89100	1280 x 720		Raw Data	Ord4_T4_R.avi	190	0	900	720									52016	10:16:41.037	1536226374809918															0	4188		Fixation	8	416	496	1.35	54.99	156.99																				6240	602	417	606	496	604	456	414	456	241.83	122.01	243.12	90.34	242.48	106.18	291.32	204.37	756.75	335.98	202.85	742.12					782.19	782.19	3.98	4.17	0	0				
07/12/2018	3.3.2	Gaze Project	O4	3	M	Bilingual	G130	06/09/2018	89100	1280 x 720		Raw Data	Ord4_T4_R.avi	190	0	900	720									52024	10:16:41.045	1536226374818275															0	4189		Fixation	8	451	520	1.28	325.47	270.48																				6241			641	520	641	520	451	520			257.33	80.35						337.37	205.98	751.24						0.00		4.11	4	0				
07/12/2018	3.3.2	Gaze Project	O4	3	M	Bilingual	G130	06/09/2018	89100	1280 x 720		Raw Data	Ord4_T4_R.avi	190	0	900	720									52032	10:16:41.053	1536226374826539															0	4190		Fixation	8	473	539	0.80	319.09	353.62																				6242			663	539	663	539	473	539			266.07	72.78						359.28	252.82	894.46						0.00		4.09	4	0				
07/12/2018	3.3.2	Gaze Project	O4	3	M	Bilingual	G130	06/09/2018	89100	1280 x 720		Raw Data	Ord4_T4_R.avi	190	0	900	720									52041	10:16:41.062	1536226374834905															0			Unclassified	8																									6243	219	490			219	490	29	490	88.00	92.77					292.94	204.42	755.79		-34.01						781.36		4.23		0	4				
07/12/2018	3.3.2	Gaze Project	O4	3	M	Bilingual	G130	06/09/2018	89100	1280 x 720		Raw Data	Ord4_T4_R.avi	190	0	900	720									52049	10:16:41.070	1536226374843228															0	4191		Fixation	8	429	521	1.31	157.69	198.59																				6244	603	452	619	521	611	486	421	486	241.93	108.05	248.57	79.94	245.25	94.00	291.26	212.18	780.66	335.97	202.99	742.30					807.31	807.31	4.70	4.47	0	0				
07/12/2018	3.3.2	Gaze Project	O4	3	M	Bilingual	G130	06/09/2018	89100	1280 x 720		Raw Data	Ord4_T4_R.avi	190	0	900	720									52058	10:16:41.078	1536226374851587															0	4192		Fixation	8	380	563	1.91	220.69	63.01																				6245	608	547	570	563	589	555	399	555	244.11	69.57	228.92	63.20	236.51	66.38	291.25	212.34	781.05	335.93	202.94	742.06					807.74	807.74	4.66	4.52	0	0				
07/12/2018	3.3.2	Gaze Project	O4	3	M	Bilingual	G130	06/09/2018	89100	1280 x 720		Raw Data	Ord4_T4_R.avi	190	0	900	720									52066	10:16:41.087	1536226374859944															0	4193		Fixation	8	362	425	3.80	97.41	236.72																				6246	641	595	552	425	596	510	406	510	257.33	50.40	221.70	118.79	239.52	84.60	291.27	202.26	749.29	358.51	251.32	889.59					774.44	774.44	4.67	5.29	0	0				
07/12/2018	3.3.2	Gaze Project	O4	3	M	Bilingual	G130	06/09/2018	89100	1280 x 720		Raw Data	Ord4_T4_R.avi	190	0	900	720									52074	10:16:41.095	1536226374868217															0	4194		Fixation	8	399	562	3.89	285.07	187.66																				6247	634	603	589	562	611	582	421	582	254.65	47.28	236.29	63.78	245.47	55.53	291.23	202.20	749.03	335.82	203.10	742.00					774.18	774.18	4.58	4.62	0	0				
07/12/2018	3.3.2	Gaze Project	O4	3	M	Bilingual	G130	06/09/2018	89100	1280 x 720		Raw Data	Ord4_T4_R.avi	190	0	900	720									52082	10:16:41.103	1536226374876542															0			Unclassified	8																									6248	590	536			590	536	400	536	236.90	74.09					291.23	202.01	748.38		-34.01						773.50		4.25		0	4				
07/12/2018	3.3.2	Gaze Project	O4	3	M	Bilingual	G130	06/09/2018	89100	1280 x 720		Raw Data	Ord4_T4_R.avi	190	0	900	720									52091	10:16:41.112	1536226374884891															0	4195		Fixation	8	394	547	0.47	108.38	183.31																				6249	617	410	584	547	600	478	410	478	247.56	124.89	234.54	69.59	241.05	97.24	291.21	202.03	748.36	335.89	203.24	742.77					773.48	773.48	3.96	4.37	0	0				
07/12/2018	3.3.2	Gaze Project	O4	3	M	Bilingual	G130	06/09/2018	89100	1280 x 720		Raw Data	Ord4_T4_R.avi	190	0	900	720									52099	10:16:41.120	1536226374893260															0	4196		Fixation	8	396	558	0.33	280.27	171.89																				6250	623	458	586	558	604	508	414	508	249.95	105.31	235.16	65.37	242.55	85.34	291.21	202.05	748.39	335.87	203.37	742.72					773.52	773.52	3.93	4.56	0	0				
07/12/2018	3.3.2	Gaze Project	O4	3	M	Bilingual	G130	06/09/2018	89100	1280 x 720		Raw Data	Ord4_T4_R.avi	190	0	900	720									52108	10:16:41.128	1536226374901613															0	4197		Fixation	8	506	278	8.86	68.61	148.34																				6251	617	190	696	278	656	234	466	234	247.73	213.30	279.45	178.11	263.59	195.70	291.13	218.34	799.27	338.36	217.26	786.03					826.89	826.89	3.59	3.79	0	0				
07/12/2018	3.3.2	Gaze Project	O4	3	M	Bilingual	G130	06/09/2018	89100	1280 x 720		Raw Data	Ord4_T4_R.avi	190	0	900	720									52116	10:16:41.137	1536226374909884															0	4198		Fixation	8	415	528	7.86	250.06	181.44																				6252	608	592	605	528	606	560	416	560	244.20	51.69	243.03	77.49	243.61	64.59	291.12	217.63	797.06	335.79	203.02	742.00					824.57	824.57	4.81	4.34	0	0				
07/12/2018	3.3.2	Gaze Project	O4	3	M	Bilingual	G130	06/09/2018	89100	1280 x 720		Raw Data	Ord4_T4_R.avi	190	0	900	720									52124	10:16:41.145	1536226374918209															0	4199		Fixation	8	429	505	0.80	58.75	168.70																				6253	596	549	619	505	607	527	417	527	239.08	68.84	248.41	86.59	243.75	77.71	291.18	202.47	749.63	335.82	203.21	742.57					774.82	774.82	4.35	4.34	0	0				
07/12/2018	3.3.2	Gaze Project	O4	3	M	Bilingual	G130	06/09/2018	89100	1280 x 720		Raw Data	Ord4_T4_R.avi	190	0	900	720									52133	10:16:41.153	1536226374926570															0			Unclassified	8																									6254	615	575			615	575	425	575	246.72	58.22					291.18	202.48	749.64		-34.01						774.84		4.31		0	4				
07/12/2018	3.3.2	Gaze Project	O4	3	M	Bilingual	G130	06/09/2018	89100	1280 x 720		Raw Data	Ord4_T4_R.avi	190	0	900	720									52141	10:16:41.162	1536226374934928															0	4200		Fixation	8	393	562	2.00	237.81	179.05																				6255	622	534	583	562	602	548	412	548	249.65	74.83	233.83	63.43	241.74	69.13	291.10	218.67	800.23	335.81	203.09	742.62					827.90	827.90	4.81	4.46	0	0				
07/12/2018	3.3.2	Gaze Project	O4	3	M	Bilingual	G130	06/09/2018	89100	1280 x 720		Raw Data	Ord4_T4_R.avi	190	0	900	720									52149	10:16:41.170	1536226374943194															0			Unclassified	8																									6256	629	589			629	589	439	589	252.33	52.80					291.16	202.49	749.62		-34.01						774.82		4.44		0	4				
07/12/2018	3.3.2	Gaze Project	O4	3	M	Bilingual	G130	06/09/2018	89100	1280 x 720		Raw Data	Ord4_T4_R.avi	190	0	900	720									52157	10:16:41.178	1536226374951541															0	4201		Fixation	8	383	502	1.77	99.43	221.62																				6257	561	523	573	502	567	512	377	512	225.20	79.37	229.90	87.77	227.55	83.57	291.09	218.82	800.60	338.34	217.40	786.40					828.31	828.31	4.61	4.53	0	0				
07/12/2018	3.3.2	Gaze Project	O4	3	M	Bilingual	G130	06/09/2018	89100	1280 x 720		Raw Data	Ord4_T4_R.avi	190	0	900	720									52166	10:16:41.187	1536226374959882															0			Unclassified	8																									6258																			-34.01										4	4				
07/12/2018	3.3.2	Gaze Project	O4	3	M	Bilingual	G130	06/09/2018	89100	1280 x 720		Raw Data	Ord4_T4_R.avi	190	0	900	720									52174	10:16:41.195	1536226374968243															0			Unclassified	8																									6259	641	574			641	574	451	574	257.27	58.96					291.15	202.69	750.13		-34.01						775.36		4.45		0	4				
07/12/2018	3.3.2	Gaze Project	O4	3	M	Bilingual	G130	06/09/2018	89100	1280 x 720		Raw Data	Ord4_T4_R.avi	190	0	900	720									52183	10:16:41.203	1536226374976600															0	4202		Fixation	8	379	545	1.25	264.70	165.27																				6260	634	460	569	545	601	502	411	502	254.40	104.89	228.45	70.44	241.42	87.67	291.16	202.72	750.21	335.78	203.17	742.41					775.46	775.46	4.11	4.30	0	0				
07/12/2018	3.3.2	Gaze Project	O4	3	M	Bilingual	G130	06/09/2018	89100	1280 x 720		Raw Data	Ord4_T4_R.avi	190	0	900	720									52191	10:16:41.212	1536226374984854															0			Unclassified	8																									6261																			-34.01										4	4				
07/12/2018	3.3.2	Gaze Project	O4	3	M	Bilingual	G130	06/09/2018	89100	1280 x 720		Raw Data	Ord4_T4_R.avi	190	0	900	720									52199	10:16:41.220	1536226374993190															0	4203		Fixation	8	370	561	0.54	240.72	336.02																				6262	586	472	560	561	573	516	383	516	235.21	99.98	224.62	64.08	229.92	82.03	291.09	219.09	801.38	335.77	203.04	742.46					829.12	829.12	4.80	4.26	0	0				
07/12/2018	3.3.2	Gaze Project	O4	3	M	Bilingual	G130	06/09/2018	89100	1280 x 720		Raw Data	Ord4_T4_R.avi	190	0	900	720									52207	10:16:41.228	1536226375001552															0	4204		Fixation	8	377	623	1.85	276.42	35.70																				6263	602	487	567	623	584	555	394	555	241.54	93.74	227.48	38.89	234.51	66.31	291.16	202.67	750.08	335.79	203.16	742.43					775.32	775.32	4.16	4.55	0	0				
07/12/2018	3.3.2	Gaze Project	O4	3	M	Bilingual	G130	06/09/2018	89100	1280 x 720		Raw Data	Ord4_T4_R.avi	190	0	900	720									52216	10:16:41.237	1536226375009919															0	4205		Fixation	8	405	579	1.51	57.61	141.19																				6264			595	579	595	579	405	579			238.81	56.70						338.17	208.53	758.47						0.00		4.55	4	0				
07/12/2018	3.3.2	Gaze Project	O4	3	M	Bilingual	G130	06/09/2018	89100	1280 x 720		Raw Data	Ord4_T4_R.avi	190	0	900	720									52224	10:16:41.245	1536226375018183															0	4206		Fixation	8	371	605	1.24	217.49	159.88																				6265	613	416	561	605	587	510	397	510	245.99	122.41	225.09	46.40	235.54	84.41	291.15	202.54	750.13	335.82	203.34	743.03					775.33	775.33	3.81	4.40	0	0				
07/12/2018	3.3.2	Gaze Project	O4	3	M	Bilingual	G130	06/09/2018	89100	1280 x 720		Raw Data	Ord4_T4_R.avi	190	0	900	720									52232	10:16:41.253	1536226375026525															0	4207		Fixation	8	392	529	2.32	74.60	217.11																				6266	649	319	582	529	615	424	425	424	260.65	161.31	233.68	76.95	247.17	119.13	291.17	202.48	749.54	335.83	203.23	743.08					774.74	774.74	3.39	4.59	0	0				
07/12/2018	3.3.2	Gaze Project	O4	3	M	Bilingual	G130	06/09/2018	89100	1280 x 720		Raw Data	Ord4_T4_R.avi	190	0	900	720									52241	10:16:41.262	1536226375034863															0			Unclassified	8																									6267																			-34.01										4	4				
07/12/2018	3.3.2	Gaze Project	O4	3	M	Bilingual	G130	06/09/2018	89100	1280 x 720		Raw Data	Ord4_T4_R.avi	190	0	900	720									52249	10:16:41.270	1536226375043224															0	4208		Fixation	8	388	481	1.43	94.75	20.15																				6268			578	481	578	481	388	481			232.08	96.24						338.13	208.36	757.97						0.00		4.18	4	0				
07/12/2018	3.3.2	Gaze Project	O4	3	M	Bilingual	G130	06/09/2018	89100	1280 x 720		Raw Data	Ord4_T4_R.avi	190	0	900	720									52258	10:16:41.278	1536226375051578															0	4209		Fixation	8	403	474	0.49	25.09	290.34																				6269	517	88	593	474	555	281	365	281	207.43	254.47	237.85	99.15	222.64	176.81	297.47	224.49	817.17	335.85	203.36	743.04					846.07	846.07	3.67	3.92	0	0				
07/12/2018	3.3.2	Gaze Project	O4	3	M	Bilingual	G130	06/09/2018	89100	1280 x 720		Raw Data	Ord4_T4_R.avi	190	0	900	720									52266	10:16:41.287	1536226375059848															0	4210		Fixation	8	379	529	1.77	246.49	221.41																				6270	632	351	569	529	600	440	410	440	253.49	148.68	228.48	76.89	240.98	112.79	291.17	202.18	748.48	338.04	208.20	757.36					773.64	773.64	3.54	4.29	0	0				
07/12/2018	3.3.2	Gaze Project	O4	3	M	Bilingual	G130	06/09/2018	89100	1280 x 720		Raw Data	Ord4_T4_R.avi	190	0	900	720									52274	10:16:41.295	1536226375068202															0	4211		Fixation	8	386	382	4.38	87.28	200.79																				6271	654	454	576	382	615	418	425	418	262.63	106.95	231.03	136.30	246.83	121.62	291.17	202.08	748.52	336.27	205.60	750.16					773.65	773.65	3.88	3.97	0	0				
07/12/2018	3.3.2	Gaze Project	O4	3	M	Bilingual	G130	06/09/2018	89100	1280 x 720		Raw Data	Ord4_T4_R.avi	190	0	900	720									52282	10:16:41.303	1536226375076535															0	4212		Fixation	8	458	424	2.53	329.66	242.38																				6272	581	401	648	424	614	412	424	412	233.39	128.59	260.05	119.34	246.72	123.96	291.17	202.22	748.49	335.86	203.41	743.00					773.66	773.66	3.72	3.84	0	0				
07/12/2018	3.3.2	Gaze Project	O4	3	M	Bilingual	G130	06/09/2018	89100	1280 x 720		Raw Data	Ord4_T4_R.avi	190	0	900	720									52291	10:16:41.312	1536226375084892															0			Unclassified	8																									6273	573	330			573	330	383	330	230.10	156.89					291.16	202.23	748.47		-34.01						773.65		3.25		0	4				
07/12/2018	3.3.2	Gaze Project	O4	3	M	Bilingual	G130	06/09/2018	89100	1280 x 720		Raw Data	Ord4_T4_R.avi	190	0	900	720									52299	10:16:41.320	1536226375093238															0	4213		Fixation	8	411	519	3.15	243.75	274.09																				6274	604	515	601	519	602	517	412	517	242.30	82.67	241.21	81.14	241.76	81.90	291.16	202.12	748.51	338.08	208.34	757.57					773.65	773.65	4.08	4.34	0	0				
07/12/2018	3.3.2	Gaze Project	O4	3	M	Bilingual	G130	06/09/2018	89100	1280 x 720		Raw Data	Ord4_T4_R.avi	190	0	900	720									52307	10:16:41.328	1536226375101517															0	4214		Fixation	8	403	547	0.86	254.10	10.35																				6275	606	525	593	547	599	536	409	536	243.37	78.71	238.08	69.63	240.73	74.17	291.16	202.13	748.51	335.79	203.12	741.96					773.65	773.65	4.35	4.52	0	0				
07/12/2018	3.3.2	Gaze Project	O4	3	M	Bilingual	G130	06/09/2018	89100	1280 x 720		Raw Data	Ord4_T4_R.avi	190	0	900	720									52316	10:16:41.337	1536226375109844															0			Unclassified	8																									6276	643	541			643	541	453	541	258.00	72.20					291.09	211.70	778.12		-34.01						804.74		4.49		0	4				
07/12/2018	3.3.2	Gaze Project	O4	3	M	Bilingual	G130	06/09/2018	89100	1280 x 720		Raw Data	Ord4_T4_R.avi	190	0	900	720									52324	10:16:41.345	1536226375118202															0	4215		Fixation	8	363	555	1.21	191.35	297.24																				6277			553	555	553	555	363	555			221.89	66.44						335.80	203.01	742.01						0.00		4.29	4	0				
07/12/2018	3.3.2	Gaze Project	O4	3	M	Bilingual	G130	06/09/2018	89100	1280 x 720		Raw Data	Ord4_T4_R.avi	190	0	900	720									52332	10:16:41.353	1536226375126562															0			Unclassified	8																									6278	598	371			598	371	408	371	240.11	140.37					291.05	202.38	748.40		-34.01						773.63		3.81		0	4				
07/12/2018	3.3.2	Gaze Project	O4	3	M	Bilingual	G130	06/09/2018	89100	1280 x 720		Raw Data	Ord4_T4_R.avi	190	0	900	720									52341	10:16:41.362	1536226375134829															0	4216		Fixation	8	403	567	1.26	343.25	151.90																				6279	631	475	593	567	612	521	422	521	253.24	98.54	238.17	61.66	245.70	80.10	291.12	202.58	749.47	335.81	203.29	742.49					774.71	774.71	4.12	4.47	0	0				
07/12/2018	3.3.2	Gaze Project	O4	3	M	Bilingual	G130	06/09/2018	89100	1280 x 720		Raw Data	Ord4_T4_R.avi	190	0	900	720									52349	10:16:41.370	1536226375143175															0	4217		Fixation	8	379	540	1.09	131.54	148.29																				6280	605	550	569	540	587	545	397	545	242.82	68.62	228.43	72.51	235.63	70.57	291.12	202.40	748.93	335.78	203.08	741.89					774.13	774.13	4.38	4.30	0	0				
07/12/2018	3.3.2	Gaze Project	O4	3	M	Bilingual	G130	06/09/2018	89100	1280 x 720		Raw Data	Ord4_T4_R.avi	190	0	900	720									52357	10:16:41.378	1536226375151513															0	4218		Fixation	8	407	546	0.86	347.87	216.33																				6281	586	572	597	546	591	559	401	559	235.24	59.71	239.47	70.03	237.35	64.87	291.07	212.05	779.29	335.78	202.95	741.95					805.96	805.96	4.60	4.27	0	0				
07/12/2018	3.3.2	Gaze Project	O4	3	M	Bilingual	G130	06/09/2018	89100	1280 x 720		Raw Data	Ord4_T4_R.avi	190	0	900	720									52366	10:16:41.387	1536226375159873															0	4219		Fixation	8	411	555	0.30	293.89	306.03																				6282	656	466	601	555	628	510	438	510	263.40	102.36	241.20	66.50	252.30	84.43	291.12	202.55	749.47	335.82	203.27	742.56					774.69	774.69	4.18	4.51	0	0				
07/12/2018	3.3.2	Gaze Project	O4	3	M	Bilingual	G130	06/09/2018	89100	1280 x 720		Raw Data	Ord4_T4_R.avi	190	0	900	720									52374	10:16:41.395	1536226375168220															0			Unclassified	8																									6283	598	534			598	534	408	534	239.93	75.00					291.09	218.94	800.71		-34.01						828.44		4.77		0	4				
07/12/2018	3.3.2	Gaze Project	O4	3	M	Bilingual	G130	06/09/2018	89100	1280 x 720		Raw Data	Ord4_T4_R.avi	190	0	900	720									52382	10:16:41.403	1536226375176502															0	4220		Fixation	8	390	548	0.67	161.51	227.62																				6284	618	469	580	548	599	508	409	508	248.03	101.16	232.82	69.24	240.43	85.20	291.09	218.60	799.68	335.84	203.26	742.62					827.36	827.36	4.52	4.42	0	0				
07/12/2018	3.3.2	Gaze Project	O4	3	M	Bilingual	G130	06/09/2018	89100	1280 x 720		Raw Data	Ord4_T4_R.avi	190	0	900	720									52391	10:16:41.411	1536226375184823															0	4221		Fixation	8	461	523	2.25	19.46	217.95																				6285	620	571	651	523	635	547	445	547	248.68	60.03	261.39	79.41	255.04	69.72	291.17	202.45	749.27	335.74	203.37	742.58					774.48	774.48	4.32	4.47	0	0				
07/12/2018	3.3.2	Gaze Project	O4	3	M	Bilingual	G130	06/09/2018	89100	1280 x 720		Raw Data	Ord4_T4_R.avi	190	0	900	720									52399	10:16:41.420	1536226375193181															0	4222		Fixation	8	417	612	2.94	243.77	224.31																				6286	644	390	607	612	625	501	435	501	258.47	132.72	243.85	43.51	251.16	88.11	291.18	202.71	750.10	335.76	203.37	742.58					775.35	775.35	4.06	4.78	0	0				
07/12/2018	3.3.2	Gaze Project	O4	3	M	Bilingual	G130	06/09/2018	89100	1280 x 720		Raw Data	Ord4_T4_R.avi	190	0	900	720									52407	10:16:41.428	1536226375201544															0			Unclassified	8																									6287	588	594			588	594	398	594	236.22	50.86					291.13	217.33	795.83		-34.01						823.31		4.72		0	4				
07/12/2018	3.3.2	Gaze Project	O4	3	M	Bilingual	G130	06/09/2018	89100	1280 x 720		Raw Data	Ord4_T4_R.avi	190	0	900	720									52416	10:16:41.437	1536226375209901															0	4223		Fixation	8	425	473	4.07	86.72	202.95																				6288	606	504	615	473	610	488	420	488	243.42	87.17	246.86	99.28	245.14	93.22	291.20	202.07	748.15	337.70	213.10	773.22					773.29	773.29	4.17	4.56	0	0				
07/12/2018	3.3.2	Gaze Project	O4	3	M	Bilingual	G130	06/09/2018	89100	1280 x 720		Raw Data	Ord4_T4_R.avi	190	0	900	720									52424	10:16:41.445	1536226375218152															0	4224		Fixation	8	430	541	1.97	274.19	187.48																				6289	634	452	620	541	627	496	437	496	254.46	108.11	248.72	72.24	251.59	90.18	291.20	202.31	748.86	337.68	212.91	772.63					774.04	774.04	4.24	4.64	0	0				
07/12/2018	3.3.2	Gaze Project	O4	3	M	Bilingual	G130	06/09/2018	89100	1280 x 720		Raw Data	Ord4_T4_R.avi	190	0	900	720									52432	10:16:41.453	1536226375226496															0	4225		Fixation	8	398	557	1.02	206.64	292.45																				6290	643	460	588	557	615	508	425	508	258.24	104.51	236.07	65.65	247.15	85.08	291.21	202.32	748.83	337.76	213.25	773.62					774.02	774.02	4.24	4.74	0	0				
07/12/2018	3.3.2	Gaze Project	O4	3	M	Bilingual	G130	06/09/2018	89100	1280 x 720		Raw Data	Ord4_T4_R.avi	190	0	900	720									52441	10:16:41.462	1536226375234858															0			Unclassified	8																									6291	618	598			618	598	428	598	248.01	49.14					291.22	202.13	748.21		-34.01						773.37		4.40		0	4				
07/12/2018	3.3.2	Gaze Project	O4	3	M	Bilingual	G130	06/09/2018	89100	1280 x 720		Raw Data	Ord4_T4_R.avi	190	0	900	720									52449	10:16:41.470	1536226375243213															0	4226		Fixation	8	410	526	0.95	68.90	222.26																				6292	597	319	600	526	598	422	408	422	239.66	161.38	240.81	78.15	240.23	119.77	296.64	221.45	807.46	337.78	213.34	773.74					835.88	835.88	4.35	4.64	0	0				
07/12/2018	3.3.2	Gaze Project	O4	3	M	Bilingual	G130	06/09/2018	89100	1280 x 720		Raw Data	Ord4_T4_R.avi	190	0	900	720									52457	10:16:41.478	1536226375251484															0	4227		Fixation	8	392	547	0.79	229.49	160.59																				6293	621	494	582	547	601	520	411	520	249.33	90.92	233.65	69.82	241.49	80.37	291.15	217.56	796.26	337.75	213.22	773.27					823.79	823.79	4.63	4.58	0	0				
07/12/2018	3.3.2	Gaze Project	O4	3	M	Bilingual	G130	06/09/2018	89100	1280 x 720		Raw Data	Ord4_T4_R.avi	190	0	900	720									52466	10:16:41.487	1536226375259834															0	4228		Fixation	8	368	588	1.37	239.74	10.25																				6294	633	599	558	588	595	593	405	593	253.96	48.64	224.07	53.01	239.02	50.83	291.18	202.09	748.22	335.93	203.19	742.08					773.37	773.37	4.50	4.59	0	0				
07/12/2018	3.3.2	Gaze Project	O4	3	M	Bilingual	G130	06/09/2018	89100	1280 x 720		Raw Data	Ord4_T4_R.avi	190	0	900	720									52474	10:16:41.495	1536226375268168															0			Unclassified	8																									6295	617	554			617	554	427	554	247.47	66.94					291.20	202.36	748.11		-34.01						773.35		4.22		0	4				
07/12/2018	3.3.2	Gaze Project	O4	3	M	Bilingual	G130	06/09/2018	89100	1280 x 720		Raw Data	Ord4_T4_R.avi	190	0	900	720									52482	10:16:41.503	1536226375276530															0			Unclassified	8																									6296	609	524			609	524	419	524	244.45	79.06					291.14	217.96	797.15		-34.01						824.76		4.71		0	4				
07/12/2018	3.3.2	Gaze Project	O4	3	M	Bilingual	G130	06/09/2018	89100	1280 x 720		Raw Data	Ord4_T4_R.avi	190	0	900	720									52491	10:16:41.512	1536226375284883															0			Unclassified	8																									6297	618	526			618	526	428	526	248.21	78.05					291.13	217.16	794.61		-34.01						822.10		4.79		0	4				
07/12/2018	3.3.2	Gaze Project	O4	3	M	Bilingual	G130	06/09/2018	89100	1280 x 720		Raw Data	Ord4_T4_R.avi	190	0	900	720									52499	10:16:41.520	1536226375293154															0	4229		Fixation	8	426	513	2.74	52.37	172.64																				6298	626	596	616	513	621	554	431	554	251.38	50.07	247.37	83.45	249.37	66.76	291.19	202.68	749.29	337.65	213.07	772.34					774.57	774.57	4.46	4.76	0	0				
07/12/2018	3.3.2	Gaze Project	O4	3	M	Bilingual	G130	06/09/2018	89100	1280 x 720		Raw Data	Ord4_T4_R.avi	190	0	900	720									52507	10:16:41.528	1536226375301482															0			Unclassified	8																									6299	671	600			671	600	481	600	269.47	48.37					291.15	202.57	749.34		-34.01						774.58		4.64		0	4				
07/12/2018	3.3.2	Gaze Project	O4	3	M	Bilingual	G130	06/09/2018	89100	1280 x 720		Raw Data	Ord4_T4_R.avi	190	0	900	720									52516	10:16:41.537	1536226375309839															0	4230		Fixation	8	376	505	1.50	170.88	118.51																				6300	633	575	566	505	599	540	409	540	254.07	58.40	227.14	86.63	240.61	72.52	291.09	211.80	777.88	335.92	203.66	743.09					804.54	804.54	4.79	4.43	0	0				
07/12/2018	3.3.2	Gaze Project	O4	3	M	Bilingual	G130	06/09/2018	89100	1280 x 720		Raw Data	Ord4_T4_R.avi	190	0	900	720									52524	10:16:41.545	1536226375318201															0	4231		Fixation	8	418	529	1.46	330.18	159.29																				6301	665	493	608	529	636	511	446	511	266.97	91.52	244.05	76.76	255.51	84.14	291.11	202.74	749.39	335.86	203.54	743.14					774.68	774.68	4.33	4.41	0	0				
07/12/2018	3.3.2	Gaze Project	O4	3	M	Bilingual	G130	06/09/2018	89100	1280 x 720		Raw Data	Ord4_T4_R.avi	190	0	900	720									52532	10:16:41.553	1536226375326552															0	4232		Fixation	8	400	574	1.43	248.26	278.09																				6302			590	574	590	574	400	574			236.88	58.91						335.87	203.53	743.14						0.00		4.52	4	0				
07/12/2018	3.3.2	Gaze Project	O4	3	M	Bilingual	G130	06/09/2018	89100	1280 x 720		Raw Data	Ord4_T4_R.avi	190	0	900	720									52541	10:16:41.561	1536226375334812															0	4233		Fixation	8	355	494	2.68	119.28	231.02																				6303	645	521	545	494	595	507	405	507	258.85	80.14	218.58	91.02	238.71	85.58	291.08	202.67	749.23	338.61	218.92	790.24					774.50	774.50	4.45	4.72	0	0				
07/12/2018	3.3.2	Gaze Project	O4	3	M	Bilingual	G130	06/09/2018	89100	1280 x 720		Raw Data	Ord4_T4_R.avi	190	0	900	720									52549	10:16:41.570	1536226375343145															0	4234		Fixation	8	388	553	1.92	299.14	179.86																				6304	656	602	578	553	617	577	427	577	263.16	47.32	231.86	67.26	247.51	57.29	290.99	202.53	749.28	338.61	218.97	790.46					774.51	774.51	4.41	4.97	0	0				
07/12/2018	3.3.2	Gaze Project	O4	3	M	Bilingual	G130	06/09/2018	89100	1280 x 720		Raw Data	Ord4_T4_R.avi	190	0	900	720									52557	10:16:41.578	1536226375351508															0	4235		Fixation	8	417	462	2.67	72.38	133.24																				6305	614	538	607	462	610	500	420	500	246.62	73.21	243.64	103.96	245.13	88.58	291.03	202.31	748.24	338.57	218.85	790.20					773.45	773.45	4.48	4.79	0	0				
07/12/2018	3.3.2	Gaze Project	O4	3	M	Bilingual	G130	06/09/2018	89100	1280 x 720		Raw Data	Ord4_T4_R.avi	190	0	900	720									52566	10:16:41.587	1536226375359865															0	4236		Fixation	8	402	474	0.54	218.75	146.37																				6306	661	637	592	474	626	555	436	555	265.27	33.59	237.63	98.99	251.45	66.29	291.01	202.25	748.15	338.55	218.78	790.07					773.35	773.35	4.56	4.74	0	0				
07/12/2018	3.3.2	Gaze Project	O4	3	M	Bilingual	G130	06/09/2018	89100	1280 x 720		Raw Data	Ord4_T4_R.avi	190	0	900	720									52574	10:16:41.595	1536226375368103															0	4237		Fixation	8	428	561	2.65	286.59	67.84																				6307	593	546	618	561	605	553	415	553	238.12	70.06	248.04	63.87	243.08	66.97	291.00	202.24	748.19	335.78	203.42	743.18					773.38	773.38	4.52	4.64	0	0				
07/12/2018	3.3.2	Gaze Project	O4	3	M	Bilingual	G130	06/09/2018	89100	1280 x 720		Raw Data	Ord4_T4_R.avi	190	0	900	720									52582	10:16:41.603	1536226375376463															0			Unclassified	8																									6308																			-34.01										4	4				
07/12/2018	3.3.2	Gaze Project	O4	3	M	Bilingual	G130	06/09/2018	89100	1280 x 720		Raw Data	Ord4_T4_R.avi	190	0	900	720									52591	10:16:41.611	1536226375384825															0			Unclassified	8																									6309	648	566			648	566	458	566	260.05	62.03					290.96	202.55	749.30		-34.01						774.53		4.48		0	4				
07/12/2018	3.3.2	Gaze Project	O4	3	M	Bilingual	G130	06/09/2018	89100	1280 x 720		Raw Data	Ord4_T4_R.avi	190	0	900	720									52599	10:16:41.620	1536226375393166															0	4238		Fixation	8	402	475	2.63	106.77	180.18																				6310	633	519	592	475	612	497	422	497	254.07	81.09	237.82	98.65	245.94	89.87	290.89	202.54	749.34	338.38	218.58	789.78					774.56	774.56	4.45	4.59	0	0				
07/12/2018	3.3.2	Gaze Project	O4	3	M	Bilingual	G130	06/09/2018	89100	1280 x 720		Raw Data	Ord4_T4_R.avi	190	0	900	720									52607	10:16:41.628	1536226375401535															0			Unclassified	8																									6311	656	585			656	585	466	585	263.23	54.25					290.86	202.47	749.18		-34.01						774.39		4.54		0	4				
07/12/2018	3.3.2	Gaze Project	O4	3	M	Bilingual	G130	06/09/2018	89100	1280 x 720		Raw Data	Ord4_T4_R.avi	190	0	900	720									52616	10:16:41.636	1536226375409800															0			Unclassified	8																									6312	626	575			626	575	436	575	251.40	58.25					290.81	202.14	748.19		-34.01						773.34		4.56		0	4				
07/12/2018	3.3.2	Gaze Project	O4	3	M	Bilingual	G130	06/09/2018	89100	1280 x 720		Raw Data	Ord4_T4_R.avi	190	0	900	720									52624	10:16:41.645	1536226375418132															0			Unclassified	8																									6313																			-34.01										4	4				
07/12/2018	3.3.2	Gaze Project	O4	3	M	Bilingual	G130	06/09/2018	89100	1280 x 720		Raw Data	Ord4_T4_R.avi	190	0	900	720									52632	10:16:41.653	1536226375426495															0			Unclassified	8																									6314	580	330			580	330	390	330	233.01	157.11					290.69	202.00	748.24		-34.01						773.34		3.44		0	4				
07/12/2018	3.3.2	Gaze Project	O4	3	M	Bilingual	G130	06/09/2018	89100	1280 x 720		Raw Data	Ord4_T4_R.avi	190	0	900	720									52641	10:16:41.662	1536226375434848															0			Unclassified	8																									6315	673	633			673	633	483	633	270.28	35.21					290.58	202.23	748.15		-34.01						773.32		4.66		0	4				
07/12/2018	3.3.2	Gaze Project	O4	3	M	Bilingual	G130	06/09/2018	89100	1280 x 720		Raw Data	Ord4_T4_R.avi	190	0	900	720									52649	10:16:41.670	1536226375443104															0	4239		Fixation	8	385	541	1.91	255.60	148.83																				6316			575	541	575	541	385	541			230.81	71.98						338.13	218.58	789.97						0.00		4.89	4	0				
07/12/2018	3.3.2	Gaze Project	O4	3	M	Bilingual	G130	06/09/2018	89100	1280 x 720		Raw Data	Ord4_T4_R.avi	190	0	900	720									52657	10:16:41.678	1536226375451468															0	4240		Fixation	8	404	570	0.99	303.15	47.55																				6317	623	533	594	570	608	551	418	551	250.25	75.27	238.28	60.43	244.27	67.85	290.48	202.22	748.16	337.08	213.03	773.01					773.32	773.32	4.42	4.78	0	0				
07/12/2018	3.3.2	Gaze Project	O4	3	M	Bilingual	G130	06/09/2018	89100	1280 x 720		Raw Data	Ord4_T4_R.avi	190	0	900	720									52666	10:16:41.686	1536226375459790															0			Unclassified	8																									6318																			-34.01										4	4				
07/12/2018	3.3.2	Gaze Project	O4	3	M	Bilingual	G130	06/09/2018	89100	1280 x 720		Raw Data	Ord4_T4_R.avi	190	0	900	720									52674	10:16:41.695	1536226375468160															0	4241		Fixation	8	740	223	14.00	46.01	102.87																				6319	601	321	930	223	765	272	575	272	241.10	160.55	373.13	200.05	307.12	180.30	295.56	220.56	805.02	337.93	218.48	789.69					833.24	833.24	4.53	3.13	0	0				
07/12/2018	3.3.2	Gaze Project	O4	3	M	Bilingual	G130	06/09/2018	89100	1280 x 720		Raw Data	Ord4_T4_R.avi	190	0	900	720									52682	10:16:41.703	1536226375476517															0	4242		Fixation	8	489	260	7.38	188.41	142.40																				6320	610	392	679	260	644	326	454	326	244.86	132.01	272.57	185.08	258.71	158.55	290.37	201.94	748.27	337.84	218.23	788.94					773.33	773.33	3.72	3.91	0	0				
07/12/2018	3.3.2	Gaze Project	O4	3	M	Bilingual	G130	06/09/2018	89100	1280 x 720		Raw Data	Ord4_T4_R.avi	190	0	900	720									52691	10:16:41.711	1536226375484788															0	4243		Fixation	8	408	543	8.49	254.08	65.66																				6321			598	543	598	543	408	543			239.91	71.22						336.94	213.50	774.50						0.00		4.82	4	0				
07/12/2018	3.3.2	Gaze Project	O4	3	M	Bilingual	G130	06/09/2018	89100	1280 x 720		Raw Data	Ord4_T4_R.avi	190	0	900	720									52699	10:16:41.720	1536226375493131															0			Unclassified	8																									6322	581	474			581	474	391	474	233.11	99.15					290.30	202.21	748.77		-34.01						773.89		4.34		0	4				
07/12/2018	3.3.2	Gaze Project	O4	3	M	Bilingual	G130	06/09/2018	89100	1280 x 720		Raw Data	Ord4_T4_R.avi	190	0	900	720									52707	10:16:41.728	1536226375501474															0	4244		Fixation	8	406	542	0.06	153.36	259.29																				6323	691	609	596	542	643	575	453	575	277.17	44.72	239.19	71.62	258.18	58.17	290.16	202.08	748.83	337.81	219.10	791.68					773.90	773.90	4.61	5.09	0	0				
07/12/2018	3.3.2	Gaze Project	O4	3	M	Bilingual	G130	06/09/2018	89100	1280 x 720		Raw Data	Ord4_T4_R.avi	190	0	900	720									52716	10:16:41.736	1536226375509816															0	4245		Fixation	8	390	585	1.31	249.65	96.29																				6324	553	464	580	585	566	524	376	524	222.13	103.00	232.93	54.22	227.53	78.61	290.23	202.30	748.74	334.94	203.22	742.70					773.88	773.88	4.31	4.70	0	0				
07/12/2018	3.3.2	Gaze Project	O4	3	M	Bilingual	G130	06/09/2018	89100	1280 x 720		Raw Data	Ord4_T4_R.avi	190	0	900	720									52724	10:16:41.745	1536226375518188															0	4246		Fixation	8	381	592	0.33	217.96	328.31																				6325	600	550	571	592	585	571	395	571	240.69	68.47	229.33	51.60	235.01	60.03	290.09	202.05	748.84	334.89	203.34	742.65					773.90	773.90	4.58	4.74	0	0				
07/12/2018	3.3.2	Gaze Project	O4	3	M	Bilingual	G130	06/09/2018	89100	1280 x 720		Raw Data	Ord4_T4_R.avi	190	0	900	720									52732	10:16:41.753	1536226375526450															0	4247		Fixation	8	430	534	2.24	49.90	191.93																				6326	586	306	620	534	603	420	413	420	235.21	166.82	248.83	75.07	242.02	120.94	295.77	222.74	812.13	334.83	203.10	742.75					840.67	840.67	4.34	4.61	0	0				
07/12/2018	3.3.2	Gaze Project	O4	3	M	Bilingual	G130	06/09/2018	89100	1280 x 720		Raw Data	Ord4_T4_R.avi	190	0	900	720									52741	10:16:41.761	1536226375534781															0			Unclassified	8																									6327	552	342			552	342	362	342	221.49	152.10					301.85	244.17	878.55		-34.01						910.67		5.19		0	4				
07/12/2018	3.3.2	Gaze Project	O4	3	M	Bilingual	G130	06/09/2018	89100	1280 x 720		Raw Data	Ord4_T4_R.avi	190	0	900	720									52749	10:16:41.770	1536226375543143															0	4248		Fixation	8	415	564	0.99	243.51	193.61																				6328	625	386	605	564	615	475	425	475	251.01	134.43	242.77	62.73	246.89	98.58	289.92	202.26	748.75	334.68	203.34	742.66					773.87	773.87	4.02	4.62	0	0				
07/12/2018	3.3.2	Gaze Project	O4	3	M	Bilingual	G130	06/09/2018	89100	1280 x 720		Raw Data	Ord4_T4_R.avi	190	0	900	720									52757	10:16:41.778	1536226375551502															0	4249		Fixation	8	447	483	2.52	68.51	185.00																				6329	633	589	637	483	635	536	445	536	254.10	52.90	255.55	95.60	254.82	74.25	289.91	202.38	749.59	337.26	218.17	788.88					774.71	774.71	4.57	5.01	0	0				
07/12/2018	3.3.2	Gaze Project	O4	3	M	Bilingual	G130	06/09/2018	89100	1280 x 720		Raw Data	Ord4_T4_R.avi	190	0	900	720									52766	10:16:41.786	1536226375559781															0	4250		Fixation	8	413	519	1.44	226.73	158.22																				6330	637	318	603	519	620	418	430	418	255.81	161.73	242.18	81.07	248.99	121.40	289.87	202.49	749.54	334.60	203.16	742.53					774.69	774.69	3.81	4.61	0	0				
07/12/2018	3.3.2	Gaze Project	O4	3	M	Bilingual	G130	06/09/2018	89100	1280 x 720		Raw Data	Ord4_T4_R.avi	190	0	900	720									52774	10:16:41.795	1536226375568117															0	4251		Fixation	8	401	556	1.16	252.08	25.36																				6331	658	544	591	556	624	550	434	550	264.25	70.93	237.23	66.17	250.74	68.55	289.81	202.37	749.59	334.54	203.21	742.64					774.70	774.70	4.52	4.73	0	0				
07/12/2018	3.3.2	Gaze Project	O4	3	M	Bilingual	G130	06/09/2018	89100	1280 x 720		Raw Data	Ord4_T4_R.avi	190	0	900	720									52782	10:16:41.803	1536226375576456															0			Unclassified	8																									6332	658	529			658	529	468	529	264.23	76.74					289.78	202.34	749.51		-34.01						774.61		4.74		0	4				
07/12/2018	3.3.2	Gaze Project	O4	3	M	Bilingual	G130	06/09/2018	89100	1280 x 720		Raw Data	Ord4_T4_R.avi	190	0	900	720									52791	10:16:41.811	1536226375584800															0	4252		Fixation	8	446	421	4.14	71.62	179.54																				6333	658	591	636	421	647	506	457	506	264.03	52.03	255.24	120.58	259.64	86.30	289.72	202.40	749.68	337.12	218.61	790.13					774.79	774.79	4.62	5.16	0	0				
07/12/2018	3.3.2	Gaze Project	O4	3	M	Bilingual	G130	06/09/2018	89100	1280 x 720		Raw Data	Ord4_T4_R.avi	190	0	900	720									52799	10:16:41.820	1536226375593154															0	4253		Fixation	8	436	478	1.70	260.08	188.46																				6334	552	441	626	478	589	459	399	459	221.75	112.18	251.17	97.32	236.46	104.75	289.68	202.35	749.51	334.44	203.36	742.58					774.61	774.61	4.17	4.55	0	0				
07/12/2018	3.3.2	Gaze Project	O4	3	M	Bilingual	G130	06/09/2018	89100	1280 x 720		Raw Data	Ord4_T4_R.avi	190	0	900	720									52807	10:16:41.828	1536226375601447															0	4254		Fixation	8	428	404	2.04	96.15	196.07																				6335	614	507	618	404	616	455	426	455	246.34	85.71	248.12	127.33	247.23	106.52	289.63	202.26	749.17	358.24	254.99	900.38					774.26	774.26	4.44	5.70	0	0				
07/12/2018	3.3.2	Gaze Project	O4	3	M	Bilingual	G130	06/09/2018	89100	1280 x 720		Raw Data	Ord4_T4_R.avi	190	0	900	720									52816	10:16:41.836	1536226375609786															0			Unclassified	8																									6336	582	537			582	537	392	537	233.58	73.81					289.61	202.03	748.39		-34.01						773.44		4.50		0	4				
07/12/2018	3.3.2	Gaze Project	O4	3	M	Bilingual	G130	06/09/2018	89100	1280 x 720		Raw Data	Ord4_T4_R.avi	190	0	900	720									52824	10:16:41.845	1536226375618128															0	4255		Fixation	8	419	332	1.81	97.10	0.95																				6337	590	546	609	332	599	439	409	439	236.63	69.93	244.34	156.05	240.49	112.99	289.52	202.18	748.75	359.63	258.54	910.96					773.83	773.83	4.53	5.86	0	0				
07/12/2018	3.3.2	Gaze Project	O4	3	M	Bilingual	G130	06/09/2018	89100	1280 x 720		Raw Data	Ord4_T4_R.avi	190	0	900	720									52832	10:16:41.853	1536226375626480															0			Unclassified	8																									6338	652	598			652	598	462	598	261.61	49.02					289.49	202.09	748.79		-34.01						773.83		4.61		0	4				
07/12/2018	3.3.2	Gaze Project	O4	3	M	Bilingual	G130	06/09/2018	89100	1280 x 720		Raw Data	Ord4_T4_R.avi	190	0	900	720									52841	10:16:41.862	1536226375634836															0	4256		Fixation	8	419	411	2.03	270.00	172.90																				6339	629	542	609	411	619	476	429	476	252.61	71.80	244.27	124.30	248.44	98.05	289.54	202.66	750.06	349.45	236.39	843.02					775.22	775.22	4.59	5.29	0	0				
07/12/2018	3.3.2	Gaze Project	O4	3	M	Bilingual	G130	06/09/2018	89100	1280 x 720		Raw Data	Ord4_T4_R.avi	190	0	900	720									52849	10:16:41.870	1536226375643089															0	4257		Fixation	8	399	540	3.56	261.21	351.21																				6340	585	321	589	540	587	430	397	430	235.00	160.64	236.28	72.58	235.64	116.61	299.23	237.41	857.07	336.93	219.18	791.14					888.06	888.06	4.85	5.08	0	0				
07/12/2018	3.3.2	Gaze Project	O4	3	M	Bilingual	G130	06/09/2018	89100	1280 x 720		Raw Data	Ord4_T4_R.avi	190	0	900	720									52857	10:16:41.878	1536226375651434															0	4258		Fixation	8	413	497	1.28	72.02	170.80																				6341	596	527	603	497	599	512	409	512	239.32	77.59	241.98	89.99	240.65	83.79	289.43	202.23	748.51	335.66	212.15	769.48					773.62	773.62	4.52	4.93	0	0				
07/12/2018	3.3.2	Gaze Project	O4	3	M	Bilingual	G130	06/09/2018	89100	1280 x 720		Raw Data	Ord4_T4_R.avi	190	0	900	720									52866	10:16:41.886	1536226375659792															0			Unclassified	8																									6342	620	487			620	487	430	487	249.00	93.82					289.45	202.40	748.77		-34.01						773.91		4.41		0	4				
07/12/2018	3.3.2	Gaze Project	O4	3	M	Bilingual	G130	06/09/2018	89100	1280 x 720		Raw Data	Ord4_T4_R.avi	190	0	900	720									52874	10:16:41.895	1536226375668153															0			Unclassified	8																									6343	626	455			626	455	436	455	251.33	106.90					289.38	211.78	777.93		-34.01						804.51		4.92		0	4				
07/12/2018	3.3.2	Gaze Project	O4	3	M	Bilingual	G130	06/09/2018	89100	1280 x 720		Raw Data	Ord4_T4_R.avi	190	0	900	720									52882	10:16:41.903	1536226375676430															0			Unclassified	8																									6344	590	419			590	419	400	419	236.90	121.19					289.52	202.65	748.96		-34.01						774.17		4.43		0	4				
07/12/2018	3.3.2	Gaze Project	O4	3	M	Bilingual	G130	06/09/2018	89100	1280 x 720		Raw Data	Ord4_T4_R.avi	190	0	900	720									52891	10:16:41.911	1536226375684776															0	4259		Fixation	8	469	242	7.59	77.65	5.63																				6345	590	359	659	242	624	300	434	300	236.73	145.25	264.37	192.55	250.55	168.90	289.47	202.58	748.98	336.59	218.63	788.24					774.17	774.17	4.45	4.83	0	0				
07/12/2018	3.3.2	Gaze Project	O4	3	M	Bilingual	G130	06/09/2018	89100	1280 x 720		Raw Data	Ord4_T4_R.avi	190	0	900	720									52899	10:16:41.920	1536226375693119															0	4260		Fixation	8	464	378	4.07	267.90	190.25																				6346	658	452	654	378	656	415	466	415	264.21	107.73	262.52	137.67	263.37	122.70	289.43	203.13	750.05	334.01	203.80	742.40					775.35	775.35	4.52	4.53	0	0				
07/12/2018	3.3.2	Gaze Project	O4	3	M	Bilingual	G130	06/09/2018	89100	1280 x 720		Raw Data	Ord4_T4_R.avi	190	0	900	720									52907	10:16:41.928	1536226375701482															0	4261		Fixation	8	440	363	0.87	147.91	240.01																				6347	629	401	630	363	629	382	439	382	252.53	128.61	252.82	143.60	252.68	136.10	289.22	216.03	790.19	333.99	203.84	742.38					817.48	817.48	4.90	4.46	0	0				
07/12/2018	3.3.2	Gaze Project	O4	3	M	Bilingual	G130	06/09/2018	89100	1280 x 720		Raw Data	Ord4_T4_R.avi	190	0	900	720									52916	10:16:41.936	1536226375709752															0			Unclassified	8																									6348	611	319			611	319	421	319	245.37	161.46					289.36	202.97	749.25		-34.01						774.54		4.24		0	4				
07/12/2018	3.3.2	Gaze Project	O4	3	M	Bilingual	G130	06/09/2018	89100	1280 x 720		Raw Data	Ord4_T4_R.avi	190	0	900	720									52924	10:16:41.945	1536226375718106															0			Unclassified	8																									6349	663	211			663	211	473	211	266.32	205.06					289.32	203.15	749.61		-34.01						774.94		3.66		0	4				
07/12/2018	3.3.2	Gaze Project	O4	3	M	Bilingual	G130	06/09/2018	89100	1280 x 720		Raw Data	Ord4_T4_R.avi	190	0	900	720									52932	10:16:41.953	1536226375726441															0			Unclassified	8																									6350																			-34.01										4	4				
07/12/2018	3.3.2	Gaze Project	O4	3	M	Bilingual	G130	06/09/2018	89100	1280 x 720		Raw Data	Ord4_T4_R.avi	190	0	900	720									52941	10:16:41.961	1536226375734784															0	4262		Fixation	8	444	398	1.08	276.50	128.59																				6351			634	398	634	398	444	398			254.53	129.56						333.90	204.00	742.34						0.00		4.76	4	0				
07/12/2018	3.3.2	Gaze Project	O4	3	M	Bilingual	G130	06/09/2018	89100	1280 x 720		Raw Data	Ord4_T4_R.avi	190	0	900	720									52949	10:16:41.970	1536226375743156															0	4263		Fixation	8	489	194	5.80	77.60	161.10																				6352	613	401	679	194	646	297	456	297	246.26	128.62	272.68	211.99	259.47	170.31	289.37	203.82	751.14	357.45	255.78	899.55					776.60	776.60	4.44	5.72	0	0				
07/12/2018	3.3.2	Gaze Project	O4	3	M	Bilingual	G130	06/09/2018	89100	1280 x 720		Raw Data	Ord4_T4_R.avi	190	0	900	720									52957	10:16:41.978	1536226375751415															0	4264		Fixation	8	439	343	4.23	251.51	173.91																				6353	646	253	629	343	637	298	447	298	259.19	188.19	252.46	151.84	255.82	170.01	289.31	203.74	751.17	341.71	221.37	794.61					776.60	776.60	4.09	5.06	0	0				
07/12/2018	3.3.2	Gaze Project	O4	3	M	Bilingual	G130	06/09/2018	89100	1280 x 720		Raw Data	Ord4_T4_R.avi	190	0	900	720									52966	10:16:41.986	1536226375759746															0	4265		Fixation	8	504	304	2.24	31.05	139.54																				6354	611	416	694	304	652	360	462	360	245.24	122.23	278.74	167.49	261.99	144.86	289.32	203.31	749.20	333.85	204.23	742.25					774.60	774.60	4.56	4.49	0	0				
07/12/2018	3.3.2	Gaze Project	O4	3	M	Bilingual	G130	06/09/2018	89100	1280 x 720		Raw Data	Ord4_T4_R.avi	190	0	900	720									52974	10:16:41.995	1536226375768112															0			Unclassified	8																									6355	611	306			611	306	421	306	245.13	166.90					289.30	203.50	749.13		-34.01						774.58		4.12		0	4				
07/12/2018	3.3.2	Gaze Project	O4	3	M	Bilingual	G130	06/09/2018	89100	1280 x 720		Raw Data	Ord4_T4_R.avi	190	0	900	720									52982	10:16:42.003	1536226375776463															0			Unclassified	8																									6356	634	165			634	165	444	165	254.33	223.56					289.32	203.32	749.20		-34.01						774.59		3.21		0	4				
07/12/2018	3.3.2	Gaze Project	O4	3	M	Bilingual	G130	06/09/2018	89100	1280 x 720		Raw Data	Ord4_T4_R.avi	190	0	900	720									52991	10:16:42.012	1536226375784825															0	4266		Fixation	8	470	331	1.31	218.54	187.50																				6357	586	342	660	331	623	336	433	336	235.10	152.27	264.76	156.85	249.93	154.56	289.34	203.61	749.34	335.48	213.55	770.85					774.82	774.82	4.00	4.74	0	0				
07/12/2018	3.3.2	Gaze Project	O4	3	M	Bilingual	G130	06/09/2018	89100	1280 x 720		Raw Data	Ord4_T4_R.avi	190	0	900	720									52999	10:16:42.020	1536226375793080															0	4267		Fixation	8	461	390	1.80	261.35	42.81																				6358	585	330	651	390	618	360	428	360	234.68	157.24	261.46	132.80	248.07	145.02	289.34	203.72	749.36	333.92	204.58	742.84					774.87	774.87	4.36	4.54	0	0				
07/12/2018	3.3.2	Gaze Project	O4	3	M	Bilingual	G130	06/09/2018	89100	1280 x 720		Raw Data	Ord4_T4_R.avi	190	0	900	720									53007	10:16:42.028	1536226375801415															0	4268		Fixation	8	459	379	0.34	100.27	198.92																				6359	621	378	649	379	635	378	445	378	249.37	137.71	260.59	137.19	254.98	137.45	289.32	203.85	749.38	333.92	204.79	742.76					774.93	774.93	4.54	4.59	0	0				
07/12/2018	3.3.2	Gaze Project	O4	3	M	Bilingual	G130	06/09/2018	89100	1280 x 720		Raw Data	Ord4_T4_R.avi	190	0	900	720									53016	10:16:42.036	1536226375809775															0	4269		Fixation	8	407	422	2.04	219.68	119.41																				6360	583	257	597	422	590	339	400	339	234.17	186.65	239.73	120.10	236.95	153.37	289.30	204.09	749.28	333.93	204.79	742.82					774.91	774.91	3.93	4.89	0	0				
07/12/2018	3.3.2	Gaze Project	O4	3	M	Bilingual	G130	06/09/2018	89100	1280 x 720		Raw Data	Ord4_T4_R.avi	190	0	900	720									53024	10:16:42.045	1536226375818135															0	4270		Fixation	8	422	295	3.84	83.29	223.61																				6361	608	320	612	295	610	307	420	307	244.06	161.06	245.80	171.28	244.93	166.17	289.30	203.98	748.99	335.44	213.59	769.65					774.60	774.60	4.09	4.70	0	0				
07/12/2018	3.3.2	Gaze Project	O4	3	M	Bilingual	G130	06/09/2018	89100	1280 x 720		Raw Data	Ord4_T4_R.avi	190	0	900	720									53032	10:16:42.053	1536226375826404															0	4271		Fixation	8	470	371	2.72	302.19	218.91																				6362	607	344	660	371	633	357	443	357	243.76	151.31	264.82	140.59	254.29	145.95	289.35	204.31	749.55	333.95	205.03	742.81					775.23	775.23	4.44	4.54	0	0				
07/12/2018	3.3.2	Gaze Project	O4	3	M	Bilingual	G130	06/09/2018	89100	1280 x 720		Raw Data	Ord4_T4_R.avi	190	0	900	720									53041	10:16:42.061	1536226375834744															0	4272		Fixation	8	429	245	4.08	107.97	165.78																				6363	608	169	619	245	613	207	423	207	244.02	221.71	248.27	191.12	246.15	206.41	289.34	204.38	749.38	333.97	205.34	743.38					775.10	775.10	3.56	3.73	0	0				
07/12/2018	3.3.2	Gaze Project	O4	3	M	Bilingual	G130	06/09/2018	89100	1280 x 720		Raw Data	Ord4_T4_R.avi	190	0	900	720									53049	10:16:42.070	1536226375843089															0			Unclassified	8																									6364	669	264			669	264	479	264	268.35	183.79					289.34	204.50	749.31		-34.01						775.07		3.97		0	4				
07/12/2018	3.3.2	Gaze Project	O4	3	M	Bilingual	G130	06/09/2018	89100	1280 x 720		Raw Data	Ord4_T4_R.avi	190	0	900	720									53057	10:16:42.078	1536226375851453															0	4273		Fixation	8	431	146	2.93	88.85	340.88																				6365	646	183	621	146	633	164	443	164	259.50	216.38	249.26	231.01	254.38	223.69	289.35	204.71	749.51	343.03	225.46	803.21					775.32	775.32	3.80	4.18	0	0				
07/12/2018	3.3.2	Gaze Project	O4	3	M	Bilingual	G130	06/09/2018	89100	1280 x 720		Raw Data	Ord4_T4_R.avi	190	0	900	720									53066	10:16:42.086	1536226375859804															0	4274		Fixation	8	462	313	5.01	280.48	191.64																				6366	636	4	652	313	644	158	454	158	255.16	288.15	261.76	164.07	258.46	226.11	296.12	229.72	825.33	334.84	207.79	749.21					855.38	855.38	3.64	4.33	0	0				
07/12/2018	3.3.2	Gaze Project	O4	3	M	Bilingual	G130	06/09/2018	89100	1280 x 720		Raw Data	Ord4_T4_R.avi	190	0	900	720									53074	10:16:42.095	1536226375868061															0	4275		Fixation	8	459	299	0.44	102.06	181.57																				6367	656	200	649	299	652	249	462	249	263.15	209.59	260.48	169.52	261.82	189.56	289.35	204.95	749.40	334.00	205.98	743.73					775.29	775.29	3.65	4.47	0	0				
07/12/2018	3.3.2	Gaze Project	O4	3	M	Bilingual	G130	06/09/2018	89100	1280 x 720		Raw Data	Ord4_T4_R.avi	190	0	900	720									53082	10:16:42.103	1536226375876396															0	4276		Fixation	8	463	330	0.96	277.33	175.27																				6368	587	-28	653	330	620	151	430	151	235.60	301.19	261.98	156.99	248.79	229.09	296.72	232.18	832.01	334.66	207.68	748.10					862.51	862.51	3.89	4.21	0	0				
07/12/2018	3.3.2	Gaze Project	O4	3	M	Bilingual	G130	06/09/2018	89100	1280 x 720		Raw Data	Ord4_T4_R.avi	190	0	900	720									53091	10:16:42.111	1536226375884746															0	4277		Fixation	8	428	384	1.94	237.13	319.81																				6369	688	159	618	384	653	271	463	271	276.16	226.07	248.15	135.33	262.16	180.70	289.33	205.55	750.53	335.31	209.27	752.58					776.55	776.55	3.61	4.49	0	0				
07/12/2018	3.3.2	Gaze Project	O4	3	M	Bilingual	G130	06/09/2018	89100	1280 x 720		Raw Data	Ord4_T4_R.avi	190	0	900	720									53099	10:16:42.120	1536226375893117															0	4278		Fixation	8	461	322	2.12	62.05	184.92																				6370	625	121	651	322	638	221	448	221	250.77	241.25	261.29	160.23	256.03	200.74	289.33	205.68	750.52	334.91	208.52	750.01					776.58	776.58	3.49	4.34	0	0				
07/12/2018	3.3.2	Gaze Project	O4	3	M	Bilingual	G130	06/09/2018	89100	1280 x 720		Raw Data	Ord4_T4_R.avi	190	0	900	720									53107	10:16:42.128	1536226375901397															0			Unclassified	8																									6371	623	265			623	265	433	265	250.02	183.06					289.30	206.94	754.37		-34.01						780.62		4.03		0	4				
07/12/2018	3.3.2	Gaze Project	O4	3	M	Bilingual	G130	06/09/2018	89100	1280 x 720		Raw Data	Ord4_T4_R.avi	190	0	900	720									53116	10:16:42.136	1536226375909739															0	4279		Fixation	8	469	301	0.69	69.21	7.15																				6372	656	197	659	301	657	249	467	249	263.26	210.63	264.36	168.61	263.81	189.62	289.29	207.16	754.74	333.98	206.65	744.18					781.04	781.04	3.95	4.20	0	0				
07/12/2018	3.3.2	Gaze Project	O4	3	M	Bilingual	G130	06/09/2018	89100	1280 x 720		Raw Data	Ord4_T4_R.avi	190	0	900	720									53124	10:16:42.145	1536226375918074															0	4280		Fixation	8	432	380	2.65	244.97	175.77																				6373	650	218	622	380	636	299	446	299	261.02	202.04	249.66	136.96	255.34	169.50	289.28	207.02	754.05	335.50	210.27	754.50					780.35	780.35	3.84	4.40	0	0				
07/12/2018	3.3.2	Gaze Project	O4	3	M	Bilingual	G130	06/09/2018	89100	1280 x 720		Raw Data	Ord4_T4_R.avi	190	0	900	720									53132	10:16:42.153	1536226375926440															0			Unclassified	8																									6374	651	394			651	394	461	394	261.30	131.33					289.17	214.72	777.37		-34.01						804.88		4.70		0	4				
07/12/2018	3.3.2	Gaze Project	O4	3	M	Bilingual	G130	06/09/2018	89100	1280 x 720		Raw Data	Ord4_T4_R.avi	190	0	900	720									53141	10:16:42.161	1536226375934787															0			Unclassified	8																									6375																			-34.01										4	4				
07/12/2018	3.3.2	Gaze Project	O4	3	M	Bilingual	G130	06/09/2018	89100	1280 x 720		Raw Data	Ord4_T4_R.avi	190	0	900	720									53149	10:16:42.170	1536226375943056															0	4281		Fixation	8	422	393	0.49	232.52	347.55																				6376	789	237	612	393	700	315	510	315	316.71	194.40	245.49	131.82	281.10	163.11	289.17	209.48	760.48	333.97	207.20	744.91					787.21	787.21	3.90	4.63	0	0				
07/12/2018	3.3.2	Gaze Project	O4	3	M	Bilingual	G130	06/09/2018	89100	1280 x 720		Raw Data	Ord4_T4_R.avi	190	0	900	720									53157	10:16:42.178	1536226375951416															0	4282		Fixation	8	426	372	0.65	79.25	206.73																				6377			616	372	616	372	426	372			247.36	140.17						333.86	206.88	743.75						0.00		4.71	4	0				
07/12/2018	3.3.2	Gaze Project	O4	3	M	Bilingual	G130	06/09/2018	89100	1280 x 720		Raw Data	Ord4_T4_R.avi	190	0	900	720									53166	10:16:42.186	1536226375959745															0	4283		Fixation	8	468	249	3.58	71.20	351.95																				6378	657	326	658	249	657	287	467	287	263.84	158.65	264.04	189.57	263.94	174.11	289.17	206.73	751.67	357.60	259.71	902.54					777.99	777.99	4.21	5.81	0	0				
07/12/2018	3.3.2	Gaze Project	O4	3	M	Bilingual	G130	06/09/2018	89100	1280 x 720		Raw Data	Ord4_T4_R.avi	190	0	900	720									53174	10:16:42.195	1536226375968087															0	4284		Fixation	8	396	379	4.08	241.10	169.90																				6379	614	416	586	379	600	397	410	397	246.38	122.45	235.35	137.49	240.87	129.97	288.99	220.62	794.31	333.72	207.11	743.65					822.79	822.79	4.90	4.61	0	0				
07/12/2018	3.3.2	Gaze Project	O4	3	M	Bilingual	G130	06/09/2018	89100	1280 x 720		Raw Data	Ord4_T4_R.avi	190	0	900	720									53182	10:16:42.203	1536226375976456															0			Unclassified	8																									6380	622	316			622	316	432	316	249.65	162.60					289.24	207.37	753.23		-34.01						779.67		4.37		0	4				
07/12/2018	3.3.2	Gaze Project	O4	3	M	Bilingual	G130	06/09/2018	89100	1280 x 720		Raw Data	Ord4_T4_R.avi	190	0	900	720									53191	10:16:42.211	1536226375984721															0	4285		Fixation	8	466	220	5.00	66.31	185.21																				6381	577	94	656	220	616	157	426	157	231.71	252.10	263.48	201.39	247.59	226.75	304.88	264.93	928.16	338.75	237.28	835.18					964.36	964.36	5.62	5.06	0	0				
07/12/2018	3.3.2	Gaze Project	O4	3	M	Bilingual	G130	06/09/2018	89100	1280 x 720		Raw Data	Ord4_T4_R.avi	190	0	900	720									53199	10:16:42.220	1536226375993058															0	4286		Fixation	8	463	312	2.67	268.14	201.83																				6382	612	438	653	312	632	375	442	375	245.78	113.61	262.12	164.29	253.95	138.95	289.16	207.34	753.24	333.76	207.41	744.46					779.67	779.67	4.57	4.56	0	0				
07/12/2018	3.3.2	Gaze Project	O4	3	M	Bilingual	G130	06/09/2018	89100	1280 x 720		Raw Data	Ord4_T4_R.avi	190	0	900	720									53207	10:16:42.228	1536226376001412															0	4287		Fixation	8	498	176	4.23	75.61	167.47																				6383	658	415	688	176	673	295	483	295	264.18	122.65	276.20	218.98	270.19	170.81	289.01	207.13	752.06	335.56	218.50	778.17					778.48	778.48	4.78	4.36	0	0				
07/12/2018	3.3.2	Gaze Project	O4	3	M	Bilingual	G130	06/09/2018	89100	1280 x 720		Raw Data	Ord4_T4_R.avi	190	0	900	720									53216	10:16:42.236	1536226376009770															0			Unclassified	8																									6384																			-34.01										4	4				
07/12/2018	3.3.2	Gaze Project	O4	3	M	Bilingual	G130	06/09/2018	89100	1280 x 720		Raw Data	Ord4_T4_R.avi	190	0	900	720									53224	10:16:42.245	1536226376018047															0			Unclassified	8																									6385	645	471			645	471	455	471	258.81	100.14					289.02	207.09	752.08		-34.01						778.48		4.71		0	4				
07/12/2018	3.3.2	Gaze Project	O4	3	M	Bilingual	G130	06/09/2018	89100	1280 x 720		Raw Data	Ord4_T4_R.avi	190	0	900	720									53232	10:16:42.253	1536226376026395															0	4288		Fixation	8	425	306	4.48	240.76	165.15																				6386			615	306	615	306	425	306			246.88	166.84						333.61	207.68	744.70						0.00		4.40	4	0				
07/12/2018	3.3.2	Gaze Project	O4	3	M	Bilingual	G130	06/09/2018	89100	1280 x 720		Raw Data	Ord4_T4_R.avi	190	0	900	720									53241	10:16:42.261	1536226376034724															0	4289		Fixation	8	521	239	3.46	35.00	154.24																				6387			711	239	711	239	521	239			285.33	193.67						336.38	224.39	795.37						0.00		4.78	4	0				
07/12/2018	3.3.2	Gaze Project	O4	3	M	Bilingual	G130	06/09/2018	89100	1280 x 720		Raw Data	Ord4_T4_R.avi	190	0	900	720									53249	10:16:42.270	1536226376043070															0			Unclassified	8																									6388																			-34.01										4	4				
07/12/2018	3.3.2	Gaze Project	O4	3	M	Bilingual	G130	06/09/2018	89100	1280 x 720		Raw Data	Ord4_T4_R.avi	190	0	900	720									53257	10:16:42.278	1536226376051436															0	4290		Fixation	8	441	77	4.87	116.21	81.21																				6389	706	454	631	77	668	265	478	265	283.28	106.96	253.15	259.04	268.21	183.00	288.88	207.19	752.04	357.78	262.26	908.24					778.47	778.47	4.85	5.74	0	0				
07/12/2018	3.3.2	Gaze Project	O4	3	M	Bilingual	G130	06/09/2018	89100	1280 x 720		Raw Data	Ord4_T4_R.avi	190	0	900	720									53266	10:16:42.286	1536226376059679															0	4291		Fixation	8	391	174	2.82	242.81	126.60																				6390	626	468	581	174	603	321	413	321	251.39	101.63	233.26	219.73	242.32	160.68	288.86	207.21	752.03	349.88	244.57	854.93					778.47	778.47	4.63	5.36	0	0				
07/12/2018	3.3.2	Gaze Project	O4	3	M	Bilingual	G130	06/09/2018	89100	1280 x 720		Raw Data	Ord4_T4_R.avi	190	0	900	720									53274	10:16:42.295	1536226376068036															0			Unclassified	8																									6391	618	403			618	403	428	403	248.20	127.63					288.84	207.22	752.02		-34.01						778.46		4.60		0	4				
07/12/2018	3.3.2	Gaze Project	O4	3	M	Bilingual	G130	06/09/2018	89100	1280 x 720		Raw Data	Ord4_T4_R.avi	190	0	900	720									53282	10:16:42.303	1536226376076387															0	4292		Fixation	8	463	260	3.03	309.85	67.04																				6392			653	260	653	260	463	260			262.25	185.25						338.38	238.10	836.18						0.00		5.39	4	0				
07/12/2018	3.3.2	Gaze Project	O4	3	M	Bilingual	G130	06/09/2018	89100	1280 x 720		Raw Data	Ord4_T4_R.avi	190	0	900	720									53291	10:16:42.311	1536226376084753															0	4293		Fixation	8	470	289	0.86	283.53	333.68																				6393			660	289	660	289	470	289			264.81	173.56						333.51	208.62	746.85						0.00		4.44	4	0				
07/12/2018	3.3.2	Gaze Project	O4	3	M	Bilingual	G130	06/09/2018	89100	1280 x 720		Raw Data	Ord4_T4_R.avi	190	0	900	720									53299	10:16:42.320	1536226376093109															0			Unclassified	8																									6394																			-34.01										4	4				
07/12/2018	3.3.2	Gaze Project	O4	3	M	Bilingual	G130	06/09/2018	89100	1280 x 720		Raw Data	Ord4_T4_R.avi	190	0	900	720									53307	10:16:42.328	1536226376101370															0	4294		Fixation	8	489	85	5.67	84.70	161.17																				6395	573	271	679	85	626	178	436	178	229.88	180.87	272.65	255.56	251.26	218.22	288.52	221.90	796.50	357.92	263.31	910.78					825.25	825.25	4.69	5.56	0	0				
07/12/2018	3.3.2	Gaze Project	O4	3	M	Bilingual	G130	06/09/2018	89100	1280 x 720		Raw Data	Ord4_T4_R.avi	190	0	900	720									53316	10:16:42.336	1536226376109707															0	4295		Fixation	8	421	130	2.04	213.58	128.88																				6396			611	130	611	130	421	130			245.16	237.42						358.31	264.21	913.39						0.00		5.85	4	0				
07/12/2018	3.3.2	Gaze Project	O4	3	M	Bilingual	G130	06/09/2018	89100	1280 x 720		Raw Data	Ord4_T4_R.avi	190	0	900	720									53324	10:16:42.345	1536226376118065															0	4296		Fixation	8	416	255	3.38	267.72	54.14																				6397			606	255	606	255	416	255			243.33	187.22						335.21	219.39	779.35						0.00		4.66	4	0				
07/12/2018	3.3.2	Gaze Project	O4	3	M	Bilingual	G130	06/09/2018	89100	1280 x 720		Raw Data	Ord4_T4_R.avi	190	0	900	720									53332	10:16:42.353	1536226376126421															0	4297		Fixation	8	486	146	3.80	57.38	149.66																				6398	638	164	676	146	657	155	467	155	255.94	223.77	271.52	231.04	263.73	227.41	288.47	223.50	801.20	335.32	220.22	781.73					830.20	830.20	3.95	4.38	0	0				
07/12/2018	3.3.2	Gaze Project	O4	3	M	Bilingual	G130	06/09/2018	89100	1280 x 720		Raw Data	Ord4_T4_R.avi	190	0	900	720									53341	10:16:42.361	1536226376134701															0	4298		Fixation	8	468	145	0.50	176.81	119.43																				6399			658	145	658	145	468	145			264.21	231.45						339.88	248.28	866.09						0.00		5.39	4	0				
07/12/2018	3.3.2	Gaze Project	O4	3	M	Bilingual	G130	06/09/2018	89100	1280 x 720		Raw Data	Ord4_T4_R.avi	190	0	900	720									53349	10:16:42.370	1536226376143039															0			Unclassified	8																									6400	661	227			661	227	471	227	265.38	198.62					288.26	234.19	833.73		-34.01						864.42		5.10		0	4				
07/12/2018	3.3.2	Gaze Project	O4	3	M	Bilingual	G130	06/09/2018	89100	1280 x 720		Raw Data	Ord4_T4_R.avi	190	0	900	720									53357	10:16:42.378	1536226376151375															0			Unclassified	8																									6401	685	245			685	245	495	245	274.82	191.08					288.28	232.90	829.80		-34.01						860.28		5.32		0	4				
07/12/2018	3.3.2	Gaze Project	O4	3	M	Bilingual	G130	06/09/2018	89100	1280 x 720		Raw Data	Ord4_T4_R.avi	190	0	900	720									53366	10:16:42.386	1536226376159712															0			Unclassified	8																									6402																			-34.01										4	4				
07/12/2018	3.3.2	Gaze Project	O4	3	M	Bilingual	G130	06/09/2018	89100	1280 x 720		Raw Data	Ord4_T4_R.avi	190	0	900	720									53374	10:16:42.395	1536226376168090															0	4299		Fixation	8	426	158	1.20	197.25	20.44																				6403	707	156	616	158	661	157	471	157	283.78	227.11	247.30	226.30	265.54	226.70	288.25	234.92	835.99	342.65	229.38	808.30					866.79	866.79	4.96	4.78	0	0				
07/12/2018	3.3.2	Gaze Project	O4	3	M	Bilingual	G130	06/09/2018	89100	1280 x 720		Raw Data	Ord4_T4_R.avi	190	0	900	720									53382	10:16:42.403	1536226376176348															0			Unclassified	8																									6404	665	308			665	308	475	308	266.98	165.94					288.27	233.16	830.59		-34.01						861.11		5.15		0	4				
07/12/2018	3.3.2	Gaze Project	O4	3	M	Bilingual	G130	06/09/2018	89100	1280 x 720		Raw Data	Ord4_T4_R.avi	190	0	900	720									53391	10:16:42.411	1536226376184689															0			Unclassified	8																									6405	588	99			588	99	398	99	236.20	250.11					288.26	234.00	833.14		-34.01						863.80		4.94		0	4				
07/12/2018	3.3.2	Gaze Project	O4	3	M	Bilingual	G130	06/09/2018	89100	1280 x 720		Raw Data	Ord4_T4_R.avi	190	0	900	720									53399	10:16:42.420	1536226376193042															0	4300		Fixation	8	535	15	5.10	52.77	215.52																				6406	602	221	725	15	663	118	473	118	241.71	201.01	291.07	283.77	266.39	242.39	288.28	232.67	829.08	342.70	229.46	808.55					859.53	859.53	4.95	4.47	0	0				
07/12/2018	3.3.2	Gaze Project	O4	3	M	Bilingual	G130	06/09/2018	89100	1280 x 720		Raw Data	Ord4_T4_R.avi	190	0	900	720									53407	10:16:42.428	1536226376201403															0			Unclassified	8																									6407																			-34.01										4	4				
07/12/2018	3.3.2	Gaze Project	O4	3	M	Bilingual	G130	06/09/2018	89100	1280 x 720		Raw Data	Ord4_T4_R.avi	190	0	900	720									53416	10:16:42.436	1536226376209676															0			Unclassified	8																									6408																			-34.01										4	4				
07/12/2018	3.3.2	Gaze Project	O4	3	M	Bilingual	G130	06/09/2018	89100	1280 x 720		Raw Data	Ord4_T4_R.avi	190	0	900	720									53424	10:16:42.445	1536226376218028															0			Unclassified	8																									6409	551	96			551	96	361	96	221.17	251.11					288.46	224.14	803.04		-34.01						832.15		3.96		0	4				
07/12/2018	3.3.2	Gaze Project	O4	3	M	Bilingual	G130	06/09/2018	89100	1280 x 720		Raw Data	Ord4_T4_R.avi	190	0	900	720									53432	10:16:42.453	1536226376226354															0			Unclassified	8																									6410	640	142			640	142	450	142	256.83	232.93					288.25	236.19	839.77		-34.01						870.78		4.48		0	4				
07/12/2018	3.3.2	Gaze Project	O4	3	M	Bilingual	G130	06/09/2018	89100	1280 x 720		Raw Data	Ord4_T4_R.avi	190	0	900	720									53441	10:16:42.461	1536226376234715															0			Unclassified	8																									6411	739	685	608	241	673	463	483	463	296.53	13.93	244.13	192.91	270.33	103.42	289.94	110.92	455.15	342.80	229.43	808.56					466.87	466.87	2.85	5.18	1	3				
07/12/2018	3.3.2	Gaze Project	O4	3	M	Bilingual	G130	06/09/2018	89100	1280 x 720		Raw Data	Ord4_T4_R.avi	190	0	900	720									53449	10:16:42.470	1536226376243074															0			Unclassified	8																									6412																			-34.01										4	4				
07/12/2018	3.3.2	Gaze Project	O4	3	M	Bilingual	G130	06/09/2018	89100	1280 x 720		Raw Data	Ord4_T4_R.avi	190	0	900	720									53457	10:16:42.478	1536226376251334															0			Unclassified	8																									6413	720	660	634	235	677	447	487	447	289.05	24.36	254.46	195.40	271.76	109.88	290.06	110.91	455.18	342.93	229.39	808.58					466.91	466.91	2.48	5.07	1	3				
07/12/2018	3.3.2	Gaze Project	O4	3	M	Bilingual	G130	06/09/2018	89100	1280 x 720		Raw Data	Ord4_T4_R.avi	190	0	900	720									53466	10:16:42.486	1536226376259683															0	4301		Fixation	8	548	213	5.54	273.74	220.97																				6414	685	646	738	213	711	429	521	429	274.96	29.81	296.05	204.11	285.51	116.96	290.24	110.98	455.41	338.57	239.47	839.83					467.17	467.17	2.51	5.09	0	0				
07/12/2018	3.3.2	Gaze Project	O4	3	M	Bilingual	G130	06/09/2018	89100	1280 x 720		Raw Data	Ord4_T4_R.avi	190	0	900	720									53474	10:16:42.495	1536226376268035															0	4302		Fixation	8	496	337	3.89	247.31	333.57																				6415			686	337	686	337	496	337			275.31	154.38						333.22	207.96	744.62						0.00		4.52	4	0				
07/12/2018	3.3.2	Gaze Project	O4	3	M	Bilingual	G130	06/09/2018	89100	1280 x 720		Raw Data	Ord4_T4_R.avi	190	0	900	720									53482	10:16:42.503	1536226376276374															0			Unclassified	8																									6416	698	255			698	255	508	255	280.28	187.30					288.58	222.38	797.84		-34.01						826.68		4.79		0	4				
07/12/2018	3.3.2	Gaze Project	O4	3	M	Bilingual	G130	06/09/2018	89100	1280 x 720		Raw Data	Ord4_T4_R.avi	190	0	900	720									53491	10:16:42.511	1536226376284743															0	4303		Fixation	8	516	446	3.39	280.36	33.05																				6417			706	446	706	446	516	446			283.33	110.20						333.18	208.04	744.59						0.00		4.89	4	0				
07/12/2018	3.3.2	Gaze Project	O4	3	M	Bilingual	G130	06/09/2018	89100	1280 x 720		Raw Data	Ord4_T4_R.avi	190	0	900	720									53499	10:16:42.520	1536226376293013															0			Unclassified	8																									6418																			-34.01										4	4				
07/12/2018	3.3.2	Gaze Project	O4	3	M	Bilingual	G130	06/09/2018	89100	1280 x 720		Raw Data	Ord4_T4_R.avi	190	0	900	720									53507	10:16:42.528	1536226376301348															0			Unclassified	8																									6419	669	338			669	338	479	338	268.40	153.69					288.75	215.91	778.22		-34.01						806.04		4.71		0	4				
07/12/2018	3.3.2	Gaze Project	O4	3	M	Bilingual	G130	06/09/2018	89100	1280 x 720		Raw Data	Ord4_T4_R.avi	190	0	900	720									53516	10:16:42.536	1536226376309699															0			Unclassified	8																									6420	625	235			625	235	435	235	251.05	195.14					288.76	216.65	780.49		-34.01						808.42		4.67		0	4				
07/12/2018	3.3.2	Gaze Project	O4	3	M	Bilingual	G130	06/09/2018	89100	1280 x 720		Raw Data	Ord4_T4_R.avi	190	0	900	720									53524	10:16:42.545	1536226376318056															0	4304		Fixation	8	478	241	6.14	100.47	180.10																				6421			668	241	668	241	478	241			268.32	192.70						342.66	228.24	805.56						0.00		5.00	4	0				
07/12/2018	3.3.2	Gaze Project	O4	3	M	Bilingual	G130	06/09/2018	89100	1280 x 720		Raw Data	Ord4_T4_R.avi	190	0	900	720									53532	10:16:42.553	1536226376326333															0	4305		Fixation	8	399	229	2.25	171.34	70.87																				6422	646	359	589	229	617	294	427	294	259.37	145.28	236.51	197.92	247.94	171.60	288.75	220.95	793.64	342.80	228.50	806.41					822.25	822.25	4.83	5.04	0	0				
07/12/2018	3.3.2	Gaze Project	O4	3	M	Bilingual	G130	06/09/2018	89100	1280 x 720		Raw Data	Ord4_T4_R.avi	190	0	900	720									53541	10:16:42.561	1536226376334674															0	4306		Fixation	8	519	179	3.67	22.69	211.35																				6423	636	321	709	179	672	250	482	250	255.25	160.70	284.45	217.84	269.85	189.27	288.75	221.26	794.65	342.88	228.64	806.88					823.30	823.30	4.77	4.92	0	0				
07/12/2018	3.3.2	Gaze Project	O4	3	M	Bilingual	G130	06/09/2018	89100	1280 x 720		Raw Data	Ord4_T4_R.avi	190	0	900	720									53549	10:16:42.570	1536226376343012															0			Unclassified	8																									6424																			-34.01										4	4				
07/12/2018	3.3.2	Gaze Project	O4	3	M	Bilingual	G130	06/09/2018	89100	1280 x 720		Raw Data	Ord4_T4_R.avi	190	0	900	720									53557	10:16:42.578	1536226376351370															0			Unclassified	8																									6425																			-34.01										4	4				
07/12/2018	3.3.2	Gaze Project	O4	3	M	Bilingual	G130	06/09/2018	89100	1280 x 720		Raw Data	Ord4_T4_R.avi	190	0	900	720									53566	10:16:42.586	1536226376359724															0			Unclassified	8																									6426	629	204			629	204	439	204	252.48	207.94					288.76	221.32	794.97		-34.01						823.62		4.77		0	4				
07/12/2018	3.3.2	Gaze Project	O4	3	M	Bilingual	G130	06/09/2018	89100	1280 x 720		Raw Data	Ord4_T4_R.avi	190	0	900	720									53574	10:16:42.595	1536226376367994															0	4307		Fixation	8	558	76	3.09	69.32	46.64																				6427	624	353	748	76	686	214	496	214	250.48	147.93	300.39	259.48	275.44	203.70	288.75	222.27	797.88	338.51	237.46	834.52					826.68	826.68	4.96	4.73	0	0				
07/12/2018	3.3.2	Gaze Project	O4	3	M	Bilingual	G130	06/09/2018	89100	1280 x 720		Raw Data	Ord4_T4_R.avi	190	0	900	720									53582	10:16:42.603	1536226376376335															0	4308		Fixation	8	485	30	2.26	147.70	78.38																				6428	670	322	675	30	672	176	482	176	269.14	160.30	271.06	277.83	270.10	219.07	288.75	221.94	796.96	359.32	265.16	917.09					825.71	825.71	4.90	5.68	0	0				
07/12/2018	3.3.2	Gaze Project	O4	3	M	Bilingual	G130	06/09/2018	89100	1280 x 720		Raw Data	Ord4_T4_R.avi	190	0	900	720									53591	10:16:42.611	1536226376384685															0	4309		Fixation	8	517	345	8.74	275.78	128.08																				6429			707	345	707	345	517	345			283.67	150.83						333.44	207.74	744.66						0.00		4.55	4	0				
07/12/2018	3.3.2	Gaze Project	O4	3	M	Bilingual	G130	06/09/2018	89100	1280 x 720		Raw Data	Ord4_T4_R.avi	190	0	900	720									53599	10:16:42.620	1536226376393027															0	4310		Fixation	8	483	299	1.76	126.38	210.60																				6430	654	390	673	299	663	344	473	344	262.61	132.84	270.28	169.67	266.44	151.26	288.73	222.48	798.71	333.58	207.89	745.17					827.53	827.53	5.01	4.30	0	0				
07/12/2018	3.3.2	Gaze Project	O4	3	M	Bilingual	G130	06/09/2018	89100	1280 x 720		Raw Data	Ord4_T4_R.avi	190	0	900	720									53607	10:16:42.628	1536226376401398															0	4311		Fixation	8	482	345	1.41	268.76	142.38																				6431	632	166	672	345	652	255	462	255	253.58	223.17	269.92	151.14	261.75	187.15	288.49	236.24	840.71	333.57	207.88	745.13					871.69	871.69	5.05	4.64	0	0				
07/12/2018	3.3.2	Gaze Project	O4	3	M	Bilingual	G130	06/09/2018	89100	1280 x 720		Raw Data	Ord4_T4_R.avi	190	0	900	720									53616	10:16:42.636	1536226376409661															0	4312		Fixation	8	487	320	0.75	78.73	169.97																				6432			677	320	677	320	487	320			271.63	160.94						342.41	227.47	803.73						0.00		5.14	4	0				
07/12/2018	3.3.2	Gaze Project	O4	3	M	Bilingual	G130	06/09/2018	89100	1280 x 720		Raw Data	Ord4_T4_R.avi	190	0	900	720									53624	10:16:42.645	1536226376417993															0			Unclassified	8																									6433	678	343			678	343	488	343	272.08	151.68					288.49	236.02	840.05		-34.01						870.99		5.47		0	4				
07/12/2018	3.3.2	Gaze Project	O4	3	M	Bilingual	G130	06/09/2018	89100	1280 x 720		Raw Data	Ord4_T4_R.avi	190	0	900	720									53632	10:16:42.653	1536226376426352															0	4313		Fixation	8	472	58	7.01	93.27	14.54																				6434	675	284	662	58	668	171	478	171	271.11	175.44	265.66	266.55	268.39	220.99	288.51	233.45	832.22	358.57	263.46	912.07					862.76	862.76	5.36	5.54	0	0				
07/12/2018	3.3.2	Gaze Project	O4	3	M	Bilingual	G130	06/09/2018	89100	1280 x 720		Raw Data	Ord4_T4_R.avi	190	0	900	720									53641	10:16:42.661	1536226376434708															0	4314		Fixation	8	493	302	6.78	274.90	181.64																				6435			683	302	683	302	493	302			274.34	168.14						333.45	207.78	745.17						0.00		4.54	4	0				
07/12/2018	3.3.2	Gaze Project	O4	3	M	Bilingual	G130	06/09/2018	89100	1280 x 720		Raw Data	Ord4_T4_R.avi	190	0	900	720									53649	10:16:42.670	1536226376442988															0			Unclassified	8																									6436	648	251			648	251	458	251	259.97	188.72					288.49	234.49	835.42		-34.01						866.13		5.19		0	4				
07/12/2018	3.3.2	Gaze Project	O4	3	M	Bilingual	G130	06/09/2018	89100	1280 x 720		Raw Data	Ord4_T4_R.avi	190	0	900	720									53657	10:16:42.678	1536226376451325															0	4315		Fixation	8	520	352	1.75	298.29	23.39																				6437			710	352	710	352	520	352			284.98	148.32						333.43	207.74	744.68						0.00		4.73	4	0				
07/12/2018	3.3.2	Gaze Project	O4	3	M	Bilingual	G130	06/09/2018	89100	1280 x 720		Raw Data	Ord4_T4_R.avi	190	0	900	720									53666	10:16:42.686	1536226376459666															0	4316		Fixation	8	446	249	3.90	125.61	187.32																				6438	723	455	636	249	679	352	489	352	290.07	106.85	255.16	189.72	272.61	148.28	288.76	215.06	776.19	333.58	207.82	744.64					803.84	803.84	4.76	4.36	0	0				
07/12/2018	3.3.2	Gaze Project	O4	3	M	Bilingual	G130	06/09/2018	89100	1280 x 720		Raw Data	Ord4_T4_R.avi	190	0	900	720									53674	10:16:42.695	1536226376468007															0			Unclassified	8																									6439	409	374			409	374	219	374	164.06	139.29					288.92	203.32	740.13		-34.01						765.96		4.10		0	4				
07/12/2018	3.3.2	Gaze Project	O4	3	M	Bilingual	G130	06/09/2018	89100	1280 x 720		Raw Data	Ord4_T4_R.avi	190	0	900	720									53682	10:16:42.703	1536226376476377															0			Unclassified	8																									6440	658	336			658	336	468	336	264.04	154.77					288.74	216.54	780.91		-34.01						808.79		4.51		0	4				
07/12/2018	3.3.2	Gaze Project	O4	3	M	Bilingual	G130	06/09/2018	89100	1280 x 720		Raw Data	Ord4_T4_R.avi	190	0	900	720									53691	10:16:42.711	1536226376484641															0			Unclassified	8																									6441																			-34.01										4	4				
07/12/2018	3.3.2	Gaze Project	O4	3	M	Bilingual	G130	06/09/2018	89100	1280 x 720		Raw Data	Ord4_T4_R.avi	190	0	900	720									53699	10:16:42.720	1536226376493003															0	4317		Fixation	8	486	324	2.62	298.00	172.39																				6442	691	434	676	324	683	379	493	379	277.56	115.09	271.45	159.60	274.51	137.34	288.61	222.29	798.51	333.52	207.53	744.76					827.28	827.28	4.86	4.49	0	0				
07/12/2018	3.3.2	Gaze Project	O4	3	M	Bilingual	G130	06/09/2018	89100	1280 x 720		Raw Data	Ord4_T4_R.avi	190	0	900	720									53707	10:16:42.728	1536226376501331															0			Unclassified	8																									6443																			-34.01										4	4				
07/12/2018	3.3.2	Gaze Project	O4	3	M	Bilingual	G130	06/09/2018	89100	1280 x 720		Raw Data	Ord4_T4_R.avi	190	0	900	720									53716	10:16:42.736	1536226376509695															0			Unclassified	8																									6444	676	476			676	476	486	476	271.38	98.34					288.79	207.07	751.68		-34.01						778.09		4.50		0	4				
07/12/2018	3.3.2	Gaze Project	O4	3	M	Bilingual	G130	06/09/2018	89100	1280 x 720		Raw Data	Ord4_T4_R.avi	190	0	900	720									53724	10:16:42.745	1536226376518048															0			Unclassified	8																									6445	648	375			648	375	458	375	260.11	139.08					288.78	207.06	751.68		-34.01						778.08		4.14		0	4				
07/12/2018	3.3.2	Gaze Project	O4	3	M	Bilingual	G130	06/09/2018	89100	1280 x 720		Raw Data	Ord4_T4_R.avi	190	0	900	720									53732	10:16:42.753	1536226376526316															0			Unclassified	8																									6446	623	397			623	397	433	397	250.23	130.16					288.56	222.16	798.23		-34.01						826.98		4.74		0	4				
07/12/2018	3.3.2	Gaze Project	O4	3	M	Bilingual	G130	06/09/2018	89100	1280 x 720		Raw Data	Ord4_T4_R.avi	190	0	900	720									53741	10:16:42.761	1536226376534647															0			Unclassified	8																									6447	634	485			634	485	444	485	254.40	94.72					288.76	207.02	751.61		-34.01						778.01		4.47		0	4				
07/12/2018	3.3.2	Gaze Project	O4	3	M	Bilingual	G130	06/09/2018	89100	1280 x 720		Raw Data	Ord4_T4_R.avi	190	0	900	720									53749	10:16:42.770	1536226376543002															0			Unclassified	8																									6448	669	405			669	405	479	405	268.42	126.90					288.49	225.18	807.52		-34.01						836.73		4.93		0	4				
07/12/2018	3.3.2	Gaze Project	O4	3	M	Bilingual	G130	06/09/2018	89100	1280 x 720		Raw Data	Ord4_T4_R.avi	190	0	900	720									53757	10:16:42.778	1536226376551360															0	4318		Fixation	8	462	372	1.59	243.51	305.51																				6449	658	519	652	372	655	445	465	445	264.13	81.08	261.62	140.00	262.87	110.54	288.45	227.19	813.70	335.74	221.54	786.99					843.22	843.22	5.05	4.83	0	0				
07/12/2018	3.3.2	Gaze Project	O4	3	M	Bilingual	G130	06/09/2018	89100	1280 x 720		Raw Data	Ord4_T4_R.avi	190	0	900	720									53766	10:16:42.786	1536226376559629															0	4319		Fixation	8	441	365	0.64	161.51	278.00																				6450			631	365	631	365	441	365			253.22	143.04						335.73	221.53	786.99						0.00		5.01	4	0				
07/12/2018	3.3.2	Gaze Project	O4	3	M	Bilingual	G130	06/09/2018	89100	1280 x 720		Raw Data	Ord4_T4_R.avi	190	0	900	720									53774	10:16:42.795	1536226376567971															0			Unclassified	8																									6451	633	388			633	388	443	388	253.91	133.67					288.26	236.30	841.62		-34.01						872.57		5.17		0	4				
07/12/2018	3.3.2	Gaze Project	O4	3	M	Bilingual	G130	06/09/2018	89100	1280 x 720		Raw Data	Ord4_T4_R.avi	190	0	900	720									53782	10:16:42.803	1536226376576313															0	4320		Fixation	8	429	424	1.72	258.54	97.03																				6452			619	424	619	424	429	424			248.36	119.28						335.89	222.65	790.45						0.00		5.06	4	0				
07/12/2018	3.3.2	Gaze Project	O4	3	M	Bilingual	G130	06/09/2018	89100	1280 x 720		Raw Data	Ord4_T4_R.avi	190	0	900	720									53791	10:16:42.811	1536226376584671															0	4321		Fixation	8	472	198	6.71	79.26	180.72																				6453	705	447	662	198	683	322	493	322	282.88	109.80	265.54	210.11	274.21	159.96	288.39	220.34	793.11	334.79	216.26	771.22					821.54	821.54	4.95	4.16	0	0				
07/12/2018	3.3.2	Gaze Project	O4	3	M	Bilingual	G130	06/09/2018	89100	1280 x 720		Raw Data	Ord4_T4_R.avi	190	0	900	720									53799	10:16:42.820	1536226376593030															0	4322		Fixation	8	504	326	3.93	283.99	204.73																				6454	598	454	694	326	646	390	456	390	240.05	107.03	278.74	158.81	259.39	132.92	288.37	220.58	793.89	334.68	215.69	769.55					822.35	822.35	4.81	4.64	0	0				
07/12/2018	3.3.2	Gaze Project	O4	3	M	Bilingual	G130	06/09/2018	89100	1280 x 720		Raw Data	Ord4_T4_R.avi	190	0	900	720									53807	10:16:42.828	1536226376601300															0	4323		Fixation	8	466	389	1.98	238.98	314.99																				6455			656	389	656	389	466	389			263.50	133.46						358.45	263.63	913.16						0.00		6.17	4	0				
07/12/2018	3.3.2	Gaze Project	O4	3	M	Bilingual	G130	06/09/2018	89100	1280 x 720		Raw Data	Ord4_T4_R.avi	190	0	900	720									53816	10:16:42.836	1536226376609634															0			Unclassified	8																									6456																			-34.01										4	4				
07/12/2018	3.3.2	Gaze Project	O4	3	M	Bilingual	G130	06/09/2018	89100	1280 x 720		Raw Data	Ord4_T4_R.avi	190	0	900	720									53824	10:16:42.845	1536226376617987															0	4324		Fixation	8	466	401	0.33	270.00	31.02																				6457	599	366	656	401	627	383	437	383	240.32	142.66	263.24	128.53	251.78	135.60	288.65	207.17	752.67	333.24	207.36	744.15					779.06	779.06	4.14	4.71	0	0				
07/12/2018	3.3.2	Gaze Project	O4	3	M	Bilingual	G130	06/09/2018	89100	1280 x 720		Raw Data	Ord4_T4_R.avi	190	0	900	720									53832	10:16:42.853	1536226376626342															0	4325		Fixation	8	458	319	2.48	95.55	185.55																				6458	646	443	648	319	647	381	457	381	259.34	111.40	260.29	161.56	259.82	136.48	288.52	206.65	751.16	334.59	215.46	769.04					777.46	777.46	4.51	4.64	0	0				
07/12/2018	3.3.2	Gaze Project	O4	3	M	Bilingual	G130	06/09/2018	89100	1280 x 720		Raw Data	Ord4_T4_R.avi	190	0	900	720									53841	10:16:42.861	1536226376634696															0			Unclassified	8																									6459	667	468			667	468	477	468	267.89	101.34					288.46	206.42	750.50		-34.01						776.76		4.57		0	4				
07/12/2018	3.3.2	Gaze Project	O4	3	M	Bilingual	G130	06/09/2018	89100	1280 x 720		Raw Data	Ord4_T4_R.avi	190	0	900	720									53849	10:16:42.870	1536226376642959															0			Unclassified	8																									6460	685	454			685	454	495	454	275.09	107.00					288.45	206.40	750.46		-34.01						776.71		4.56		0	4				
07/12/2018	3.3.2	Gaze Project	O4	3	M	Bilingual	G130	06/09/2018	89100	1280 x 720		Raw Data	Ord4_T4_R.avi	190	0	900	720									53857	10:16:42.878	1536226376651296															0	4326		Fixation	8	465	383	1.89	276.22	180.67																				6461	670	471	655	383	662	427	472	427	269.02	100.44	263.07	135.84	266.04	118.14	288.22	219.51	790.96	335.62	221.94	788.66					819.23	819.23	4.95	4.86	0	0				
07/12/2018	3.3.2	Gaze Project	O4	3	M	Bilingual	G130	06/09/2018	89100	1280 x 720		Raw Data	Ord4_T4_R.avi	190	0	900	720									53866	10:16:42.886	1536226376659648															0	4327		Fixation	8	458	415	0.97	257.70	341.48																				6462	625	373	648	415	636	394	446	394	250.72	139.85	260.13	122.79	255.42	131.32	288.54	206.54	750.41	333.13	207.00	743.20					776.70	776.70	4.25	4.60	0	0				
07/12/2018	3.3.2	Gaze Project	O4	3	M	Bilingual	G130	06/09/2018	89100	1280 x 720		Raw Data	Ord4_T4_R.avi	190	0	900	720									53874	10:16:42.895	1536226376668010															0	4328		Fixation	8	527	239	5.59	68.66	170.96																				6463	643	329	717	239	680	284	490	284	257.99	157.53	287.83	193.71	272.91	175.62	288.53	206.73	751.47	341.53	225.77	799.37					777.77	777.77	4.18	5.02	0	0				
07/12/2018	3.3.2	Gaze Project	O4	3	M	Bilingual	G130	06/09/2018	89100	1280 x 720		Raw Data	Ord4_T4_R.avi	190	0	900	720									53882	10:16:42.903	1536226376676279															0	4329		Fixation	8	446	379	4.64	240.03	171.37																				6464	685	526	636	379	660	452	470	452	275.02	77.95	255.40	137.31	265.21	107.63	288.44	206.53	750.87	335.54	221.39	787.08					777.13	777.13	4.64	4.90	0	0				
07/12/2018	3.3.2	Gaze Project	O4	3	M	Bilingual	G130	06/09/2018	89100	1280 x 720		Raw Data	Ord4_T4_R.avi	190	0	900	720									53891	10:16:42.911	1536226376684631															0			Unclassified	8																									6465	568	381			568	381	378	381	227.85	136.68					288.60	206.67	750.81		-34.01						777.13		4.26		0	4				
07/12/2018	3.3.2	Gaze Project	O4	3	M	Bilingual	G130	06/09/2018	89100	1280 x 720		Raw Data	Ord4_T4_R.avi	190	0	900	720									53899	10:16:42.920	1536226376692972															0	4330		Fixation	8	480	339	1.56	49.73	169.70																				6466			670	339	670	339	480	339			269.08	153.40						333.16	206.72	742.45						0.00		4.49	4	0				
07/12/2018	3.3.2	Gaze Project	O4	3	M	Bilingual	G130	06/09/2018	89100	1280 x 720		Raw Data	Ord4_T4_R.avi	190	0	900	720									53907	10:16:42.928	1536226376701314															0	4331		Fixation	8	392	337	2.69	178.69	128.97																				6467	568	334	582	337	575	335	385	335	227.80	155.51	233.71	154.42	230.76	154.97	288.73	206.69	750.80	333.19	206.75	742.56					777.13	777.13	3.94	4.45	0	0				
07/12/2018	3.3.2	Gaze Project	O4	3	M	Bilingual	G130	06/09/2018	89100	1280 x 720		Raw Data	Ord4_T4_R.avi	190	0	900	720									53916	10:16:42.936	1536226376709683															0	4332		Fixation	8	440	451	3.79	292.77	114.07																				6468	593	-60	630	451	611	195	421	195	238.00	313.94	253.02	108.34	245.51	211.14	304.23	264.83	928.03	333.27	206.86	742.89					964.16	964.16	5.04	4.72	0	0				
07/12/2018	3.3.2	Gaze Project	O4	3	M	Bilingual	G130	06/09/2018	89100	1280 x 720		Raw Data	Ord4_T4_R.avi	190	0	900	720									53924	10:16:42.945	1536226376717952															0	4333		Fixation	8	419	442	0.68	156.73	223.97																				6469	636	465	609	442	622	453	432	453	255.20	102.85	244.27	111.82	249.74	107.34	288.59	206.02	749.07	335.73	221.33	786.96					775.28	775.28	4.51	5.14	0	0				
07/12/2018	3.3.2	Gaze Project	O4	3	M	Bilingual	G130	06/09/2018	89100	1280 x 720		Raw Data	Ord4_T4_R.avi	190	0	900	720									53932	10:16:42.953	1536226376726274															0	4334		Fixation	8	465	401	1.81	41.80	245.07																				6470	670	457	655	401	662	429	472	429	269.09	105.86	262.97	128.57	266.03	117.22	288.62	206.07	749.11	333.46	206.98	742.85					775.33	775.33	4.57	4.71	0	0				
07/12/2018	3.3.2	Gaze Project	O4	3	M	Bilingual	G130	06/09/2018	89100	1280 x 720		Raw Data	Ord4_T4_R.avi	190	0	900	720									53941	10:16:42.961	1536226376734638															0	4335		Fixation	8	474	294	3.12	85.21	43.41																				6471	666	344	664	294	665	319	475	319	267.42	151.61	266.64	171.64	267.03	161.62	288.56	214.61	775.54	337.85	233.29	823.11					803.08	803.08	4.62	5.17	0	0				
07/12/2018	3.3.2	Gaze Project	O4	3	M	Bilingual	G130	06/09/2018	89100	1280 x 720		Raw Data	Ord4_T4_R.avi	190	0	900	720									53949	10:16:42.970	1536226376742998															0	4336		Fixation	8	433	242	1.84	128.16	42.96																				6472	641	415	623	242	632	328	442	328	257.29	122.92	250.27	192.32	253.78	157.62	288.78	206.06	748.89	345.72	233.54	823.01					775.13	775.13	4.44	5.32	0	0				
07/12/2018	3.3.2	Gaze Project	O4	3	M	Bilingual	G130	06/09/2018	89100	1280 x 720		Raw Data	Ord4_T4_R.avi	190	0	900	720									53957	10:16:42.978	1536226376751275															0	4337		Fixation	8	478	257	1.36	341.51	213.34																				6473	678	522	668	257	673	389	483	389	272.34	79.56	268.15	186.40	270.24	132.98	288.87	205.96	748.93	334.94	214.52	766.55					775.14	775.14	4.71	4.64	0	0				
07/12/2018	3.3.2	Gaze Project	O4	3	M	Bilingual	G130	06/09/2018	89100	1280 x 720		Raw Data	Ord4_T4_R.avi	190	0	900	720									53966	10:16:42.986	1536226376759614															0	4338		Fixation	8	503	319	2.03	291.90	310.39																				6474	650	468	693	319	671	393	481	393	260.90	101.56	278.08	161.44	269.49	131.50	288.99	206.32	749.47	333.72	206.54	742.11					775.77	775.77	4.50	4.44	0	0				
07/12/2018	3.3.2	Gaze Project	O4	3	M	Bilingual	G130	06/09/2018	89100	1280 x 720		Raw Data	Ord4_T4_R.avi	190	0	900	720									53974	10:16:42.995	1536226376767939															0	4339		Fixation	8	436	447	4.41	242.45	310.55																				6475	666	364	626	447	646	405	456	405	267.37	143.22	251.18	110.05	259.27	126.64	288.98	215.29	777.17	333.83	206.39	741.72					804.85	804.85	4.80	4.66	0	0				
07/12/2018	3.3.2	Gaze Project	O4	3	M	Bilingual	G130	06/09/2018	89100	1280 x 720		Raw Data	Ord4_T4_R.avi	190	0	900	720									53982	10:16:43.003	1536226376776294															0	4340		Fixation	8	461	375	2.32	70.91	188.46																				6476			651	375	651	375	461	375			261.15	138.78						334.05	206.80	743.03						0.00		4.57	4	0				
07/12/2018	3.3.2	Gaze Project	O4	3	M	Bilingual	G130	06/09/2018	89100	1280 x 720		Raw Data	Ord4_T4_R.avi	190	0	900	720									53991	10:16:43.011	1536226376784662															0			Unclassified	8																									6477	652	477			652	477	462	477	261.86	97.87					289.46	205.97	748.00		-34.01						774.28		4.59		0	4				
07/12/2018	3.3.2	Gaze Project	O4	3	M	Bilingual	G130	06/09/2018	89100	1280 x 720		Raw Data	Ord4_T4_R.avi	190	0	900	720									53999	10:16:43.020	1536226376792922															0	4341		Fixation	8	467	416	1.27	278.30	207.39																				6478			657	416	657	416	467	416			263.54	122.48						334.44	206.76	743.07						0.00		4.68	4	0				
07/12/2018	3.3.2	Gaze Project	O4	3	M	Bilingual	G130	06/09/2018	89100	1280 x 720		Raw Data	Ord4_T4_R.avi	190	0	900	720									54007	10:16:43.028	1536226376801275															0	4342		Fixation	8	469	392	0.74	85.25	166.95																				6479	664	414	659	392	661	403	471	403	266.35	123.16	264.66	132.23	265.50	127.70	289.81	206.28	748.63	334.68	206.61	743.13					774.98	774.98	4.50	4.66	0	0				
07/12/2018	3.3.2	Gaze Project	O4	3	M	Bilingual	G130	06/09/2018	89100	1280 x 720		Raw Data	Ord4_T4_R.avi	190	0	900	720									54016	10:16:43.036	1536226376809618															0	4343		Fixation	8	463	375	0.54	109.38	24.13																				6480	620	447	653	375	636	411	446	411	248.70	109.90	262.29	138.87	255.50	124.38	290.16	206.46	748.55	337.41	221.05	786.80					774.99	774.99	4.32	5.13	0	0				
07/12/2018	3.3.2	Gaze Project	O4	3	M	Bilingual	G130	06/09/2018	89100	1280 x 720		Raw Data	Ord4_T4_R.avi	190	0	900	720									54024	10:16:43.045	1536226376817981															0	4344		Fixation	8	476	234	4.16	84.75	335.37																				6481	663	413	666	234	664	323	474	323	266.18	123.49	267.31	195.78	266.75	159.63	290.24	213.66	771.13	336.67	215.12	768.97					798.66	798.66	4.83	4.71	0	0				
07/12/2018	3.3.2	Gaze Project	O4	3	M	Bilingual	G130	06/09/2018	89100	1280 x 720		Raw Data	Ord4_T4_R.avi	190	0	900	720									54032	10:16:43.053	1536226376826333															0	4345		Fixation	8	450	437	6.00	262.72	177.98																				6482	421	409	640	437	530	423	340	423	168.97	125.16	256.74	113.98	212.85	119.57	290.62	202.75	737.28	337.91	220.36	784.88					763.15	763.15	4.34	4.94	0	0				
07/12/2018	3.3.2	Gaze Project	O4	3	M	Bilingual	G130	06/09/2018	89100	1280 x 720		Raw Data	Ord4_T4_R.avi	190	0	900	720									54041	10:16:43.061	1536226376834600															0	4346		Fixation	8	471	294	4.23	81.67	178.95																				6483	692	480	661	294	676	387	486	387	277.66	96.54	265.32	171.60	271.49	134.07	290.89	206.47	748.38	337.28	214.86	768.32					774.85	774.85	4.64	4.80	0	0				
07/12/2018	3.3.2	Gaze Project	O4	3	M	Bilingual	G130	06/09/2018	89100	1280 x 720		Raw Data	Ord4_T4_R.avi	190	0	900	720									54049	10:16:43.070	1536226376842924															0	4347		Fixation	8	391	501	6.62	248.93	167.26																				6484	622	381	581	501	601	441	411	441	249.69	136.33	233.13	88.32	241.41	112.33	291.24	206.41	748.40	336.30	206.76	743.07					774.87	774.87	4.48	4.78	0	0				
07/12/2018	3.3.2	Gaze Project	O4	3	M	Bilingual	G130	06/09/2018	89100	1280 x 720		Raw Data	Ord4_T4_R.avi	190	0	900	720									54057	10:16:43.078	1536226376851290															0			Unclassified	8																									6485	656	514			656	514	466	514	263.50	82.98					291.62	206.49	748.37		-34.01						774.89		4.70		0	4				
07/12/2018	3.3.2	Gaze Project	O4	3	M	Bilingual	G130	06/09/2018	89100	1280 x 720		Raw Data	Ord4_T4_R.avi	190	0	900	720									54066	10:16:43.086	1536226376859651															0	4348		Fixation	8	429	356	4.44	75.36	186.43																				6486	671	414	619	356	645	385	455	385	269.16	123.40	248.48	146.42	258.82	134.91	291.97	221.64	794.19	338.78	216.58	773.46					823.12	823.12	4.96	4.85	0	0				
07/12/2018	3.3.2	Gaze Project	O4	3	M	Bilingual	G130	06/09/2018	89100	1280 x 720		Raw Data	Ord4_T4_R.avi	190	0	900	720									54074	10:16:43.095	1536226376867926															0	4349		Fixation	8	520	226	4.69	55.09	339.73																				6487	645	307	710	226	677	266	487	266	258.86	166.38	285.06	198.78	271.96	182.58	292.41	220.48	790.38	338.93	215.12	768.97					819.15	819.15	4.66	4.48	0	0				
07/12/2018	3.3.2	Gaze Project	O4	3	M	Bilingual	G130	06/09/2018	89100	1280 x 720		Raw Data	Ord4_T4_R.avi	190	0	900	720									54082	10:16:43.103	1536226376876261															0	4350		Fixation	8	531	139	2.63	82.82	27.72																				6488	632	343	721	139	676	241	486	241	253.82	151.63	289.49	233.98	271.66	192.80	292.85	221.26	792.62	339.11	213.77	764.84					821.54	821.54	4.82	4.14	0	0				
07/12/2018	3.3.2	Gaze Project	O4	3	M	Bilingual	G130	06/09/2018	89100	1280 x 720		Raw Data	Ord4_T4_R.avi	190	0	900	720									54091	10:16:43.111	1536226376884602															0	4351		Fixation	8	476	301	5.13	251.30	168.49																				6489	662	450	666	301	664	375	474	375	265.72	108.64	267.30	168.88	266.51	138.76	293.28	221.34	792.66	339.62	214.07	765.71					821.63	821.63	5.08	4.89	0	0				
07/12/2018	3.3.2	Gaze Project	O4	3	M	Bilingual	G130	06/09/2018	89100	1280 x 720		Raw Data	Ord4_T4_R.avi	190	0	900	720									54099	10:16:43.120	1536226376892960															0			Unclassified	8																									6490	707	310			707	310	517	310	283.79	165.16					293.71	221.36	792.53		-34.01						821.52		4.72		0	4				
07/12/2018	3.3.2	Gaze Project	O4	3	M	Bilingual	G130	06/09/2018	89100	1280 x 720		Raw Data	Ord4_T4_R.avi	190	0	900	720									54107	10:16:43.128	1536226376901316															0	4352		Fixation	8	487	205	2.85	83.48	192.18																				6491			677	205	677	205	487	205			271.85	207.30						341.86	221.16	786.89						0.00		4.90	4	0				
07/12/2018	3.3.2	Gaze Project	O4	3	M	Bilingual	G130	06/09/2018	89100	1280 x 720		Raw Data	Ord4_T4_R.avi	190	0	900	720									54116	10:16:43.136	1536226376909557															0	4353		Fixation	8	444	273	2.34	237.78	154.29																				6492	700	274	634	273	667	273	477	273	280.88	179.42	254.66	180.17	267.77	179.79	294.57	221.90	793.82	342.09	220.16	783.71					822.96	822.96	4.59	4.68	0	0				
07/12/2018	3.3.2	Gaze Project	O4	3	M	Bilingual	G130	06/09/2018	89100	1280 x 720		Raw Data	Ord4_T4_R.avi	190	0	900	720									54124	10:16:43.145	1536226376917918															0			Unclassified	8																									6493	620	297			620	297	430	297	249.07	170.43					295.15	232.11	824.59		-34.01						855.37		4.95		0	4				
07/12/2018	3.3.2	Gaze Project	O4	3	M	Bilingual	G130	06/09/2018	89100	1280 x 720		Raw Data	Ord4_T4_R.avi	190	0	900	720									54132	10:16:43.153	1536226376926271															0	4354		Fixation	8	471	299	1.09	315.99	78.21																				6494	649	262	661	299	655	280	465	280	260.71	184.63	265.41	169.42	263.06	177.03	295.42	222.32	794.67	343.05	220.79	785.25					823.94	823.94	4.97	5.13	0	0				
07/12/2018	3.3.2	Gaze Project	O4	3	M	Bilingual	G130	06/09/2018	89100	1280 x 720		Raw Data	Ord4_T4_R.avi	190	0	900	720									54141	10:16:43.161	1536226376934633															0			Unclassified	8																									6495	689	396			689	396	499	396	276.57	130.45					295.83	221.87	793.08		-34.01						822.31		4.93		0	4				
07/12/2018	3.3.2	Gaze Project	O4	3	M	Bilingual	G130	06/09/2018	89100	1280 x 720		Raw Data	Ord4_T4_R.avi	190	0	900	720									54149	10:16:43.170	1536226376942983															0			Unclassified	8																									6496	624	336			624	336	434	336	250.28	154.56					296.23	221.48	791.64		-34.01						820.83		4.90		0	4				
07/12/2018	3.3.2	Gaze Project	O4	3	M	Bilingual	G130	06/09/2018	89100	1280 x 720		Raw Data	Ord4_T4_R.avi	190	0	900	720									54157	10:16:43.178	1536226376951247															0			Unclassified	8																									6497	655	418			655	418	465	418	263.00	121.57					296.52	216.71	776.93		-34.01						805.40		4.81		0	4				
07/12/2018	3.3.2	Gaze Project	O4	3	M	Bilingual	G130	06/09/2018	89100	1280 x 720		Raw Data	Ord4_T4_R.avi	190	0	900	720									54166	10:16:43.186	1536226376959584															0	4355		Fixation	8	491	431	3.91	278.59	322.60																				6498	701	213	681	431	691	322	501	322	281.44	204.11	273.49	116.45	277.47	160.28	296.88	216.08	774.73	343.58	215.81	769.55					803.14	803.14	4.32	5.25	0	0				
07/12/2018	3.3.2	Gaze Project	O4	3	M	Bilingual	G130	06/09/2018	89100	1280 x 720		Raw Data	Ord4_T4_R.avi	190	0	900	720									54174	10:16:43.195	1536226376967940															0	4356		Fixation	8	447	329	3.25	113.27	194.68																				6499	616	302	637	329	626	315	436	315	247.07	168.50	255.66	157.55	251.37	163.03	297.33	221.69	791.46	345.14	221.86	787.66					820.79	820.79	4.69	4.95	0	0				
07/12/2018	3.3.2	Gaze Project	O4	3	M	Bilingual	G130	06/09/2018	89100	1280 x 720		Raw Data	Ord4_T4_R.avi	190	0	900	720									54182	10:16:43.203	1536226376976299															0			Unclassified	8																									6500	634	348			634	348	444	348	254.56	149.63					297.71	221.31	790.03		-34.01						819.32		4.75		0	4				
07/12/2018	3.3.2	Gaze Project	O4	3	M	Bilingual	G130	06/09/2018	89100	1280 x 720		Raw Data	Ord4_T4_R.avi	190	0	900	720									54191	10:16:43.211	1536226376984577															0	4357		Fixation	8	503	427	3.31	299.67	186.40																				6501	670	272	693	427	681	349	491	349	269.06	180.47	277.99	117.96	273.53	149.22	298.14	223.93	797.67	344.62	215.77	769.13					827.41	827.41	4.87	4.94	0	0				
07/12/2018	3.3.2	Gaze Project	O4	3	M	Bilingual	G130	06/09/2018	89100	1280 x 720		Raw Data	Ord4_T4_R.avi	190	0	900	720									54199	10:16:43.220	1536226376992908															0			Unclassified	8																									6502	684	382			684	382	494	382	274.54	136.11					298.39	221.64	790.46		-34.01						819.88		4.84		0	4				
07/12/2018	3.3.2	Gaze Project	O4	3	M	Bilingual	G130	06/09/2018	89100	1280 x 720		Raw Data	Ord4_T4_R.avi	190	0	900	720									54207	10:16:43.228	1536226377001252															0	4358		Fixation	8	506	342	2.48	87.99	148.32																				6503	657	344	696	342	676	343	486	343	263.66	151.26	279.29	152.09	271.47	151.68	298.78	221.85	790.84	346.54	221.63	786.76					820.32	820.32	4.70	5.28	0	0				
07/12/2018	3.3.2	Gaze Project	O4	3	M	Bilingual	G130	06/09/2018	89100	1280 x 720		Raw Data	Ord4_T4_R.avi	190	0	900	720									54216	10:16:43.236	1536226377009609															0			Unclassified	8																									6504	634	432			634	432	444	432	254.35	116.12					298.96	216.05	773.07		-34.01						801.66		4.77		0	4				
07/12/2018	3.3.2	Gaze Project	O4	3	M	Bilingual	G130	06/09/2018	89100	1280 x 720		Raw Data	Ord4_T4_R.avi	190	0	900	720									54224	10:16:43.245	1536226377017956															0			Unclassified	8																									6505	686	300			686	300	496	300	275.43	169.12					299.44	221.90	790.60		-34.01						820.15		4.69		0	4				
07/12/2018	3.3.2	Gaze Project	O4	3	M	Bilingual	G130	06/09/2018	89100	1280 x 720		Raw Data	Ord4_T4_R.avi	190	0	900	720									54232	10:16:43.253	1536226377026240															0	4359		Fixation	8	482	211	3.86	100.35	12.36																				6506			672	211	672	211	482	211			269.60	204.80						347.98	223.45	792.54						0.00		4.94	4	0				
07/12/2018	3.3.2	Gaze Project	O4	3	M	Bilingual	G130	06/09/2018	89100	1280 x 720		Raw Data	Ord4_T4_R.avi	190	0	900	720									54241	10:16:43.261	1536226377034574															0			Unclassified	8																									6507																			-34.01										4	4				
07/12/2018	3.3.2	Gaze Project	O4	3	M	Bilingual	G130	06/09/2018	89100	1280 x 720		Raw Data	Ord4_T4_R.avi	190	0	900	720									54249	10:16:43.270	1536226377042924															0	4360		Fixation	8	463	417	5.94	264.75	164.40																				6508	621	178	653	417	637	297	447	297	249.35	218.26	261.99	121.93	255.67	170.10	300.26	216.76	774.79	348.81	224.19	795.15					803.58	803.58	4.03	5.43	0	0				
07/12/2018	3.3.2	Gaze Project	O4	3	M	Bilingual	G130	06/09/2018	89100	1280 x 720		Raw Data	Ord4_T4_R.avi	190	0	900	720									54257	10:16:43.278	1536226377051284															0			Unclassified	8																									6509																			-34.01										4	4				
07/12/2018	3.3.2	Gaze Project	O4	3	M	Bilingual	G130	06/09/2018	89100	1280 x 720		Raw Data	Ord4_T4_R.avi	190	0	900	720									54266	10:16:43.286	1536226377059638															0			Unclassified	8																									6510	651	337			651	337	461	337	261.14	154.21					300.80	215.78	771.85		-34.01						800.52		4.31		0	4				
07/12/2018	3.3.2	Gaze Project	O4	3	M	Bilingual	G130	06/09/2018	89100	1280 x 720		Raw Data	Ord4_T4_R.avi	190	0	900	720									54274	10:16:43.295	1536226377067898															0			Unclassified	8																									6511	648	364			648	364	458	364	260.10	143.53					301.07	216.49	774.05		-34.01						802.84		4.68		0	4				
07/12/2018	3.3.2	Gaze Project	O4	3	M	Bilingual	G130	06/09/2018	89100	1280 x 720		Raw Data	Ord4_T4_R.avi	190	0	900	720									54282	10:16:43.303	1536226377076237															0			Unclassified	8																									6512	648	286			648	286	458	286	260.02	174.88					301.34	217.33	776.64		-34.01						805.57		4.49		0	4				
07/12/2018	3.3.2	Gaze Project	O4	3	M	Bilingual	G130	06/09/2018	89100	1280 x 720		Raw Data	Ord4_T4_R.avi	190	0	900	720									54291	10:16:43.311	1536226377084589															0			Unclassified	8																									6513	611	402			611	402	421	402	245.45	128.25					301.76	222.26	791.61		-34.01						821.33		4.81		0	4				
07/12/2018	3.3.2	Gaze Project	O4	3	M	Bilingual	G130	06/09/2018	89100	1280 x 720		Raw Data	Ord4_T4_R.avi	190	0	900	720									54299	10:16:43.320	1536226377092950															0			Unclassified	8																									6514																			-34.01										4	4				
07/12/2018	3.3.2	Gaze Project	O4	3	M	Bilingual	G130	06/09/2018	89100	1280 x 720		Raw Data	Ord4_T4_R.avi	190	0	900	720									54307	10:16:43.328	1536226377101208															0			Unclassified	8																									6515	638	303			638	303	448	303	255.97	167.90					301.90	216.31	773.73		-34.01						802.53		4.64		0	4				
07/12/2018	3.3.2	Gaze Project	O4	3	M	Bilingual	G130	06/09/2018	89100	1280 x 720		Raw Data	Ord4_T4_R.avi	190	0	900	720									54316	10:16:43.336	1536226377109567															0			Unclassified	8																									6516	642	320			642	320	452	320	257.70	160.97					302.27	222.35	792.07		-34.01						821.83		4.95		0	4				
07/12/2018	3.3.2	Gaze Project	O4	3	M	Bilingual	G130	06/09/2018	89100	1280 x 720		Raw Data	Ord4_T4_R.avi	190	0	900	720									54324	10:16:43.345	1536226377117903															0			Unclassified	8																									6517																			-34.01										4	4				
07/12/2018	3.3.2	Gaze Project	O4	3	M	Bilingual	G130	06/09/2018	89100	1280 x 720		Raw Data	Ord4_T4_R.avi	190	0	900	720									54332	10:16:43.353	1536226377126249															0			Unclassified	8																									6518	694	179			694	179	504	179	278.45	217.70					302.03	208.35	749.89		-34.01						777.44		3.65		0	4				
07/12/2018	3.3.2	Gaze Project	O4	3	M	Bilingual	G130	06/09/2018	89100	1280 x 720		Raw Data	Ord4_T4_R.avi	190	0	900	720									54341	10:16:43.361	1536226377134623															0	4361		Fixation	8	541	190	7.05	71.09	166.35																				6519			731	190	731	190	541	190			293.53	213.34						348.30	211.22	757.96						0.00		4.10	4	0				
07/12/2018	3.3.2	Gaze Project	O4	3	M	Bilingual	G130	06/09/2018	89100	1280 x 720		Raw Data	Ord4_T4_R.avi	190	0	900	720									54349	10:16:43.370	1536226377142889															0	4362		Fixation	8	477	289	3.57	237.20	166.11																				6520	705	194	667	289	686	241	496	241	282.82	211.83	267.63	173.64	275.22	192.73	302.26	209.33	752.98	348.12	210.04	754.44					780.69	780.69	3.33	4.43	0	0				
07/12/2018	3.3.2	Gaze Project	O4	3	M	Bilingual	G130	06/09/2018	89100	1280 x 720		Raw Data	Ord4_T4_R.avi	190	0	900	720									54357	10:16:43.378	1536226377151224															0			Unclassified	8																									6521																			-34.01										4	4				
07/12/2018	3.3.2	Gaze Project	O4	3	M	Bilingual	G130	06/09/2018	89100	1280 x 720		Raw Data	Ord4_T4_R.avi	190	0	900	720									54366	10:16:43.386	1536226377159573															0	4363		Fixation	8	516	301	1.23	342.85	105.64																				6522			706	301	706	301	516	301			283.39	168.67						348.49	211.13	757.84						0.00		4.54	4	0				
07/12/2018	3.3.2	Gaze Project	O4	3	M	Bilingual	G130	06/09/2018	89100	1280 x 720		Raw Data	Ord4_T4_R.avi	190	0	900	720									54374	10:16:43.395	1536226377167936															0			Unclassified	8																									6523	653	193			653	193	463	193	262.22	212.04					302.39	208.83	751.61		-34.01						779.24		3.62		0	4				
07/12/2018	3.3.2	Gaze Project	O4	3	M	Bilingual	G130	06/09/2018	89100	1280 x 720		Raw Data	Ord4_T4_R.avi	190	0	900	720									54382	10:16:43.403	1536226377176287															0	4364		Fixation	8	533	186	3.52	81.62	98.77																				6524			723	186	723	186	533	186			290.15	214.97						348.53	211.07	757.74						0.00		4.00	4	0				
07/12/2018	3.3.2	Gaze Project	O4	3	M	Bilingual	G130	06/09/2018	89100	1280 x 720		Raw Data	Ord4_T4_R.avi	190	0	900	720									54390	10:16:43.411	1536226377184553															0	4365		Fixation	8	445	431	7.84	250.30	168.68																				6525			635	431	635	431	445	431			254.94	116.36						348.36	210.27	755.36						0.00		4.85	4	0				
07/12/2018	3.3.2	Gaze Project	O4	3	M	Bilingual	G130	06/09/2018	89100	1280 x 720		Raw Data	Ord4_T4_R.avi	190	0	900	720									54399	10:16:43.420	1536226377192874															0			Unclassified	8																									6526																			-34.01										4	4				
07/12/2018	3.3.2	Gaze Project	O4	3	M	Bilingual	G130	06/09/2018	89100	1280 x 720		Raw Data	Ord4_T4_R.avi	190	0	900	720									54407	10:16:43.428	1536226377201284															0			Unclassified	8																									6527	712	641	694	309	703	475	513	475	285.93	31.63	278.52	165.64	282.22	98.64	298.48	110.19	452.70	349.38	210.46	755.28					465.01	465.01	2.35	4.26	1	3				
07/12/2018	3.3.2	Gaze Project	O4	3	M	Bilingual	G130	06/09/2018	89100	1280 x 720		Raw Data	Ord4_T4_R.avi	190	0	900	720									54416	10:16:43.436	1536226377209603															0			Unclassified	8																									6528																			-34.01										4	4				
07/12/2018	3.3.2	Gaze Project	O4	3	M	Bilingual	G130	06/09/2018	89100	1280 x 720		Raw Data	Ord4_T4_R.avi	190	0	900	720									54424	10:16:43.445	1536226377217892															0			Unclassified	8																									6529	663	377			663	377	473	377	266.27	138.31					302.83	221.49	790.31		-34.01						819.92		4.84		0	4				
07/12/2018	3.3.2	Gaze Project	O4	3	M	Bilingual	G130	06/09/2018	89100	1280 x 720		Raw Data	Ord4_T4_R.avi	190	0	900	720									54432	10:16:43.453	1536226377226224															0	4366		Fixation	8	495	277	4.74	72.07	181.77																				6530	658	391	685	277	671	334	481	334	264.02	132.36	274.85	178.56	269.44	155.46	302.60	217.57	778.54	351.00	222.54	792.89					807.52	807.52	4.89	5.21	0	0				
07/12/2018	3.3.2	Gaze Project	O4	3	M	Bilingual	G130	06/09/2018	89100	1280 x 720		Raw Data	Ord4_T4_R.avi	190	0	900	720									54441	10:16:43.461	1536226377234559															0			Unclassified	8																									6531	657	294			657	294	467	294	263.73	171.49					302.51	216.39	775.06		-34.01						803.85		4.51		0	4				
07/12/2018	3.3.2	Gaze Project	O4	3	M	Bilingual	G130	06/09/2018	89100	1280 x 720		Raw Data	Ord4_T4_R.avi	190	0	900	720									54449	10:16:43.470	1536226377242900															0			Unclassified	8																									6532																			-34.01										4	4				
07/12/2018	3.3.2	Gaze Project	O4	3	M	Bilingual	G130	06/09/2018	89100	1280 x 720		Raw Data	Ord4_T4_R.avi	190	0	900	720									54457	10:16:43.478	1536226377251275															0			Unclassified	8																									6533	640	449			640	449	450	449	257.04	109.06					302.62	222.03	792.31		-34.01						821.97		5.00		0	4				
07/12/2018	3.3.2	Gaze Project	O4	3	M	Bilingual	G130	06/09/2018	89100	1280 x 720		Raw Data	Ord4_T4_R.avi	190	0	900	720									54465	10:16:43.486	1536226377259530															0			Unclassified	8																									6534	669	228			669	228	479	228	268.58	198.26					302.55	223.70	797.50		-34.01						827.42		4.67		0	4				
07/12/2018	3.3.2	Gaze Project	O4	3	M	Bilingual	G130	06/09/2018	89100	1280 x 720		Raw Data	Ord4_T4_R.avi	190	0	900	720									54474	10:16:43.495	1536226377267866															0			Unclassified	8																									6535	691	328			691	328	501	328	277.44	157.78					302.42	221.63	791.30		-34.01						820.88		4.88		0	4				
07/12/2018	3.3.2	Gaze Project	O4	3	M	Bilingual	G130	06/09/2018	89100	1280 x 720		Raw Data	Ord4_T4_R.avi	190	0	900	720									54482	10:16:43.503	1536226377276227															0			Unclassified	8																									6536	647	273			647	273	457	273	259.57	180.03					302.42	223.10	795.81		-34.01						825.61		4.75		0	4				
07/12/2018	3.3.2	Gaze Project	O4	3	M	Bilingual	G130	06/09/2018	89100	1280 x 720		Raw Data	Ord4_T4_R.avi	190	0	900	720									54491	10:16:43.511	1536226377284585															0			Unclassified	8																									6537	643	403			643	403	453	403	258.21	127.51					302.23	222.00	792.55		-34.01						822.17		4.76		0	4				
07/12/2018	3.3.2	Gaze Project	O4	3	M	Bilingual	G130	06/09/2018	89100	1280 x 720		Raw Data	Ord4_T4_R.avi	190	0	900	720									54499	10:16:43.520	1536226377292942															0			Unclassified	8																									6538	677	328			677	328	487	328	271.75	157.76					301.89	215.76	773.67		-34.01						802.30		4.60		0	4				
07/12/2018	3.3.2	Gaze Project	O4	3	M	Bilingual	G130	06/09/2018	89100	1280 x 720		Raw Data	Ord4_T4_R.avi	190	0	900	720									54507	10:16:43.528	1536226377301197															0			Unclassified	8																									6539	703	280			703	280	513	280	282.19	177.20					301.96	220.68	788.60		-34.01						818.00		4.78		0	4				
07/12/2018	3.3.2	Gaze Project	O4	3	M	Bilingual	G130	06/09/2018	89100	1280 x 720		Raw Data	Ord4_T4_R.avi	190	0	900	720									54515	10:16:43.536	1536226377309535															0			Unclassified	8																									6540	925	130	650	130	787	130	597	130	371.14	237.59	261.10	237.66	316.12	237.62	358.71	230.71	816.80	358.70	230.71	816.80					852.77	852.77	4.99	5.01	1	3				
07/12/2018	3.3.2	Gaze Project	O4	3	M	Bilingual	G130	06/09/2018	89100	1280 x 720		Raw Data	Ord4_T4_R.avi	190	0	900	720									54524	10:16:43.545	1536226377317897															0	4367		Fixation	8	451	409	3.97	251.62	179.55																				6541	663	247	641	409	652	328	462	328	265.96	190.48	257.47	125.43	261.71	157.96	301.50	215.87	774.15	350.15	223.62	796.16					802.77	802.77	4.54	5.35	0	0				
07/12/2018	3.3.2	Gaze Project	O4	3	M	Bilingual	G130	06/09/2018	89100	1280 x 720		Raw Data	Ord4_T4_R.avi	190	0	900	720									54532	10:16:43.553	1536226377326257															0			Unclassified	8																									6542	684	360			684	360	494	360	274.70	145.00					301.55	220.90	789.43		-34.01						818.83		4.90		0	4				
07/12/2018	3.3.2	Gaze Project	O4	3	M	Bilingual	G130	06/09/2018	89100	1280 x 720		Raw Data	Ord4_T4_R.avi	190	0	900	720									54540	10:16:43.561	1536226377334522															0			Unclassified	8																									6543																			-34.01										4	4				
07/12/2018	3.3.2	Gaze Project	O4	3	M	Bilingual	G130	06/09/2018	89100	1280 x 720		Raw Data	Ord4_T4_R.avi	190	0	900	720									54549	10:16:43.570	1536226377342876															0			Unclassified	8																									6544	614	169			614	169	424	169	246.63	221.73					301.02	214.70	770.63		-34.01						799.03		4.25		0	4				
07/12/2018	3.3.2	Gaze Project	O4	3	M	Bilingual	G130	06/09/2018	89100	1280 x 720		Raw Data	Ord4_T4_R.avi	190	0	900	720									54557	10:16:43.578	1536226377351210															0			Unclassified	8																									6545	660	327			660	327	470	327	265.01	158.12					300.87	215.24	772.26		-34.01						800.75		4.62		0	4				
07/12/2018	3.3.2	Gaze Project	O4	3	M	Bilingual	G130	06/09/2018	89100	1280 x 720		Raw Data	Ord4_T4_R.avi	190	0	900	720									54566	10:16:43.586	1536226377359571															0	4368		Fixation	8	453	388	0.60	84.58	192.96																				6546			643	388	643	388	453	388			258.21	133.60						348.90	221.72	789.95						0.00		5.14	4	0				
07/12/2018	3.3.2	Gaze Project	O4	3	M	Bilingual	G130	06/09/2018	89100	1280 x 720		Raw Data	Ord4_T4_R.avi	190	0	900	720									54574	10:16:43.595	1536226377367923															0	4369		Fixation	8	473	392	0.59	348.65	264.08																				6547	638	378	663	392	650	385	460	385	255.91	137.74	266.29	132.21	261.10	134.98	300.69	219.61	785.49	347.54	216.12	772.89					814.64	814.64	4.98	5.06	0	0				
07/12/2018	3.3.2	Gaze Project	O4	3	M	Bilingual	G130	06/09/2018	89100	1280 x 720		Raw Data	Ord4_T4_R.avi	190	0	900	720									54582	10:16:43.603	1536226377376191															0			Unclassified	8																									6548	644	371			644	371	454	371	258.39	140.42					300.39	214.92	771.23		-34.01						799.64		4.69		0	4				
07/12/2018	3.3.2	Gaze Project	O4	3	M	Bilingual	G130	06/09/2018	89100	1280 x 720		Raw Data	Ord4_T4_R.avi	190	0	900	720									54590	10:16:43.611	1536226377384523															0			Unclassified	8																									6549	622	378			622	378	432	378	249.59	137.86					300.25	215.68	773.49		-34.01						802.01		4.77		0	4				
07/12/2018	3.3.2	Gaze Project	O4	3	M	Bilingual	G130	06/09/2018	89100	1280 x 720		Raw Data	Ord4_T4_R.avi	190	0	900	720									54599	10:16:43.620	1536226377392880															0	4370		Fixation	8	478	401	0.30	298.98	310.32																				6550	620	173	668	401	644	287	454	287	249.00	220.10	268.21	128.55	258.61	174.32	300.26	220.59	788.32	348.09	221.09	787.52					817.61	817.61	4.46	5.36	0	0				
07/12/2018	3.3.2	Gaze Project	O4	3	M	Bilingual	G130	06/09/2018	89100	1280 x 720		Raw Data	Ord4_T4_R.avi	190	0	900	720									54607	10:16:43.628	1536226377401237															0			Unclassified	8																									6551	945	105	663	253	804	179	614	179	379.46	247.76	266.26	187.93	322.86	217.84	365.48	248.08	867.93	352.11	221.40	787.40					907.20	907.20	5.06	4.61	1	3				
07/12/2018	3.3.2	Gaze Project	O4	3	M	Bilingual	G130	06/09/2018	89100	1280 x 720		Raw Data	Ord4_T4_R.avi	190	0	900	720									54615	10:16:43.636	1536226377409494															0	4371		Fixation	8	539	303	3.36	58.18	119.21																				6552	680	254	729	303	704	278	514	278	272.79	187.80	292.67	167.84	282.73	177.82	299.98	222.93	795.25	346.59	215.53	770.40					824.91	824.91	4.87	5.11	0	0				
07/12/2018	3.3.2	Gaze Project	O4	3	M	Bilingual	G130	06/09/2018	89100	1280 x 720		Raw Data	Ord4_T4_R.avi	190	0	900	720									54624	10:16:43.645	1536226377417858															0	4372		Fixation	8	457	371	3.11	219.76	161.58																				6553			647	371	647	371	457	371			259.54	140.46						347.51	220.55	785.44						0.00		5.00	4	0				
07/12/2018	3.3.2	Gaze Project	O4	3	M	Bilingual	G130	06/09/2018	89100	1280 x 720		Raw Data	Ord4_T4_R.avi	190	0	900	720									54632	10:16:43.653	1536226377426190															0			Unclassified	8																									6554																			-34.01										4	4				
07/12/2018	3.3.2	Gaze Project	O4	3	M	Bilingual	G130	06/09/2018	89100	1280 x 720		Raw Data	Ord4_T4_R.avi	190	0	900	720									54640	10:16:43.661	1536226377434549															0	4373		Fixation	8	428	313	1.88	116.49	256.73																				6555	661	421	618	313	639	367	449	367	265.33	120.47	248.07	163.73	256.70	142.10	299.55	223.15	795.70	347.51	221.83	789.07					825.37	825.37	4.94	4.94	0	0				
07/12/2018	3.3.2	Gaze Project	O4	3	M	Bilingual	G130	06/09/2018	89100	1280 x 720		Raw Data	Ord4_T4_R.avi	190	0	900	720									54649	10:16:43.670	1536226377442906															0			Unclassified	8																									6556	701	683	622	208	661	445	471	445	281.53	14.76	249.80	206.17	265.66	110.47	296.44	110.05	451.99	351.72	222.12	788.95					464.12	464.12	2.75	4.76	1	3				
07/12/2018	3.3.2	Gaze Project	O4	3	M	Bilingual	G130	06/09/2018	89100	1280 x 720		Raw Data	Ord4_T4_R.avi	190	0	900	720									54657	10:16:43.678	1536226377451174															0	4374		Fixation	8	476	330	1.48	340.44	223.95																				6557	535	702	666	330	600	516	410	516	214.94	7.25	267.50	157.23	241.22	82.24	296.96	109.76	452.10	345.95	215.76	770.56					464.18	464.18	2.73	4.85	0	0				
07/12/2018	3.3.2	Gaze Project	O4	3	M	Bilingual	G130	06/09/2018	89100	1280 x 720		Raw Data	Ord4_T4_R.avi	190	0	900	720									54665	10:16:43.686	1536226377459520															0			Unclassified	8																									6558	554	723			554	723			222.54	-1.24					296.88	109.76	452.10		-34.01						464.18		2.78		0	4				
07/12/2018	3.3.2	Gaze Project	O4	3	M	Bilingual	G130	06/09/2018	89100	1280 x 720		Raw Data	Ord4_T4_R.avi	190	0	900	720									54674	10:16:43.695	1536226377467859															0			Unclassified	8																									6559	571	739			571	739			229.24	-7.55					296.82	109.76	452.11		-34.01						464.17		2.87		0	4				
07/12/2018	3.3.2	Gaze Project	O4	3	M	Bilingual	G130	06/09/2018	89100	1280 x 720		Raw Data	Ord4_T4_R.avi	190	0	900	720									54682	10:16:43.703	1536226377476219															0			Unclassified	8																									6560	632	278			632	278	442	278	253.52	177.82					298.79	215.73	773.14		-34.01						801.62		4.50		0	4				
07/12/2018	3.3.2	Gaze Project	O4	3	M	Bilingual	G130	06/09/2018	89100	1280 x 720		Raw Data	Ord4_T4_R.avi	190	0	900	720									54691	10:16:43.711	1536226377484574															0			Unclassified	8																									6561	557	687			557	687	367	687	223.74	13.29					296.70	109.76	452.11		-34.01						464.16		2.79		0	4				
07/12/2018	3.3.2	Gaze Project	O4	3	M	Bilingual	G130	06/09/2018	89100	1280 x 720		Raw Data	Ord4_T4_R.avi	190	0	900	720									54699	10:16:43.720	1536226377492829															0			Unclassified	8																									6562	675	318			675	318	485	318	270.76	161.85					298.56	214.31	768.90		-34.01						797.14		4.53		0	4				
07/12/2018	3.3.2	Gaze Project	O4	3	M	Bilingual	G130	06/09/2018	89100	1280 x 720		Raw Data	Ord4_T4_R.avi	190	0	900	720									54707	10:16:43.728	1536226377501174															0			Unclassified	8																									6563	694	671	704	284	699	477	509	477	278.74	19.70	282.57	175.56	280.65	97.63	296.08	109.91	451.50	348.05	216.05	770.45					463.58	463.58	2.65	4.70	1	3				
07/12/2018	3.3.2	Gaze Project	O4	3	M	Bilingual	G130	06/09/2018	89100	1280 x 720		Raw Data	Ord4_T4_R.avi	190	0	900	720									54715	10:16:43.736	1536226377509530															0			Unclassified	8																									6564																			-34.01										4	4				
07/12/2018	3.3.2	Gaze Project	O4	3	M	Bilingual	G130	06/09/2018	89100	1280 x 720		Raw Data	Ord4_T4_R.avi	190	0	900	720									54724	10:16:43.745	1536226377517891															0			Unclassified	8																									6565	595	269			595	269	405	269	239.02	181.74					298.31	213.96	768.00		-34.01						796.16		4.24		0	4				
07/12/2018	3.3.2	Gaze Project	O4	3	M	Bilingual	G130	06/09/2018	89100	1280 x 720		Raw Data	Ord4_T4_R.avi	190	0	900	720									54732	10:16:43.753	1536226377526157															0			Unclassified	8																									6566																			-34.01										4	4				
07/12/2018	3.3.2	Gaze Project	O4	3	M	Bilingual	G130	06/09/2018	89100	1280 x 720		Raw Data	Ord4_T4_R.avi	190	0	900	720									54740	10:16:43.761	1536226377534505															0			Unclassified	8																									6567	868	695	711	689	789	692	599	692	348.57	10.01	285.28	12.68	316.92	11.34	295.24	110.20	451.38	295.23	110.20	451.38					463.49	463.49	2.80	2.82	1	3				
07/12/2018	3.3.2	Gaze Project	O4	3	M	Bilingual	G130	06/09/2018	89100	1280 x 720		Raw Data	Ord4_T4_R.avi	190	0	900	720									54749	10:16:43.770	1536226377542841															0			Unclassified	8																									6568																			-34.01										4	4				
07/12/2018	3.3.2	Gaze Project	O4	3	M	Bilingual	G130	06/09/2018	89100	1280 x 720		Raw Data	Ord4_T4_R.avi	190	0	900	720									54757	10:16:43.778	1536226377551188															0	4375		Fixation	8	412	392	2.58	224.18	243.74																				6569	624	303	602	392	613	347	423	347	250.50	168.05	241.79	132.15	246.15	150.10	298.04	213.55	766.97	346.13	221.23	787.30					795.05	795.05	4.53	5.17	0	0				
07/12/2018	3.3.2	Gaze Project	O4	3	M	Bilingual	G130	06/09/2018	89100	1280 x 720		Raw Data	Ord4_T4_R.avi	190	0	900	720									54766	10:16:43.786	1536226377559557															0			Unclassified	8																									6570																			-34.01										4	4				
07/12/2018	3.3.2	Gaze Project	O4	3	M	Bilingual	G130	06/09/2018	89100	1280 x 720		Raw Data	Ord4_T4_R.avi	190	0	900	720									54774	10:16:43.795	1536226377567826															0	4376		Fixation	8	438	345	1.56	61.13	196.94																				6571	642	296	628	345	635	320	445	320	257.80	170.93	252.21	151.07	255.00	161.00	297.94	214.06	768.58	344.61	214.26	766.43					796.73	796.73	4.43	4.90	0	0				
07/12/2018	3.3.2	Gaze Project	O4	3	M	Bilingual	G130	06/09/2018	89100	1280 x 720		Raw Data	Ord4_T4_R.avi	190	0	900	720									54782	10:16:43.803	1536226377576188															0	4377		Fixation	8	508	165	5.80	68.81	7.68																				6572	684	160	698	165	691	162	501	162	274.67	225.41	280.19	223.43	277.43	224.42	297.78	207.92	750.04	343.88	210.82	756.03					777.22	777.22	3.64	3.59	0	0				
07/12/2018	3.3.2	Gaze Project	O4	3	M	Bilingual	G130	06/09/2018	89100	1280 x 720		Raw Data	Ord4_T4_R.avi	190	0	900	720									54790	10:16:43.811	1536226377584512															0			Unclassified	8																									6573	663	463			663	463	473	463	266.27	103.54					297.75	208.08	750.52		-34.01						777.72		4.81		0	4				
07/12/2018	3.3.2	Gaze Project	O4	3	M	Bilingual	G130	06/09/2018	89100	1280 x 720		Raw Data	Ord4_T4_R.avi	190	0	900	720									54799	10:16:43.820	1536226377592874															0			Unclassified	8																									6574																			-34.01										4	4				
07/12/2018	3.3.2	Gaze Project	O4	3	M	Bilingual	G130	06/09/2018	89100	1280 x 720		Raw Data	Ord4_T4_R.avi	190	0	900	720									54807	10:16:43.828	1536226377601228															0			Unclassified	8																									6575	688	143			688	143	498	143	276.02	232.50					297.71	208.39	751.40		-34.01						778.65		3.55		0	4				
07/12/2018	3.3.2	Gaze Project	O4	3	M	Bilingual	G130	06/09/2018	89100	1280 x 720		Raw Data	Ord4_T4_R.avi	190	0	900	720									54815	10:16:43.836	1536226377609490															0			Unclassified	8																									6576	680	190			680	190	490	190	273.02	213.57					297.69	207.67	749.18		-34.01						776.32		3.84		0	4				
07/12/2018	3.3.2	Gaze Project	O4	3	M	Bilingual	G130	06/09/2018	89100	1280 x 720		Raw Data	Ord4_T4_R.avi	190	0	900	720									54824	10:16:43.845	1536226377617831															0			Unclassified	8																									6577	701	168			701	168	511	168	281.38	222.24					297.71	208.29	751.05		-34.01						778.29		3.39		0	4				
07/12/2018	3.3.2	Gaze Project	O4	3	M	Bilingual	G130	06/09/2018	89100	1280 x 720		Raw Data	Ord4_T4_R.avi	190	0	900	720									54832	10:16:43.853	1536226377626181															0			Unclassified	8																									6578	685	630	647	218	666	424	476	424	275.01	36.37	259.91	202.15	267.46	119.26	295.81	109.63	451.17	345.29	210.81	756.04					463.16	463.16	2.16	3.95	1	3				
07/12/2018	3.3.2	Gaze Project	O4	3	M	Bilingual	G130	06/09/2018	89100	1280 x 720		Raw Data	Ord4_T4_R.avi	190	0	900	720									54840	10:16:43.861	1536226377634529															0	4378		Fixation	8	410	387	7.32	246.25	177.44																				6579			600	387	600	387	410	387			241.00	134.06						343.90	210.53	756.19						0.00		4.57	4	0				
07/12/2018	3.3.2	Gaze Project	O4	3	M	Bilingual	G130	06/09/2018	89100	1280 x 720		Raw Data	Ord4_T4_R.avi	190	0	900	720									54849	10:16:43.869	1536226377642805															0			Unclassified	8																									6580	651	352			651	352	461	352	261.43	148.00					297.78	208.02	750.20		-34.01						777.40		4.14		0	4				
07/12/2018	3.3.2	Gaze Project	O4	3	M	Bilingual	G130	06/09/2018	89100	1280 x 720		Raw Data	Ord4_T4_R.avi	190	0	900	720									54857	10:16:43.878	1536226377651157															0	4379		Fixation	8	441	356	1.31	45.09	158.84																				6581	681	180	631	356	656	268	466	268	273.39	217.53	253.31	146.49	263.35	182.01	297.80	207.11	747.46	343.58	208.42	750.21					774.52	774.52	3.49	4.47	0	0				
07/12/2018	3.3.2	Gaze Project	O4	3	M	Bilingual	G130	06/09/2018	89100	1280 x 720		Raw Data	Ord4_T4_R.avi	190	0	900	720									54865	10:16:43.886	1536226377659500															0	4380		Fixation	8	489	274	2.90	59.74	14.64																				6582	688	201	679	274	683	237	493	237	276.29	208.91	272.73	179.43	274.51	194.17	297.84	207.07	747.33	343.01	205.40	740.98					774.38	774.38	3.52	4.13	0	0				
07/12/2018	3.3.2	Gaze Project	O4	3	M	Bilingual	G130	06/09/2018	89100	1280 x 720		Raw Data	Ord4_T4_R.avi	190	0	900	720									54874	10:16:43.895	1536226377667838															0	4381		Fixation	8	489	357	2.52	270.00	210.26																				6583			679	357	679	357	489	357			272.64	146.12						344.75	213.41	765.90						0.00		4.88	4	0				
07/12/2018	3.3.2	Gaze Project	O4	3	M	Bilingual	G130	06/09/2018	89100	1280 x 720		Raw Data	Ord4_T4_R.avi	190	0	900	720									54882	10:16:43.903	1536226377676210															0	4382		Fixation	8	454	287	2.34	116.49	206.49																				6584	647	248	644	287	645	267	455	267	259.56	190.21	258.56	174.41	259.06	182.31	298.06	212.32	763.28	344.87	213.63	766.84					791.16	791.16	4.34	4.74	0	0				
07/12/2018	3.3.2	Gaze Project	O4	3	M	Bilingual	G130	06/09/2018	89100	1280 x 720		Raw Data	Ord4_T4_R.avi	190	0	900	720									54890	10:16:43.911	1536226377684482															0			Unclassified	8																									6585	674	268			674	268	484	268	270.35	181.91					298.12	212.60	764.20		-34.01						792.12		4.35		0	4				
07/12/2018	3.3.2	Gaze Project	O4	3	M	Bilingual	G130	06/09/2018	89100	1280 x 720		Raw Data	Ord4_T4_R.avi	190	0	900	720									54899	10:16:43.920	1536226377692816															0	4383		Fixation	8	498	334	1.92	313.02	196.53																				6586	662	239	688	334	675	286	485	286	265.54	193.60	276.08	155.63	270.81	174.61	298.30	217.89	780.30	344.84	212.67	764.39					809.07	809.07	4.55	4.80	0	0				
07/12/2018	3.3.2	Gaze Project	O4	3	M	Bilingual	G130	06/09/2018	89100	1280 x 720		Raw Data	Ord4_T4_R.avi	190	0	900	720									54907	10:16:43.928	1536226377701166															0			Unclassified	8																									6587	670	476			670	476	480	476	268.78	98.28					298.23	211.91	762.22		-34.01						790.04		4.66		0	4				
07/12/2018	3.3.2	Gaze Project	O4	3	M	Bilingual	G130	06/09/2018	89100	1280 x 720		Raw Data	Ord4_T4_R.avi	190	0	900	720									54915	10:16:43.936	1536226377709521															0			Unclassified	8																									6588	663	137			663	137	473	137	266.17	234.92					298.28	212.06	762.72		-34.01						790.56		3.93		0	4				
07/12/2018	3.3.2	Gaze Project	O4	3	M	Bilingual	G130	06/09/2018	89100	1280 x 720		Raw Data	Ord4_T4_R.avi	190	0	900	720									54924	10:16:43.945	1536226377717888															0			Unclassified	8																									6589																			-34.01										4	4				
07/12/2018	3.3.2	Gaze Project	O4	3	M	Bilingual	G130	06/09/2018	89100	1280 x 720		Raw Data	Ord4_T4_R.avi	190	0	900	720									54932	10:16:43.953	1536226377726138															0	4384		Fixation	8	430	391	2.62	220.06	267.04																				6590	687	326	620	391	653	358	463	358	275.78	158.61	248.95	132.48	262.36	145.54	298.56	220.01	786.89	345.10	212.56	764.88					815.99	815.99	4.68	4.81	0	0				
07/12/2018	3.3.2	Gaze Project	O4	3	M	Bilingual	G130	06/09/2018	89100	1280 x 720		Raw Data	Ord4_T4_R.avi	190	0	900	720									54940	10:16:43.961	1536226377734475															0	4385		Fixation	8	397	412	1.13	212.55	352.49																				6591	635	302	587	412	611	357	421	357	254.80	168.30	235.79	124.17	245.29	146.23	298.45	212.57	764.41	346.63	219.47	786.06					792.33	792.33	4.34	5.25	0	0				
07/12/2018	3.3.2	Gaze Project	O4	3	M	Bilingual	G130	06/09/2018	89100	1280 x 720		Raw Data	Ord4_T4_R.avi	190	0	900	720									54949	10:16:43.970	1536226377742832															0			Unclassified	8																									6592	674	222			674	222	484	222	270.71	200.65					298.48	212.63	764.65		-34.01						792.58		4.27		0	4				
07/12/2018	3.3.2	Gaze Project	O4	3	M	Bilingual	G130	06/09/2018	89100	1280 x 720		Raw Data	Ord4_T4_R.avi	190	0	900	720									54957	10:16:43.978	1536226377751191															0	4386		Fixation	8	516	335	4.06	32.99	180.43																				6593	635	230	706	335	670	282	480	282	254.85	197.18	283.48	155.09	269.17	176.14	298.38	206.00	744.15	346.57	218.76	784.30					771.06	771.06	4.02	5.12	0	0				
07/12/2018	3.3.2	Gaze Project	O4	3	M	Bilingual	G130	06/09/2018	89100	1280 x 720		Raw Data	Ord4_T4_R.avi	190	0	900	720									54965	10:16:43.986	1536226377759462															0	4387		Fixation	8	464	195	4.46	110.32	77.33																				6594	667	209	654	195	660	202	470	202	267.91	205.77	262.33	211.47	265.12	208.62	298.38	205.31	742.19	344.37	208.02	751.81					768.98	768.98	3.56	3.76	0	0				
07/12/2018	3.3.2	Gaze Project	O4	3	M	Bilingual	G130	06/09/2018	89100	1280 x 720		Raw Data	Ord4_T4_R.avi	190	0	900	720									54974	10:16:43.994	1536226377767797															0	4388		Fixation	8	477	269	2.30	279.93	169.62																				6595	671	185	667	269	669	227	479	227	269.34	215.64	267.62	181.77	268.48	198.71	298.42	205.33	742.37	344.25	207.20	749.53					769.17	769.17	3.81	4.31	0	0				
07/12/2018	3.3.2	Gaze Project	O4	3	M	Bilingual	G130	06/09/2018	89100	1280 x 720		Raw Data	Ord4_T4_R.avi	190	0	900	720									54982	10:16:44.003	1536226377776148															0	4389		Fixation	8	437	435	5.18	256.49	336.56																				6596	674	194	627	435	650	314	460	314	270.48	211.68	251.58	114.60	261.03	163.14	298.44	205.30	742.37	345.04	207.19	748.94					769.16	769.16	3.56	4.54	0	0				
07/12/2018	3.3.2	Gaze Project	O4	3	M	Bilingual	G130	06/09/2018	89100	1280 x 720		Raw Data	Ord4_T4_R.avi	190	0	900	720									54990	10:16:44.011	1536226377784507															0	4390		Fixation	8	477	254	5.61	77.58	181.08																				6597	664	163	667	254	665	208	475	208	266.36	224.49	267.70	187.60	267.03	206.04	298.47	205.31	742.49	345.75	208.42	752.97					769.28	769.28	3.51	4.12	0	0				
07/12/2018	3.3.2	Gaze Project	O4	3	M	Bilingual	G130	06/09/2018	89100	1280 x 720		Raw Data	Ord4_T4_R.avi	190	0	900	720									54999	10:16:44.020	1536226377792861															0	4391		Fixation	8	454	212	1.42	118.63	41.05																				6598	667	93	644	212	655	152	465	152	267.85	252.59	258.67	204.49	263.26	228.54	304.42	224.18	799.33	351.27	219.25	786.07					829.41	829.41	3.77	4.25	0	0				
07/12/2018	3.3.2	Gaze Project	O4	3	M	Bilingual	G130	06/09/2018	89100	1280 x 720		Raw Data	Ord4_T4_R.avi	190	0	900	720									55007	10:16:44.028	1536226377801125															0	4392		Fixation	8	460	288	2.29	274.50	155.87																				6599	658	74	650	288	654	181	464	181	264.11	260.10	261.03	173.77	262.57	216.94	303.07	219.75	786.06	343.77	204.07	740.60					815.36	815.36	3.97	3.97	0	0				
07/12/2018	3.3.2	Gaze Project	O4	3	M	Bilingual	G130	06/09/2018	89100	1280 x 720		Raw Data	Ord4_T4_R.avi	190	0	900	720									55015	10:16:44.036	1536226377809462															0	4393		Fixation	8	439	389	3.16	258.29	343.79																				6600			629	389	629	389	439	389			252.62	133.28						344.65	205.79	745.60						0.00		4.39	4	0				
07/12/2018	3.3.2	Gaze Project	O4	3	M	Bilingual	G130	06/09/2018	89100	1280 x 720		Raw Data	Ord4_T4_R.avi	190	0	900	720									55024	10:16:44.045	1536226377817816															0	4394		Fixation	8	491	273	3.89	65.92	167.63																				6601	690	165	681	273	685	219	495	219	276.81	223.50	273.54	179.86	275.17	201.68	298.61	206.08	745.52	343.82	203.85	740.37					772.40	772.40	3.48	3.84	0	0				
07/12/2018	3.3.2	Gaze Project	O4	3	M	Bilingual	G130	06/09/2018	89100	1280 x 720		Raw Data	Ord4_T4_R.avi	190	0	900	720									55032	10:16:44.053	1536226377826175															0			Unclassified	8																									6602	651	139			651	139	461	139	261.15	233.91					300.54	211.32	760.75		-34.01						788.58		3.63		0	4				
07/12/2018	3.3.2	Gaze Project	O4	3	M	Bilingual	G130	06/09/2018	89100	1280 x 720		Raw Data	Ord4_T4_R.avi	190	0	900	720									55040	10:16:44.061	1536226377834454															0	4395		Fixation	8	572	226	2.88	30.20	324.28																				6603	650	70	762	226	706	148	516	148	260.85	261.81	305.68	198.87	283.26	230.34	303.96	221.88	792.80	344.45	206.27	748.56					822.47	822.47	3.87	4.17	0	0				
07/12/2018	3.3.2	Gaze Project	O4	3	M	Bilingual	G130	06/09/2018	89100	1280 x 720		Raw Data	Ord4_T4_R.avi	190	0	900	720									55049	10:16:44.069	1536226377842793															0	4396		Fixation	8	460	305	4.21	215.28	185.08																				6604	685	184	650	305	667	244	477	244	275.15	215.69	260.75	167.07	267.95	191.38	298.68	204.72	741.28	343.92	203.55	740.12					767.96	767.96	3.61	4.24	0	0				
07/12/2018	3.3.2	Gaze Project	O4	3	M	Bilingual	G130	06/09/2018	89100	1280 x 720		Raw Data	Ord4_T4_R.avi	190	0	900	720									55057	10:16:44.078	1536226377851122															0	4397		Fixation	8	400	354	2.13	219.33	4.04																				6605	697	177	590	354	643	265	453	265	279.72	218.68	236.98	147.42	258.35	183.05	298.72	204.88	741.78	369.41	254.49	895.03					768.49	768.49	2.99	4.45	0	0				
07/12/2018	3.3.2	Gaze Project	O4	3	M	Bilingual	G130	06/09/2018	89100	1280 x 720		Raw Data	Ord4_T4_R.avi	190	0	900	720									55065	10:16:44.086	1536226377859485															0	4398		Fixation	8	213	112	7.99	127.61	268.28																				6606	699	404	403	112	551	258	361	258	280.78	127.08	161.81	244.75	221.30	185.91	299.15	217.47	780.58	308.98	237.22	839.60					809.24	809.24	4.69	4.94	0	0				
07/12/2018	3.3.2	Gaze Project	O4	3	M	Bilingual	G130	06/09/2018	89100	1280 x 720		Raw Data	Ord4_T4_R.avi	190	0	900	720									55074	10:16:44.095	1536226377867840															0			Unclassified	8																									6607																			-34.01										4	4				
07/12/2018	3.3.2	Gaze Project	O4	3	M	Bilingual	G130	06/09/2018	89100	1280 x 720		Raw Data	Ord4_T4_R.avi	190	0	900	720									55082	10:16:44.103	1536226377876111															0	4399		Fixation	8	419	404	9.64	305.12	177.51																				6608	842	586	609	404	725	495	535	495	337.89	54.07	244.45	127.45	291.17	90.76	299.50	212.67	766.84	310.36	239.48	847.36					794.73	794.73	4.59	5.01	0	0				
07/12/2018	3.3.2	Gaze Project	O4	3	M	Bilingual	G130	06/09/2018	89100	1280 x 720		Raw Data	Ord4_T4_R.avi	190	0	900	720									55090	10:16:44.111	1536226377884441															0	4400		Fixation	8	451	503	2.86	287.86	342.74																				6609			641	503	641	503	451	503			257.32	87.40						304.95	221.78	793.96						0.00		4.65	4	0				
07/12/2018	3.3.2	Gaze Project	O4	3	M	Bilingual	G130	06/09/2018	89100	1280 x 720		Raw Data	Ord4_T4_R.avi	190	0	900	720									55099	10:16:44.119	1536226377892800															0	4401		Fixation	8	722	596	7.82	341.00	53.14																				6610			912	596	912	596	722	596			366.10	49.88						332.22	241.07	855.37						0.00		5.05	4	0				
07/12/2018	3.3.2	Gaze Project	O4	3	M	Bilingual	G130	06/09/2018	89100	1280 x 720		Raw Data	Ord4_T4_R.avi	190	0	900	720									55107	10:16:44.128	1536226377901163															0	4402		Fixation	8	838	691	4.04	320.59	339.59																				6611			1028	691	1028	691	838	691			412.46	11.71						347.09	213.14	772.64						0.00		4.48	4	0				
07/12/2018	3.3.2	Gaze Project	O4	3	M	Bilingual	G130	06/09/2018	89100	1280 x 720		Raw Data	Ord4_T4_R.avi	190	0	900	720									55115	10:16:44.136	1536226377909514															0	4403		Fixation	8	763	717	2.28	199.18	238.58																				6612	894	710	953	717	923	713	733	713	358.89	3.99	382.71	1.37	370.80	2.68	299.78	203.85	740.35	347.07	212.35	770.51					766.87	766.87	4.54	4.77	0	0				
07/12/2018	3.3.2	Gaze Project	O4	3	M	Bilingual	G130	06/09/2018	89100	1280 x 720		Raw Data	Ord4_T4_R.avi	190	0	900	720									55124	10:16:44.144	1536226377917781															0	4404		Fixation	8	721	719	1.23	182.74	343.56																				6613	900	715	911	719	905	717	715	717	361.45	1.84	365.77	0.42	363.61	1.13	299.88	203.70	740.41	345.04	202.43	740.04					766.88	766.88	4.44	4.55	0	0				
07/12/2018	3.3.2	Gaze Project	O4	3	M	Bilingual	G130	06/09/2018	89100	1280 x 720		Raw Data	Ord4_T4_R.avi	190	0	900	720									55132	10:16:44.153	1536226377926114															0	4405		Fixation	8	727	527	5.71	88.22	265.48																				6614	935	722	917	527	926	624	736	624	375.13	-0.97	368.04	77.83	371.59	38.43	299.98	203.68	740.42	345.17	202.23	740.12					766.89	766.89	4.58	4.10	0	0				
07/12/2018	3.3.2	Gaze Project	O4	3	M	Bilingual	G130	06/09/2018	89100	1280 x 720		Raw Data	Ord4_T4_R.avi	190	0	900	720									55140	10:16:44.161	1536226377934460															0	4406		Fixation	8	738	698	5.10	273.67	185.45																				6615			928	698	928	698	738	698			372.52	8.81						345.41	202.38	740.06						0.00		4.41	4	0				
07/12/2018	3.3.2	Gaze Project	O4	3	M	Bilingual	G130	06/09/2018	89100	1280 x 720		Raw Data	Ord4_T4_R.avi	190	0	900	720									55149	10:16:44.170	1536226377942824															0	4407		Fixation	8			1.22	234.87	321.20																				6616	969	744	904	732	936	738			388.80	-9.59	362.87	-4.66	375.84	-7.13	300.39	207.46	752.08	346.16	205.19	749.72					779.15	779.15	4.49	4.88	0	0				
07/12/2018	3.3.2	Gaze Project	O4	3	M	Bilingual	G130	06/09/2018	89100	1280 x 720		Raw Data	Ord4_T4_R.avi	190	0	900	720									55157	10:16:44.178	1536226377951096															0	4408		Fixation	8	744	707	1.14	39.90	165.03																				6617	965	752	934	707	949	729			387.51	-13.08	375.10	5.03	381.31	-4.02	300.51	206.62	749.59	346.26	204.81	748.84					776.53	776.53	4.32	4.54	0	0				
07/12/2018	3.3.2	Gaze Project	O4	3	M	Bilingual	G130	06/09/2018	89100	1280 x 720		Raw Data	Ord4_T4_R.avi	190	0	900	720									55165	10:16:44.186	1536226377959435															0			Unclassified	8																									6618	986	737			986	737			395.81	-6.69					300.69	207.00	750.84		-34.01						777.85		4.35		0	4				
07/12/2018	3.3.2	Gaze Project	O4	3	M	Bilingual	G130	06/09/2018	89100	1280 x 720		Raw Data	Ord4_T4_R.avi	190	0	900	720									55174	10:16:44.194	1536226377967776															0	4409		Fixation	8	700	681	1.50	149.34	109.44																				6619			890	681	890	681	700	681			357.29	15.51						346.67	204.95	749.80						0.00		4.38	4	0				
07/12/2018	3.3.2	Gaze Project	O4	3	M	Bilingual	G130	06/09/2018	89100	1280 x 720		Raw Data	Ord4_T4_R.avi	190	0	900	720									55182	10:16:44.203	1536226377976126															0	4410		Fixation	8	736	712	1.39	319.18	169.84																				6620	941	743	926	712	933	727			377.61	-9.40	371.72	3.20	374.66	-3.10	301.04	206.91	750.72	346.77	204.49	748.68					777.72	777.72	4.43	4.34	0	0				
07/12/2018	3.3.2	Gaze Project	O4	3	M	Bilingual	G130	06/09/2018	89100	1280 x 720		Raw Data	Ord4_T4_R.avi	190	0	900	720									55190	10:16:44.211	1536226377984498															0	4411		Fixation	8	696	661	1.89	128.02	168.84																				6621			886	661	886	661	696	661			355.82	23.74						346.94	204.28	748.35						0.00		4.32	4	0				
07/12/2018	3.3.2	Gaze Project	O4	3	M	Bilingual	G130	06/09/2018	89100	1280 x 720		Raw Data	Ord4_T4_R.avi	190	0	900	720									55199	10:16:44.219	1536226377992755															0	4412		Fixation	8	764	673	2.05	349.96	221.94																				6622			954	673	954	673	764	673			382.92	19.02						347.22	204.60	749.61						0.00		4.34	4	0				
07/12/2018	3.3.2	Gaze Project	O4	3	M	Bilingual	G130	06/09/2018	89100	1280 x 720		Raw Data	Ord4_T4_R.avi	190	0	900	720									55207	10:16:44.228	1536226378001103															0			Unclassified	8																									6623																			-34.01										4	4				
07/12/2018	3.3.2	Gaze Project	O4	3	M	Bilingual	G130	06/09/2018	89100	1280 x 720		Raw Data	Ord4_T4_R.avi	190	0	900	720									55215	10:16:44.236	1536226378009452															0	4413		Fixation	8	698	662	1.99	170.51	180.55																				6624	934	743	888	662	911	702	721	702	374.74	-9.32	356.38	23.46	365.56	7.07	301.67	203.26	739.62	347.57	204.19	748.96					766.10	766.10	4.48	4.33	0	0				
07/12/2018	3.3.2	Gaze Project	O4	3	M	Bilingual	G130	06/09/2018	89100	1280 x 720		Raw Data	Ord4_T4_R.avi	190	0	900	720									55224	10:16:44.245	1536226378017812															0	4414		Fixation	8	751	668	1.59	353.52	183.01																				6625	986	739	941	668	963	703	773	703	395.59	-7.59	377.52	21.12	386.56	6.76	301.87	203.09	739.69	347.79	204.15	749.15					766.12	766.12	4.35	4.25	0	0				
07/12/2018	3.3.2	Gaze Project	O4	3	M	Bilingual	G130	06/09/2018	89100	1280 x 720		Raw Data	Ord4_T4_R.avi	190	0	900	720									55232	10:16:44.253	1536226378026167															0	4415		Fixation	8			2.05	253.66	260.14																				6626	961	755	921	736	941	745			385.72	-14.19	369.80	-6.48	377.76	-10.33	302.22	206.51	750.23	348.01	204.09	749.26					777.21	777.21	4.45	4.34	0	0				
07/12/2018	3.3.2	Gaze Project	O4	3	M	Bilingual	G130	06/09/2018	89100	1280 x 720		Raw Data	Ord4_T4_R.avi	190	0	900	720									55240	10:16:44.261	1536226378034416															0	4416		Fixation	8	756	638	2.95	75.73	182.07																				6627	915	727	946	638	930	682	740	682	367.45	-2.82	379.92	32.83	373.68	15.01	302.27	202.88	738.86	347.49	200.98	739.62					765.30	765.30	4.44	4.36	0	0				
07/12/2018	3.3.2	Gaze Project	O4	3	M	Bilingual	G130	06/09/2018	89100	1280 x 720		Raw Data	Ord4_T4_R.avi	190	0	900	720									55249	10:16:44.269	1536226378042761															0	4417		Fixation	8	881	593	3.94	19.86	304.12																				6628	908	727	1071	593	989	660	799	660	364.39	-3.01	429.97	51.32	397.18	24.16	307.58	218.22	785.33	349.99	210.80	770.55					814.46	814.46	4.77	4.46	0	0				
07/12/2018	3.3.2	Gaze Project	O4	3	M	Bilingual	G130	06/09/2018	89100	1280 x 720		Raw Data	Ord4_T4_R.avi	190	0	900	720									55257	10:16:44.278	1536226378051121															0	4418		Fixation	8			3.51	282.19	262.33																				6629	937	721	1097	713	1017	717	827	717	376.17	-0.51	440.23	2.91	408.20	1.20	303.00	210.46	762.69	347.89	200.80	739.66					790.30	790.30	4.72	4.10	0	0				
07/12/2018	3.3.2	Gaze Project	O4	3	M	Bilingual	G130	06/09/2018	89100	1280 x 720		Raw Data	Ord4_T4_R.avi	190	0	900	720									55265	10:16:44.286	1536226378059481															0			Unclassified	8																									6630	928	719			928	719	738	719	372.60	0.38					303.18	209.95	761.26		-34.01						788.79		4.74		0	4				
07/12/2018	3.3.2	Gaze Project	O4	3	M	Bilingual	G130	06/09/2018	89100	1280 x 720		Raw Data	Ord4_T4_R.avi	190	0	900	720									55274	10:16:44.294	1536226378067750															0			Unclassified	8																									6631	907	700			907	700	717	700	364.20	8.17					303.02	202.21	737.30		-34.01						763.65		4.36		0	4				
07/12/2018	3.3.2	Gaze Project	O4	3	M	Bilingual	G130	06/09/2018	89100	1280 x 720		Raw Data	Ord4_T4_R.avi	190	0	900	720									55282	10:16:44.303	1536226378076094															0	4419		Fixation	8	857	550	4.91	107.00	184.81																				6632	934	694	1047	550	990	622	800	622	374.98	10.61	420.24	68.51	397.61	39.56	303.13	202.31	737.26	350.65	210.01	769.19					763.65	763.65	4.39	4.20	0	0				
07/12/2018	3.3.2	Gaze Project	O4	3	M	Bilingual	G130	06/09/2018	89100	1280 x 720		Raw Data	Ord4_T4_R.avi	190	0	900	720									55290	10:16:44.311	1536226378084431															0			Unclassified	8																									6633	917	702			917	702	727	702	368.22	7.17					303.36	202.37	737.95		-34.01						764.34		4.45		0	4				
07/12/2018	3.3.2	Gaze Project	O4	3	M	Bilingual	G130	06/09/2018	89100	1280 x 720		Raw Data	Ord4_T4_R.avi	190	0	900	720									55299	10:16:44.319	1536226378092791															0	4420		Fixation	8			3.39	306.40	199.40																				6634	927	715	1118	646	1022	680	832	680	371.93	2.13	448.86	29.64	410.39	15.89	303.48	202.23	738.01	351.08	210.49	771.02					764.36	764.36	4.49	4.16	0	0				
07/12/2018	3.3.2	Gaze Project	O4	3	M	Bilingual	G130	06/09/2018	89100	1280 x 720		Raw Data	Ord4_T4_R.avi	190	0	900	720									55307	10:16:44.328	1536226378101148															0			Unclassified	8																									6635																			-34.01										4	4				
07/12/2018	3.3.2	Gaze Project	O4	3	M	Bilingual	G130	06/09/2018	89100	1280 x 720		Raw Data	Ord4_T4_R.avi	190	0	900	720									55315	10:16:44.336	1536226378109416															0	4421		Fixation	8	811	715	3.87	210.61	264.21																				6636	896	721	1001	715	948	718	758	718	359.51	-0.55	401.72	2.08	380.62	0.77	303.73	202.24	737.65	352.44	215.08	785.39					764.03	764.03	4.52	4.70	0	0				
07/12/2018	3.3.2	Gaze Project	O4	3	M	Bilingual	G130	06/09/2018	89100	1280 x 720		Raw Data	Ord4_T4_R.avi	190	0	900	720									55324	10:16:44.344	1536226378117754															0	4422		Fixation	8	775	680	1.41	135.71	285.10																				6637			965	680	965	680	775	680			387.17	16.27						351.18	209.25	767.48						0.00		4.63	4	0				
07/12/2018	3.3.2	Gaze Project	O4	3	M	Bilingual	G130	06/09/2018	89100	1280 x 720		Raw Data	Ord4_T4_R.avi	190	0	900	720									55332	10:16:44.353	1536226378126105															0	4423		Fixation	8	741	716	1.45	226.73	91.01																				6638	888	697	931	716	909	706	719	706	356.55	9.45	373.90	1.69	365.23	5.57	304.00	204.14	743.83	349.11	200.21	739.21					770.50	770.50	4.29	4.37	0	0				
07/12/2018	3.3.2	Gaze Project	O4	3	M	Bilingual	G130	06/09/2018	89100	1280 x 720		Raw Data	Ord4_T4_R.avi	190	0	900	720									55340	10:16:44.361	1536226378134464															0			Unclassified	8																									6639	964	705			964	705	774	705	387.09	6.10					303.98	202.08	737.14		-34.01						763.52		4.05		0	4				
07/12/2018	3.3.2	Gaze Project	O4	3	M	Bilingual	G130	06/09/2018	89100	1280 x 720		Raw Data	Ord4_T4_R.avi	190	0	900	720									55349	10:16:44.370	1536226378142815															0	4424		Fixation	8			0.83	345.42	118.69																				6640			958	723	958	723					384.48	-1.40						349.24	200.15	739.08						0.00		4.41	4	0				
07/12/2018	3.3.2	Gaze Project	O4	3	M	Bilingual	G130	06/09/2018	89100	1280 x 720		Raw Data	Ord4_T4_R.avi	190	0	900	720									55357	10:16:44.378	1536226378151087															0	4425		Fixation	8	758	711	0.46	129.71	144.29																				6641			948	711	948	711	758	711			380.38	3.78						349.82	202.33	746.15						0.00		4.59	4	0				
07/12/2018	3.3.2	Gaze Project	O4	3	M	Bilingual	G130	06/09/2018	89100	1280 x 720		Raw Data	Ord4_T4_R.avi	190	0	900	720									55365	10:16:44.386	1536226378159409															0	4426		Fixation	8	654	600	4.50	133.04	3.33																				6642	824	596	844	600	834	598	644	598	330.84	50.00	338.86	48.51	334.85	49.25	304.06	202.48	737.79	350.35	202.52	745.55					764.26	764.26	4.34	4.26	0	0				
07/12/2018	3.3.2	Gaze Project	O4	3	M	Bilingual	G130	06/09/2018	89100	1280 x 720		Raw Data	Ord4_T4_R.avi	190	0	900	720									55374	10:16:44.394	1536226378167761															0	4427		Fixation	8	618	518	2.70	113.63	340.59																				6643	782	463	808	518	795	490	605	490	313.77	103.34	324.50	81.15	319.13	92.24	304.02	202.62	737.88	349.10	200.34	738.98					764.39	764.39	4.27	4.38	0	0				
07/12/2018	3.3.2	Gaze Project	O4	3	M	Bilingual	G130	06/09/2018	89100	1280 x 720		Raw Data	Ord4_T4_R.avi	190	0	900	720									55382	10:16:44.403	1536226378176130															0			Unclassified	8																									6644																			-34.01										4	4				
07/12/2018	3.3.2	Gaze Project	O4	3	M	Bilingual	G130	06/09/2018	89100	1280 x 720		Raw Data	Ord4_T4_R.avi	190	0	900	720									55390	10:16:44.411	1536226378184398															0			Unclassified	8																									6645	731	210			731	210	541	210	293.47	205.43					303.90	202.22	736.33		-34.01						762.79		3.55		0	4				
07/12/2018	3.3.2	Gaze Project	O4	3	M	Bilingual	G130	06/09/2018	89100	1280 x 720		Raw Data	Ord4_T4_R.avi	190	0	900	720									55399	10:16:44.419	1536226378192747															0			Unclassified	8																									6646	744	367			744	367	554	367	298.54	142.05					303.89	202.68	737.78		-34.01						764.30		3.79		0	4				
07/12/2018	3.3.2	Gaze Project	O4	3	M	Bilingual	G130	06/09/2018	89100	1280 x 720		Raw Data	Ord4_T4_R.avi	190	0	900	720									55407	10:16:44.428	1536226378201071															0			Unclassified	8																									6647	765	202			765	202	575	202	306.94	208.50					303.94	204.19	742.83		-34.01						769.56		3.32		0	4				
07/12/2018	3.3.2	Gaze Project	O4	3	M	Bilingual	G130	06/09/2018	89100	1280 x 720		Raw Data	Ord4_T4_R.avi	190	0	900	720									55415	10:16:44.436	1536226378209442															0	4428		Fixation	8	494	373	5.88	130.45	16.81																				6648	744	253	684	373	714	313	524	313	298.70	188.19	274.58	139.61	286.64	163.90	303.83	202.64	737.75	349.14	200.97	739.95					764.26	764.26	3.43	4.17	0	0				
07/12/2018	3.3.2	Gaze Project	O4	3	M	Bilingual	G130	06/09/2018	89100	1280 x 720		Raw Data	Ord4_T4_R.avi	190	0	900	720									55424	10:16:44.444	1536226378217800															0			Unclassified	8																									6649	753	267			753	267	563	267	302.27	182.33					303.79	202.26	736.58		-34.01						763.03		3.24		0	4				
07/12/2018	3.3.2	Gaze Project	O4	3	M	Bilingual	G130	06/09/2018	89100	1280 x 720		Raw Data	Ord4_T4_R.avi	190	0	900	720									55432	10:16:44.453	1536226378226068															0	4429		Fixation	8	489	440	2.07	265.75	135.30																				6650	698	313	679	440	688	376	498	376	280.05	164.01	272.52	112.92	276.28	138.46	303.77	202.62	737.66	348.73	200.12	737.56					764.16	764.16	4.11	4.58	0	0				
07/12/2018	3.3.2	Gaze Project	O4	3	M	Bilingual	G130	06/09/2018	89100	1280 x 720		Raw Data	Ord4_T4_R.avi	190	0	900	720									55440	10:16:44.461	1536226378234393															0	4430		Fixation	8	542	317	4.13	66.76	161.01																				6651	724	278	732	317	728	297	538	297	290.76	178.18	293.71	162.25	292.24	170.21	303.73	202.50	737.71	348.72	200.30	738.07					764.17	764.17	4.15	3.88	0	0				
07/12/2018	3.3.2	Gaze Project	O4	3	M	Bilingual	G130	06/09/2018	89100	1280 x 720		Raw Data	Ord4_T4_R.avi	190	0	900	720									55449	10:16:44.469	1536226378242756															0	4431		Fixation	8	593	211	3.34	64.38	357.62																				6652	697	303	783	211	740	257	550	257	279.73	167.91	314.19	205.14	296.96	186.52	304.00	209.95	760.44	372.37	245.54	876.80					788.07	788.07	4.31	5.43	0	0				
07/12/2018	3.3.2	Gaze Project	O4	3	M	Bilingual	G130	06/09/2018	89100	1280 x 720		Raw Data	Ord4_T4_R.avi	190	0	900	720									55457	10:16:44.478	1536226378251112															0	4432		Fixation	8	485	383	5.73	237.96	173.58																				6653	710	368	675	383	692	375	502	375	285.08	141.74	271.05	135.74	278.06	138.74	303.62	202.91	738.61	348.66	200.39	738.34					765.14	765.14	4.18	4.35	0	0				
07/12/2018	3.3.2	Gaze Project	O4	3	M	Bilingual	G130	06/09/2018	89100	1280 x 720		Raw Data	Ord4_T4_R.avi	190	0	900	720									55465	10:16:44.486	1536226378259381															0	4433		Fixation	8	540	171	6.69	75.50	197.54																				6654	723	97	730	171	726	134	536	134	290.06	250.86	293.02	221.11	291.54	235.98	308.35	217.10	781.51	350.35	207.71	761.33					810.54	810.54	3.57	3.59	0	0				
07/12/2018	3.3.2	Gaze Project	O4	3	M	Bilingual	G130	06/09/2018	89100	1280 x 720		Raw Data	Ord4_T4_R.avi	190	0	900	720									55474	10:16:44.494	1536226378267731															0	4434		Fixation	8	539	310	4.26	269.59	194.09																				6655	779	160	729	310	754	235	564	235	312.68	225.48	292.62	165.30	302.65	195.39	303.89	210.65	762.84	348.64	200.63	739.26					790.55	790.55	3.41	4.16	0	0				
07/12/2018	3.3.2	Gaze Project	O4	3	M	Bilingual	G130	06/09/2018	89100	1280 x 720		Raw Data	Ord4_T4_R.avi	190	0	900	720									55482	10:16:44.503	1536226378276063															0	4435		Fixation	8	556	342	1.13	297.90	28.31																				6656	709	327	746	342	727	334	537	334	284.78	158.42	299.56	152.37	292.17	155.39	303.49	202.58	738.03	348.60	200.51	739.10					764.49	764.49	3.99	4.21	0	0				
07/12/2018	3.3.2	Gaze Project	O4	3	M	Bilingual	G130	06/09/2018	89100	1280 x 720		Raw Data	Ord4_T4_R.avi	190	0	900	720									55490	10:16:44.511	1536226378284424															0	4436		Fixation	8	573	271	2.23	76.58	138.67																				6657	714	313	763	271	738	292	548	292	286.59	164.03	306.33	180.66	296.46	172.35	303.47	202.50	738.03	350.64	209.09	766.20					764.46	764.46	4.00	4.17	0	0				
07/12/2018	3.3.2	Gaze Project	O4	3	M	Bilingual	G130	06/09/2018	89100	1280 x 720		Raw Data	Ord4_T4_R.avi	190	0	900	720									55499	10:16:44.519	1536226378292786															0	4437		Fixation	8	489	103	5.64	116.49	39.91																				6658	709	295	679	103	694	199	504	199	284.42	171.20	272.48	248.33	278.45	209.76	303.82	209.72	760.79	350.39	207.93	762.96					788.31	788.31	4.25	3.56	0	0				
07/12/2018	3.3.2	Gaze Project	O4	3	M	Bilingual	G130	06/09/2018	89100	1280 x 720		Raw Data	Ord4_T4_R.avi	190	0	900	720									55507	10:16:44.528	1536226378301049															0	4438		Fixation	8	464	324	6.79	263.57	147.08																				6659	755	368	654	324	704	346	514	346	303.10	141.89	262.38	159.49	282.74	150.69	303.82	209.45	760.32	348.52	199.93	738.25					787.79	787.79	4.33	4.09	0	0				
07/12/2018	3.3.2	Gaze Project	O4	3	M	Bilingual	G130	06/09/2018	89100	1280 x 720		Raw Data	Ord4_T4_R.avi	190	0	900	720									55515	10:16:44.536	1536226378309412															0			Unclassified	8																									6660	717	171			717	171	527	171	287.85	220.92					303.57	202.33	738.10		-34.01						764.48		3.49		0	4				
07/12/2018	3.3.2	Gaze Project	O4	3	M	Bilingual	G130	06/09/2018	89100	1280 x 720		Raw Data	Ord4_T4_R.avi	190	0	900	720									55524	10:16:44.544	1536226378317737															0			Unclassified	8																									6661	745	393			745	393	555	393	299.17	131.59					303.55	202.21	738.58		-34.01						764.90		4.17		0	4				
07/12/2018	3.3.2	Gaze Project	O4	3	M	Bilingual	G130	06/09/2018	89100	1280 x 720		Raw Data	Ord4_T4_R.avi	190	0	900	720									55532	10:16:44.553	1536226378326097															0	4439		Fixation	8	565	298	3.13	14.48	110.91																				6662	701	503	755	298	728	400	538	400	281.49	87.36	302.92	170.11	292.21	128.73	303.64	201.97	738.68	351.85	213.09	780.71					764.92	764.92	4.40	4.15	0	0				
07/12/2018	3.3.2	Gaze Project	O4	3	M	Bilingual	G130	06/09/2018	89100	1280 x 720		Raw Data	Ord4_T4_R.avi	190	0	900	720									55540	10:16:44.561	1536226378334453															0			Unclassified	8																									6663	716	362			716	362	526	362	287.36	144.19					303.65	201.91	738.55		-34.01						764.78		4.05		0	4				
07/12/2018	3.3.2	Gaze Project	O4	3	M	Bilingual	G130	06/09/2018	89100	1280 x 720		Raw Data	Ord4_T4_R.avi	190	0	900	720									55549	10:16:44.569	1536226378342714															0	4440		Fixation	8	525	329	1.52	217.87	203.38																				6664	721	387	715	329	718	358	528	358	289.32	134.07	286.91	157.43	288.11	145.75	303.71	201.69	738.31	348.71	199.05	737.96					764.49	764.49	4.43	3.92	0	0				
07/12/2018	3.3.2	Gaze Project	O4	3	M	Bilingual	G130	06/09/2018	89100	1280 x 720		Raw Data	Ord4_T4_R.avi	190	0	900	720									55557	10:16:44.578	1536226378351053															0			Unclassified	8																									6665	691	349			691	349	501	349	277.22	149.27					303.83	201.37	737.39		-34.01						763.53		4.12		0	4				
07/12/2018	3.3.2	Gaze Project	O4	3	M	Bilingual	G130	06/09/2018	89100	1280 x 720		Raw Data	Ord4_T4_R.avi	190	0	900	720									55565	10:16:44.586	1536226378359408															0	4441		Fixation	8	551	291	1.43	55.71	197.84																				6666	740	223	741	291	740	257	550	257	296.97	199.94	297.31	172.84	297.14	186.39	303.90	201.37	738.30	348.93	198.89	738.58					764.39	764.39	3.43	4.01	0	0				
07/12/2018	3.3.2	Gaze Project	O4	3	M	Bilingual	G130	06/09/2018	89100	1280 x 720		Raw Data	Ord4_T4_R.avi	190	0	900	720									55574	10:16:44.594	1536226378367765															0	4442		Fixation	8	567	216	2.39	77.99	22.29																				6667	729	441	757	216	743	328	553	328	292.66	112.47	303.99	202.94	298.32	157.70	304.01	201.24	738.41	349.05	198.61	738.69					764.46	764.46	4.35	3.67	0	0				
07/12/2018	3.3.2	Gaze Project	O4	3	M	Bilingual	G130	06/09/2018	89100	1280 x 720		Raw Data	Ord4_T4_R.avi	190	0	900	720									55582	10:16:44.603	1536226378376042															0	4443		Fixation	8	578	233	0.62	302.82	224.83																				6668	708	369	768	233	738	301	548	301	284.24	141.28	308.36	196.00	296.30	168.64	304.10	200.86	737.76	351.05	206.39	763.38					763.73	763.73	4.09	3.98	0	0				
07/12/2018	3.3.2	Gaze Project	O4	3	M	Bilingual	G130	06/09/2018	89100	1280 x 720		Raw Data	Ord4_T4_R.avi	190	0	900	720									55590	10:16:44.611	1536226378384381															0	4444		Fixation	8	497	338	4.04	232.44	289.62																				6669	729	390	687	338	708	364	518	364	292.80	133.08	275.64	154.03	284.22	143.55	304.25	200.80	738.01	349.30	198.31	738.82					763.96	763.96	4.16	3.93	0	0				
07/12/2018	3.3.2	Gaze Project	O4	3	M	Bilingual	G130	06/09/2018	89100	1280 x 720		Raw Data	Ord4_T4_R.avi	190	0	900	720									55599	10:16:44.619	1536226378392720															0	4445		Fixation	8	618	153	6.69	56.90	184.46																				6670	716	365	808	153	762	259	572	259	287.53	143.12	324.29	228.53	305.91	185.83	304.38	200.59	737.75	352.40	210.56	777.26					763.66	763.66	4.10	3.72	0	0				
07/12/2018	3.3.2	Gaze Project	O4	3	M	Bilingual	G130	06/09/2018	89100	1280 x 720		Raw Data	Ord4_T4_R.avi	190	0	900	720									55607	10:16:44.628	1536226378401083															0	4446		Fixation	8	473	353	7.23	234.15	177.25																				6671	664	333	663	353	663	343	473	343	266.56	155.75	266.16	147.76	266.36	151.75	304.68	200.60	737.75	357.83	213.65	786.40					763.68	763.68	3.77	4.68	0	0				
07/12/2018	3.3.2	Gaze Project	O4	3	M	Bilingual	G130	06/09/2018	89100	1280 x 720		Raw Data	Ord4_T4_R.avi	190	0	900	720									55615	10:16:44.636	1536226378409423															0	4447		Fixation	8	606	253	4.97	37.03	162.88																				6672	705	328	796	253	750	290	560	290	283.15	157.69	319.44	188.16	301.29	172.92	304.65	200.26	737.37	349.69	198.45	739.79					763.22	763.22	4.09	3.88	0	0				
07/12/2018	3.3.2	Gaze Project	O4	3	M	Bilingual	G130	06/09/2018	89100	1280 x 720		Raw Data	Ord4_T4_R.avi	190	0	900	720									55624	10:16:44.644	1536226378417699															0	4448		Fixation	8	484	367	5.16	223.15	186.12																				6673	716	502	674	367	695	434	505	434	287.51	87.89	270.72	141.99	279.12	114.94	304.81	200.07	737.45	349.82	197.78	737.91					763.24	763.24	4.47	4.22	0	0				
07/12/2018	3.3.2	Gaze Project	O4	3	M	Bilingual	G130	06/09/2018	89100	1280 x 720		Raw Data	Ord4_T4_R.avi	190	0	900	720									55632	10:16:44.653	1536226378426056															0			Unclassified	8																									6674	744	461			744	461	554	461	298.52	104.23					305.32	207.02	758.99		-34.01						785.86		4.47		0	4				
07/12/2018	3.3.2	Gaze Project	O4	3	M	Bilingual	G130	06/09/2018	89100	1280 x 720		Raw Data	Ord4_T4_R.avi	190	0	900	720									55640	10:16:44.661	1536226378434390															0	4449		Fixation	8	441	514	4.60	253.74	30.59																				6675	759	268	631	514	695	391	505	391	304.63	181.96	253.25	82.93	278.94	132.45	305.06	199.89	736.75	351.77	204.51	759.42					762.54	762.54	3.49	4.93	0	0				
07/12/2018	3.3.2	Gaze Project	O4	3	M	Bilingual	G130	06/09/2018	89100	1280 x 720		Raw Data	Ord4_T4_R.avi	190	0	900	720									55649	10:16:44.669	1536226378442749															0	4450		Fixation	8	556	265	8.29	65.28	171.54																				6676	696	279	746	265	721	272	531	272	279.42	177.66	299.43	183.03	289.42	180.34	305.19	199.76	736.44	350.25	197.61	737.98					762.21	762.21	3.86	3.56	0	0				
07/12/2018	3.3.2	Gaze Project	O4	3	M	Bilingual	G130	06/09/2018	89100	1280 x 720		Raw Data	Ord4_T4_R.avi	190	0	900	720									55657	10:16:44.678	1536226378451101															0	4451		Fixation	8	510	401	4.33	251.37	186.09																				6677	733	420	700	401	716	410	526	410	294.43	120.89	280.93	128.43	287.68	124.66	305.33	199.75	736.45	353.48	210.29	777.43					762.23	762.23	4.19	4.92	0	0				
07/12/2018	3.3.2	Gaze Project	O4	3	M	Bilingual	G130	06/09/2018	89100	1280 x 720		Raw Data	Ord4_T4_R.avi	190	0	900	720									55665	10:16:44.686	1536226378459367															0	4452		Fixation	8	490	324	2.40	104.52	213.15																				6678	758	459	680	324	719	391	529	391	304.21	105.08	272.97	159.39	288.59	132.23	305.44	199.53	735.81	350.43	197.38	736.86					761.56	761.56	4.28	3.95	0	0				
07/12/2018	3.3.2	Gaze Project	O4	3	M	Bilingual	G130	06/09/2018	89100	1280 x 720		Raw Data	Ord4_T4_R.avi	190	0	900	720									55674	10:16:44.694	1536226378467702															0	4453		Fixation	8	558	237	3.37	52.08	307.56																				6679	769	338	748	237	758	287	568	287	308.74	153.95	300.29	194.64	304.52	174.30	305.56	199.55	735.95	352.39	204.72	760.11					761.70	761.70	3.97	3.75	0	0				
07/12/2018	3.3.2	Gaze Project	O4	3	M	Bilingual	G130	06/09/2018	89100	1280 x 720		Raw Data	Ord4_T4_R.avi	190	0	900	720									55682	10:16:44.703	1536226378476054															0			Unclassified	8																									6680	765	334			765	334	575	334	307.27	155.58					305.67	199.39	735.50		-34.01						761.24		3.82		0	4				
07/12/2018	3.3.2	Gaze Project	O4	3	M	Bilingual	G130	06/09/2018	89100	1280 x 720		Raw Data	Ord4_T4_R.avi	190	0	900	720									55690	10:16:44.711	1536226378484418															0	4454		Fixation	8	554	243	0.22	236.40	184.32																				6681			744	243	744	243	554	243			298.69	192.12						352.57	204.40	759.11						0.00		3.92	4	0				
07/12/2018	3.3.2	Gaze Project	O4	3	M	Bilingual	G130	06/09/2018	89100	1280 x 720		Raw Data	Ord4_T4_R.avi	190	0	900	720									55699	10:16:44.719	1536226378492684															0	4455		Fixation	8	508	428	5.83	256.08	19.68																				6682			698	428	698	428	508	428			280.36	117.46						350.89	197.14	736.11						0.00		4.45	4	0				
07/12/2018	3.3.2	Gaze Project	O4	3	M	Bilingual	G130	06/09/2018	89100	1280 x 720		Raw Data	Ord4_T4_R.avi	190	0	900	720									55707	10:16:44.728	1536226378501031															0	4456		Fixation	8	460	529	3.40	244.65	348.57																				6683	707	361	650	529	678	445	488	445	283.96	144.40	260.92	76.91	272.44	110.66	305.98	198.87	734.06	351.02	197.03	736.15					759.73	759.73	4.00	4.70	0	0				
07/12/2018	3.3.2	Gaze Project	O4	3	M	Bilingual	G130	06/09/2018	89100	1280 x 720		Raw Data	Ord4_T4_R.avi	190	0	900	720									55715	10:16:44.736	1536226378509370															0	4457		Fixation	8	512	388	4.59	69.82	185.16																				6684	724	307	702	388	713	347	523	347	290.76	166.13	281.95	133.67	286.36	149.90	306.11	199.07	734.74	351.13	197.03	736.15					760.45	760.45	3.70	4.37	0	0				
07/12/2018	3.3.2	Gaze Project	O4	3	M	Bilingual	G130	06/09/2018	89100	1280 x 720		Raw Data	Ord4_T4_R.avi	190	0	900	720									55724	10:16:44.744	1536226378517733															0			Unclassified	8																									6685	710	356			710	356	520	356	284.95	146.47					306.21	199.03	734.68		-34.01						760.38		3.92		0	4				
07/12/2018	3.3.2	Gaze Project	O4	3	M	Bilingual	G130	06/09/2018	89100	1280 x 720		Raw Data	Ord4_T4_R.avi	190	0	900	720									55732	10:16:44.753	1536226378526089															0	4458		Fixation	8	529	386	0.53	6.73	296.92																				6686	725	218	719	386	722	302	532	302	291.01	202.33	288.68	134.58	289.85	168.45	306.32	198.74	733.85	351.38	197.12	735.96					759.52	759.52	3.41	4.16	0	0				
07/12/2018	3.3.2	Gaze Project	O4	3	M	Bilingual	G130	06/09/2018	89100	1280 x 720		Raw Data	Ord4_T4_R.avi	190	0	900	720									55740	10:16:44.761	1536226378534354															0	4459		Fixation	8	461	93	9.22	103.03	96.29																				6687	749	243	651	93	700	168	510	168	300.65	192.15	261.16	252.50	280.91	222.32	306.41	198.75	733.97	353.25	204.14	758.14					759.63	759.63	3.49	2.94	0	0				
07/12/2018	3.3.2	Gaze Project	O4	3	M	Bilingual	G130	06/09/2018	89100	1280 x 720		Raw Data	Ord4_T4_R.avi	190	0	900	720									55749	10:16:44.769	1536226378542696															0	4460		Fixation	8	461	93	0.00	0.00	256.97																				6688	739	223	651	93	695	158	505	158	296.73	200.32	261.16	252.50	278.95	226.41	306.54	198.77	734.14	354.45	208.46	771.52					759.81	759.81	3.23	2.94	0	0				
07/12/2018	3.3.2	Gaze Project	O4	3	M	Bilingual	G130	06/09/2018	89100	1280 x 720		Raw Data	Ord4_T4_R.avi	190	0	900	720									55757	10:16:44.778	1536226378551043															0	4461		Fixation	8	604	317	8.08	302.47	302.47																				6689	750	221	794	317	772	269	582	269	301.06	201.01	318.53	162.35	309.80	181.68	306.65	198.40	733.17	351.73	197.04	735.99					758.79	758.79	3.52	3.55	0	0				
07/12/2018	3.3.2	Gaze Project	O4	3	M	Bilingual	G130	06/09/2018	89100	1280 x 720		Raw Data	Ord4_T4_R.avi	190	0	900	720									55765	10:16:44.786	1536226378559400															0	4462		Fixation	8	539	220	3.60	123.74	181.27																				6690	763	363	729	220	746	291	556	291	306.18	143.65	292.71	201.25	299.44	172.45	306.75	198.50	733.65	353.57	203.85	757.23					759.27	759.27	4.03	3.31	0	0				
07/12/2018	3.3.2	Gaze Project	O4	3	M	Bilingual	G130	06/09/2018	89100	1280 x 720		Raw Data	Ord4_T4_R.avi	190	0	900	720									55774	10:16:44.794	1536226378567755															0	4463		Fixation	8	510	202	1.03	148.09	24.35																				6691	738	401	700	202	719	301	529	301	296.43	128.60	280.93	208.55	288.68	168.57	306.82	198.41	733.57	353.64	203.83	757.17					759.18	759.18	4.06	3.36	0	0				
07/12/2018	3.3.2	Gaze Project	O4	3	M	Bilingual	G130	06/09/2018	89100	1280 x 720		Raw Data	Ord4_T4_R.avi	190	0	900	720									55782	10:16:44.803	1536226378576022															0	4464		Fixation	8	470	545	10.33	263.37	115.28																				6692	752	490	660	545	706	517	516	517	301.67	92.42	265.11	70.47	283.39	81.45	306.83	198.49	733.54	353.94	204.64	759.68					759.18	759.18	4.14	4.83	0	0				
07/12/2018	3.3.2	Gaze Project	O4	3	M	Bilingual	G130	06/09/2018	89100	1280 x 720		Raw Data	Ord4_T4_R.avi	190	0	900	720									55790	10:16:44.811	1536226378584349															0			Unclassified	8																									6693	750	403			750	403	560	403	300.88	127.78					306.93	198.25	733.43		-34.01						759.00		4.09		0	4				
07/12/2018	3.3.2	Gaze Project	O4	3	M	Bilingual	G130	06/09/2018	89100	1280 x 720		Raw Data	Ord4_T4_R.avi	190	0	900	720									55799	10:16:44.819	1536226378592712															0	4465		Fixation	8	574	295	8.07	67.48	164.11																				6694	752	362	764	295	758	328	568	328	301.77	144.24	306.53	171.19	304.15	157.71	306.95	198.09	733.14	353.73	203.47	755.97					758.68	758.68	3.84	3.77	0	0				
07/12/2018	3.3.2	Gaze Project	O4	3	M	Bilingual	G130	06/09/2018	89100	1280 x 720		Raw Data	Ord4_T4_R.avi	190	0	900	720									55807	10:16:44.828	1536226378601073															0	4466		Fixation	8	533	204	3.03	114.18	46.71																				6695	756	335	723	204	739	269	549	269	303.40	155.16	290.14	207.98	296.77	181.57	306.96	198.01	733.11	353.97	204.32	758.57					758.63	758.63	3.80	3.28	0	0				
07/12/2018	3.3.2	Gaze Project	O4	3	M	Bilingual	G130	06/09/2018	89100	1280 x 720		Raw Data	Ord4_T4_R.avi	190	0	900	720									55815	10:16:44.836	1536226378609328															0			Unclassified	8																									6696	720	96			720	96	530	96	289.14	251.45					317.21	226.60	821.09		-34.01						851.62		4.12		0	4				
07/12/2018	3.3.2	Gaze Project	O4	3	M	Bilingual	G130	06/09/2018	89100	1280 x 720		Raw Data	Ord4_T4_R.avi	190	0	900	720									55824	10:16:44.844	1536226378617683															0	4467		Fixation	8	535	218	0.43	278.10	163.92																				6697	735	291	725	218	730	254	540	254	295.14	172.83	290.97	202.12	293.06	187.48	306.90	197.61	732.23	353.63	203.10	754.59					757.67	757.67	3.78	3.37	0	0				
07/12/2018	3.3.2	Gaze Project	O4	3	M	Bilingual	G130	06/09/2018	89100	1280 x 720		Raw Data	Ord4_T4_R.avi	190	0	900	720									55832	10:16:44.853	1536226378626023															0			Unclassified	8																									6698	738	300			738	300	548	300	296.27	169.12					306.86	197.81	732.98		-34.01						758.44		3.74		0	4				
07/12/2018	3.3.2	Gaze Project	O4	3	M	Bilingual	G130	06/09/2018	89100	1280 x 720		Raw Data	Ord4_T4_R.avi	190	0	900	720									55840	10:16:44.861	1536226378634369															0	4468		Fixation	8	523	481	7.93	267.40	349.29																				6699	736	405	713	481	724	443	534	443	295.42	126.99	286.24	96.16	290.83	111.58	306.77	197.77	733.02	354.03	205.19	760.81					758.45	758.45	3.99	4.85	0	0				
07/12/2018	3.3.2	Gaze Project	O4	3	M	Bilingual	G130	06/09/2018	89100	1280 x 720		Raw Data	Ord4_T4_R.avi	190	0	900	720									55849	10:16:44.869	1536226378642736															0	4469		Fixation	8	525	254	6.82	89.50	182.10																				6700	748	420	715	254	731	337	541	337	300.39	120.85	287.03	187.46	293.71	154.15	306.66	197.73	732.99	353.55	203.81	756.31					758.41	758.41	4.04	3.70	0	0				
07/12/2018	3.3.2	Gaze Project	O4	3	M	Bilingual	G130	06/09/2018	89100	1280 x 720		Raw Data	Ord4_T4_R.avi	190	0	900	720									55857	10:16:44.878	1536226378650981															0	4470		Fixation	8	571	252	1.39	2.50	273.00																				6701	732	457	761	252	746	354	556	354	293.72	105.76	305.48	188.45	299.60	147.10	306.50	197.43	732.19	353.52	204.27	757.56					757.55	757.55	4.14	3.49	0	0				
07/12/2018	3.3.2	Gaze Project	O4	3	M	Bilingual	G130	06/09/2018	89100	1280 x 720		Raw Data	Ord4_T4_R.avi	190	0	900	720									55865	10:16:44.886	1536226378659330															0			Unclassified	8																									6702	723	405			723	405	533	405	290.35	127.04					306.36	197.63	732.93		-34.01						758.30		3.92		0	4				
07/12/2018	3.3.2	Gaze Project	O4	3	M	Bilingual	G130	06/09/2018	89100	1280 x 720		Raw Data	Ord4_T4_R.avi	190	0	900	720									55874	10:16:44.894	1536226378667691															0			Unclassified	8																									6703	738	432			738	432	548	432	296.18	115.88					310.92	211.13	774.31		-34.01						802.04		4.39		0	4				
07/12/2018	3.3.2	Gaze Project	O4	3	M	Bilingual	G130	06/09/2018	89100	1280 x 720		Raw Data	Ord4_T4_R.avi	190	0	900	720									55882	10:16:44.903	1536226378676049															0	4471		Fixation	8	527	297	1.90	225.74	223.24																				6704	740	422	717	297	728	359	538	359	297.06	119.97	287.66	170.16	292.36	145.07	305.98	197.59	733.01	352.86	203.76	755.42					758.34	758.34	4.17	3.91	0	0				
07/12/2018	3.3.2	Gaze Project	O4	3	M	Bilingual	G130	06/09/2018	89100	1280 x 720		Raw Data	Ord4_T4_R.avi	190	0	900	720									55890	10:16:44.911	1536226378684330															0	4472		Fixation	8	527	343	1.42	270.00	44.26																				6705	741	233	717	343	729	288	539	288	297.62	196.23	287.82	151.66	292.72	173.95	305.77	197.67	732.98	350.84	196.55	732.50					758.32	758.32	3.31	3.63	0	0				
07/12/2018	3.3.2	Gaze Project	O4	3	M	Bilingual	G130	06/09/2018	89100	1280 x 720		Raw Data	Ord4_T4_R.avi	190	0	900	720									55899	10:16:44.919	1536226378692670															0	4473		Fixation	8	524	343	0.09	180.00	270.00																				6706	765	376	714	343	739	359	549	359	307.14	138.63	286.72	151.79	296.93	145.21	305.56	197.48	732.97	352.25	203.03	752.84					758.24	758.24	3.56	4.02	0	0				
07/12/2018	3.3.2	Gaze Project	O4	3	M	Bilingual	G130	06/09/2018	89100	1280 x 720		Raw Data	Ord4_T4_R.avi	190	0	900	720									55907	10:16:44.928	1536226378701001															0	4474		Fixation	8	513	242	3.14	96.20	276.20																				6707	718	423	703	242	710	332	520	332	288.09	119.66	282.01	192.57	285.05	156.11	305.34	197.43	732.97	350.42	196.54	732.51					758.21	758.21	4.09	3.42	0	0				
07/12/2018	3.3.2	Gaze Project	O4	3	M	Bilingual	G130	06/09/2018	89100	1280 x 720		Raw Data	Ord4_T4_R.avi	190	0	900	720									55915	10:16:44.936	1536226378709366															0			Unclassified	8																									6708	749	290			749	290	559	290	300.53	173.13					305.12	197.36	732.89		-34.01						758.10		3.79		0	4				
07/12/2018	3.3.2	Gaze Project	O4	3	M	Bilingual	G130	06/09/2018	89100	1280 x 720		Raw Data	Ord4_T4_R.avi	190	0	900	720									55924	10:16:44.944	1536226378717722															0			Unclassified	8																									6709	719	301			719	301	529	301	288.64	168.71					304.89	197.42	733.21		-34.01						758.41		3.84		0	4				
07/12/2018	3.3.2	Gaze Project	O4	3	M	Bilingual	G130	06/09/2018	89100	1280 x 720		Raw Data	Ord4_T4_R.avi	190	0	900	720									55932	10:16:44.953	1536226378725989															0	4475		Fixation	8	552	355	3.68	288.98	192.79																				6710	715	331	742	355	728	343	538	343	286.95	156.65	297.96	146.84	292.46	151.75	304.65	197.31	733.03	351.71	204.66	757.12					758.19	758.19	3.78	4.16	0	0				
07/12/2018	3.3.2	Gaze Project	O4	3	M	Bilingual	G130	06/09/2018	89100	1280 x 720		Raw Data	Ord4_T4_R.avi	190	0	900	720									55940	10:16:44.961	1536226378734336															0	4476		Fixation	8	552	355	0.00	0.00	71.02																				6711	738	424	742	355	740	389	550	389	296.33	119.09	297.96	146.84	297.15	132.96	304.41	197.15	732.64	351.26	203.92	754.60					757.75	757.75	4.04	4.16	0	0				
07/12/2018	3.3.2	Gaze Project	O4	3	M	Bilingual	G130	06/09/2018	89100	1280 x 720		Raw Data	Ord4_T4_R.avi	190	0	900	720									55949	10:16:44.969	1536226378742674															0			Unclassified	8																									6712	746	417			746	417	556	417	299.44	121.85					304.11	197.24	732.60		-34.01						757.73		4.07		0	4				
07/12/2018	3.3.2	Gaze Project	O4	3	M	Bilingual	G130	06/09/2018	89100	1280 x 720		Raw Data	Ord4_T4_R.avi	190	0	900	720									55957	10:16:44.978	1536226378751022															0	4477		Fixation	8	521	467	3.50	254.58	254.58																				6713	738	436	711	467	724	451	534	451	296.04	114.52	285.45	101.86	290.75	108.19	303.96	197.22	733.03	350.65	203.41	752.51					758.12	758.12	4.36	4.61	0	0				
07/12/2018	3.3.2	Gaze Project	O4	3	M	Bilingual	G130	06/09/2018	89100	1280 x 720		Raw Data	Ord4_T4_R.avi	190	0	900	720									55965	10:16:44.986	1536226378759386															0	4478		Fixation	8	575	265	6.34	75.08	180.50																				6714	748	420	765	265	756	342	566	342	300.24	120.62	307.23	183.15	303.73	151.89	303.74	197.20	733.03	350.31	203.00	750.97					758.10	758.10	4.03	3.57	0	0				
07/12/2018	3.3.2	Gaze Project	O4	3	M	Bilingual	G130	06/09/2018	89100	1280 x 720		Raw Data	Ord4_T4_R.avi	190	0	900	720									55974	10:16:44.994	1536226378767651															0	4479		Fixation	8	568	292	0.85	255.51	180.43																				6715	753	414	758	292	755	353	565	353	302.25	123.38	304.09	172.19	303.17	147.78	303.52	197.26	733.27	350.19	203.52	752.34					758.33	758.33	4.24	3.65	0	0				
07/12/2018	3.3.2	Gaze Project	O4	3	M	Bilingual	G130	06/09/2018	89100	1280 x 720		Raw Data	Ord4_T4_R.avi	190	0	900	720									55982	10:16:45.003	1536226378775987															0			Unclassified	8																									6716	766	437			766	437	576	437	307.37	114.15					303.30	197.36	733.22		-34.01						758.31		4.08		0	4				
07/12/2018	3.3.2	Gaze Project	O4	3	M	Bilingual	G130	06/09/2018	89100	1280 x 720		Raw Data	Ord4_T4_R.avi	190	0	900	720									55990	10:16:45.011	1536226378784341															0	4480		Fixation	8	590	235	1.86	68.96	173.45																				6717	749	318	780	235	764	276	574	276	300.79	161.70	313.08	195.50	306.94	178.60	303.04	197.06	732.76	349.90	204.35	754.38					757.76	757.76	3.85	3.72	0	0				
07/12/2018	3.3.2	Gaze Project	O4	3	M	Bilingual	G130	06/09/2018	89100	1280 x 720		Raw Data	Ord4_T4_R.avi	190	0	900	720									55999	10:16:45.019	1536226378792689															0			Unclassified	8																									6718	742	319			742	319	552	319	297.65	161.47					302.83	197.18	733.18		-34.01						758.18		3.87		0	4				
07/12/2018	3.3.2	Gaze Project	O4	3	M	Bilingual	G130	06/09/2018	89100	1280 x 720		Raw Data	Ord4_T4_R.avi	190	0	900	720									56007	10:16:45.028	1536226378800981															0	4481		Fixation	8	531	454	6.98	254.97	186.01																				6719	753	359	721	454	737	406	547	406	302.45	145.20	289.61	107.22	296.03	126.21	302.61	197.15	733.11	347.65	197.00	730.78					758.09	758.09	3.90	4.46	0	0				
07/12/2018	3.3.2	Gaze Project	O4	3	M	Bilingual	G130	06/09/2018	89100	1280 x 720		Raw Data	Ord4_T4_R.avi	190	0	900	720									56015	10:16:45.036	1536226378809322															0	4482		Fixation	8	578	290	5.33	74.06	179.09																				6720	741	428	768	290	754	359	564	359	297.63	117.74	308.45	173.14	303.04	145.44	302.39	197.12	733.08	347.43	196.94	730.80					758.04	758.04	4.11	3.61	0	0				
07/12/2018	3.3.2	Gaze Project	O4	3	M	Bilingual	G130	06/09/2018	89100	1280 x 720		Raw Data	Ord4_T4_R.avi	190	0	900	720									56024	10:16:45.044	1536226378817661															0	4483		Fixation	8	578	233	1.80	90.00	15.94																				6721	725	474	768	233	746	353	556	353	291.05	99.24	308.11	196.31	299.58	147.77	302.15	196.86	732.33	347.21	197.00	730.78					757.24	757.24	4.20	3.35	0	0				
07/12/2018	3.3.2	Gaze Project	O4	3	M	Bilingual	G130	06/09/2018	89100	1280 x 720		Raw Data	Ord4_T4_R.avi	190	0	900	720									56032	10:16:45.053	1536226378826017															0			Unclassified	8																									6722	731	416			731	416	541	416	293.40	122.30					301.94	196.93	732.63		-34.01						757.53		4.06		0	4				
07/12/2018	3.3.2	Gaze Project	O4	3	M	Bilingual	G130	06/09/2018	89100	1280 x 720		Raw Data	Ord4_T4_R.avi	190	0	900	720									56040	10:16:45.061	1536226378834370															0	4484		Fixation	8	549	253	1.09	214.68	124.68																				6723	721	466	739	253	730	359	540	359	289.30	102.17	296.83	187.94	293.06	145.06	301.72	197.11	733.28	348.55	204.83	754.67					758.19	758.19	4.21	3.81	0	0				
07/12/2018	3.3.2	Gaze Project	O4	3	M	Bilingual	G130	06/09/2018	89100	1280 x 720		Raw Data	Ord4_T4_R.avi	190	0	900	720									56049	10:16:45.069	1536226378842642															0			Unclassified	8																									6724	732	405			732	405	542	405	293.98	126.85					301.50	197.04	733.16		-34.01						758.04		4.11		0	4				
07/12/2018	3.3.2	Gaze Project	O4	3	M	Bilingual	G130	06/09/2018	89100	1280 x 720		Raw Data	Ord4_T4_R.avi	190	0	900	720									56057	10:16:45.078	1536226378850991															0			Unclassified	8																									6725	740	354			740	354	550	354	297.11	147.22					301.25	196.88	732.79		-34.01						757.62		4.03		0	4				
07/12/2018	3.3.2	Gaze Project	O4	3	M	Bilingual	G130	06/09/2018	89100	1280 x 720		Raw Data	Ord4_T4_R.avi	190	0	900	720									56065	10:16:45.086	1536226378859311															0	4485		Fixation	8	642	213	3.08	23.34	168.66																				6726	749	352	832	213	790	282	600	282	300.78	148.26	334.10	204.27	317.44	176.26	301.04	196.98	733.23	348.01	205.67	756.95					758.06	758.06	4.03	3.67	0	0				
07/12/2018	3.3.2	Gaze Project	O4	3	M	Bilingual	G130	06/09/2018	89100	1280 x 720		Raw Data	Ord4_T4_R.avi	190	0	900	720									56074	10:16:45.094	1536226378867670															0	4486		Fixation	8	664	184	1.03	52.90	29.56																				6727	703	462	854	184	778	323	588	323	282.23	103.79	342.66	215.76	312.45	159.78	300.81	196.93	733.22	368.55	241.10	865.33					758.02	758.02	4.32	5.23	0	0				
07/12/2018	3.3.2	Gaze Project	O4	3	M	Bilingual	G130	06/09/2018	89100	1280 x 720		Raw Data	Ord4_T4_R.avi	190	0	900	720									56082	10:16:45.103	1536226378876039															0	4487		Fixation	8	522	497	9.70	245.67	192.76																				6728	748	418	712	497	730	457	540	457	300.24	121.76	285.92	89.94	293.08	105.85	300.60	196.87	733.17	347.00	203.22	749.25					757.95	757.95	4.25	4.85	0	0				
07/12/2018	3.3.2	Gaze Project	O4	3	M	Bilingual	G130	06/09/2018	89100	1280 x 720		Raw Data	Ord4_T4_R.avi	190	0	900	720									56090	10:16:45.111	1536226378884306															0			Unclassified	8																									6729	747	345			747	345	557	345	299.75	151.08					300.38	196.81	733.14		-34.01						757.89		3.96		0	4				
07/12/2018	3.3.2	Gaze Project	O4	3	M	Bilingual	G130	06/09/2018	89100	1280 x 720		Raw Data	Ord4_T4_R.avi	190	0	900	720									56099	10:16:45.119	1536226378892637															0	4488		Fixation	8	472	439	2.32	130.67	245.01																				6730	718	359	662	439	690	399	500	399	288.26	145.53	265.71	113.04	276.99	129.28	300.17	196.90	733.54	346.77	204.20	752.12					758.28	758.28	4.03	4.74	0	0				
07/12/2018	3.3.2	Gaze Project	O4	3	M	Bilingual	G130	06/09/2018	89100	1280 x 720		Raw Data	Ord4_T4_R.avi	190	0	900	720									56107	10:16:45.128	1536226378900997															0	4489		Fixation	8	526	411	1.85	27.48	256.81																				6731	753	439	716	411	734	425	544	425	302.34	113.35	287.54	124.60	294.94	118.97	299.96	196.82	733.46	344.98	197.25	730.22					758.17	758.17	4.17	4.07	0	0				
07/12/2018	3.3.2	Gaze Project	O4	3	M	Bilingual	G130	06/09/2018	89100	1280 x 720		Raw Data	Ord4_T4_R.avi	190	0	900	720									56115	10:16:45.136	1536226378909343															0	4490		Fixation	8	554	273	4.41	78.57	51.08																				6732	745	513	744	273	744	393	554	393	298.95	83.34	298.49	180.15	298.72	131.74	299.76	196.79	733.49	344.77	197.15	730.26					758.18	758.18	4.09	3.74	0	0				
07/12/2018	3.3.2	Gaze Project	O4	3	M	Bilingual	G130	06/09/2018	89100	1280 x 720		Raw Data	Ord4_T4_R.avi	190	0	900	720									56124	10:16:45.144	1536226378917634															0	4491		Fixation	8	582	341	2.32	292.32	213.75																				6733	699	520	772	341	735	430	545	430	280.61	80.68	309.79	152.45	295.20	116.56	299.57	196.62	733.56	344.57	197.16	730.26					758.18	758.18	4.25	4.00	0	0				
07/12/2018	3.3.2	Gaze Project	O4	3	M	Bilingual	G130	06/09/2018	89100	1280 x 720		Raw Data	Ord4_T4_R.avi	190	0	900	720									56132	10:16:45.153	1536226378925967															0	4492		Fixation	8	565	272	2.21	103.80	171.48																				6734	711	421	755	272	733	346	543	346	285.40	120.41	303.10	180.22	294.25	150.31	299.38	196.58	733.58	345.80	203.66	750.29					758.17	758.17	4.13	3.84	0	0				
07/12/2018	3.3.2	Gaze Project	O4	3	M	Bilingual	G130	06/09/2018	89100	1280 x 720		Raw Data	Ord4_T4_R.avi	190	0	900	720									56140	10:16:45.161	1536226378934308															0	4493		Fixation	8	554	375	3.04	263.92	160.13																				6735	765	436	744	375	754	405	564	405	307.04	114.27	298.63	138.96	302.84	126.62	299.18	196.68	733.65	357.43	223.12	809.47					758.27	758.27	4.14	4.98	0	0				
07/12/2018	3.3.2	Gaze Project	O4	3	M	Bilingual	G130	06/09/2018	89100	1280 x 720		Raw Data	Ord4_T4_R.avi	190	0	900	720									56149	10:16:45.169	1536226378942665															0	4494		Fixation	8	476	507	4.48	239.50	335.58																				6736	740	351	666	507	703	429	513	429	297.10	148.49	267.24	85.63	282.17	117.06	298.99	196.53	733.34	344.04	197.41	730.65					757.92	757.92	3.83	4.55	0	0				
07/12/2018	3.3.2	Gaze Project	O4	3	M	Bilingual	G130	06/09/2018	89100	1280 x 720		Raw Data	Ord4_T4_R.avi	190	0	900	720									56157	10:16:45.178	1536226378951025															0	4495		Fixation	8	581	210	9.70	70.59	191.09																				6737	720	409	771	210	745	309	555	309	288.82	125.13	309.63	205.40	299.22	165.27	298.81	196.49	733.38	345.13	203.14	748.74					757.93	757.93	4.14	3.63	0	0				
07/12/2018	3.3.2	Gaze Project	O4	3	M	Bilingual	G130	06/09/2018	89100	1280 x 720		Raw Data	Ord4_T4_R.avi	190	0	900	720									56165	10:16:45.186	1536226378959268															0	4496		Fixation	8	561	266	1.85	250.40	179.82																				6738	750	355	751	266	750	310	560	310	301.07	146.91	301.61	182.80	301.34	164.85	298.64	196.48	733.48	343.69	197.29	730.70					758.01	758.01	3.93	3.64	0	0				
07/12/2018	3.3.2	Gaze Project	O4	3	M	Bilingual	G130	06/09/2018	89100	1280 x 720		Raw Data	Ord4_T4_R.avi	190	0	900	720									56174	10:16:45.194	1536226378967627															0	4497		Fixation	8	484	237	2.58	159.30	268.90																				6739	686	350	674	237	680	293	490	293	275.48	149.12	270.50	194.70	272.99	171.91	302.77	209.87	774.76	343.51	197.29	730.70					801.57	801.57	4.32	3.49	0	0				
07/12/2018	3.3.2	Gaze Project	O4	3	M	Bilingual	G130	06/09/2018	89100	1280 x 720		Raw Data	Ord4_T4_R.avi	190	0	900	720									56182	10:16:45.203	1536226378975980															0	4498		Fixation	8	545	234	1.91	2.82	203.52																				6740	763	294	735	234	749	264	559	264	306.40	171.68	295.02	195.69	300.71	183.68	298.33	196.36	733.36	343.38	197.28	730.71					757.84	757.84	3.51	3.70	0	0				
07/12/2018	3.3.2	Gaze Project	O4	3	M	Bilingual	G130	06/09/2018	89100	1280 x 720		Raw Data	Ord4_T4_R.avi	190	0	900	720									56190	10:16:45.211	1536226378984337															0			Unclassified	8																									6741	721	516			721	516	531	516	289.50	82.11					298.19	196.46	733.79		-34.01						758.27		4.59		0	4				
07/12/2018	3.3.2	Gaze Project	O4	3	M	Bilingual	G130	06/09/2018	89100	1280 x 720		Raw Data	Ord4_T4_R.avi	190	0	900	720									56199	10:16:45.219	1536226378992694															0			Unclassified	8																									6742	740	432			740	432	550	432	296.92	116.02					298.05	196.36	733.56		-34.01						758.02		4.20		0	4				
07/12/2018	3.3.2	Gaze Project	O4	3	M	Bilingual	G130	06/09/2018	89100	1280 x 720		Raw Data	Ord4_T4_R.avi	190	0	900	720									56207	10:16:45.228	1536226379000959															0			Unclassified	8																									6743	746	418			746	418	556	418	299.27	121.65					297.91	196.37	733.69		-34.01						758.14		4.18		0	4				
07/12/2018	3.3.2	Gaze Project	O4	3	M	Bilingual	G130	06/09/2018	89100	1280 x 720		Raw Data	Ord4_T4_R.avi	190	0	900	720									56215	10:16:45.236	1536226379009290															0	4499		Fixation	8	555	342	3.41	275.27	272.45																				6744	738	424	745	342	741	383	551	383	296.23	119.30	299.08	152.09	297.66	135.70	297.81	196.40	733.85	342.85	197.35	730.61					758.29	758.29	4.12	3.95	0	0				
07/12/2018	3.3.2	Gaze Project	O4	3	M	Bilingual	G130	06/09/2018	89100	1280 x 720		Raw Data	Ord4_T4_R.avi	190	0	900	720									56224	10:16:45.244	1536226379017636															0	4500		Fixation	8	504	181	5.22	107.52	192.25																				6745	777	406	694	181	735	293	545	293	312.01	126.41	278.55	217.23	295.28	171.82	297.69	196.34	733.75	344.42	205.20	755.24					758.17	758.17	4.05	3.20	0	0				
07/12/2018	3.3.2	Gaze Project	O4	3	M	Bilingual	G130	06/09/2018	89100	1280 x 720		Raw Data	Ord4_T4_R.avi	190	0	900	720									56232	10:16:45.253	1536226379026005															0	4501		Fixation	8	558	170	1.67	11.55	264.03																				6746	729	398	748	170	738	284	548	284	292.63	129.72	300.33	221.62	296.48	175.67	297.59	196.31	733.74	344.05	203.90	751.28					758.15	758.15	4.07	3.58	0	0				
07/12/2018	3.3.2	Gaze Project	O4	3	M	Bilingual	G130	06/09/2018	89100	1280 x 720		Raw Data	Ord4_T4_R.avi	190	0	900	720									56240	10:16:45.261	1536226379034272															0	4502		Fixation	8	585	176	0.84	347.43	335.88																				6747	724	406	775	176	749	291	559	291	290.47	126.56	311.12	219.18	300.79	172.87	297.49	196.25	733.66	344.17	204.94	754.53					758.05	758.05	4.09	3.51	0	0				
07/12/2018	3.3.2	Gaze Project	O4	3	M	Bilingual	G130	06/09/2018	89100	1280 x 720		Raw Data	Ord4_T4_R.avi	190	0	900	720									56249	10:16:45.269	1536226379042623															0	4503		Fixation	8	568	170	0.55	160.50	173.07																				6748	770	364	758	170	764	267	574	267	309.16	143.42	304.21	221.30	306.69	182.36	297.40	196.27	733.80	343.88	203.93	751.47					758.18	758.18	4.09	3.42	0	0				
07/12/2018	3.3.2	Gaze Project	O4	3	M	Bilingual	G130	06/09/2018	89100	1280 x 720		Raw Data	Ord4_T4_R.avi	190	0	900	720									56257	10:16:45.278	1536226379050961															0			Unclassified	8																									6749	714	388			714	388	524	388	286.49	133.62					297.31	196.20	733.66		-34.01						758.03		4.05		0	4				
07/12/2018	3.3.2	Gaze Project	O4	3	M	Bilingual	G130	06/09/2018	89100	1280 x 720		Raw Data	Ord4_T4_R.avi	190	0	900	720									56265	10:16:45.286	1536226379059319															0	4504		Fixation	8	539	451	8.60	264.13	103.62																				6750	727	377	729	451	728	414	538	414	291.83	138.04	292.52	108.14	292.18	123.09	297.24	196.13	733.55	343.85	204.53	753.45					757.90	757.90	3.98	4.75	0	0				
07/12/2018	3.3.2	Gaze Project	O4	3	M	Bilingual	G130	06/09/2018	89100	1280 x 720		Raw Data	Ord4_T4_R.avi	190	0	900	720									56274	10:16:45.294	1536226379067674															0	4505		Fixation	8	572	483	1.39	315.79	51.66																				6751	738	366	762	483	750	424	560	424	296.04	142.37	305.83	95.52	300.94	118.94	297.17	196.12	733.64	343.68	204.02	751.96					757.97	757.97	4.08	4.81	0	0				
07/12/2018	3.3.2	Gaze Project	O4	3	M	Bilingual	G130	06/09/2018	89100	1280 x 720		Raw Data	Ord4_T4_R.avi	190	0	900	720									56282	10:16:45.303	1536226379075943															0	4506		Fixation	8	530	428	2.10	127.28	171.49																				6752	734	451	720	428	727	439	537	439	294.57	108.38	288.92	117.48	291.75	112.93	297.09	196.11	733.64	343.25	202.28	746.63					757.97	757.97	4.18	4.62	0	0				
07/12/2018	3.3.2	Gaze Project	O4	3	M	Bilingual	G130	06/09/2018	89100	1280 x 720		Raw Data	Ord4_T4_R.avi	190	0	900	720									56290	10:16:45.311	1536226379084280															0			Unclassified	8																									6753	718	476			718	476	528	476	288.19	98.15					297.03	196.04	733.47		-34.01						757.78		4.30		0	4				
07/12/2018	3.3.2	Gaze Project	O4	3	M	Bilingual	G130	06/09/2018	89100	1280 x 720		Raw Data	Ord4_T4_R.avi	190	0	900	720									56299	10:16:45.319	1536226379092631															0	4507		Fixation	8	500	491	2.13	244.61	117.33																				6754	739	353	690	491	714	422	524	422	296.62	147.93	276.82	92.36	286.72	120.15	296.98	196.15	733.42	342.01	197.03	730.07					757.77	757.77	4.07	4.53	0	0				
07/12/2018	3.3.2	Gaze Project	O4	3	M	Bilingual	G130	06/09/2018	89100	1280 x 720		Raw Data	Ord4_T4_R.avi	190	0	900	720									56307	10:16:45.328	1536226379100989															0	4508		Fixation	8	680	253	9.33	52.99	168.38																				6755	756	431	870	253	813	342	623	342	303.55	116.54	349.09	188.20	326.32	152.37	296.92	196.11	733.71	341.95	196.92	730.11					758.02	758.02	4.31	3.28	0	0				
07/12/2018	3.3.2	Gaze Project	O4	3	M	Bilingual	G130	06/09/2018	89100	1280 x 720		Raw Data	Ord4_T4_R.avi	190	0	900	720									56315	10:16:45.336	1536226379109340															0	4509		Fixation	8	492	452	8.57	226.72	173.73																				6756	732	440	682	452	707	446	517	446	293.90	112.55	273.66	108.11	283.78	110.33	296.87	196.03	733.48	341.89	197.00	729.93					757.78	757.78	4.31	4.21	0	0				
07/12/2018	3.3.2	Gaze Project	O4	3	M	Bilingual	G130	06/09/2018	89100	1280 x 720		Raw Data	Ord4_T4_R.avi	190	0	900	720									56324	10:16:45.344	1536226379117600															0	4510		Fixation	8	600	285	5.71	57.19	190.47																				6757	739	366	790	285	764	325	574	325	296.69	142.44	317.21	175.21	306.95	158.82	296.82	195.98	733.34	361.71	236.41	851.03					757.63	757.63	4.10	5.23	0	0				
07/12/2018	3.3.2	Gaze Project	O4	3	M	Bilingual	G130	06/09/2018	89100	1280 x 720		Raw Data	Ord4_T4_R.avi	190	0	900	720									56332	10:16:45.353	1536226379125952															0	4511		Fixation	8	536	512	6.77	254.30	197.11																				6758	731	460	726	512	728	486	538	486	293.26	104.78	291.45	83.85	292.36	94.32	296.77	195.93	733.19	341.88	197.35	730.95					757.46	757.46	4.30	4.69	0	0				
07/12/2018	3.3.2	Gaze Project	O4	3	M	Bilingual	G130	06/09/2018	89100	1280 x 720		Raw Data	Ord4_T4_R.avi	190	0	900	720									56340	10:16:45.361	1536226379134299															0	4512		Fixation	8	476	482	2.08	153.36	259.06																				6759	766	493	666	482	716	487	526	487	307.33	91.40	267.49	95.81	287.41	93.60	296.71	195.94	733.24	341.77	197.03	729.96					757.52	757.52	4.38	4.57	0	0				
07/12/2018	3.3.2	Gaze Project	O4	3	M	Bilingual	G130	06/09/2018	89100	1280 x 720		Raw Data	Ord4_T4_R.avi	190	0	900	720									56349	10:16:45.369	1536226379142661															0	4513		Fixation	8	555	497	2.50	349.22	195.85																				6760	772	447	745	497	758	472	568	472	309.87	110.00	298.90	89.62	304.39	99.81	296.67	196.00	733.43	341.52	197.15	729.91					757.71	757.71	4.23	4.53	0	0				
07/12/2018	3.3.2	Gaze Project	O4	3	M	Bilingual	G130	06/09/2018	89100	1280 x 720		Raw Data	Ord4_T4_R.avi	190	0	900	720									56357	10:16:45.378	1536226379150926															0	4514		Fixation	8	571	267	7.22	86.03	96.82																				6761	761	454	761	267	761	360	571	360	305.41	106.94	305.43	182.43	305.42	144.68	296.62	195.73	732.65	341.65	196.92	730.01					756.89	756.89	4.22	3.59	0	0				
07/12/2018	3.3.2	Gaze Project	O4	3	M	Bilingual	G130	06/09/2018	89100	1280 x 720		Raw Data	Ord4_T4_R.avi	190	0	900	720									56365	10:16:45.386	1536226379159272															0			Unclassified	8																									6762	741	452			741	452	551	452	297.60	107.94					296.58	195.76	732.80		-34.01						757.04		4.31		0	4				
07/12/2018	3.3.2	Gaze Project	O4	3	M	Bilingual	G130	06/09/2018	89100	1280 x 720		Raw Data	Ord4_T4_R.avi	190	0	900	720									56374	10:16:45.394	1536226379167615															0	4515		Fixation	8	505	493	7.35	253.77	167.74																				6763	753	417	695	493	724	455	534	455	302.39	121.96	279.13	91.24	290.76	106.60	296.51	195.82	733.05	341.57	196.98	729.87					757.29	757.29	4.24	4.50	0	0				
07/12/2018	3.3.2	Gaze Project	O4	3	M	Bilingual	G130	06/09/2018	89100	1280 x 720		Raw Data	Ord4_T4_R.avi	190	0	900	720									56382	10:16:45.403	1536226379175955															0	4516		Fixation	8	515	479	0.53	54.55	160.78																				6764	733	368	705	479	719	423	529	423	294.05	141.83	283.04	96.90	288.54	119.37	296.58	202.09	753.09	341.53	197.01	730.03					778.26	778.26	4.41	4.65	0	0				
07/12/2018	3.3.2	Gaze Project	O4	3	M	Bilingual	G130	06/09/2018	89100	1280 x 720		Raw Data	Ord4_T4_R.avi	190	0	900	720									56390	10:16:45.411	1536226379184327															0	4517		Fixation	8	505	482	0.32	196.75	142.20																				6765	737	495	695	482	716	488	526	488	295.91	90.72	279.00	95.73	287.45	93.22	296.41	195.81	733.14	341.49	197.09	730.30					757.36	757.36	4.42	4.49	0	0				
07/12/2018	3.3.2	Gaze Project	O4	3	M	Bilingual	G130	06/09/2018	89100	1280 x 720		Raw Data	Ord4_T4_R.avi	190	0	900	720									56399	10:16:45.419	1536226379192581															0	4518		Fixation	8	518	434	1.54	74.89	238.14																				6766	758	403	708	434	733	418	543	418	304.32	127.68	284.08	115.29	294.20	121.49	296.35	195.85	733.30	341.48	197.28	730.95					757.52	757.52	4.27	4.56	0	0				
07/12/2018	3.3.2	Gaze Project	O4	3	M	Bilingual	G130	06/09/2018	89100	1280 x 720		Raw Data	Ord4_T4_R.avi	190	0	900	720									56407	10:16:45.428	1536226379200913															0	4519		Fixation	8	483	437	1.04	184.91	110.02																				6767	747	477	673	437	710	457	520	457	299.81	97.93	270.30	113.94	285.06	105.94	296.29	195.71	732.91	352.99	220.15	801.13					757.11	757.11	4.29	5.01	0	0				
07/12/2018	3.3.2	Gaze Project	O4	3	M	Bilingual	G130	06/09/2018	89100	1280 x 720		Raw Data	Ord4_T4_R.avi	190	0	900	720									56415	10:16:45.436	1536226379209271															0	4520		Fixation	8	510	458	1.02	322.04	137.12																				6768	759	355	700	458	729	406	539	406	304.63	147.16	280.97	105.37	292.80	126.26	296.21	195.83	732.87	341.29	196.90	729.80					757.10	757.10	4.01	4.53	0	0				
07/12/2018	3.3.2	Gaze Project	O4	3	M	Bilingual	G130	06/09/2018	89100	1280 x 720		Raw Data	Ord4_T4_R.avi	190	0	900	720									56424	10:16:45.444	1536226379217642															0	4521		Fixation	8	567	483	1.94	336.25	14.21																				6769	742	401	757	483	749	442	559	442	297.75	128.31	303.80	95.40	300.77	111.86	296.18	195.72	732.98	341.21	196.78	729.85					757.17	757.17	4.14	4.64	0	0				
07/12/2018	3.3.2	Gaze Project	O4	3	M	Bilingual	G130	06/09/2018	89100	1280 x 720		Raw Data	Ord4_T4_R.avi	190	0	900	720									56432	10:16:45.453	1536226379226001															0	4522		Fixation	8	518	471	1.55	166.20	189.95																				6770	745	431	708	471	726	451	536	451	299.04	116.25	284.29	100.14	291.66	108.20	296.10	195.70	732.94	342.80	204.69	754.31					757.12	757.12	4.23	4.89	0	0				
07/12/2018	3.3.2	Gaze Project	O4	3	M	Bilingual	G130	06/09/2018	89100	1280 x 720		Raw Data	Ord4_T4_R.avi	190	0	900	720									56440	10:16:45.461	1536226379234258															0	4523		Fixation	8	528	465	0.35	31.05	224.85																				6771	747	484	718	465	732	474	542	474	299.85	95.22	288.21	102.52	294.03	98.87	296.04	195.76	733.15	341.06	196.98	729.77					757.34	757.34	4.40	4.60	0	0				
07/12/2018	3.3.2	Gaze Project	O4	3	M	Bilingual	G130	06/09/2018	89100	1280 x 720		Raw Data	Ord4_T4_R.avi	190	0	900	720									56449	10:16:45.469	1536226379242589															0	4524		Fixation	8	568	478	1.29	341.94	310.90																				6772	717	498	758	478	737	488	547	488	287.81	89.50	304.44	97.60	296.13	93.55	295.96	195.65	732.82	342.44	203.67	751.31					756.98	756.98	4.37	4.79	0	0				
07/12/2018	3.3.2	Gaze Project	O4	3	M	Bilingual	G130	06/09/2018	89100	1280 x 720		Raw Data	Ord4_T4_R.avi	190	0	900	720									56457	10:16:45.478	1536226379250953															0	4525		Fixation	8	529	491	1.23	198.49	216.55																				6773	745	464	719	491	732	477	542	477	299.25	103.21	288.62	92.15	293.93	97.68	295.87	195.65	732.87	342.65	204.96	755.38					757.03	757.03	4.33	4.86	0	0				
07/12/2018	3.3.2	Gaze Project	O4	3	M	Bilingual	G130	06/09/2018	89100	1280 x 720		Raw Data	Ord4_T4_R.avi	190	0	900	720									56465	10:16:45.486	1536226379259311															0	4526		Fixation	8	565	308	5.24	78.91	240.42																				6774	728	354	755	308	741	331	551	331	292.33	147.41	302.90	166.08	297.62	156.74	295.77	195.77	732.82	361.91	238.85	859.36					757.01	757.01	4.02	5.30	0	0				
07/12/2018	3.3.2	Gaze Project	O4	3	M	Bilingual	G130	06/09/2018	89100	1280 x 720		Raw Data	Ord4_T4_R.avi	190	0	900	720									56474	10:16:45.494	1536226379267578															0	4527		Fixation	8	520	503	5.63	257.05	178.14																				6775	725	361	710	503	717	432	527	432	291.21	144.75	284.80	87.48	288.01	116.11	295.70	195.66	732.94	342.09	203.02	749.70					757.09	757.09	4.00	4.90	0	0				
07/12/2018	3.3.2	Gaze Project	O4	3	M	Bilingual	G130	06/09/2018	89100	1280 x 720		Raw Data	Ord4_T4_R.avi	190	0	900	720									56482	10:16:45.503	1536226379275925															0	4528		Fixation	8	522	480	0.70	85.05	188.00																				6776	725	444	712	480	718	462	528	462	290.86	111.29	285.63	96.57	288.25	103.93	295.61	195.66	732.97	340.68	196.64	729.78					757.11	757.11	4.36	4.65	0	0				
07/12/2018	3.3.2	Gaze Project	O4	3	M	Bilingual	G130	06/09/2018	89100	1280 x 720		Raw Data	Ord4_T4_R.avi	190	0	900	720									56490	10:16:45.511	1536226379284268															0	4529		Fixation	8	543	535	1.82	290.84	205.79																				6777	734	314	733	535	733	424	543	424	294.81	163.43	294.04	74.30	294.42	118.86	295.51	195.64	732.92	340.58	196.47	729.84					757.06	757.06	4.01	4.69	0	0				
07/12/2018	3.3.2	Gaze Project	O4	3	M	Bilingual	G130	06/09/2018	89100	1280 x 720		Raw Data	Ord4_T4_R.avi	190	0	900	720									56499	10:16:45.519	1536226379292609															0	4530		Fixation	8	543	522	0.40	90.00	159.16																				6778	713	496	733	522	723	509	533	509	286.14	90.09	294.22	79.68	290.18	84.88	295.42	195.50	732.48	340.44	196.64	729.77					756.59	756.59	4.46	4.66	0	0				
07/12/2018	3.3.2	Gaze Project	O4	3	M	Bilingual	G130	06/09/2018	89100	1280 x 720		Raw Data	Ord4_T4_R.avi	190	0	900	720									56507	10:16:45.528	1536226379300982															0	4531		Fixation	8	522	525	0.66	188.16	98.16																				6779	744	509	712	525	728	517	538	517	298.46	85.03	285.96	78.40	292.21	81.71	295.32	195.65	732.94	340.38	196.58	729.80					757.07	757.07	4.45	4.67	0	0				
07/12/2018	3.3.2	Gaze Project	O4	3	M	Bilingual	G130	06/09/2018	89100	1280 x 720		Raw Data	Ord4_T4_R.avi	190	0	900	720									56515	10:16:45.536	1536226379309235															0	4532		Fixation	8	557	426	2.95	70.59	242.43																				6780	749	453	747	426	748	439	558	439	300.59	107.48	299.66	118.24	300.13	112.86	295.33	202.26	753.94	362.56	241.13	867.73					779.05	779.05	4.63	5.49	0	0				
07/12/2018	3.3.2	Gaze Project	O4	3	M	Bilingual	G130	06/09/2018	89100	1280 x 720		Raw Data	Ord4_T4_R.avi	190	0	900	720									56524	10:16:45.544	1536226379317572															0	4533		Fixation	8	494	495	2.63	227.69	157.11																				6781	711	439	684	495	697	467	507	467	285.56	113.23	274.46	90.78	280.01	102.01	295.16	195.77	733.12	340.19	196.09	729.01					757.27	757.27	4.30	4.65	0	0				
07/12/2018	3.3.2	Gaze Project	O4	3	M	Bilingual	G130	06/09/2018	89100	1280 x 720		Raw Data	Ord4_T4_R.avi	190	0	900	720									56532	10:16:45.553	1536226379325935															0	4534		Fixation	8	483	446	1.56	102.61	234.92																				6782	709	312	673	446	691	379	501	379	284.67	164.45	270.24	110.30	277.45	137.38	295.07	195.81	733.08	340.13	196.25	729.60					757.24	757.24	4.01	4.62	0	0				
07/12/2018	3.3.2	Gaze Project	O4	3	M	Bilingual	G130	06/09/2018	89100	1280 x 720		Raw Data	Ord4_T4_R.avi	190	0	900	720									56540	10:16:45.561	1536226379334292															0	4535		Fixation	8	483	463	0.53	270.00	167.39																				6783	721	298	673	463	697	380	507	380	289.37	169.88	269.95	103.38	279.66	136.63	295.01	195.91	733.21	340.03	196.34	729.56					757.39	757.39	4.02	4.42	0	0				
07/12/2018	3.3.2	Gaze Project	O4	3	M	Bilingual	G130	06/09/2018	89100	1280 x 720		Raw Data	Ord4_T4_R.avi	190	0	900	720									56549	10:16:45.569	1536226379342563															0	4536		Fixation	8	490	322	4.41	87.17	177.17																				6784			680	322	680	322	490	322			273.04	160.37						339.98	196.08	729.67						0.00		4.78	4	0				
07/12/2018	3.3.2	Gaze Project	O4	3	M	Bilingual	G130	06/09/2018	89100	1280 x 720		Raw Data	Ord4_T4_R.avi	190	0	900	720									56557	10:16:45.578	1536226379350911															0	4537		Fixation	8	533	361	1.75	317.70	230.53																				6785	718	311	723	361	720	336	530	336	288.04	164.68	290.19	144.49	289.11	154.59	294.96	201.76	751.56	350.14	216.78	792.99					776.63	776.63	4.42	5.03	0	0				
07/12/2018	3.3.2	Gaze Project	O4	3	M	Bilingual	G130	06/09/2018	89100	1280 x 720		Raw Data	Ord4_T4_R.avi	190	0	900	720									56565	10:16:45.586	1536226379359249															0			Unclassified	8																									6786	667	291			667	291	477	291	267.57	172.61					294.89	195.93	733.20		-34.01						757.38		4.24		0	4				
07/12/2018	3.3.2	Gaze Project	O4	3	M	Bilingual	G130	06/09/2018	89100	1280 x 720		Raw Data	Ord4_T4_R.avi	190	0	900	720									56574	10:16:45.594	1536226379367612															0	4538		Fixation	8	508	371	0.80	201.87	244.16																				6787	680	395	698	371	689	383	499	383	272.98	130.85	280.21	140.44	276.59	135.65	294.86	195.97	733.18	339.86	196.00	729.36					757.38	757.38	4.38	4.47	0	0				
07/12/2018	3.3.2	Gaze Project	O4	3	M	Bilingual	G130	06/09/2018	89100	1280 x 720		Raw Data	Ord4_T4_R.avi	190	0	900	720									56582	10:16:45.603	1536226379375962															0			Unclassified	8																									6788	646	315			646	315	456	315	259.37	163.22					294.85	196.03	733.16		-34.01						757.37		4.21		0	4				
07/12/2018	3.3.2	Gaze Project	O4	3	M	Bilingual	G130	06/09/2018	89100	1280 x 720		Raw Data	Ord4_T4_R.avi	190	0	900	720									56590	10:16:45.611	1536226379384206															0			Unclassified	8																									6789																			-34.01										4	4				
07/12/2018	3.3.2	Gaze Project	O4	3	M	Bilingual	G130	06/09/2018	89100	1280 x 720		Raw Data	Ord4_T4_R.avi	190	0	900	720									56599	10:16:45.619	1536226379392584															0			Unclassified	8																									6790	733	370			733	370	543	370	294.26	140.76					294.88	201.12	748.60		-34.01						773.61		4.48		0	4				
07/12/2018	3.3.2	Gaze Project	O4	3	M	Bilingual	G130	06/09/2018	89100	1280 x 720		Raw Data	Ord4_T4_R.avi	190	0	900	720									56607	10:16:45.628	1536226379400919															0			Unclassified	8																									6791																			-34.01										4	4				
07/12/2018	3.3.2	Gaze Project	O4	3	M	Bilingual	G130	06/09/2018	89100	1280 x 720		Raw Data	Ord4_T4_R.avi	190	0	900	720									56615	10:16:45.636	1536226379409277															0	4539		Fixation	8	496	345	0.90	114.71	272.84																				6792	727	330	686	345	706	337	516	337	291.71	157.22	275.55	150.86	283.63	154.04	294.88	196.37	733.02	339.77	195.82	728.55					757.35	757.35	4.05	3.98	0	0				
07/12/2018	3.3.2	Gaze Project	O4	3	M	Bilingual	G130	06/09/2018	89100	1280 x 720		Raw Data	Ord4_T4_R.avi	190	0	900	720									56624	10:16:45.644	1536226379417634															0	4540		Fixation	8	491	433	2.76	266.76	152.05																				6793	722	232	681	433	701	332	511	332	289.90	196.57	273.50	115.50	281.70	156.03	294.93	196.41	732.98	339.99	196.15	729.60					757.32	757.32	3.55	4.48	0	0				
07/12/2018	3.3.2	Gaze Project	O4	3	M	Bilingual	G130	06/09/2018	89100	1280 x 720		Raw Data	Ord4_T4_R.avi	190	0	900	720									56632	10:16:45.653	1536226379425903															0	4541		Fixation	8	505	315	3.72	83.26	176.50																				6794	716	203	695	315	705	259	515	259	287.32	208.29	279.00	163.02	283.16	185.66	294.99	196.36	732.56	340.05	196.03	729.62					756.90	756.90	3.61	3.97	0	0				
07/12/2018	3.3.2	Gaze Project	O4	3	M	Bilingual	G130	06/09/2018	89100	1280 x 720		Raw Data	Ord4_T4_R.avi	190	0	900	720									56640	10:16:45.661	1536226379434229															0	4542		Fixation	8	466	460	4.68	254.99	171.74																				6795	719	213	656	460	687	336	497	336	288.68	204.01	263.48	104.81	276.08	154.41	295.06	196.51	732.80	340.21	196.36	730.20					757.18	757.18	3.68	4.46	0	0				
07/12/2018	3.3.2	Gaze Project	O4	3	M	Bilingual	G130	06/09/2018	89100	1280 x 720		Raw Data	Ord4_T4_R.avi	190	0	900	720									56649	10:16:45.669	1536226379442592															0	4543		Fixation	8	473	227	7.29	88.28	193.29																				6796	711	152	663	227	687	189	497	189	285.39	228.67	266.31	198.58	275.85	213.62	298.63	207.93	767.55	340.19	196.02	729.61					793.90	793.90	3.66	3.83	0	0				
07/12/2018	3.3.2	Gaze Project	O4	3	M	Bilingual	G130	06/09/2018	89100	1280 x 720		Raw Data	Ord4_T4_R.avi	190	0	900	720									56657	10:16:45.678	1536226379450944															0	4544		Fixation	8	496	276	1.70	295.07	206.79																				6797	691	163	686	276	688	219	498	219	277.19	224.40	275.54	178.85	276.36	201.63	297.57	204.35	756.22	340.28	196.04	729.68					781.98	781.98	3.89	4.00	0	0				
07/12/2018	3.3.2	Gaze Project	O4	3	M	Bilingual	G130	06/09/2018	89100	1280 x 720		Raw Data	Ord4_T4_R.avi	190	0	900	720									56665	10:16:45.686	1536226379459218															0	4545		Fixation	8	503	316	1.28	279.89	344.82																				6798	714	252	693	316	703	284	513	284	286.60	188.39	278.10	162.85	282.35	175.62	295.30	196.73	732.84	340.37	196.02	729.64					757.30	757.30	4.00	4.12	0	0				
07/12/2018	3.3.2	Gaze Project	O4	3	M	Bilingual	G130	06/09/2018	89100	1280 x 720		Raw Data	Ord4_T4_R.avi	190	0	900	720									56674	10:16:45.694	1536226379467561															0	4546		Fixation	8	452	420	3.60	243.95	324.06																				6799	705	331	642	420	673	375	483	375	282.97	156.76	257.86	120.98	270.41	138.87	295.41	197.02	733.04	340.77	196.75	731.53					757.58	757.58	4.33	4.43	0	0				
07/12/2018	3.3.2	Gaze Project	O4	3	M	Bilingual	G130	06/09/2018	89100	1280 x 720		Raw Data	Ord4_T4_R.avi	190	0	900	720									56682	10:16:45.703	1536226379475899															0	4547		Fixation	8	522	357	2.92	42.08	158.13																				6800	695	184	712	357	703	270	513	270	278.79	215.71	285.91	146.03	282.35	180.87	295.50	198.04	736.91	340.56	196.00	729.67					761.58	761.58	3.57	4.09	0	0				
07/12/2018	3.3.2	Gaze Project	O4	3	M	Bilingual	G130	06/09/2018	89100	1280 x 720		Raw Data	Ord4_T4_R.avi	190	0	900	720									56690	10:16:45.711	1536226379484258															0	4548		Fixation	8	533	319	1.24	73.90	31.83																				6801	697	263	723	319	710	291	520	291	279.91	183.89	290.14	161.56	285.02	172.73	295.82	197.78	735.04	340.67	196.00	729.77					759.74	759.74	3.67	4.07	0	0				
07/12/2018	3.3.2	Gaze Project	O4	3	M	Bilingual	G130	06/09/2018	89100	1280 x 720		Raw Data	Ord4_T4_R.avi	190	0	900	720									56699	10:16:45.719	1536226379492618															0	4549		Fixation	8	521	292	0.93	113.89	39.99																				6802	696	186	711	292	703	239	513	239	279.42	215.02	285.21	172.27	282.31	193.65	295.70	197.62	735.33	340.75	196.03	729.59					759.96	759.96	3.47	3.89	0	0				
07/12/2018	3.3.2	Gaze Project	O4	3	M	Bilingual	G130	06/09/2018	89100	1280 x 720		Raw Data	Ord4_T4_R.avi	190	0	900	720									56707	10:16:45.728	1536226379500883															0	4550		Fixation	8	535	274	0.69	52.21	298.32																				6803	717	320	725	274	721	297	531	297	287.62	161.12	291.10	179.53	289.36	170.33	295.80	197.00	732.90	351.35	216.82	794.11					757.47	757.47	4.18	3.83	0	0				
07/12/2018	3.3.2	Gaze Project	O4	3	M	Bilingual	G130	06/09/2018	89100	1280 x 720		Raw Data	Ord4_T4_R.avi	190	0	900	720									56715	10:16:45.736	1536226379509228															0	4551		Fixation	8	482	346	2.61	233.73	181.52																				6804	941	400	672	346	806	373	616	373	377.91	128.73	269.79	150.66	323.85	139.69	341.21	196.79	732.99	346.93	207.76	766.14					761.17	761.17	4.62	4.78	0	0				
07/12/2018	3.3.2	Gaze Project	O4	3	M	Bilingual	G130	06/09/2018	89100	1280 x 720		Raw Data	Ord4_T4_R.avi	190	0	900	720									56724	10:16:45.744	1536226379517569															0			Unclassified	8																									6805																			-34.01										4	4				
07/12/2018	3.3.2	Gaze Project	O4	3	M	Bilingual	G130	06/09/2018	89100	1280 x 720		Raw Data	Ord4_T4_R.avi	190	0	900	720									56732	10:16:45.753	1536226379525935															0			Unclassified	8																									6806	949	490			949	490	759	490	380.87	92.59					341.42	196.71	733.02		-34.01						761.20		4.91		0	4				
07/12/2018	3.3.2	Gaze Project	O4	3	M	Bilingual	G130	06/09/2018	89100	1280 x 720		Raw Data	Ord4_T4_R.avi	190	0	900	720									56740	10:16:45.761	1536226379534287															0	4552		Fixation	8	480	453	3.25	268.93	35.20																				6807	737	152	670	453	703	302	513	302	296.01	228.80	268.99	107.38	282.50	168.09	300.80	211.78	778.10	341.34	195.84	730.08					805.22	805.22	4.02	4.74	0	0				
07/12/2018	3.3.2	Gaze Project	O4	3	M	Bilingual	G130	06/09/2018	89100	1280 x 720		Raw Data	Ord4_T4_R.avi	190	0	900	720									56749	10:16:45.769	1536226379542548															0	4553		Fixation	8	563	230	7.23	69.65	160.71																				6808	746	269	753	230	749	249	559	249	299.49	181.43	302.33	197.26	300.91	189.34	296.29	196.87	732.38	348.39	209.63	772.58					756.96	756.96	3.97	4.62	0	0				
07/12/2018	3.3.2	Gaze Project	O4	3	M	Bilingual	G130	06/09/2018	89100	1280 x 720		Raw Data	Ord4_T4_R.avi	190	0	900	720									56757	10:16:45.778	1536226379550881															0	4554		Fixation	8	540	234	0.68	189.90	120.25																				6809	744	293	730	234	737	263	547	263	298.62	171.96	292.87	195.79	295.74	183.87	296.50	203.25	752.53	352.69	217.93	798.45					778.07	778.07	4.28	4.88	0	0				
07/12/2018	3.3.2	Gaze Project	O4	3	M	Bilingual	G130	06/09/2018	89100	1280 x 720		Raw Data	Ord4_T4_R.avi	190	0	900	720									56765	10:16:45.786	1536226379559230															0	4555		Fixation	8	519	429	5.87	263.87	73.98																				6810	741	312	709	429	725	370	535	370	297.25	164.48	284.64	117.38	290.94	140.93	296.47	197.10	733.05	341.58	195.85	730.08					757.67	757.67	4.17	4.60	0	0				
07/12/2018	3.3.2	Gaze Project	O4	3	M	Bilingual	G130	06/09/2018	89100	1280 x 720		Raw Data	Ord4_T4_R.avi	190	0	900	720									56774	10:16:45.794	1536226379567596															0	4556		Fixation	8	446	426	2.27	177.64	273.77																				6811	726	336	636	426	681	381	491	381	291.37	154.54	255.13	118.52	273.25	136.53	296.54	196.93	732.49	341.64	195.57	729.72					757.09	757.09	4.19	4.79	0	0				
07/12/2018	3.3.2	Gaze Project	O4	3	M	Bilingual	G130	06/09/2018	89100	1280 x 720		Raw Data	Ord4_T4_R.avi	190	0	900	720									56782	10:16:45.803	1536226379575866															0	4557		Fixation	8	493	398	1.67	30.87	213.23																				6812	726	354	683	398	704	376	514	376	291.23	147.26	274.26	129.70	282.74	138.48	296.61	197.03	732.75	343.18	202.39	751.38					757.37	757.37	4.11	4.87	0	0				
07/12/2018	3.3.2	Gaze Project	O4	3	M	Bilingual	G130	06/09/2018	89100	1280 x 720		Raw Data	Ord4_T4_R.avi	190	0	900	720									56790	10:16:45.811	1536226379584215															0			Unclassified	8																									6813	704	320			704	320	514	320	282.63	160.98					296.76	202.15	749.00		-34.01						774.40		4.30		0	4				
07/12/2018	3.3.2	Gaze Project	O4	3	M	Bilingual	G130	06/09/2018	89100	1280 x 720		Raw Data	Ord4_T4_R.avi	190	0	900	720									56799	10:16:45.819	1536226379592559															0	4558		Fixation	8	460	380	1.16	151.31	120.45																				6814	727	291	650	380	688	335	498	335	291.99	172.94	260.85	136.82	276.42	154.88	296.80	201.49	746.91	341.80	195.44	729.59					772.21	772.21	4.28	4.50	0	0				
07/12/2018	3.3.2	Gaze Project	O4	3	M	Bilingual	G130	06/09/2018	89100	1280 x 720		Raw Data	Ord4_T4_R.avi	190	0	900	720									56807	10:16:45.828	1536226379600910															0	4559		Fixation	8	508	384	1.50	355.22	203.91																				6815	689	335	698	384	693	359	503	359	276.47	154.86	280.21	135.15	278.34	145.01	296.83	201.14	745.84	341.84	195.30	729.64					771.09	771.09	4.35	4.63	0	0				
07/12/2018	3.3.2	Gaze Project	O4	3	M	Bilingual	G130	06/09/2018	89100	1280 x 720		Raw Data	Ord4_T4_R.avi	190	0	900	720									56815	10:16:45.836	1536226379609253															0	4560		Fixation	8	495	415	1.05	247.31	252.09																				6816	732	373	685	415	708	394	518	394	293.93	139.66	275.06	122.82	284.50	131.24	296.90	202.08	748.70	341.74	195.50	729.56					774.09	774.09	4.63	4.46	0	0				
07/12/2018	3.3.2	Gaze Project	O4	3	M	Bilingual	G130	06/09/2018	89100	1280 x 720		Raw Data	Ord4_T4_R.avi	190	0	900	720									56823	10:16:45.844	1536226379617534															0	4561		Fixation	8	548	363	2.31	44.55	157.23																				6817	774	282	738	363	756	322	566	322	310.54	176.35	296.41	143.96	303.47	160.16	296.87	197.03	732.69	341.96	195.36	729.68					757.33	757.33	4.07	4.51	0	0				
07/12/2018	3.3.2	Gaze Project	O4	3	M	Bilingual	G130	06/09/2018	89100	1280 x 720		Raw Data	Ord4_T4_R.avi	190	0	900	720									56832	10:16:45.853	1536226379625860															0	4562		Fixation	8	505	452	3.08	244.28	199.74																				6818	709	255	695	452	702	353	512	353	284.43	187.07	278.92	107.79	281.67	147.43	296.91	196.87	732.22	341.99	195.30	729.65					756.84	756.84	3.85	4.74	0	0				
07/12/2018	3.3.2	Gaze Project	O4	3	M	Bilingual	G130	06/09/2018	89100	1280 x 720		Raw Data	Ord4_T4_R.avi	190	0	900	720									56840	10:16:45.861	1536226379634220															0	4563		Fixation	8	525	414	1.31	62.32	178.03																				6819	724	326	715	414	719	370	529	370	290.73	158.57	287.08	123.40	288.90	140.99	296.92	196.86	732.18	343.64	202.88	753.73					756.80	756.80	4.25	4.93	0	0				
07/12/2018	3.3.2	Gaze Project	O4	3	M	Bilingual	G130	06/09/2018	89100	1280 x 720		Raw Data	Ord4_T4_R.avi	190	0	900	720									56849	10:16:45.869	1536226379642578															0	4564		Fixation	8	521	365	1.51	94.65	32.33																				6820	736	236	711	365	723	300	533	300	295.60	195.01	285.37	142.93	290.49	168.97	296.92	196.85	732.15	342.03	195.36	730.03					756.77	756.77	3.84	4.54	0	0				
07/12/2018	3.3.2	Gaze Project	O4	3	M	Bilingual	G130	06/09/2018	89100	1280 x 720		Raw Data	Ord4_T4_R.avi	190	0	900	720									56857	10:16:45.878	1536226379650938															0	4565		Fixation	8	518	453	2.75	268.05	173.40																				6821	750	294	708	453	729	373	539	373	301.03	171.57	284.39	107.69	292.71	139.63	296.92	196.86	732.18	342.03	195.45	729.99					756.80	756.80	3.98	4.54	0	0				
07/12/2018	3.3.2	Gaze Project	O4	3	M	Bilingual	G130	06/09/2018	89100	1280 x 720		Raw Data	Ord4_T4_R.avi	190	0	900	720									56865	10:16:45.886	1536226379659201															0	4566		Fixation	8	560	426	1.55	32.82	124.77																				6822	711	313	750	426	730	369	540	369	285.43	164.08	301.10	118.59	293.26	141.33	296.95	196.75	732.23	342.03	195.21	730.09					756.81	756.81	4.12	4.73	0	0				
07/12/2018	3.3.2	Gaze Project	O4	3	M	Bilingual	G130	06/09/2018	89100	1280 x 720		Raw Data	Ord4_T4_R.avi	190	0	900	720									56873	10:16:45.894	1536226379667532															0			Unclassified	8																									6823	750	369			750	369	560	369	301.08	141.16					297.04	202.65	750.53		-34.01						776.02		4.51		0	4				
07/12/2018	3.3.2	Gaze Project	O4	3	M	Bilingual	G130	06/09/2018	89100	1280 x 720		Raw Data	Ord4_T4_R.avi	190	0	900	720									56882	10:16:45.903	1536226379675889															0	4567		Fixation	8	549	440	0.55	231.93	199.11																				6824	720	315	739	440	729	377	539	377	289.10	162.92	296.61	112.66	292.86	137.79	297.03	202.39	749.73	342.01	195.18	730.10					775.18	775.18	4.42	4.71	0	0				
07/12/2018	3.3.2	Gaze Project	O4	3	M	Bilingual	G130	06/09/2018	89100	1280 x 720		Raw Data	Ord4_T4_R.avi	190	0	900	720									56890	10:16:45.911	1536226379684247															0	4568		Fixation	8	508	469	1.55	215.36	343.43																				6825	740	292	698	469	719	380	529	380	296.86	172.52	280.32	101.26	288.59	136.89	296.91	196.95	732.49	342.02	195.27	730.07					757.12	757.12	4.02	4.78	0	0				
07/12/2018	3.3.2	Gaze Project	O4	3	M	Bilingual	G130	06/09/2018	89100	1280 x 720		Raw Data	Ord4_T4_R.avi	190	0	900	720									56898	10:16:45.919	1536226379692520															0	4569		Fixation	8	517	462	0.35	37.96	182.60																				6826	742	289	707	462	724	375	534	375	298.02	173.73	283.86	103.96	290.94	138.85	296.89	196.99	732.63	341.97	195.08	729.55					757.26	757.26	4.10	4.81	0	0				
07/12/2018	3.3.2	Gaze Project	O4	3	M	Bilingual	G130	06/09/2018	89100	1280 x 720		Raw Data	Ord4_T4_R.avi	190	0	900	720									56907	10:16:45.928	1536226379700863															0	4570		Fixation	8	484	350	3.65	106.37	68.40																				6827	739	288	674	350	706	319	516	319	296.50	174.05	270.47	149.01	283.48	161.53	296.87	196.95	732.54	341.91	195.17	729.52					757.16	757.16	3.94	4.33	0	0				
07/12/2018	3.3.2	Gaze Project	O4	3	M	Bilingual	G130	06/09/2018	89100	1280 x 720		Raw Data	Ord4_T4_R.avi	190	0	900	720									56915	10:16:45.936	1536226379709198															0			Unclassified	8																									6828	749	332			749	332	559	332	300.61	156.36					296.85	196.79	732.13		-34.01						756.73		4.11		0	4				
07/12/2018	3.3.2	Gaze Project	O4	3	M	Bilingual	G130	06/09/2018	89100	1280 x 720		Raw Data	Ord4_T4_R.avi	190	0	900	720									56924	10:16:45.944	1536226379717546															0	4571		Fixation	8	568	384	2.78	337.90	231.53																				6829	741	414	758	384	749	399	559	399	297.46	123.22	304.35	135.12	300.91	129.17	296.83	196.88	732.50	346.48	204.12	757.58					757.10	757.10	4.54	4.60	0	0				
07/12/2018	3.3.2	Gaze Project	O4	3	M	Bilingual	G130	06/09/2018	89100	1280 x 720		Raw Data	Ord4_T4_R.avi	190	0	900	720									56932	10:16:45.953	1536226379725919															0	4572		Fixation	8	566	334	1.51	92.28	114.38																				6830	731	334	756	334	743	334	553	334	293.43	155.59	303.55	155.64	298.49	155.61	296.81	196.83	732.43	347.39	205.92	763.32					757.02	757.02	4.14	4.77	0	0				
07/12/2018	3.3.2	Gaze Project	O4	3	M	Bilingual	G130	06/09/2018	89100	1280 x 720		Raw Data	Ord4_T4_R.avi	190	0	900	720									56940	10:16:45.961	1536226379734191															0	4573		Fixation	8	545	421	2.74	256.47	164.19																				6831	728	309	735	421	731	365	541	365	292.13	165.47	295.18	120.55	293.65	143.01	296.78	196.78	732.41	341.88	195.03	730.02					756.98	756.98	4.11	4.58	0	0				
07/12/2018	3.3.2	Gaze Project	O4	3	M	Bilingual	G130	06/09/2018	89100	1280 x 720		Raw Data	Ord4_T4_R.avi	190	0	900	720									56948	10:16:45.969	1536226379742515															0	4574		Fixation	8	519	421	0.81	180.00	283.53																				6832	750	333	709	421	729	377	539	377	300.87	155.77	284.49	120.53	292.68	138.15	296.76	196.73	732.38	341.85	195.01	730.12					756.94	756.94	4.15	4.59	0	0				
07/12/2018	3.3.2	Gaze Project	O4	3	M	Bilingual	G130	06/09/2018	89100	1280 x 720		Raw Data	Ord4_T4_R.avi	190	0	900	720									56957	10:16:45.978	1536226379750871															0	4575		Fixation	8	551	405	1.11	26.64	206.64																				6833	716	255	741	405	728	330	538	330	287.45	187.09	297.42	126.89	292.44	156.99	296.74	196.65	732.25	341.84	195.08	730.09					756.79	756.79	3.91	4.43	0	0				
07/12/2018	3.3.2	Gaze Project	O4	3	M	Bilingual	G130	06/09/2018	89100	1280 x 720		Raw Data	Ord4_T4_R.avi	190	0	900	720									56965	10:16:45.986	1536226379759234															0	4576		Fixation	8	530	434	1.11	234.18	207.54																				6834	763	294	720	434	741	364	551	364	306.33	171.71	288.91	114.98	297.62	143.35	296.71	196.58	732.11	341.82	194.91	730.13					756.63	756.63	4.05	4.58	0	0				
07/12/2018	3.3.2	Gaze Project	O4	3	M	Bilingual	G130	06/09/2018	89100	1280 x 720		Raw Data	Ord4_T4_R.avi	190	0	900	720									56973	10:16:45.994	1536226379767480															0	4577		Fixation	8	547	423	0.62	32.99	158.81																				6835	716	465	737	423	726	444	536	444	287.33	102.74	295.86	119.51	291.60	111.12	296.75	196.43	732.17	343.33	201.97	752.65					756.64	756.64	4.50	4.85	0	0				
07/12/2018	3.3.2	Gaze Project	O4	3	M	Bilingual	G130	06/09/2018	89100	1280 x 720		Raw Data	Ord4_T4_R.avi	190	0	900	720									56982	10:16:46.003	1536226379775826															0	4578		Fixation	8	510	389	1.55	137.33	104.34																				6836	728	347	700	389	714	368	524	368	292.18	150.30	280.79	133.43	286.48	141.86	296.70	196.51	732.07	341.80	194.81	730.10					756.58	756.58	4.17	4.58	0	0				
07/12/2018	3.3.2	Gaze Project	O4	3	M	Bilingual	G130	06/09/2018	89100	1280 x 720		Raw Data	Ord4_T4_R.avi	190	0	900	720									56990	10:16:46.011	1536226379784180															0	4579		Fixation	8	485	454	2.16	249.02	111.70																				6837	708	305	675	454	691	379	501	379	284.05	167.03	270.77	107.08	277.41	137.05	296.74	196.38	732.13	341.80	194.89	730.06					756.59	756.59	4.04	4.45	0	0				
07/12/2018	3.3.2	Gaze Project	O4	3	M	Bilingual	G130	06/09/2018	89100	1280 x 720		Raw Data	Ord4_T4_R.avi	190	0	900	720									56999	10:16:46.019	1536226379792547															0	4580		Fixation	8	554	267	6.23	69.81	180.78																				6838	754	319	744	267	749	293	559	293	302.51	161.34	298.70	182.26	300.61	171.80	296.70	196.49	732.13	341.80	194.87	730.07					756.63	756.63	4.07	4.23	0	0				
07/12/2018	3.3.2	Gaze Project	O4	3	M	Bilingual	G130	06/09/2018	89100	1280 x 720		Raw Data	Ord4_T4_R.avi	190	0	900	720									57007	10:16:46.028	1536226379800902															0	4581		Fixation	8	516	450	5.85	258.31	188.50																				6839	731	325	706	450	718	387	528	387	293.60	159.19	283.47	108.73	288.53	133.96	296.76	196.36	732.19	341.81	194.71	730.12					756.64	756.64	4.11	4.64	0	0				
07/12/2018	3.3.2	Gaze Project	O4	3	M	Bilingual	G130	06/09/2018	89100	1280 x 720		Raw Data	Ord4_T4_R.avi	190	0	900	720									57015	10:16:46.036	1536226379809169															0	4582		Fixation	8	522	426	0.77	76.01	177.70																				6840	730	279	712	426	721	352	531	352	293.10	177.49	285.97	118.51	289.54	148.00	296.75	196.54	732.41	341.80	194.55	729.75					756.91	756.91	4.02	4.52	0	0				
07/12/2018	3.3.2	Gaze Project	O4	3	M	Bilingual	G130	06/09/2018	89100	1280 x 720		Raw Data	Ord4_T4_R.avi	190	0	900	720									57023	10:16:46.044	1536226379817515															0	4583		Fixation	8	513	316	3.33	94.66	18.66																				6841	737	273	703	316	720	294	530	294	295.79	180.04	282.13	162.52	288.96	171.28	296.76	196.54	732.48	351.04	212.73	786.15					756.98	756.98	3.95	4.79	0	0				
07/12/2018	3.3.2	Gaze Project	O4	3	M	Bilingual	G130	06/09/2018	89100	1280 x 720		Raw Data	Ord4_T4_R.avi	190	0	900	720									57032	10:16:46.053	1536226379825855															0	4584		Fixation	8	520	425	3.29	273.66	179.00																				6842	720	246	710	425	715	335	525	335	289.12	191.05	284.97	118.93	287.04	154.99	296.78	196.53	732.54	341.89	194.68	730.42					757.03	757.03	3.85	4.51	0	0				
07/12/2018	3.3.2	Gaze Project	O4	3	M	Bilingual	G130	06/09/2018	89100	1280 x 720		Raw Data	Ord4_T4_R.avi	190	0	900	720									57040	10:16:46.061	1536226379834201															0	4585		Fixation	8	448	394	2.44	156.64	242.98																				6843	765	280	638	394	701	337	511	337	306.89	177.03	255.99	131.34	281.44	154.18	296.81	196.54	732.64	341.96	194.75	730.39					757.13	757.13	4.01	4.45	0	0				
07/12/2018	3.3.2	Gaze Project	O4	3	M	Bilingual	G130	06/09/2018	89100	1280 x 720		Raw Data	Ord4_T4_R.avi	190	0	900	720									57049	10:16:46.069	1536226379842570															0	4586		Fixation	8	492	426	1.70	323.88	167.25																				6844	756	348	682	426	719	387	529	387	303.41	149.92	273.68	118.48	288.54	134.20	296.84	196.56	732.79	341.87	194.26	729.38					757.28	757.28	4.18	4.67	0	0				
07/12/2018	3.3.2	Gaze Project	O4	3	M	Bilingual	G130	06/09/2018	89100	1280 x 720		Raw Data	Ord4_T4_R.avi	190	0	900	720									57057	10:16:46.078	1536226379850824															0	4587		Fixation	8	537	413	1.46	16.16	52.28																				6845	749	340	727	413	738	376	548	376	300.69	152.92	291.91	123.52	296.30	138.22	296.88	196.45	732.52	341.94	194.44	730.05					756.99	756.99	4.17	4.52	0	0				
07/12/2018	3.3.2	Gaze Project	O4	3	M	Bilingual	G130	06/09/2018	89100	1280 x 720		Raw Data	Ord4_T4_R.avi	190	0	900	720									57065	10:16:46.086	1536226379859166															0	4588		Fixation	8	484	471	2.43	227.67	211.51																				6846	731	322	674	471	702	396	512	396	293.25	160.33	270.54	100.35	281.90	130.34	296.90	196.36	732.33	341.99	194.48	730.32					756.79	756.79	4.16	4.70	0	0				
07/12/2018	3.3.2	Gaze Project	O4	3	M	Bilingual	G130	06/09/2018	89100	1280 x 720		Raw Data	Ord4_T4_R.avi	190	0	900	720									57073	10:16:46.094	1536226379867525															0	4589		Fixation	8	506	352	3.69	79.56	211.89																				6847	727	442	696	352	711	397	521	397	291.86	112.07	279.27	148.07	285.56	130.07	296.95	196.41	732.61	346.91	204.09	760.08					757.07	757.07	4.40	4.55	0	0				
07/12/2018	3.3.2	Gaze Project	O4	3	M	Bilingual	G130	06/09/2018	89100	1280 x 720		Raw Data	Ord4_T4_R.avi	190	0	900	720									57082	10:16:46.103	1536226379875883															0	4590		Fixation	8	496	426	2.24	262.33	182.77																				6848	747	357	686	426	716	391	526	391	299.67	146.20	275.23	118.26	287.45	132.23	297.00	196.43	732.81	343.72	202.14	754.95					757.27	757.27	4.25	4.86	0	0				
07/12/2018	3.3.2	Gaze Project	O4	3	M	Bilingual	G130	06/09/2018	89100	1280 x 720		Raw Data	Ord4_T4_R.avi	190	0	900	720									57090	10:16:46.111	1536226379884162															0			Unclassified	8																									6849	727	385			727	385	537	385	291.91	134.96					297.04	196.43	733.00		-34.01						757.45		4.23		0	4				
07/12/2018	3.3.2	Gaze Project	O4	3	M	Bilingual	G130	06/09/2018	89100	1280 x 720		Raw Data	Ord4_T4_R.avi	190	0	900	720									57098	10:16:46.119	1536226379892501															0	4591		Fixation	8	533	369	2.05	57.10	154.77																				6850	721	385	723	369	722	377	532	377	289.46	134.91	290.21	141.31	289.84	138.11	297.08	196.30	732.76	343.65	201.23	752.52					757.19	757.19	4.30	4.86	0	0				
07/12/2018	3.3.2	Gaze Project	O4	3	M	Bilingual	G130	06/09/2018	89100	1280 x 720		Raw Data	Ord4_T4_R.avi	190	0	900	720									57107	10:16:46.128	1536226379900834															0	4592		Fixation	8	480	492	4.00	246.76	189.66																				6851	728	302	670	492	699	397	509	397	292.15	168.45	269.04	91.89	280.60	130.17	297.16	196.30	732.98	347.52	204.75	762.88					757.40	757.40	4.14	4.81	0	0				
07/12/2018	3.3.2	Gaze Project	O4	3	M	Bilingual	G130	06/09/2018	89100	1280 x 720		Raw Data	Ord4_T4_R.avi	190	0	900	720									57115	10:16:46.136	1536226379909195															0	4593		Fixation	8	540	430	2.60	46.03	159.28																				6852	717	332	730	430	723	381	533	381	287.70	156.24	293.03	116.76	290.37	136.50	297.21	196.10	732.56	342.26	194.22	730.59					756.95	756.95	4.20	4.70	0	0				
07/12/2018	3.3.2	Gaze Project	O4	3	M	Bilingual	G130	06/09/2018	89100	1280 x 720		Raw Data	Ord4_T4_R.avi	190	0	900	720									57124	10:16:46.144	1536226379917554															0	4594		Fixation	8	550	418	0.49	50.29	4.25																				6853			740	418	740	418	550	418			296.90	121.60						342.36	194.31	731.11						0.00		4.67	4	0				
07/12/2018	3.3.2	Gaze Project	O4	3	M	Bilingual	G130	06/09/2018	89100	1280 x 720		Raw Data	Ord4_T4_R.avi	190	0	900	720									57132	10:16:46.153	1536226379925815															0			Unclassified	8																									6854	757	324			757	324	567	324	303.69	159.43					297.29	196.26	733.48		-34.01						757.87		4.02		0	4				
07/12/2018	3.3.2	Gaze Project	O4	3	M	Bilingual	G130	06/09/2018	89100	1280 x 720		Raw Data	Ord4_T4_R.avi	190	0	900	720									57140	10:16:46.161	1536226379934153															0	4595		Fixation	8	526	487	2.26	250.88	200.59																				6855	744	353	716	487	730	420	540	420	298.63	147.89	287.43	93.68	293.03	120.78	297.31	196.11	733.24	342.32	194.29	731.12					757.60	757.60	4.02	4.70	0	0				
07/12/2018	3.3.2	Gaze Project	O4	3	M	Bilingual	G130	06/09/2018	89100	1280 x 720		Raw Data	Ord4_T4_R.avi	190	0	900	720									57148	10:16:46.169	1536226379942509															0			Unclassified	8																									6856	729	399			729	399	539	399	292.74	129.38					297.36	196.16	733.64		-34.01						757.99		4.29		0	4				
07/12/2018	3.3.2	Gaze Project	O4	3	M	Bilingual	G130	06/09/2018	89100	1280 x 720		Raw Data	Ord4_T4_R.avi	190	0	900	720									57157	10:16:46.178	1536226379950855															0	4596		Fixation	8	578	366	3.98	66.81	175.93																				6857	773	224	768	366	770	295	580	295	310.31	199.65	308.10	142.46	309.20	171.06	297.56	204.09	758.94	348.66	206.18	768.82					784.49	784.49	3.94	4.86	0	0				
07/12/2018	3.3.2	Gaze Project	O4	3	M	Bilingual	G130	06/09/2018	89100	1280 x 720		Raw Data	Ord4_T4_R.avi	190	0	900	720									57165	10:16:46.186	1536226379959223															0	4597		Fixation	8	516	480	3.92	241.54	174.73																				6858	734	266	706	480	720	373	530	373	294.81	182.85	283.48	96.50	289.15	139.68	297.40	195.98	733.49	342.50	194.10	731.66					757.80	757.80	3.84	4.76	0	0				
07/12/2018	3.3.2	Gaze Project	O4	3	M	Bilingual	G130	06/09/2018	89100	1280 x 720		Raw Data	Ord4_T4_R.avi	190	0	900	720									57173	10:16:46.194	1536226379967491															0			Unclassified	8																									6859	762	324			762	324	572	324	305.89	159.64					297.42	195.95	733.60		-34.01						757.90		4.07		0	4				
07/12/2018	3.3.2	Gaze Project	O4	3	M	Bilingual	G130	06/09/2018	89100	1280 x 720		Raw Data	Ord4_T4_R.avi	190	0	900	720									57182	10:16:46.203	1536226379975818															0			Unclassified	8																									6860	752	337			752	337	562	337	301.91	154.16					297.44	195.94	733.74		-34.01						758.03		4.02		0	4				
07/12/2018	3.3.2	Gaze Project	O4	3	M	Bilingual	G130	06/09/2018	89100	1280 x 720		Raw Data	Ord4_T4_R.avi	190	0	900	720									57190	10:16:46.211	1536226379984178															0	4598		Fixation	8	600	380	4.05	50.06	168.52																				6861	751	285	790	380	770	332	580	332	301.46	175.11	317.09	136.73	309.27	155.92	297.45	195.74	733.26	342.36	194.05	731.68					757.51	757.51	4.02	4.56	0	0				
07/12/2018	3.3.2	Gaze Project	O4	3	M	Bilingual	G130	06/09/2018	89100	1280 x 720		Raw Data	Ord4_T4_R.avi	190	0	900	720									57199	10:16:46.219	1536226379992537															0	4599		Fixation	8	527	431	2.77	215.03	164.97																				6862	738	326	717	431	727	378	537	378	296.31	158.86	287.64	116.27	291.98	137.56	297.47	195.90	733.93	342.55	193.79	731.46					758.20	758.20	4.05	4.70	0	0				
07/12/2018	3.3.2	Gaze Project	O4	3	M	Bilingual	G130	06/09/2018	89100	1280 x 720		Raw Data	Ord4_T4_R.avi	190	0	900	720									57207	10:16:46.228	1536226380000797															0	4600		Fixation	8	506	460	1.11	234.18	19.15																				6863	741	349	696	460	718	404	528	404	297.64	149.55	279.41	104.56	288.52	127.06	297.48	195.88	734.01	342.56	193.74	731.47					758.27	758.27	4.21	4.78	0	0				
07/12/2018	3.3.2	Gaze Project	O4	3	M	Bilingual	G130	06/09/2018	89100	1280 x 720		Raw Data	Ord4_T4_R.avi	190	0	900	720									57215	10:16:46.236	1536226380009142															0			Unclassified	8																									6864	758	308			758	308	568	308	304.07	165.73					297.49	195.86	734.06		-34.01						758.31		3.98		0	4				
07/12/2018	3.3.2	Gaze Project	O4	3	M	Bilingual	G130	06/09/2018	89100	1280 x 720		Raw Data	Ord4_T4_R.avi	190	0	900	720									57223	10:16:46.244	1536226380017484															0	4601		Fixation	8	574	382	3.07	49.01	174.83																				6865	759	410	764	382	761	396	571	396	304.77	124.67	306.86	136.28	305.82	130.48	297.50	195.86	734.21	353.23	214.49	796.42					758.45	758.45	4.54	4.87	0	0				
07/12/2018	3.3.2	Gaze Project	O4	3	M	Bilingual	G130	06/09/2018	89100	1280 x 720		Raw Data	Ord4_T4_R.avi	190	0	900	720									57232	10:16:46.253	1536226380025847															0	4602		Fixation	8	539	461	2.57	246.17	197.16																				6866	756	346	729	461	742	403	552	403	303.44	150.61	292.47	104.26	297.96	127.44	297.50	195.83	734.23	342.57	193.67	731.66					758.47	758.47	4.17	4.69	0	0				
07/12/2018	3.3.2	Gaze Project	O4	3	M	Bilingual	G130	06/09/2018	89100	1280 x 720		Raw Data	Ord4_T4_R.avi	190	0	900	720									57240	10:16:46.261	1536226380034204															0	4603		Fixation	8	557	336	3.94	81.83	195.66																				6867	726	310	747	336	736	323	546	323	291.33	165.08	299.78	154.66	295.55	159.87	297.50	195.81	734.31	342.59	193.73	732.00					758.54	758.54	4.01	4.41	0	0				
07/12/2018	3.3.2	Gaze Project	O4	3	M	Bilingual	G130	06/09/2018	89100	1280 x 720		Raw Data	Ord4_T4_R.avi	190	0	900	720									57248	10:16:46.269	1536226380042476															0	4604		Fixation	8	582	430	3.04	284.85	203.02																				6868	737	317	772	430	754	373	564	373	296.03	162.49	309.92	116.95	302.97	139.72	297.50	195.81	734.40	342.59	193.59	732.06					758.63	758.63	4.09	4.95	0	0				
07/12/2018	3.3.2	Gaze Project	O4	3	M	Bilingual	G130	06/09/2018	89100	1280 x 720		Raw Data	Ord4_T4_R.avi	190	0	900	720									57257	10:16:46.278	1536226380050810															0	4605		Fixation	8	547	406	1.33	145.47	220.63																				6869	776	325	737	406	756	365	566	365	311.67	159.15	295.68	126.65	303.68	142.90	297.50	195.80	734.46	342.57	193.58	731.75					758.67	758.67	4.09	4.65	0	0				
07/12/2018	3.3.2	Gaze Project	O4	3	M	Bilingual	G130	06/09/2018	89100	1280 x 720		Raw Data	Ord4_T4_R.avi	190	0	900	720									57265	10:16:46.286	1536226380059158															0	4606		Fixation	8	542	412	0.24	230.29	84.81																				6870	750	391	732	412	741	401	551	401	301.14	132.40	293.69	124.17	297.41	128.29	297.50	195.78	734.49	344.22	201.18	756.10					758.70	758.70	4.05	4.85	0	0				
07/12/2018	3.3.2	Gaze Project	O4	3	M	Bilingual	G130	06/09/2018	89100	1280 x 720		Raw Data	Ord4_T4_R.avi	190	0	900	720									57273	10:16:46.294	1536226380067517															0			Unclassified	8																									6871	779	273			779	273	589	273	312.77	180.13					297.53	195.65	734.55		-34.01						758.71		3.87		0	4				
07/12/2018	3.3.2	Gaze Project	O4	3	M	Bilingual	G130	06/09/2018	89100	1280 x 720		Raw Data	Ord4_T4_R.avi	190	0	900	720									57282	10:16:46.303	1536226380075878															0	4607		Fixation	8	619	305	4.05	54.35	184.06																				6872	742	370	809	305	775	337	585	337	297.80	140.78	324.78	167.11	311.29	153.94	297.48	195.77	734.61	342.40	193.63	731.73					758.80	758.80	4.44	4.31	0	0				
07/12/2018	3.3.2	Gaze Project	O4	3	M	Bilingual	G130	06/09/2018	89100	1280 x 720		Raw Data	Ord4_T4_R.avi	190	0	900	720									57290	10:16:46.311	1536226380084128															0	4608		Fixation	8	529	419	4.42	231.80	177.45																				6873	747	372	719	419	733	395	543	395	299.87	140.07	288.53	121.13	294.20	130.60	297.48	195.87	734.99	348.70	205.66	769.62					759.20	759.20	4.29	4.97	0	0				
07/12/2018	3.3.2	Gaze Project	O4	3	M	Bilingual	G130	06/09/2018	89100	1280 x 720		Raw Data	Ord4_T4_R.avi	190	0	900	720									57298	10:16:46.319	1536226380092470															0	4609		Fixation	8	588	394	1.91	23.03	151.23																				6874	729	285	778	394	753	339	563	339	292.72	175.20	312.34	131.40	302.53	153.30	304.25	217.15	801.08	343.95	200.20	753.36					828.90	828.90	4.63	4.89	0	0				
07/12/2018	3.3.2	Gaze Project	O4	3	M	Bilingual	G130	06/09/2018	89100	1280 x 720		Raw Data	Ord4_T4_R.avi	190	0	900	720									57307	10:16:46.328	1536226380100833															0	4610		Fixation	8	581	419	0.80	254.41	231.38																				6875	742	266	771	419	756	342	566	342	297.82	182.70	309.35	121.24	303.58	151.97	297.62	203.76	760.24	342.51	193.65	732.47					785.62	785.62	4.40	4.66	0	0				
07/12/2018	3.3.2	Gaze Project	O4	3	M	Bilingual	G130	06/09/2018	89100	1280 x 720		Raw Data	Ord4_T4_R.avi	190	0	900	720									57315	10:16:46.336	1536226380109185															0	4611		Fixation	8	550	430	1.02	199.59	305.19																				6876	740	305	740	430	740	367	550	367	297.01	167.17	296.92	116.85	296.96	142.01	297.42	195.84	735.21	342.47	193.56	732.29					759.39	759.39	4.18	4.64	0	0				
07/12/2018	3.3.2	Gaze Project	O4	3	M	Bilingual	G130	06/09/2018	89100	1280 x 720		Raw Data	Ord4_T4_R.avi	190	0	900	720									57323	10:16:46.344	1536226380117465															0	4612		Fixation	8	581	350	2.56	68.88	229.29																				6877	740	347	771	350	755	348	565	348	297.12	150.27	309.42	149.02	303.27	149.64	297.45	195.93	735.17	352.44	213.03	793.15					759.39	759.39	4.39	4.97	0	0				
07/12/2018	3.3.2	Gaze Project	O4	3	M	Bilingual	G130	06/09/2018	89100	1280 x 720		Raw Data	Ord4_T4_R.avi	190	0	900	720									57332	10:16:46.353	1536226380125798															0	4613		Fixation	8	594	232	3.29	83.73	14.85																				6878	739	257	784	232	761	244	571	244	296.44	186.41	314.78	196.66	305.61	191.53	297.54	203.42	759.54	363.83	235.33	863.28					784.85	784.85	4.16	5.56	0	0				
07/12/2018	3.3.2	Gaze Project	O4	3	M	Bilingual	G130	06/09/2018	89100	1280 x 720		Raw Data	Ord4_T4_R.avi	190	0	900	720									57340	10:16:46.361	1536226380134140															0	4614		Fixation	8	538	454	6.55	255.89	172.15																				6879	728	305	728	454	728	379	538	379	292.36	167.10	292.28	107.07	292.32	137.08	297.34	195.48	734.48	342.39	193.40	732.14					758.59	758.59	4.09	4.79	0	0				
07/12/2018	3.3.2	Gaze Project	O4	3	M	Bilingual	G130	06/09/2018	89100	1280 x 720		Raw Data	Ord4_T4_R.avi	190	0	900	720									57348	10:16:46.369	1536226380142499															0	4615		Fixation	8	566	413	1.54	55.76	159.87																				6880			756	413	756	413	566	413			303.54	123.68						342.34	193.41	732.27						0.00		4.69	4	0				
07/12/2018	3.3.2	Gaze Project	O4	3	M	Bilingual	G130	06/09/2018	89100	1280 x 720		Raw Data	Ord4_T4_R.avi	190	0	900	720									57357	10:16:46.378	1536226380150854															0	4616		Fixation	8	527	489	2.61	242.91	187.15																				6881	730	305	717	489	723	397	533	397	293.12	167.02	287.81	93.10	290.46	130.06	297.45	203.71	760.83	343.54	198.99	750.32					786.16	786.16	4.34	5.13	0	0				
07/12/2018	3.3.2	Gaze Project	O4	3	M	Bilingual	G130	06/09/2018	89100	1280 x 720		Raw Data	Ord4_T4_R.avi	190	0	900	720									57365	10:16:46.386	1536226380159115															0	4617		Fixation	8	561	426	2.18	61.72	178.81																				6882	747	343	751	426	749	384	559	384	299.97	151.89	301.35	118.41	300.66	135.15	297.26	195.72	735.54	342.31	193.43	732.56					759.67	759.67	4.19	4.73	0	0				
07/12/2018	3.3.2	Gaze Project	O4	3	M	Bilingual	G130	06/09/2018	89100	1280 x 720		Raw Data	Ord4_T4_R.avi	190	0	900	720									57373	10:16:46.394	1536226380167458															0			Unclassified	8																									6883	774	406			774	406	584	406	310.65	126.41					297.23	195.66	735.44		-34.01						759.55		4.56		0	4				
07/12/2018	3.3.2	Gaze Project	O4	3	M	Bilingual	G130	06/09/2018	89100	1280 x 720		Raw Data	Ord4_T4_R.avi	190	0	900	720									57382	10:16:46.403	1536226380175806															0			Unclassified	8																									6884	754	263			754	263	564	263	302.79	184.03					297.20	195.62	735.40		-34.01						759.50		4.03		0	4				
07/12/2018	3.3.2	Gaze Project	O4	3	M	Bilingual	G130	06/09/2018	89100	1280 x 720		Raw Data	Ord4_T4_R.avi	190	0	900	720									57390	10:16:46.411	1536226380184168															0			Unclassified	8																									6885	743	423			743	423	553	423	298.20	119.52					297.16	195.35	734.64		-34.01						758.69		4.35		0	4				
07/12/2018	3.3.2	Gaze Project	O4	3	M	Bilingual	G130	06/09/2018	89100	1280 x 720		Raw Data	Ord4_T4_R.avi	190	0	900	720									57398	10:16:46.419	1536226380192422															0	4618		Fixation	8	557	292	3.85	91.70	29.98																				6886	727	363	747	292	737	327	547	327	291.99	143.84	299.66	172.56	295.83	158.20	297.12	195.26	734.43	362.59	233.17	857.33					758.46	758.46	4.24	5.33	0	0				
07/12/2018	3.3.2	Gaze Project	O4	3	M	Bilingual	G130	06/09/2018	89100	1280 x 720		Raw Data	Ord4_T4_R.avi	190	0	900	720									57407	10:16:46.427	1536226380200768															0	4619		Fixation	8	577	323	1.01	302.74	211.04																				6887	757	346	767	323	762	334	572	334	303.80	150.54	307.96	159.98	305.88	155.26	297.11	195.45	735.05	355.09	218.66	811.82					759.11	759.11	4.25	5.02	0	0				
07/12/2018	3.3.2	Gaze Project	O4	3	M	Bilingual	G130	06/09/2018	89100	1280 x 720		Raw Data	Ord4_T4_R.avi	190	0	900	720									57415	10:16:46.436	1536226380209127															0	4620		Fixation	8	516	248	2.75	129.03	186.29																				6888	735	370	706	248	720	309	530	309	294.84	140.88	283.46	190.11	289.15	165.49	297.13	195.56	735.01	353.59	215.76	802.71					759.10	759.10	4.40	4.52	0	0				
07/12/2018	3.3.2	Gaze Project	O4	3	M	Bilingual	G130	06/09/2018	89100	1280 x 720		Raw Data	Ord4_T4_R.avi	190	0	900	720									57423	10:16:46.444	1536226380217483															0	4621		Fixation	8	527	378	3.72	274.82	145.79																				6889	761	317	717	378	739	347	549	347	305.41	162.40	287.72	137.90	296.56	150.15	297.07	195.60	735.60	353.89	216.35	804.62					759.68	759.68	4.16	4.86	0	0				
07/12/2018	3.3.2	Gaze Project	O4	3	M	Bilingual	G130	06/09/2018	89100	1280 x 720		Raw Data	Ord4_T4_R.avi	190	0	900	720									57432	10:16:46.453	1536226380225838															0	4622		Fixation	8	561	374	0.97	6.73	91.91																				6890	746	420	751	374	748	397	558	397	299.62	120.78	301.59	139.19	300.60	129.99	297.08	195.48	735.65	353.20	215.01	800.42					759.69	759.69	4.28	4.96	0	0				
07/12/2018	3.3.2	Gaze Project	O4	3	M	Bilingual	G130	06/09/2018	89100	1280 x 720		Raw Data	Ord4_T4_R.avi	190	0	900	720									57440	10:16:46.461	1536226380234108															0	4623		Fixation	8	604	294	2.71	61.82	55.09																				6891	734	352	794	294	764	323	574	323	294.67	148.08	318.83	171.41	306.75	159.74	297.03	195.57	735.50	342.11	193.40	732.87					759.57	759.57	4.26	4.01	0	0				
07/12/2018	3.3.2	Gaze Project	O4	3	M	Bilingual	G130	06/09/2018	89100	1280 x 720		Raw Data	Ord4_T4_R.avi	190	0	900	720									57448	10:16:46.469	1536226380242463															0			Unclassified	8																									6892	752	362			752	362	562	362	301.83	144.34					297.01	195.53	735.37		-34.01						759.43		4.36		0	4				
07/12/2018	3.3.2	Gaze Project	O4	3	M	Bilingual	G130	06/09/2018	89100	1280 x 720		Raw Data	Ord4_T4_R.avi	190	0	900	720									57457	10:16:46.478	1536226380250795															0	4624		Fixation	8	531	406	4.18	236.99	175.17																				6893	714	325	721	406	717	365	527	365	286.52	159.10	289.44	126.45	287.98	142.78	297.17	203.95	762.06	342.08	193.39	732.76					787.39	787.39	4.42	4.50	0	0				
07/12/2018	3.3.2	Gaze Project	O4	3	M	Bilingual	G130	06/09/2018	89100	1280 x 720		Raw Data	Ord4_T4_R.avi	190	0	900	720									57465	10:16:46.486	1536226380259152															0	4625		Fixation	8	571	260	4.52	74.73	197.74																				6894	769	345	761	260	765	302	575	302	308.60	151.04	305.54	185.22	307.07	168.13	297.00	195.55	735.32	353.21	215.10	800.57					759.39	759.39	4.16	4.83	0	0				
07/12/2018	3.3.2	Gaze Project	O4	3	M	Bilingual	G130	06/09/2018	89100	1280 x 720		Raw Data	Ord4_T4_R.avi	190	0	900	720									57473	10:16:46.494	1536226380267510															0	4626		Fixation	8	620	215	1.82	42.66	327.93																				6895	759	279	810	215	784	247	594	247	304.55	177.76	325.15	203.26	314.85	190.51	296.99	195.54	735.21	365.00	238.29	873.33					759.29	759.29	4.02	5.28	0	0				
07/12/2018	3.3.2	Gaze Project	O4	3	M	Bilingual	G130	06/09/2018	89100	1280 x 720		Raw Data	Ord4_T4_R.avi	190	0	900	720									57482	10:16:46.502	1536226380275790															0	4627		Fixation	8	608	301	2.38	262.08	219.43																				6896	762	374	798	301	780	337	590	337	305.87	139.50	320.37	168.67	313.12	154.08	296.99	195.58	735.25	353.58	215.88	802.83					759.34	759.34	4.32	5.01	0	0				
07/12/2018	3.3.2	Gaze Project	O4	3	M	Bilingual	G130	06/09/2018	89100	1280 x 720		Raw Data	Ord4_T4_R.avi	190	0	900	720									57490	10:16:46.511	1536226380284102															0			Unclassified	8																									6897	762	347			762	347	572	347	305.80	150.11					297.00	195.60	735.19		-34.01						759.28		4.34		0	4				
07/12/2018	3.3.2	Gaze Project	O4	3	M	Bilingual	G130	06/09/2018	89100	1280 x 720		Raw Data	Ord4_T4_R.avi	190	0	900	720									57498	10:16:46.519	1536226380292463															0	4628		Fixation	8	557	263	1.81	143.22	241.14																				6898	773	314	747	263	760	288	570	288	310.10	163.46	299.66	183.94	304.88	173.70	297.02	195.63	735.19	354.50	217.64	808.20					759.29	759.29	4.19	4.98	0	0				
07/12/2018	3.3.2	Gaze Project	O4	3	M	Bilingual	G130	06/09/2018	89100	1280 x 720		Raw Data	Ord4_T4_R.avi	190	0	900	720									57507	10:16:46.528	1536226380300820															0	4629		Fixation	8	631	312	2.58	326.40	183.18																				6899	797	341	821	312	809	326	619	326	319.73	152.66	329.72	164.43	324.73	158.54	297.12	195.48	734.61	348.53	205.85	771.05					758.70	758.70	4.18	4.81	0	0				
07/12/2018	3.3.2	Gaze Project	O4	3	M	Bilingual	G130	06/09/2018	89100	1280 x 720		Raw Data	Ord4_T4_R.avi	190	0	900	720									57515	10:16:46.536	1536226380309098															0	4630		Fixation	8	728	456	5.16	303.88	337.48																				6900	846	416	918	456	882	436	692	436	339.60	122.31	368.37	106.46	353.99	114.38	297.35	195.57	734.81	344.79	204.63	767.95					758.93	758.93	4.44	5.14	0	0				
07/12/2018	3.3.2	Gaze Project	O4	3	M	Bilingual	G130	06/09/2018	89100	1280 x 720		Raw Data	Ord4_T4_R.avi	190	0	900	720									57523	10:16:46.544	1536226380317456															0	4631		Fixation	8	869	403	4.39	20.66	76.78																				6901	1000	404	1059	403	1029	403	839	403	401.56	127.23	424.96	127.52	413.26	127.38	301.37	207.59	771.84	352.88	213.72	795.67					798.02	798.02	4.50	4.86	0	0				
07/12/2018	3.3.2	Gaze Project	O4	3	M	Bilingual	G130	06/09/2018	89100	1280 x 720		Raw Data	Ord4_T4_R.avi	190	0	900	720									57532	10:16:46.552	1536226380325771															0	4632		Fixation	8	797	266	4.57	117.65	96.99																				6902	1018	491	987	266	1002	378	812	378	408.61	92.29	396.27	182.91	402.44	137.60	297.77	195.69	735.06	343.88	198.85	749.72					759.22	759.22	4.36	3.92	0	0				
07/12/2018	3.3.2	Gaze Project	O4	3	M	Bilingual	G130	06/09/2018	89100	1280 x 720		Raw Data	Ord4_T4_R.avi	190	0	900	720									57540	10:16:46.561	1536226380334134															0			Unclassified	8																									6903	1093	294			1093	294			438.89	171.72					297.90	196.15	736.43		-34.01						760.67		3.76		0	4				
07/12/2018	3.3.2	Gaze Project	O4	3	M	Bilingual	G130	06/09/2018	89100	1280 x 720		Raw Data	Ord4_T4_R.avi	190	0	900	720									57548	10:16:46.569	1536226380342491															0	4633		Fixation	8			8.00	296.97	179.32																				6904	1048	534	1108	503	1078	518	888	518	420.52	74.82	444.64	87.41	432.58	81.11	297.97	195.78	735.15	344.63	201.19	757.04					759.35	759.35	4.47	4.38	0	0				
07/12/2018	3.3.2	Gaze Project	O4	3	M	Bilingual	G130	06/09/2018	89100	1280 x 720		Raw Data	Ord4_T4_R.avi	190	0	900	720									57557	10:16:46.577	1536226380350760															0	4634		Fixation	8			1.06	300.06	3.09																				6905	1137	430	1126	534	1131	482			456.55	116.70	452.12	74.91	454.34	95.81	298.12	199.32	746.55	343.06	193.56	732.70					771.27	771.27	4.34	4.28	0	0				
07/12/2018	3.3.2	Gaze Project	O4	3	M	Bilingual	G130	06/09/2018	89100	1280 x 720		Raw Data	Ord4_T4_R.avi	190	0	900	720									57565	10:16:46.586	1536226380359098															0			Unclassified	8																									6906	1075	431			1075	431	885	431	431.55	116.30					298.09	195.65	734.66		-34.01						758.85		4.14		0	4				
07/12/2018	3.3.2	Gaze Project	O4	3	M	Bilingual	G130	06/09/2018	89100	1280 x 720		Raw Data	Ord4_T4_R.avi	190	0	900	720									57573	10:16:46.594	1536226380367446															0	4635		Fixation	8	863	523	2.25	171.40	231.34																				6907	1044	457	1053	523	1048	490	858	490	419.07	106.02	422.63	79.48	420.85	92.75	298.19	195.77	735.01	343.24	193.55	732.78					759.22	759.22	4.28	4.61	0	0				
07/12/2018	3.3.2	Gaze Project	O4	3	M	Bilingual	G130	06/09/2018	89100	1280 x 720		Raw Data	Ord4_T4_R.avi	190	0	900	720									57582	10:16:46.603	1536226380375805															0			Unclassified	8																									6908	1079	399			1079	399	889	399	433.26	129.25					298.27	195.60	734.52		-34.01						758.71		4.19		0	4				
07/12/2018	3.3.2	Gaze Project	O4	3	M	Bilingual	G130	06/09/2018	89100	1280 x 720		Raw Data	Ord4_T4_R.avi	190	0	900	720									57590	10:16:46.611	1536226380384161															0	4636		Fixation	8	882	416	3.36	79.96	268.56																				6909	1095	428	1072	416	1083	422	893	422	439.41	117.39	430.34	122.48	434.88	119.94	298.37	195.69	734.84	343.42	193.36	732.38					759.05	759.05	4.20	4.30	0	0				
07/12/2018	3.3.2	Gaze Project	O4	3	M	Bilingual	G130	06/09/2018	89100	1280 x 720		Raw Data	Ord4_T4_R.avi	190	0	900	720									57598	10:16:46.619	1536226380392425															0	4637		Fixation	8			3.02	341.87	261.91																				6910	1053	346	1167	447	1110	396			422.85	150.52	468.60	110.02	445.72	130.27	298.55	198.96	745.53	344.55	197.97	747.42					770.23	770.23	4.11	4.31	0	0				
07/12/2018	3.3.2	Gaze Project	O4	3	M	Bilingual	G130	06/09/2018	89100	1280 x 720		Raw Data	Ord4_T4_R.avi	190	0	900	720									57607	10:16:46.627	1536226380400759															0	4638		Fixation	8			1.72	233.62	251.75																				6911	1086	294	1133	493	1109	393			435.75	171.65	454.62	91.35	445.19	131.50	298.56	195.88	735.62	344.90	199.04	750.95					759.86	759.86	3.88	4.69	0	0				
07/12/2018	3.3.2	Gaze Project	O4	3	M	Bilingual	G130	06/09/2018	89100	1280 x 720		Raw Data	Ord4_T4_R.avi	190	0	900	720									57615	10:16:46.636	1536226380409115															0	4639		Fixation	8	883	512	1.91	197.62	324.01																				6912	1063	489	1073	512	1068	500	878	500	426.57	92.93	430.55	83.70	428.56	88.31	298.63	195.25	733.76	343.75	193.45	733.16					757.90	757.90	4.34	4.64	0	0				
07/12/2018	3.3.2	Gaze Project	O4	3	M	Bilingual	G130	06/09/2018	89100	1280 x 720		Raw Data	Ord4_T4_R.avi	190	0	900	720									57623	10:16:46.644	1536226380417475															0			Unclassified	8																									6913	1113	402			1113	402			446.69	128.24					298.75	196.40	737.87		-34.01						762.17		3.92		0	4				
07/12/2018	3.3.2	Gaze Project	O4	3	M	Bilingual	G130	06/09/2018	89100	1280 x 720		Raw Data	Ord4_T4_R.avi	190	0	900	720									57632	10:16:46.652	1536226380425743															0	4640		Fixation	8	879	431	2.49	92.82	255.19																				6914	1044	525	1069	431	1056	478	866	478	419.20	78.57	429.09	116.24	424.14	97.41	298.81	195.81	736.12	344.21	194.49	737.17					760.33	760.33	4.36	4.10	0	0				
07/12/2018	3.3.2	Gaze Project	O4	3	M	Bilingual	G130	06/09/2018	89100	1280 x 720		Raw Data	Ord4_T4_R.avi	190	0	900	720									57640	10:16:46.661	1536226380434087															0			Unclassified	8																									6915	1091	424			1091	424			438.12	119.09					298.87	195.21	734.04		-34.01						758.17		4.16		0	4				
07/12/2018	3.3.2	Gaze Project	O4	3	M	Bilingual	G130	06/09/2018	89100	1280 x 720		Raw Data	Ord4_T4_R.avi	190	0	900	720									57648	10:16:46.669	1536226380442422															0	4641		Fixation	8	867	542	3.43	263.85	171.03																				6916	1055	532	1057	542	1056	537	866	537	423.66	75.73	424.28	71.83	423.97	73.78	298.97	196.07	737.22	344.05	193.11	732.83					761.47	761.47	4.30	4.64	0	0				
07/12/2018	3.3.2	Gaze Project	O4	3	M	Bilingual	G130	06/09/2018	89100	1280 x 720		Raw Data	Ord4_T4_R.avi	190	0	900	720									57657	10:16:46.677	1536226380450774															0	4642		Fixation	8			2.28	52.76	148.91																				6917	1068	590	1102	483	1085	536	895	536	428.74	52.30	442.32	95.44	435.53	73.87	299.00	195.08	733.92	344.52	194.75	738.56					758.03	758.03	4.53	4.09	0	0				
07/12/2018	3.3.2	Gaze Project	O4	3	M	Bilingual	G130	06/09/2018	89100	1280 x 720		Raw Data	Ord4_T4_R.avi	190	0	900	720									57665	10:16:46.686	1536226380459142															0	4643		Fixation	8			0.35	285.21	232.45																				6918	1109	524	1105	494	1107	509			445.34	78.86	443.62	90.97	444.48	84.91	299.08	195.92	737.04	344.54	194.54	738.09					761.25	761.25	4.20	4.09	0	0				
07/12/2018	3.3.2	Gaze Project	O4	3	M	Bilingual	G130	06/09/2018	89100	1280 x 720		Raw Data	Ord4_T4_R.avi	190	0	900	720									57673	10:16:46.694	1536226380467410															0	4644		Fixation	8	852	334	5.28	111.43	186.22																				6919	1188	561	1042	334	1115	447			476.79	64.22	418.07	155.61	447.43	109.92	299.14	196.23	738.18	344.21	192.85	732.94					762.43	762.43	4.22	3.73	0	0				
07/12/2018	3.3.2	Gaze Project	O4	3	M	Bilingual	G130	06/09/2018	89100	1280 x 720		Raw Data	Ord4_T4_R.avi	190	0	900	720									57682	10:16:46.702	1536226380475753															0	4645		Fixation	8	876	464	4.10	280.43	169.00																				6920			1066	464	1066	464	876	464			427.99	103.17						344.24	192.83	732.68						0.00		4.15	4	0				
07/12/2018	3.3.2	Gaze Project	O4	3	M	Bilingual	G130	06/09/2018	89100	1280 x 720		Raw Data	Ord4_T4_R.avi	190	0	900	720									57690	10:16:46.711	1536226380484097															0	4646		Fixation	8	894	455	0.62	26.64	106.21																				6921	1132	516	1084	455	1108	485			454.51	82.28	435.21	106.67	444.86	94.48	299.19	196.07	737.95	344.28	192.80	732.73					762.17	762.17	4.12	4.01	0	0				
07/12/2018	3.3.2	Gaze Project	O4	3	M	Bilingual	G130	06/09/2018	89100	1280 x 720		Raw Data	Ord4_T4_R.avi	190	0	900	720									57698	10:16:46.719	1536226380492444															0	4647		Fixation	8			1.84	296.49	269.85																				6922			1111	509	1111	509					445.82	85.12						344.29	192.66	732.78						0.00		4.09	4	0				
07/12/2018	3.3.2	Gaze Project	O4	3	M	Bilingual	G130	06/09/2018	89100	1280 x 720		Raw Data	Ord4_T4_R.avi	190	0	900	720									57707	10:16:46.728	1536226380500812															0	4648		Fixation	8	878	488	1.45	153.90	217.41																				6923	1039	525	1068	488	1053	506	863	506	417.01	78.44	428.80	93.37	422.90	85.91	299.17	194.63	733.28	344.31	192.64	732.79					757.29	757.29	4.44	4.23	0	0				
07/12/2018	3.3.2	Gaze Project	O4	3	M	Bilingual	G130	06/09/2018	89100	1280 x 720		Raw Data	Ord4_T4_R.avi	190	0	900	720									57715	10:16:46.736	1536226380509080															0	4649		Fixation	8	893	491	0.47	348.65	194.76																				6924	1062	585	1083	491	1072	538	882	538	426.41	54.25	434.59	92.13	430.50	73.19	299.17	194.73	733.24	344.31	192.61	732.81					757.28	757.28	4.80	4.20	0	0				
07/12/2018	3.3.2	Gaze Project	O4	3	M	Bilingual	G130	06/09/2018	89100	1280 x 720		Raw Data	Ord4_T4_R.avi	190	0	900	720									57723	10:16:46.744	1536226380517415															0			Unclassified	8																									6925	1102	531			1102	531			442.45	76.28					299.17	194.57	733.23		-34.01						757.23		4.39		0	4				
07/12/2018	3.3.2	Gaze Project	O4	3	M	Bilingual	G130	06/09/2018	89100	1280 x 720		Raw Data	Ord4_T4_R.avi	190	0	900	720									57732	10:16:46.752	1536226380525767															0	4650		Fixation	8	898	424	2.06	85.75	97.09																				6926			1088	424	1088	424	898	424			436.60	119.27						344.74	194.42	738.59						0.00		4.08	4	0				
07/12/2018	3.3.2	Gaze Project	O4	3	M	Bilingual	G130	06/09/2018	89100	1280 x 720		Raw Data	Ord4_T4_R.avi	190	0	900	720									57740	10:16:46.761	1536226380534123															0	4651		Fixation	8	885	450	0.90	243.51	157.76																				6927	1135	443	1075	450	1105	446			455.77	111.35	431.52	108.83	443.64	110.09	299.13	194.45	733.28	344.29	192.57	732.41					757.23	757.23	4.04	4.39	0	0				
07/12/2018	3.3.2	Gaze Project	O4	3	M	Bilingual	G130	06/09/2018	89100	1280 x 720		Raw Data	Ord4_T4_R.avi	190	0	900	720									57748	10:16:46.769	1536226380542393															0	4652		Fixation	8	882	465	0.47	258.73	15.22																				6928	1058	581	1072	465	1065	523	875	523	424.81	55.99	430.36	102.55	427.58	79.27	299.17	194.68	733.19	344.57	193.76	736.52					757.22	757.22	4.67	4.11	0	0				
07/12/2018	3.3.2	Gaze Project	O4	3	M	Bilingual	G130	06/09/2018	89100	1280 x 720		Raw Data	Ord4_T4_R.avi	190	0	900	720									57757	10:16:46.777	1536226380550736															0	4653		Fixation	8	887	471	0.24	309.71	50.99																				6929	1072	549	1077	471	1074	510	884	510	430.50	69.02	432.33	100.32	431.41	84.67	299.09	194.44	733.29	344.63	194.13	737.69					757.23	757.23	4.38	4.17	0	0				
07/12/2018	3.3.2	Gaze Project	O4	3	M	Bilingual	G130	06/09/2018	89100	1280 x 720		Raw Data	Ord4_T4_R.avi	190	0	900	720									57765	10:16:46.786	1536226380559082															0	4654		Fixation	8	885	292	5.53	90.64	140.92																				6930	1119	340	1075	292	1097	316			449.22	152.94	431.52	172.42	440.37	162.68	299.11	195.63	737.01	344.45	193.45	735.52					761.13	761.13	3.69	3.47	0	0				
07/12/2018	3.3.2	Gaze Project	O4	3	M	Bilingual	G130	06/09/2018	89100	1280 x 720		Raw Data	Ord4_T4_R.avi	190	0	900	720									57773	10:16:46.794	1536226380567418															0	4655		Fixation	8	880	527	7.25	268.79	178.15																				6931	1086	517	1070	527	1078	522	888	522	436.07	81.93	429.61	77.62	432.84	79.77	299.07	195.12	735.36	344.52	193.89	736.87					759.41	759.41	4.28	4.64	0	0				
07/12/2018	3.3.2	Gaze Project	O4	3	M	Bilingual	G130	06/09/2018	89100	1280 x 720		Raw Data	Ord4_T4_R.avi	190	0	900	720									57782	10:16:46.803	1536226380575794															0	4656		Fixation	8			1.33	33.78	124.99																				6932	1082	519	1106	503	1094	511			434.44	80.98	444.04	87.43	439.24	84.20	299.00	194.36	732.65	344.57	194.26	737.94					756.60	756.60	4.36	4.06	0	0				
07/12/2018	3.3.2	Gaze Project	O4	3	M	Bilingual	G130	06/09/2018	89100	1280 x 720		Raw Data	Ord4_T4_R.avi	190	0	900	720									57790	10:16:46.811	1536226380584063															0	4657		Fixation	8	894	479	0.98	132.42	98.64																				6933	1108	228	1084	479	1096	353			444.82	198.23	435.04	97.24	439.93	147.73	298.96	194.33	732.52	344.36	193.46	735.39					756.47	756.47	3.45	4.18	0	0				
07/12/2018	3.3.2	Gaze Project	O4	3	M	Bilingual	G130	06/09/2018	89100	1280 x 720		Raw Data	Ord4_T4_R.avi	190	0	900	720									57798	10:16:46.819	1536226380592390															0	4658		Fixation	8	863	459	1.13	147.09	14.67																				6934	1125	552	1053	459	1089	505	899	505	451.45	67.67	422.81	105.00	437.13	86.34	298.96	195.26	735.77	344.05	192.34	731.44					759.84	759.84	4.32	4.34	0	0				
07/12/2018	3.3.2	Gaze Project	O4	3	M	Bilingual	G130	06/09/2018	89100	1280 x 720		Raw Data	Ord4_T4_R.avi	190	0	900	720									57807	10:16:46.827	1536226380600750															0	4659		Fixation	8	869	474	0.49	291.74	144.65																				6935	1073	514	1059	474	1066	494	876	494	430.69	83.03	424.98	98.95	427.84	90.99	298.90	194.35	732.54	345.24	197.72	748.76					756.48	756.48	4.39	4.09	0	0				
07/12/2018	3.3.2	Gaze Project	O4	3	M	Bilingual	G130	06/09/2018	89100	1280 x 720		Raw Data	Ord4_T4_R.avi	190	0	900	720									57815	10:16:46.836	1536226380609107															0	4660		Fixation	8	857	519	1.42	255.11	323.38																				6936	1096	456	1047	519	1071	487	881	487	439.81	106.42	420.32	80.88	430.07	93.65	298.85	194.24	732.20	344.00	192.37	731.44					756.13	756.13	4.29	4.66	0	0				
07/12/2018	3.3.2	Gaze Project	O4	3	M	Bilingual	G130	06/09/2018	89100	1280 x 720		Raw Data	Ord4_T4_R.avi	190	0	900	720									57823	10:16:46.844	1536226380617455															0	4661		Fixation	8			2.58	22.37	127.26																				6937	1103	396	1125	487	1114	441			442.91	130.68	451.58	93.65	447.24	112.16	298.82	194.23	732.16	344.94	196.66	745.30					756.08	756.08	4.11	4.86	0	0				
07/12/2018	3.3.2	Gaze Project	O4	3	M	Bilingual	G130	06/09/2018	89100	1280 x 720		Raw Data	Ord4_T4_R.avi	190	0	900	720									57832	10:16:46.852	1536226380625725															0			Unclassified	8																									6938	1080	511			1080	511	890	511	433.48	84.30					298.79	194.16	731.95		-34.01						755.86		4.39		0	4				
07/12/2018	3.3.2	Gaze Project	O4	3	M	Bilingual	G130	06/09/2018	89100	1280 x 720		Raw Data	Ord4_T4_R.avi	190	0	900	720									57840	10:16:46.861	1536226380634062															0	4662		Fixation	8			0.76	175.41	153.04																				6939	1065	452	1100	485	1082	468	892	468	427.40	107.97	441.72	94.58	434.56	101.27	298.75	194.12	731.79	343.85	192.14	730.57					755.69	755.69	4.35	4.64	0	0				
07/12/2018	3.3.2	Gaze Project	O4	3	M	Bilingual	G130	06/09/2018	89100	1280 x 720		Raw Data	Ord4_T4_R.avi	190	0	900	720									57848	10:16:46.869	1536226380642418															0	4663		Fixation	8			0.35	232.21	56.80																				6940	1067	449	1093	494	1080	471	890	471	428.32	109.02	438.73	91.03	433.52	100.03	298.71	194.07	731.64	343.83	192.21	730.74					755.53	755.53	4.35	4.71	0	0				
07/12/2018	3.3.2	Gaze Project	O4	3	M	Bilingual	G130	06/09/2018	89100	1280 x 720		Raw Data	Ord4_T4_R.avi	190	0	900	720									57857	10:16:46.877	1536226380650780															0	4664		Fixation	8			1.33	357.39	125.17																				6941	1042	455	1137	496	1089	475	899	475	418.12	106.53	456.32	90.33	437.22	98.43	298.68	194.02	731.46	347.16	198.71	750.79					755.35	755.35	4.33	4.60	0	0				
07/12/2018	3.3.2	Gaze Project	O4	3	M	Bilingual	G130	06/09/2018	89100	1280 x 720		Raw Data	Ord4_T4_R.avi	190	0	900	720									57865	10:16:46.886	1536226380659043															0	4665		Fixation	8			1.78	73.71	76.32																				6942	1044	347	1154	438	1099	392			419.18	150.41	463.03	113.37	441.11	131.89	298.64	194.13	731.81	352.58	209.23	783.87					755.71	755.71	3.97	4.92	0	0				
07/12/2018	3.3.2	Gaze Project	O4	3	M	Bilingual	G130	06/09/2018	89100	1280 x 720		Raw Data	Ord4_T4_R.avi	190	0	900	720									57873	10:16:46.894	1536226380667408															0	4666		Fixation	8			2.52	338.25	264.54																				6943	1090	421	1237	471	1163	446			437.57	120.44	496.46	100.22	467.02	110.33	298.61	194.08	731.66	352.53	209.17	783.63					755.55	755.55	4.27	4.93	0	0				
07/12/2018	3.3.2	Gaze Project	O4	3	M	Bilingual	G130	06/09/2018	89100	1280 x 720		Raw Data	Ord4_T4_R.avi	190	0	900	720									57882	10:16:46.902	1536226380675731															0			Unclassified	8																									6944	1098	394			1098	394			440.91	131.11					298.56	194.22	731.60		-34.01						755.53		4.13		0	4				
07/12/2018	3.3.2	Gaze Project	O4	3	M	Bilingual	G130	06/09/2018	89100	1280 x 720		Raw Data	Ord4_T4_R.avi	190	0	900	720									57890	10:16:46.911	1536226380684075															0	4667		Fixation	8			3.87	204.88	226.62																				6945	1095	427	1118	526	1106	476			439.37	118.06	448.72	78.22	444.04	98.14	298.55	193.99	731.38	343.68	192.17	730.76					755.25	755.25	4.26	4.67	0	0				
07/12/2018	3.3.2	Gaze Project	O4	3	M	Bilingual	G130	06/09/2018	89100	1280 x 720		Raw Data	Ord4_T4_R.avi	190	0	900	720									57898	10:16:46.919	1536226380692449															0	4668		Fixation	8			1.81	64.36	219.49																				6946	1062	440	1144	472	1103	456			426.18	112.67	459.27	99.84	442.72	106.26	298.52	193.92	731.17	349.38	203.26	764.85					755.03	755.03	4.31	4.78	0	0				
07/12/2018	3.3.2	Gaze Project	O4	3	M	Bilingual	G130	06/09/2018	89100	1280 x 720		Raw Data	Ord4_T4_R.avi	190	0	900	720									57907	10:16:46.927	1536226380700717															0	4669		Fixation	8			1.37	234.99	170.63																				6947	1142	477	1118	509	1130	493			458.38	97.78	448.73	84.80	453.55	91.29	298.48	194.06	731.11	343.61	192.11	730.14					755.01	755.01	4.31	4.66	0	0				
07/12/2018	3.3.2	Gaze Project	O4	3	M	Bilingual	G130	06/09/2018	89100	1280 x 720		Raw Data	Ord4_T4_R.avi	190	0	900	720									57915	10:16:46.936	1536226380709045															0	4670		Fixation	8			0.37	131.54	256.55																				6948	1082	430	1110	500	1096	465			434.48	116.62	445.53	88.52	440.00	102.57	298.46	193.83	730.89	343.57	192.03	730.18					754.73	754.73	4.22	4.73	0	0				
07/12/2018	3.3.2	Gaze Project	O4	3	M	Bilingual	G130	06/09/2018	89100	1280 x 720		Raw Data	Ord4_T4_R.avi	190	0	900	720									57923	10:16:46.944	1536226380717403															0	4671		Fixation	8			0.04	314.91	183.37																				6949	1051	337	1111	501	1081	419	891	419	422.07	154.16	445.80	88.32	433.93	121.24	298.42	193.76	730.66	343.55	192.08	729.94					754.49	754.49	3.97	4.36	0	0				
07/12/2018	3.3.2	Gaze Project	O4	3	M	Bilingual	G130	06/09/2018	89100	1280 x 720		Raw Data	Ord4_T4_R.avi	190	0	900	720									57932	10:16:46.952	1536226380725759															0	4672		Fixation	8	889	494	1.00	167.62	212.71																				6950	1096	474	1079	494	1087	484	897	484	440.00	98.91	433.05	91.12	436.52	95.02	298.38	193.90	730.60	343.50	192.02	729.68					754.48	754.48	4.26	4.37	0	0				
07/12/2018	3.3.2	Gaze Project	O4	3	M	Bilingual	G130	06/09/2018	89100	1280 x 720		Raw Data	Ord4_T4_R.avi	190	0	900	720									57940	10:16:46.961	1536226380734037															0	4673		Fixation	8			7.59	19.17	211.55																				6951	1105	485	1330	407	1217	446			443.49	94.45	533.71	126.13	488.60	110.29	298.37	193.90	730.60	360.75	225.27	833.89					754.48	754.48	4.30	5.27	0	0				
07/12/2018	3.3.2	Gaze Project	O4	3	M	Bilingual	G130	06/09/2018	89100	1280 x 720		Raw Data	Ord4_T4_R.avi	190	0	900	720									57948	10:16:46.969	1536226380742377															0	4674		Fixation	8			5.95	200.87	181.69																				6952	1085	424	1130	483	1107	453			435.53	119.12	453.70	95.25	444.62	107.19	298.34	193.82	730.81	350.65	205.82	772.55					754.65	754.65	4.25	4.83	0	0				
07/12/2018	3.3.2	Gaze Project	O4	3	M	Bilingual	G130	06/09/2018	89100	1280 x 720		Raw Data	Ord4_T4_R.avi	190	0	900	720									57957	10:16:46.977	1536226380750709															0	4675		Fixation	8	852	531	3.02	208.69	7.82																				6953	1102	434	1042	531	1072	482	882	482	442.23	115.04	418.12	75.99	430.18	95.51	298.30	193.74	730.53	343.41	191.96	729.26					754.36	754.36	4.21	4.61	0	0				
07/12/2018	3.3.2	Gaze Project	O4	3	M	Bilingual	G130	06/09/2018	89100	1280 x 720		Raw Data	Ord4_T4_R.avi	190	0	900	720									57965	10:16:46.986	1536226380759069															0	4676		Fixation	8	850	586	1.66	267.92	59.24																				6954	1116	458	1040	586	1078	522	888	522	447.90	105.62	417.56	54.07	432.73	79.85	298.27	193.70	730.38	344.52	197.01	745.49					754.20	754.20	4.29	4.69	0	0				
07/12/2018	3.3.2	Gaze Project	O4	3	M	Bilingual	G130	06/09/2018	89100	1280 x 720		Raw Data	Ord4_T4_R.avi	190	0	900	720									57973	10:16:46.994	1536226380767431															0	4677		Fixation	8			4.90	58.87	150.95																				6955	1078	463	1123	449	1100	456			432.83	103.35	450.98	109.11	441.91	106.23	298.23	193.65	730.18	343.24	192.13	729.18					753.99	753.99	4.31	4.43	0	0				
07/12/2018	3.3.2	Gaze Project	O4	3	M	Bilingual	G130	06/09/2018	89100	1280 x 720		Raw Data	Ord4_T4_R.avi	190	0	900	720									57982	10:16:47.002	1536226380775682															0	4678		Fixation	8			1.58	277.79	218.92																				6956	1083	472	1130	500	1106	486			434.69	99.95	453.47	88.69	444.08	94.32	298.19	193.59	729.96	343.31	191.94	729.26					753.76	753.76	4.34	4.70	0	0				
07/12/2018	3.3.2	Gaze Project	O4	3	M	Bilingual	G130	06/09/2018	89100	1280 x 720		Raw Data	Ord4_T4_R.avi	190	0	900	720									57990	10:16:47.011	1536226380784034															0	4679		Fixation	8	889	479	1.68	157.55	239.76																				6957	1037	528	1079	479	1058	503	868	503	416.26	77.30	433.19	97.13	424.72	87.21	298.07	193.57	729.79	343.21	192.21	729.16					753.59	753.59	4.42	4.11	0	0				
07/12/2018	3.3.2	Gaze Project	O4	3	M	Bilingual	G130	06/09/2018	89100	1280 x 720		Raw Data	Ord4_T4_R.avi	190	0	900	720									57998	10:16:47.019	1536226380792384															0	4680		Fixation	8	724	436	5.26	165.35	7.79																				6958	943	280	914	436	928	358	738	358	378.58	177.25	367.04	114.56	372.81	145.90	297.87	193.61	729.69	343.61	194.91	738.24					753.49	753.49	3.78	4.24	0	0				
07/12/2018	3.3.2	Gaze Project	O4	3	M	Bilingual	G130	06/09/2018	89100	1280 x 720		Raw Data	Ord4_T4_R.avi	190	0	900	720									58007	10:16:47.027	1536226380800745															0			Unclassified	8																									6959	830	341			830	341	640	341	333.02	152.82					297.66	193.60	729.54		-34.01						753.34		4.46		0	4				
07/12/2018	3.3.2	Gaze Project	O4	3	M	Bilingual	G130	06/09/2018	89100	1280 x 720		Raw Data	Ord4_T4_R.avi	190	0	900	720									58015	10:16:47.036	1536226380809097															0	4681		Fixation	8	621	210	7.72	114.43	309.08																				6960	808	332	811	210	809	271	619	271	324.34	156.22	325.68	205.34	325.01	180.78	297.48	193.68	729.70	343.24	195.53	739.73					753.50	753.50	3.97	3.75	0	0				
07/12/2018	3.3.2	Gaze Project	O4	3	M	Bilingual	G130	06/09/2018	89100	1280 x 720		Raw Data	Ord4_T4_R.avi	190	0	900	720									58023	10:16:47.044	1536226380817370															0	4682		Fixation	8	489	374	6.58	231.26	116.83																				6961	780	256	679	374	729	315	539	315	313.06	186.66	272.50	139.28	292.78	162.97	297.37	195.67	736.28	342.29	192.13	728.44					760.36	760.36	3.34	4.34	0	0				
07/12/2018	3.3.2	Gaze Project	O4	3	M	Bilingual	G130	06/09/2018	89100	1280 x 720		Raw Data	Ord4_T4_R.avi	190	0	900	720									58032	10:16:47.052	1536226380825694															0	4683		Fixation	8	543	251	4.22	66.37	195.10																				6962	751	325	733	251	742	288	552	288	301.62	158.96	294.17	189.05	297.89	174.00	297.20	193.63	729.50	342.19	192.08	728.46					753.28	753.28	3.93	3.81	0	0				
07/12/2018	3.3.2	Gaze Project	O4	3	M	Bilingual	G130	06/09/2018	89100	1280 x 720		Raw Data	Ord4_T4_R.avi	190	0	900	720									58040	10:16:47.061	1536226380834055															0	4684		Fixation	8	552	198	1.70	80.39	14.03																				6963	769	335	742	198	755	266	565	266	308.74	155.16	298.01	210.20	303.37	182.68	297.10	193.63	729.45	342.12	192.16	728.43					753.23	753.23	3.83	3.58	0	0				
07/12/2018	3.3.2	Gaze Project	O4	3	M	Bilingual	G130	06/09/2018	89100	1280 x 720		Raw Data	Ord4_T4_R.avi	190	0	900	720									58048	10:16:47.069	1536226380842412															0	4685		Fixation	8	539	207	0.50	214.78	134.39																				6964	720	253	729	207	724	230	534	230	289.18	188.04	292.70	206.59	290.94	197.31	297.05	195.49	735.53	342.03	192.23	728.40					759.57	759.57	3.29	3.37	0	0				
07/12/2018	3.3.2	Gaze Project	O4	3	M	Bilingual	G130	06/09/2018	89100	1280 x 720		Raw Data	Ord4_T4_R.avi	190	0	900	720									58057	10:16:47.077	1536226380850679															0	4686		Fixation	8	489	249	2.05	220.12	5.34																				6965	788	233	679	249	733	241	543	241	316.39	195.97	272.48	189.50	294.43	192.73	296.91	193.60	729.47	341.94	192.32	728.36					753.22	753.22	3.03	3.72	0	0				
07/12/2018	3.3.2	Gaze Project	O4	3	M	Bilingual	G130	06/09/2018	89100	1280 x 720		Raw Data	Ord4_T4_R.avi	190	0	900	720									58065	10:16:47.086	1536226380859031															0	4687		Fixation	8	537	274	1.70	332.41	112.29																				6966	732	290	727	274	729	282	539	282	293.65	173.31	291.69	179.75	292.67	176.53	296.77	193.73	729.40	341.81	192.41	728.32					753.20	753.20	3.85	3.75	0	0				
07/12/2018	3.3.2	Gaze Project	O4	3	M	Bilingual	G130	06/09/2018	89100	1280 x 720		Raw Data	Ord4_T4_R.avi	190	0	900	720									58073	10:16:47.094	1536226380867360															0	4688		Fixation	8	516	297	0.98	227.69	255.28																				6967	760	280	706	297	733	288	543	288	305.17	177.03	283.37	170.29	294.27	173.66	296.63	193.76	729.33	341.66	192.46	727.75					753.13	753.13	3.76	4.06	0	0				
07/12/2018	3.3.2	Gaze Project	O4	3	M	Bilingual	G130	06/09/2018	89100	1280 x 720		Raw Data	Ord4_T4_R.avi	190	0	900	720									58082	10:16:47.102	1536226380875723															0	4689		Fixation	8	499	463	5.23	264.17	36.48																				6968	758	353	689	463	723	408	533	408	304.39	147.62	276.51	103.32	290.45	125.47	296.50	193.69	728.91	341.56	192.67	727.67					752.70	752.70	4.34	4.75	0	0				
07/12/2018	3.3.2	Gaze Project	O4	3	M	Bilingual	G130	06/09/2018	89100	1280 x 720		Raw Data	Ord4_T4_R.avi	190	0	900	720									58090	10:16:47.111	1536226380884069															0	4690		Fixation	8	482	482	0.79	228.27	324.10																				6969	736	268	672	482	704	375	514	375	295.36	181.92	269.86	96.01	282.61	138.96	296.36	193.78	728.99	341.39	192.53	727.29					752.80	752.80	3.91	4.71	0	0				
07/12/2018	3.3.2	Gaze Project	O4	3	M	Bilingual	G130	06/09/2018	89100	1280 x 720		Raw Data	Ord4_T4_R.avi	190	0	900	720									58098	10:16:47.119	1536226380892350															0	4691		Fixation	8	542	333	5.02	68.13	199.86																				6970	729	336	732	333	730	334	540	334	292.56	154.50	293.87	155.70	293.22	155.10	296.23	193.90	729.19	341.28	192.65	727.35					753.01	753.01	4.14	4.50	0	0				
07/12/2018	3.3.2	Gaze Project	O4	3	M	Bilingual	G130	06/09/2018	89100	1280 x 720		Raw Data	Ord4_T4_R.avi	190	0	900	720									58107	10:16:47.127	1536226380900703															0	4692		Fixation	8	497	377	1.97	224.45	156.32																				6971	763	302	687	377	725	339	535	339	306.35	168.33	275.61	138.06	290.98	153.20	296.20	199.27	746.18	341.13	192.59	726.82					770.81	770.81	4.31	4.44	0	0				
07/12/2018	3.3.2	Gaze Project	O4	3	M	Bilingual	G130	06/09/2018	89100	1280 x 720		Raw Data	Ord4_T4_R.avi	190	0	900	720									58115	10:16:47.136	1536226380909034															0	4693		Fixation	8	532	415	1.63	312.55	88.11																				6972	701	405	722	415	711	410	521	410	281.40	126.84	289.88	122.88	285.64	124.86	296.00	193.99	729.09	341.02	192.76	727.04					752.94	752.94	4.27	4.52	0	0				
07/12/2018	3.3.2	Gaze Project	O4	3	M	Bilingual	G130	06/09/2018	89100	1280 x 720		Raw Data	Ord4_T4_R.avi	190	0	900	720									58123	10:16:47.144	1536226380917396															0	4694		Fixation	8	519	437	0.80	239.50	286.95																				6973	732	299	709	437	720	368	530	368	293.63	169.63	284.64	113.91	289.14	141.77	295.88	194.03	729.00	340.88	192.96	726.96					752.86	752.86	3.87	4.61	0	0				
07/12/2018	3.3.2	Gaze Project	O4	3	M	Bilingual	G130	06/09/2018	89100	1280 x 720		Raw Data	Ord4_T4_R.avi	190	0	900	720									58132	10:16:47.152	1536226380925751															0	4695		Fixation	8	505	453	0.66	228.91	349.40																				6974	723	354	695	453	709	403	519	403	290.26	147.22	278.93	107.68	284.59	127.45	295.80	194.10	729.02	340.83	193.05	726.92					752.89	752.89	4.23	4.51	0	0				
07/12/2018	3.3.2	Gaze Project	O4	3	M	Bilingual	G130	06/09/2018	89100	1280 x 720		Raw Data	Ord4_T4_R.avi	190	0	900	720									58140	10:16:47.161	1536226380934012															0	4696		Fixation	8	482	445	0.76	160.76	291.86																				6975	766	249	672	445	719	347	529	347	307.43	189.77	269.77	110.62	288.60	150.19	295.71	194.13	728.95	340.72	192.80	726.25					752.83	752.83	3.75	4.62	0	0				
07/12/2018	3.3.2	Gaze Project	O4	3	M	Bilingual	G130	06/09/2018	89100	1280 x 720		Raw Data	Ord4_T4_R.avi	190	0	900	720									58148	10:16:47.169	1536226380942347															0	4697		Fixation	8	514	415	1.36	43.24	242.48																				6976	742	311	704	415	723	363	533	363	297.92	164.63	282.50	122.79	290.21	143.71	295.65	194.15	728.83	340.70	193.09	726.89					752.72	752.72	3.94	4.64	0	0				
07/12/2018	3.3.2	Gaze Project	O4	3	M	Bilingual	G130	06/09/2018	89100	1280 x 720		Raw Data	Ord4_T4_R.avi	190	0	900	720									58157	10:16:47.177	1536226380950705															0	4698		Fixation	8	549	386	1.42	39.73	356.49																				6977	746	311	739	386	742	348	552	348	299.47	164.57	296.80	134.35	298.13	149.46	295.59	194.23	728.88	340.66	193.16	726.87					752.79	752.79	4.04	4.55	0	0				
07/12/2018	3.3.2	Gaze Project	O4	3	M	Bilingual	G130	06/09/2018	89100	1280 x 720		Raw Data	Ord4_T4_R.avi	190	0	900	720									58165	10:16:47.186	1536226380959063															0	4699		Fixation	8	490	474	3.30	236.25	196.51																				6978	688	375	680	474	684	424	494	424	276.15	138.83	272.94	99.01	274.54	118.92	295.61	194.41	728.81	340.58	193.07	726.34					752.78	752.78	4.21	4.78	0	0				
07/12/2018	3.3.2	Gaze Project	O4	3	M	Bilingual	G130	06/09/2018	89100	1280 x 720		Raw Data	Ord4_T4_R.avi	190	0	900	720									58173	10:16:47.194	1536226380967340															0			Unclassified	8																									6979	719	326			719	326	529	326	288.46	158.69					295.60	199.57	745.57		-34.01						770.29		4.16		0	4				
07/12/2018	3.3.2	Gaze Project	O4	3	M	Bilingual	G130	06/09/2018	89100	1280 x 720		Raw Data	Ord4_T4_R.avi	190	0	900	720									58182	10:16:47.202	1536226380975678															0	4700		Fixation	8	505	447	0.96	61.02	184.78																				6980	735	274	695	447	715	360	525	360	294.83	179.57	278.94	109.96	286.89	144.77	295.50	194.40	728.93	340.51	193.30	726.25					752.88	752.88	4.02	4.73	0	0				
07/12/2018	3.3.2	Gaze Project	O4	3	M	Bilingual	G130	06/09/2018	89100	1280 x 720		Raw Data	Ord4_T4_R.avi	190	0	900	720									58190	10:16:47.211	1536226380984010															0	4701		Fixation	8	496	424	0.78	111.31	50.28																				6981	742	377	686	424	714	400	524	400	297.96	138.05	275.29	119.06	286.62	128.56	295.49	194.32	728.51	340.52	193.17	726.05					752.45	752.45	4.19	4.67	0	0				
07/12/2018	3.3.2	Gaze Project	O4	3	M	Bilingual	G130	06/09/2018	89100	1280 x 720		Raw Data	Ord4_T4_R.avi	190	0	900	720									58198	10:16:47.219	1536226380992383															0	4702		Fixation	8	496	439	0.46	270.00	158.69																				6982	725	337	686	439	705	388	515	388	290.90	154.19	275.55	113.35	283.23	133.77	295.49	194.46	728.79	345.34	202.94	755.90					752.76	752.76	4.15	4.86	0	0				
07/12/2018	3.3.2	Gaze Project	O4	3	M	Bilingual	G130	06/09/2018	89100	1280 x 720		Raw Data	Ord4_T4_R.avi	190	0	900	720									58207	10:16:47.227	1536226381000732															0	4703		Fixation	8	481	412	0.93	118.98	208.98																				6983	704	294	671	412	687	353	497	353	282.45	171.59	269.19	124.15	275.82	147.87	295.48	194.50	728.75	345.06	202.46	754.19					752.74	752.74	3.95	4.93	0	0				
07/12/2018	3.3.2	Gaze Project	O4	3	M	Bilingual	G130	06/09/2018	89100	1280 x 720		Raw Data	Ord4_T4_R.avi	190	0	900	720									58215	10:16:47.236	1536226381008999															0	4704		Fixation	8	498	440	1.01	301.18	182.21																				6984	738	307	688	440	713	373	523	373	296.35	166.25	276.20	112.57	286.27	139.41	295.49	194.47	728.48	340.53	193.37	726.04					752.48	752.48	4.02	4.69	0	0				
07/12/2018	3.3.2	Gaze Project	O4	3	M	Bilingual	G130	06/09/2018	89100	1280 x 720		Raw Data	Ord4_T4_R.avi	190	0	900	720									58223	10:16:47.244	1536226381017343															0	4705		Fixation	8	535	371	2.45	61.88	120.69																				6985	728	300	725	371	726	335	536	335	292.05	169.01	291.14	140.66	291.60	154.84	295.49	194.63	728.79	340.56	193.60	726.54					752.82	752.82	4.10	4.56	0	0				
07/12/2018	3.3.2	Gaze Project	O4	3	M	Bilingual	G130	06/09/2018	89100	1280 x 720		Raw Data	Ord4_T4_R.avi	190	0	900	720									58232	10:16:47.252	1536226381025693															0	4706		Fixation	8	486	438	2.59	233.91	172.03																				6986	695	280	676	438	685	359	495	359	278.88	177.30	271.34	113.66	275.11	145.48	295.49	194.78	729.07	340.56	193.67	726.52					753.13	753.13	3.97	4.71	0	0				
07/12/2018	3.3.2	Gaze Project	O4	3	M	Bilingual	G130	06/09/2018	89100	1280 x 720		Raw Data	Ord4_T4_R.avi	190	0	900	720									58240	10:16:47.261	1536226381034048															0			Unclassified	8																									6987	706	375			706	375	516	375	283.53	138.88					295.52	194.73	729.09		-34.01						753.14		4.30		0	4				
07/12/2018	3.3.2	Gaze Project	O4	3	M	Bilingual	G130	06/09/2018	89100	1280 x 720		Raw Data	Ord4_T4_R.avi	190	0	900	720									58248	10:16:47.269	1536226381042401															0	4707		Fixation	8	515	399	1.52	53.45	179.55																				6988	702	259	705	399	703	329	513	329	281.94	185.85	283.17	129.45	282.55	157.65	295.47	194.81	728.69	340.53	193.72	726.50					752.78	752.78	3.75	4.56	0	0				
07/12/2018	3.3.2	Gaze Project	O4	3	M	Bilingual	G130	06/09/2018	89100	1280 x 720		Raw Data	Ord4_T4_R.avi	190	0	900	720									58257	10:16:47.277	1536226381050666															0	4708		Fixation	8	570	312	3.24	57.78	4.33																				6989	707	358	760	312	733	335	543	335	283.73	145.59	304.92	164.46	294.33	155.02	295.45	194.98	728.98	340.55	194.03	726.79					753.11	753.11	4.19	3.99	0	0				
07/12/2018	3.3.2	Gaze Project	O4	3	M	Bilingual	G130	06/09/2018	89100	1280 x 720		Raw Data	Ord4_T4_R.avi	190	0	900	720									58265	10:16:47.286	1536226381058997															0	4709		Fixation	8	522	395	3.02	240.04	182.26																				6990	711	371	712	395	711	383	521	383	285.51	140.68	285.98	130.91	285.74	135.79	295.42	195.06	728.95	340.54	194.19	726.99					753.10	753.10	4.26	4.57	0	0				
07/12/2018	3.3.2	Gaze Project	O4	3	M	Bilingual	G130	06/09/2018	89100	1280 x 720		Raw Data	Ord4_T4_R.avi	190	0	900	720									58273	10:16:47.294	1536226381067345															0	4710		Fixation	8	495	422	1.19	225.09	345.05																				6991	739	310	685	422	712	366	522	366	296.68	165.13	274.99	119.96	285.84	142.54	295.47	201.08	747.77	340.46	194.12	726.41					772.83	772.83	4.35	4.54	0	0				
07/12/2018	3.3.2	Gaze Project	O4	3	M	Bilingual	G130	06/09/2018	89100	1280 x 720		Raw Data	Ord4_T4_R.avi	190	0	900	720									58282	10:16:47.302	1536226381075718															0	4711		Fixation	8	481	355	2.11	101.77	236.67																				6992	740	348	671	355	705	351	515	351	296.94	149.95	269.25	146.97	283.10	148.46	295.35	195.31	729.15	344.69	202.87	752.86					753.37	753.37	4.19	4.43	0	0				
07/12/2018	3.3.2	Gaze Project	O4	3	M	Bilingual	G130	06/09/2018	89100	1280 x 720		Raw Data	Ord4_T4_R.avi	190	0	900	720									58290	10:16:47.311	1536226381083986															0	4712		Fixation	8	525	353	1.36	2.61	260.85																				6993	734	354	715	353	724	353	534	353	294.44	147.21	286.87	147.59	290.66	147.40	295.29	195.42	729.18	340.39	194.51	726.91					753.42	753.42	4.20	4.37	0	0				
07/12/2018	3.3.2	Gaze Project	O4	3	M	Bilingual	G130	06/09/2018	89100	1280 x 720		Raw Data	Ord4_T4_R.avi	190	0	900	720									58298	10:16:47.319	1536226381092328															0	4713		Fixation	8	529	294	1.80	86.13	83.52																				6994	711	332	719	294	715	313	525	313	285.23	156.13	288.62	171.43	286.92	163.78	295.24	195.52	729.16	348.92	211.74	779.59					753.43	753.43	4.13	4.61	0	0				
07/12/2018	3.3.2	Gaze Project	O4	3	M	Bilingual	G130	06/09/2018	89100	1280 x 720		Raw Data	Ord4_T4_R.avi	190	0	900	720									58307	10:16:47.327	1536226381100672															0	4714		Fixation	8	542	363	2.06	280.64	194.50																				6995	730	346	732	363	731	354	541	354	292.98	150.43	293.80	143.93	293.39	147.18	295.17	195.75	729.54	349.07	212.47	781.39					753.86	753.86	4.02	4.80	0	0				
07/12/2018	3.3.2	Gaze Project	O4	3	M	Bilingual	G130	06/09/2018	89100	1280 x 720		Raw Data	Ord4_T4_R.avi	190	0	900	720									58315	10:16:47.336	1536226381109017															0	4715		Fixation	8	534	382	0.62	247.23	326.60																				6996	740	318	724	382	732	350	542	350	297.02	161.86	290.59	135.97	293.81	148.91	295.10	195.80	729.37	340.20	194.97	727.14					753.71	753.71	4.10	4.40	0	0				
07/12/2018	3.3.2	Gaze Project	O4	3	M	Bilingual	G130	06/09/2018	89100	1280 x 720		Raw Data	Ord4_T4_R.avi	190	0	900	720									58323	10:16:47.344	1536226381117390															0	4716		Fixation	8	536	430	1.51	272.38	25.15																				6997	746	240	726	430	736	335	546	335	299.46	193.23	291.37	116.93	295.42	155.08	295.03	196.08	729.91	340.10	194.98	727.14					754.31	754.31	3.89	4.55	0	0				
07/12/2018	3.3.2	Gaze Project	O4	3	M	Bilingual	G130	06/09/2018	89100	1280 x 720		Raw Data	Ord4_T4_R.avi	190	0	900	720									58332	10:16:47.352	1536226381125654															0	4717		Fixation	8	540	415	0.49	75.11	162.74																				6998	736	329	730	415	733	372	543	372	295.27	157.33	292.94	122.75	294.10	140.04	294.96	196.14	729.74	340.03	195.16	726.92					754.16	754.16	4.16	4.57	0	0				
07/12/2018	3.3.2	Gaze Project	O4	3	M	Bilingual	G130	06/09/2018	89100	1280 x 720		Raw Data	Ord4_T4_R.avi	190	0	900	720									58340	10:16:47.361	1536226381133987															0	4718		Fixation	8	558	340	2.40	76.55	1.43																				6999	731	333	748	340	739	336	549	336	293.23	155.77	300.40	152.89	296.82	154.33	294.88	196.40	730.20	341.05	200.67	743.98					754.67	754.67	4.14	4.56	0	0				
07/12/2018	3.3.2	Gaze Project	O4	3	M	Bilingual	G130	06/09/2018	89100	1280 x 720		Raw Data	Ord4_T4_R.avi	190	0	900	720									58348	10:16:47.369	1536226381142341															0			Unclassified	8																									7000	743	308			743	308	553	308	298.36	165.79					294.80	196.48	730.12		-34.01						754.61		4.04		0	4				
07/12/2018	3.3.2	Gaze Project	O4	3	M	Bilingual	G130	06/09/2018	89100	1280 x 720		Raw Data	Ord4_T4_R.avi	190	0	900	720									58357	10:16:47.377	1536226381150696															0	4719		Fixation	8	533	388	1.68	242.56	166.02																				7001	753	344	723	388	738	366	548	366	302.44	151.50	290.29	133.75	296.37	142.63	294.71	196.71	730.51	339.78	195.63	727.19					755.05	755.05	4.14	4.52	0	0				
07/12/2018	3.3.2	Gaze Project	O4	3	M	Bilingual	G130	06/09/2018	89100	1280 x 720		Raw Data	Ord4_T4_R.avi	190	0	900	720									58365	10:16:47.386	1536226381159057															0	4720		Fixation	8	525	393	0.30	212.09	329.52																				7002	711	429	715	393	713	411	523	411	285.42	117.35	287.06	131.68	286.24	124.51	294.64	196.79	730.39	339.69	195.73	727.15					754.95	754.95	4.23	4.46	0	0				
07/12/2018	3.3.2	Gaze Project	O4	3	M	Bilingual	G130	06/09/2018	89100	1280 x 720		Raw Data	Ord4_T4_R.avi	190	0	900	720									58373	10:16:47.394	1536226381167315															0	4721		Fixation	8	576	229	5.22	72.78	220.69																				7003	717	379	766	229	741	304	551	304	287.86	137.40	307.43	197.58	297.64	167.49	294.56	197.08	730.97	348.24	213.46	781.12					755.59	755.59	4.12	4.53	0	0				
07/12/2018	3.3.2	Gaze Project	O4	3	M	Bilingual	G130	06/09/2018	89100	1280 x 720		Raw Data	Ord4_T4_R.avi	190	0	900	720									58382	10:16:47.402	1536226381175644															0	4722		Fixation	8	551	383	4.75	260.81	188.03																				7004	734	355	741	383	737	369	547	369	294.73	147.07	297.40	135.52	296.06	141.30	294.48	197.11	730.72	339.52	196.03	727.35					755.36	755.36	4.05	4.40	0	0				
07/12/2018	3.3.2	Gaze Project	O4	3	M	Bilingual	G130	06/09/2018	89100	1280 x 720		Raw Data	Ord4_T4_R.avi	190	0	900	720									58390	10:16:47.411	1536226381184011															0	4723		Fixation	8	564	441	1.87	282.59	21.79																				7005	737	279	754	441	745	360	555	360	295.65	177.67	302.70	112.36	299.18	145.02	294.41	197.29	730.99	339.35	196.24	727.26					755.67	755.67	3.81	4.41	0	0				
07/12/2018	3.3.2	Gaze Project	O4	3	M	Bilingual	G130	06/09/2018	89100	1280 x 720		Raw Data	Ord4_T4_R.avi	190	0	900	720									58398	10:16:47.419	1536226381192353															0	4724		Fixation	8	499	445	2.03	183.53	260.94																				7006	765	321	689	445	727	383	537	383	307.13	160.64	276.49	110.74	291.81	135.69	294.33	197.43	731.11	339.36	196.29	727.49					755.83	755.83	3.98	4.52	0	0				
07/12/2018	3.3.2	Gaze Project	O4	3	M	Bilingual	G130	06/09/2018	89100	1280 x 720		Raw Data	Ord4_T4_R.avi	190	0	900	720									58407	10:16:47.427	1536226381200610															0	4725		Fixation	8	517	453	0.62	335.97	152.44																				7007	758	290	707	453	732	371	542	371	304.17	173.26	283.81	107.42	293.99	140.34	294.27	197.75	731.80	339.14	196.50	727.40					756.57	756.57	3.85	4.49	0	0				
07/12/2018	3.3.2	Gaze Project	O4	3	M	Bilingual	G130	06/09/2018	89100	1280 x 720		Raw Data	Ord4_T4_R.avi	190	0	900	720									58415	10:16:47.436	1536226381208971															0	4726		Fixation	8	536	372	2.60	76.84	100.87																				7008	741	337	726	372	733	354	543	354	297.53	154.34	291.61	140.25	294.57	147.30	294.27	205.19	754.83	339.26	196.79	728.44					780.75	780.75	4.29	4.50	0	0				
07/12/2018	3.3.2	Gaze Project	O4	3	M	Bilingual	G130	06/09/2018	89100	1280 x 720		Raw Data	Ord4_T4_R.avi	190	0	900	720									58423	10:16:47.444	1536226381217312															0			Unclassified	8																									7009	749	395			749	395	559	395	300.81	131.07					294.14	198.01	732.04		-34.01						756.88		4.31		0	4				
07/12/2018	3.3.2	Gaze Project	O4	3	M	Bilingual	G130	06/09/2018	89100	1280 x 720		Raw Data	Ord4_T4_R.avi	190	0	900	720									58432	10:16:47.452	1536226381225664															0	4727		Fixation	8	549	339	1.11	68.56	351.72																				7010	733	404	739	339	736	371	546	371	294.34	127.11	296.60	153.47	295.47	140.29	294.08	198.19	732.31	339.13	197.06	728.74					757.19	757.19	4.26	4.41	0	0				
07/12/2018	3.3.2	Gaze Project	O4	3	M	Bilingual	G130	06/09/2018	89100	1280 x 720		Raw Data	Ord4_T4_R.avi	190	0	900	720									58440	10:16:47.461	1536226381234038															0	4728		Fixation	8	538	416	2.44	261.90	193.33																				7011	718	290	728	416	723	353	533	353	288.38	173.32	292.02	122.57	290.20	147.94	294.03	198.29	732.36	339.07	197.26	729.12					757.26	757.26	3.81	4.50	0	0				
07/12/2018	3.3.2	Gaze Project	O4	3	M	Bilingual	G130	06/09/2018	89100	1280 x 720		Raw Data	Ord4_T4_R.avi	190	0	900	720									58448	10:16:47.469	1536226381242295															0	4729		Fixation	8	580	382	1.66	39.08	137.19																				7012	721	352	770	382	745	367	555	367	289.23	148.05	309.17	136.06	299.20	142.05	293.97	198.48	732.67	343.16	205.89	755.04					757.61	757.61	4.02	4.68	0	0				
07/12/2018	3.3.2	Gaze Project	O4	3	M	Bilingual	G130	06/09/2018	89100	1280 x 720		Raw Data	Ord4_T4_R.avi	190	0	900	720									58457	10:16:47.477	1536226381250637															0	4730		Fixation	8	552	354	1.22	134.91	95.83																				7013	720	243	742	354	731	298	541	298	289.12	191.90	297.82	147.50	293.47	169.70	293.97	204.97	752.80	338.99	197.57	729.57					778.74	778.74	3.97	4.31	0	0				
07/12/2018	3.3.2	Gaze Project	O4	3	M	Bilingual	G130	06/09/2018	89100	1280 x 720		Raw Data	Ord4_T4_R.avi	190	0	900	720									58465	10:16:47.486	1536226381258995															0	4731		Fixation	8	567	325	1.01	62.73	287.82																				7014	721	226	757	325	739	275	549	275	289.31	198.96	304.03	159.20	296.67	179.08	299.47	217.53	790.31	340.29	204.59	751.34					818.52	818.52	4.31	4.14	0	0				
07/12/2018	3.3.2	Gaze Project	O4	3	M	Bilingual	G130	06/09/2018	89100	1280 x 720		Raw Data	Ord4_T4_R.avi	190	0	900	720									58473	10:16:47.494	1536226381267350															0			Unclassified	8																									7015	737	229			737	229	547	229	295.93	197.76					293.89	198.57	732.63		-34.01						757.60		3.24		0	4				
07/12/2018	3.3.2	Gaze Project	O4	3	M	Bilingual	G130	06/09/2018	89100	1280 x 720		Raw Data	Ord4_T4_R.avi	190	0	900	720									58482	10:16:47.502	1536226381275618															0	4732		Fixation	8	524	347	1.47	207.17	144.45																				7016	729	364	714	347	721	355	531	355	292.54	143.32	286.58	150.33	289.56	146.83	293.83	199.19	733.95	340.36	205.60	754.01					759.03	759.03	4.14	4.59	0	0				
07/12/2018	3.3.2	Gaze Project	O4	3	M	Bilingual	G130	06/09/2018	89100	1280 x 720		Raw Data	Ord4_T4_R.avi	190	0	900	720									58490	10:16:47.511	1536226381283969															0	4733		Fixation	8	521	371	0.73	262.90	55.73																				7017	744	335	711	371	727	353	537	353	298.75	155.22	285.53	140.40	292.14	147.81	293.79	199.36	734.29	343.10	206.97	757.24					759.41	759.41	3.92	4.69	0	0				
07/12/2018	3.3.2	Gaze Project	O4	3	M	Bilingual	G130	06/09/2018	89100	1280 x 720		Raw Data	Ord4_T4_R.avi	190	0	900	720									58498	10:16:47.519	1536226381292296															0	4734		Fixation	8	544	345	1.05	48.60	145.70																				7018	731	272	734	345	732	308	542	308	293.33	180.44	294.52	150.84	293.93	165.64	295.55	205.56	752.69	340.11	205.03	751.86					778.89	778.89	3.84	4.59	0	0				
07/12/2018	3.3.2	Gaze Project	O4	3	M	Bilingual	G130	06/09/2018	89100	1280 x 720		Raw Data	Ord4_T4_R.avi	190	0	900	720									58507	10:16:47.527	1536226381300662															0	4735		Fixation	8	558	273	2.27	79.03	30.44																				7019	693	284	748	273	720	278	530	278	278.26	175.56	300.22	179.95	289.24	177.76	293.73	199.65	734.80	338.75	198.42	730.98					759.98	759.98	3.91	4.10	0	0				
07/12/2018	3.3.2	Gaze Project	O4	3	M	Bilingual	G130	06/09/2018	89100	1280 x 720		Raw Data	Ord4_T4_R.avi	190	0	900	720									58515	10:16:47.536	1536226381309023															0			Unclassified	8																									7020	679	280			679	280	489	280	272.75	177.02					301.80	226.66	817.12		-34.01						846.92		4.75		0	4				
07/12/2018	3.3.2	Gaze Project	O4	3	M	Bilingual	G130	06/09/2018	89100	1280 x 720		Raw Data	Ord4_T4_R.avi	190	0	900	720									58523	10:16:47.544	1536226381317289															0			Unclassified	8																									7021	713	346			713	346	523	346	286.05	150.75					293.70	200.10	735.81		-34.01						761.08		4.08		0	4				
07/12/2018	3.3.2	Gaze Project	O4	3	M	Bilingual	G130	06/09/2018	89100	1280 x 720		Raw Data	Ord4_T4_R.avi	190	0	900	720									58532	10:16:47.552	1536226381325632															0	4736		Fixation	8	537	373	3.21	258.18	179.15																				7022	730	406	727	373	728	389	538	389	293.08	126.53	291.75	139.84	292.42	133.18	293.67	200.28	735.74	338.69	198.87	731.80					761.07	761.07	4.13	4.49	0	0				
07/12/2018	3.3.2	Gaze Project	O4	3	M	Bilingual	G130	06/09/2018	89100	1280 x 720		Raw Data	Ord4_T4_R.avi	190	0	900	720									58540	10:16:47.561	1536226381333978															0	4737		Fixation	8	515	380	0.72	197.70	299.53																				7023	718	309	705	380	711	344	521	344	288.10	165.59	283.07	137.11	285.58	151.35	293.67	200.31	736.14	338.69	199.10	732.32					761.45	761.45	4.06	4.57	0	0				
07/12/2018	3.3.2	Gaze Project	O4	3	M	Bilingual	G130	06/09/2018	89100	1280 x 720		Raw Data	Ord4_T4_R.avi	190	0	900	720									58548	10:16:47.569	1536226381342321															0	4738		Fixation	8	497	431	1.68	250.62	52.91																				7024	676	477	687	431	681	454	491	454	271.25	97.88	275.70	116.29	273.48	107.08	293.73	200.48	736.07	338.69	199.29	732.74					761.44	761.44	4.36	4.54	0	0				
07/12/2018	3.3.2	Gaze Project	O4	3	M	Bilingual	G130	06/09/2018	89100	1280 x 720		Raw Data	Ord4_T4_R.avi	190	0	900	720									58557	10:16:47.577	1536226381350689															0	4739		Fixation	8	483	425	0.45	156.73	266.12																				7025	720	427	673	425	696	426	506	426	288.88	118.00	270.05	118.88	279.46	118.44	293.65	200.65	736.87	349.13	220.88	798.38					762.25	762.25	4.41	5.06	0	0				
07/12/2018	3.3.2	Gaze Project	O4	3	M	Bilingual	G130	06/09/2018	89100	1280 x 720		Raw Data	Ord4_T4_R.avi	190	0	900	720									58565	10:16:47.586	1536226381358956															0	4740		Fixation	8	504	351	2.28	74.21	277.47																				7026	703	434	694	351	698	392	508	392	282.27	115.37	278.67	148.54	280.47	131.96	293.63	200.66	736.75	338.61	199.29	732.43					762.14	762.14	4.26	4.49	0	0				
07/12/2018	3.3.2	Gaze Project	O4	3	M	Bilingual	G130	06/09/2018	89100	1280 x 720		Raw Data	Ord4_T4_R.avi	190	0	900	720									58573	10:16:47.594	1536226381367287															0			Unclassified	8																									7027	736	370			736	370	546	370	295.42	140.96					293.68	207.83	759.02		-34.01						785.52		4.39		0	4				
07/12/2018	3.3.2	Gaze Project	O4	3	M	Bilingual	G130	06/09/2018	89100	1280 x 720		Raw Data	Ord4_T4_R.avi	190	0	900	720									58582	10:16:47.602	1536226381375640															0	4741		Fixation	8	482	411	1.93	249.92	175.72																				7028	748	293	672	411	710	352	520	352	300.35	171.88	269.63	124.42	284.99	148.15	293.64	201.11	737.86	344.49	212.01	770.72					763.33	763.33	4.17	4.79	0	0				
07/12/2018	3.3.2	Gaze Project	O4	3	M	Bilingual	G130	06/09/2018	89100	1280 x 720		Raw Data	Ord4_T4_R.avi	190	0	900	720									58590	10:16:47.611	1536226381383989															0	4742		Fixation	8	537	377	1.95	31.81	141.88																				7029	737	343	727	377	732	360	542	360	295.89	151.77	291.77	138.26	293.83	145.01	293.67	201.04	737.89	338.63	199.96	734.01					763.34	763.34	4.27	4.38	0	0				
07/12/2018	3.3.2	Gaze Project	O4	3	M	Bilingual	G130	06/09/2018	89100	1280 x 720		Raw Data	Ord4_T4_R.avi	190	0	900	720									58598	10:16:47.619	1536226381392271															0	4743		Fixation	8	533	390	0.42	252.95	221.14																				7030	732	362	723	390	727	376	537	376	293.92	144.30	290.39	132.77	292.15	138.53	293.63	201.45	738.61	338.66	200.28	734.84					764.15	764.15	4.35	4.57	0	0				
07/12/2018	3.3.2	Gaze Project	O4	3	M	Bilingual	G130	06/09/2018	89100	1280 x 720		Raw Data	Ord4_T4_R.avi	190	0	900	720									58607	10:16:47.627	1536226381400618															0	4744		Fixation	8	521	450	1.89	258.73	5.78																				7031	726	323	711	450	718	386	528	386	291.54	159.83	285.24	108.88	288.39	134.35	293.61	201.62	738.95	338.62	200.24	734.52					764.52	764.52	4.09	4.45	0	0				
07/12/2018	3.3.2	Gaze Project	O4	3	M	Bilingual	G130	06/09/2018	89100	1280 x 720		Raw Data	Ord4_T4_R.avi	190	0	900	720									58615	10:16:47.636	1536226381408961															0	4745		Fixation	8	488	380	2.40	115.17	216.44																				7032	743	330	678	380	710	355	520	355	298.06	157.10	272.06	136.88	285.06	146.99	293.61	201.77	739.25	338.61	200.32	734.60					764.86	764.86	4.21	4.41	0	0				
07/12/2018	3.3.2	Gaze Project	O4	3	M	Bilingual	G130	06/09/2018	89100	1280 x 720		Raw Data	Ord4_T4_R.avi	190	0	900	720									58623	10:16:47.644	1536226381417310															0	4746		Fixation	8	534	423	1.96	316.84	201.67																				7033	702	328	724	423	713	375	523	375	281.80	157.67	290.59	119.69	286.19	138.68	293.61	201.69	738.83	338.66	200.77	735.76					764.43	764.43	4.07	4.58	0	0				
07/12/2018	3.3.2	Gaze Project	O4	3	M	Bilingual	G130	06/09/2018	89100	1280 x 720		Raw Data	Ord4_T4_R.avi	190	0	900	720									58632	10:16:47.652	1536226381425674															0	4747		Fixation	8	525	374	1.55	100.37	143.54																				7034	715	431	715	374	715	402	525	402	286.82	116.42	287.18	139.25	287.00	127.83	293.60	201.78	738.93	338.70	201.11	736.60					764.56	764.56	4.34	4.40	0	0				
07/12/2018	3.3.2	Gaze Project	O4	3	M	Bilingual	G130	06/09/2018	89100	1280 x 720		Raw Data	Ord4_T4_R.avi	190	0	900	720									58640	10:16:47.661	1536226381433933															0			Unclassified	8																									7035	730	380			730	380	540	380	292.91	136.96					293.52	201.95	738.86		-34.01						764.54		4.07		0	4				
07/12/2018	3.3.2	Gaze Project	O4	3	M	Bilingual	G130	06/09/2018	89100	1280 x 720		Raw Data	Ord4_T4_R.avi	190	0	900	720									58648	10:16:47.669	1536226381442279															0	4748		Fixation	8	576	309	2.56	51.97	311.60																				7036	709	301	766	309	737	305	547	305	284.66	168.77	307.61	165.71	296.14	167.24	293.46	202.00	738.84	338.77	201.75	738.18					764.53	764.53	3.88	4.40	0	0				
07/12/2018	3.3.2	Gaze Project	O4	3	M	Bilingual	G130	06/09/2018	89100	1280 x 720		Raw Data	Ord4_T4_R.avi	190	0	900	720									58657	10:16:47.677	1536226381450626															0	4749		Fixation	8	494	411	4.05	231.29	179.32																				7037	728	361	684	411	706	386	516	386	292.19	144.58	274.62	124.27	283.41	134.43	293.59	202.55	740.81	338.63	201.23	736.37					766.58	766.58	4.13	4.54	0	0				
07/12/2018	3.3.2	Gaze Project	O4	3	M	Bilingual	G130	06/09/2018	89100	1280 x 720		Raw Data	Ord4_T4_R.avi	190	0	900	720									58665	10:16:47.686	1536226381458982															0	4750		Fixation	8	509	463	1.67	286.04	54.75																				7038	680	358	699	463	689	410	499	410	272.99	145.94	280.60	103.31	276.79	124.62	293.65	202.72	740.74	338.59	201.17	736.39					766.57	766.57	4.26	4.67	0	0				
07/12/2018	3.3.2	Gaze Project	O4	3	M	Bilingual	G130	06/09/2018	89100	1280 x 720		Raw Data	Ord4_T4_R.avi	190	0	900	720									58673	10:16:47.694	1536226381467343															0	4751		Fixation	8	468	408	2.12	126.61	200.57																				7039	730	361	658	408	694	384	504	384	293.22	144.58	264.28	125.78	278.75	135.18	293.50	202.92	741.70	338.58	201.77	737.64					767.54	767.54	4.27	4.65	0	0				
07/12/2018	3.3.2	Gaze Project	O4	3	M	Bilingual	G130	06/09/2018	89100	1280 x 720		Raw Data	Ord4_T4_R.avi	190	0	900	720									58682	10:16:47.702	1536226381475597															0	4752		Fixation	8	379	166	7.43	110.13	343.52																				7040	543	384	569	166	556	275	366	275	217.93	135.45	228.46	223.05	223.19	179.25	293.35	209.31	761.62	355.21	236.96	844.61					788.42	788.42	4.54	5.12	0	0				
07/12/2018	3.3.2	Gaze Project	O4	3	M	Bilingual	G130	06/09/2018	89100	1280 x 720		Raw Data	Ord4_T4_R.avi	190	0	900	720									58690	10:16:47.711	1536226381483936															0	4753		Fixation	8	287	417	7.60	249.93	139.80																				7041	464	430	477	417	470	423	280	423	186.44	116.64	191.55	121.90	189.00	119.27	293.11	209.81	763.22	338.09	202.22	738.87					790.09	790.09	4.56	4.57	0	0				
07/12/2018	3.3.2	Gaze Project	O4	3	M	Bilingual	G130	06/09/2018	89100	1280 x 720		Raw Data	Ord4_T4_R.avi	190	0	900	720									58698	10:16:47.719	1536226381492283															0			Unclassified	8																									7042	372	451			372	451	182	451	149.33	108.17					292.86	209.10	761.18		-34.01						787.92		4.46		0	4				
07/12/2018	3.3.2	Gaze Project	O4	3	M	Bilingual	G130	06/09/2018	89100	1280 x 720		Raw Data	Ord4_T4_R.avi	190	0	900	720									58707	10:16:47.727	1536226381500653															0	4754		Fixation	8	19	483	7.69	193.88	303.95																				7043			209	483	209	483	19	483			83.83	95.36						339.96	215.71	780.58						0.00		5.07	4	0				
07/12/2018	3.3.2	Gaze Project	O4	3	M	Bilingual	G130	06/09/2018	89100	1280 x 720		Raw Data	Ord4_T4_R.avi	190	0	900	720									58715	10:16:47.736	1536226381508931															0	4755		Fixation	8			2.02	233.07	39.19																				7044	112	559	163	544	137	551			44.91	65.02	65.32	71.04	55.11	68.03	292.12	202.81	741.75	338.63	210.88	765.85					767.48	767.48	4.31	4.85	0	0				
07/12/2018	3.3.2	Gaze Project	O4	3	M	Bilingual	G130	06/09/2018	89100	1280 x 720		Raw Data	Ord4_T4_R.avi	190	0	900	720									58723	10:16:47.744	1536226381517266															0			Unclassified	8																									7045																			-34.01										4	4				
07/12/2018	3.3.2	Gaze Project	O4	3	M	Bilingual	G130	06/09/2018	89100	1280 x 720		Raw Data	Ord4_T4_R.avi	190	0	900	720									58732	10:16:47.752	1536226381525608															0	4756		Fixation	8			7.87	161.57	288.50																				7046	-61	614	-123	449	-92	531			-24.52	42.64	-49.18	109.29	-36.85	75.96	291.52	200.10	735.10	336.22	202.38	739.41					760.30	760.30	4.28	3.83	0	0				
07/12/2018	3.3.2	Gaze Project	O4	3	M	Bilingual	G130	06/09/2018	89100	1280 x 720		Raw Data	Ord4_T4_R.avi	190	0	900	720									58740	10:16:47.761	1536226381533972															0			Unclassified	8																									7047	-316	594			-316	594			-126.74	50.76					291.12	203.18	744.54		-34.01						770.20		3.81		0	4				
07/12/2018	3.3.2	Gaze Project	O4	3	M	Bilingual	G130	06/09/2018	89100	1280 x 720		Raw Data	Ord4_T4_R.avi	190	0	900	720									58748	10:16:47.769	1536226381542323															0	4757		Fixation	8			4.52	264.24	102.67																				7048	-227	604	-140	617	-183	610			-90.96	46.53	-56.15	41.53	-73.55	44.03	290.72	203.40	745.56	335.45	202.96	740.76					771.22	771.22	3.83	4.23	0	0				
07/12/2018	3.3.2	Gaze Project	O4	3	M	Bilingual	G130	06/09/2018	89100	1280 x 720		Raw Data	Ord4_T4_R.avi	190	0	900	720									58757	10:16:47.777	1536226381550590															0	4758		Fixation	8			0.58	151.11	246.87																				7049	-282	609	-160	606	-221	607			-113.15	44.75	-64.06	46.11	-88.60	45.43	290.32	203.47	746.02	334.99	202.96	740.76					771.66	771.66	3.85	4.17	0	0				
07/12/2018	3.3.2	Gaze Project	O4	3	M	Bilingual	G130	06/09/2018	89100	1280 x 720		Raw Data	Ord4_T4_R.avi	190	0	900	720									58765	10:16:47.786	1536226381558923															0	4759		Fixation	8			1.82	322.54	171.43																				7050	-434	601	-105	648	-269	624			-174.26	47.88	-42.29	28.88	-108.27	38.38	289.93	203.54	745.99	333.46	201.00	733.72					771.64	771.64	3.77	4.12	0	0				
07/12/2018	3.3.2	Gaze Project	O4	3	M	Bilingual	G130	06/09/2018	89100	1280 x 720		Raw Data	Ord4_T4_R.avi	190	0	900	720									58773	10:16:47.794	1536226381567276															0			Unclassified	8																									7051	-264	621			-264	621			-106.11	39.98					289.39	203.65	746.99		-34.01						772.60		3.95		0	4				
07/12/2018	3.3.2	Gaze Project	O4	3	M	Bilingual	G130	06/09/2018	89100	1280 x 720		Raw Data	Ord4_T4_R.avi	190	0	900	720									58782	10:16:47.802	1536226381575639															0			Unclassified	8																									7052	-254	635			-254	635			-102.03	34.39					288.92	203.61	747.06		-34.01						772.64		3.97		0	4				
07/12/2018	3.3.2	Gaze Project	O4	3	M	Bilingual	G130	06/09/2018	89100	1280 x 720		Raw Data	Ord4_T4_R.avi	190	0	900	720									58790	10:16:47.811	1536226381583993															0			Unclassified	8																									7053	-123	656			-123	656			-49.39	25.91					288.36	203.45	747.13		-34.01						772.63		4.06		0	4				
07/12/2018	3.3.2	Gaze Project	O4	3	M	Bilingual	G130	06/09/2018	89100	1280 x 720		Raw Data	Ord4_T4_R.avi	190	0	900	720									58798	10:16:47.819	1536226381592253															0	4760		Fixation	8			0.91	248.56	286.02																				7054	-290	637	-118	681	-204	659			-116.37	33.42	-47.38	15.64	-81.87	24.53	287.88	203.96	748.51	331.38	197.76	723.24					774.08	774.08	3.98	4.29	0	0				
07/12/2018	3.3.2	Gaze Project	O4	3	M	Bilingual	G130	06/09/2018	89100	1280 x 720		Raw Data	Ord4_T4_R.avi	190	0	900	720									58807	10:16:47.827	1536226381600586															0	4761		Fixation	8			0.55	54.25	165.69																				7055	-162	698	-105	663	-133	680			-65.10	8.84	-42.24	22.86	-53.67	15.85	287.49	198.10	731.00	330.93	198.53	725.30					755.61	755.61	4.06	4.24	0	0				
07/12/2018	3.3.2	Gaze Project	O4	3	M	Bilingual	G130	06/09/2018	89100	1280 x 720		Raw Data	Ord4_T4_R.avi	190	0	900	720									58815	10:16:47.836	1536226381608947															0			Unclassified	8																									7056	-290	632			-290	632			-116.47	35.63					286.87	203.99	748.98		-34.01						774.49		3.97		0	4				
07/12/2018	3.3.2	Gaze Project	O4	3	M	Bilingual	G130	06/09/2018	89100	1280 x 720		Raw Data	Ord4_T4_R.avi	190	0	900	720									58823	10:16:47.844	1536226381617292															0	4762		Fixation	8			0.88	12.92	318.67																				7057	-242	582	-70	655	-156	618			-97.17	55.51	-27.93	26.09	-62.55	40.80	286.38	204.25	749.90	329.66	197.67	722.17					775.43	775.43	4.06	4.24	0	0				
07/12/2018	3.3.2	Gaze Project	O4	3	M	Bilingual	G130	06/09/2018	89100	1280 x 720		Raw Data	Ord4_T4_R.avi	190	0	900	720									58832	10:16:47.852	1536226381625570															0	4763		Fixation	8			1.63	175.59	162.67																				7058	-111	679	-135	650	-123	664			-44.66	16.50	-54.05	28.29	-49.36	22.39	286.06	198.87	733.88	329.23	198.24	723.72					758.54	758.54	4.13	4.28	0	0				
07/12/2018	3.3.2	Gaze Project	O4	3	M	Bilingual	G130	06/09/2018	89100	1280 x 720		Raw Data	Ord4_T4_R.avi	190	0	900	720									58840	10:16:47.861	1536226381633936															0	4764		Fixation	8			7.09	165.46	349.87																				7059	-102	684	-425	575	-263	629			-41.08	14.33	-170.52	58.41	-105.80	36.37	285.62	199.31	735.38	329.61	204.29	741.55					760.08	760.08	4.13	3.67	0	0				
07/12/2018	3.3.2	Gaze Project	O4	3	M	Bilingual	G130	06/09/2018	89100	1280 x 720		Raw Data	Ord4_T4_R.avi	190	0	900	720									58848	10:16:47.869	1536226381642259															0			Unclassified	8																									7060	-146	668			-146	668			-58.46	20.87					285.22	199.49	736.06		-34.01						760.77		4.17		0	4				
07/12/2018	3.3.2	Gaze Project	O4	3	M	Bilingual	G130	06/09/2018	89100	1280 x 720		Raw Data	Ord4_T4_R.avi	190	0	900	720									58857	10:16:47.877	1536226381650606															0	4765		Fixation	8			6.65	341.25	175.80																				7061	-298	569	-159	665	-228	617			-119.54	60.97	-63.94	21.95	-91.74	41.46	284.69	204.60	751.54	328.68	204.27	741.56					777.03	777.03	4.11	4.30	0	0				
07/12/2018	3.3.2	Gaze Project	O4	3	M	Bilingual	G130	06/09/2018	89100	1280 x 720		Raw Data	Ord4_T4_R.avi	190	0	900	720									58865	10:16:47.886	1536226381658970															0	4766		Fixation	8			1.46	62.64	81.38																				7062	-342	650	-132	613	-237	631			-137.12	28.01	-52.80	42.97	-94.96	35.49	284.35	204.75	752.17	328.28	204.30	741.55					777.67	777.67	4.09	4.39	0	0				
07/12/2018	3.3.2	Gaze Project	O4	3	M	Bilingual	G130	06/09/2018	89100	1280 x 720		Raw Data	Ord4_T4_R.avi	190	0	900	720									58873	10:16:47.894	1536226381667239															0			Unclassified	8																									7063																			-34.01										4	4				
07/12/2018	3.3.2	Gaze Project	O4	3	M	Bilingual	G130	06/09/2018	89100	1280 x 720		Raw Data	Ord4_T4_R.avi	190	0	900	720									58882	10:16:47.902	1536226381675576															0	4767		Fixation	8			1.90	298.34	235.70																				7064			-99	674	-99	674					-39.87	18.46						326.94	199.21	725.91						0.00		4.27	4	0				
07/12/2018	3.3.2	Gaze Project	O4	3	M	Bilingual	G130	06/09/2018	89100	1280 x 720		Raw Data	Ord4_T4_R.avi	190	0	900	720									58890	10:16:47.911	1536226381683927															0			Unclassified	8																									7065	-648	417			-648	417			-260.11	121.89					288.75	225.82	816.73		-34.01						845.70		3.78		0	4				
07/12/2018	3.3.2	Gaze Project	O4	3	M	Bilingual	G130	06/09/2018	89100	1280 x 720		Raw Data	Ord4_T4_R.avi	190	0	900	720									58898	10:16:47.919	1536226381692290															0	4768		Fixation	8			2.52	160.60	222.26																				7066	-274	603	-193	641	-233	622			-109.82	46.98	-77.35	31.87	-93.58	39.43	283.35	204.94	752.91	327.16	204.37	741.52					778.39	778.39	4.37	4.20	0	0				
07/12/2018	3.3.2	Gaze Project	O4	3	M	Bilingual	G130	06/09/2018	89100	1280 x 720		Raw Data	Ord4_T4_R.avi	190	0	900	720									58907	10:16:47.927	1536226381700568															0			Unclassified	8																									7067	-126	649			-126	649			-50.74	28.78					283.17	204.83	752.95		-34.01						778.39		4.42		0	4				
07/12/2018	3.3.2	Gaze Project	O4	3	M	Bilingual	G130	06/09/2018	89100	1280 x 720		Raw Data	Ord4_T4_R.avi	190	0	900	720									58915	10:16:47.936	1536226381708905															0			Unclassified	8																									7068																			-34.01										4	4				
07/12/2018	3.3.2	Gaze Project	O4	3	M	Bilingual	G130	06/09/2018	89100	1280 x 720		Raw Data	Ord4_T4_R.avi	190	0	900	720									58923	10:16:47.944	1536226381717243															0			Unclassified	8																									7069																			-34.01										4	4				
07/12/2018	3.3.2	Gaze Project	O4	3	M	Bilingual	G130	06/09/2018	89100	1280 x 720		Raw Data	Ord4_T4_R.avi	190	0	900	720									58932	10:16:47.952	1536226381725602															0			Unclassified	8																									7070	-733	521			-733	521			-294.11	80.28					288.86	229.02	826.70		-34.01						856.16		4.25		0	4				
07/12/2018	3.3.2	Gaze Project	O4	3	M	Bilingual	G130	06/09/2018	89100	1280 x 720		Raw Data	Ord4_T4_R.avi	190	0	900	720									58940	10:16:47.961	1536226381733956															0	4769		Fixation	8			0.56	326.22	165.63																				7071	-221	693	-175	653	-198	673			-88.90	10.78	-70.37	26.79	-79.64	18.78	282.92	205.33	754.20	326.19	200.20	728.55					779.72	779.72	4.15	4.26	0	0				
07/12/2018	3.3.2	Gaze Project	O4	3	M	Bilingual	G130	06/09/2018	89100	1280 x 720		Raw Data	Ord4_T4_R.avi	190	0	900	720									58948	10:16:47.969	1536226381742226															0	4770		Fixation	8			0.61	311.33	345.11																				7072	-231	681	-160	670	-195	675			-92.73	15.87	-64.27	20.05	-78.50	17.96	283.05	201.82	743.81	326.07	199.35	725.98					768.77	768.77	4.05	4.19	0	0				
07/12/2018	3.3.2	Gaze Project	O4	3	M	Bilingual	G130	06/09/2018	89100	1280 x 720		Raw Data	Ord4_T4_R.avi	190	0	900	720									58957	10:16:47.977	1536226381750572															0	4771		Fixation	8			0.73	237.46	286.13																				7073			-176	695	-176	695					-70.75	10.14						326.16	199.79	727.34						0.00		4.21	4	0				
07/12/2018	3.3.2	Gaze Project	O4	3	M	Bilingual	G130	06/09/2018	89100	1280 x 720		Raw Data	Ord4_T4_R.avi	190	0	900	720									58965	10:16:47.986	1536226381758918															0	4772		Fixation	8			0.88	100.59	223.12																				7074	-464	451	-182	663	-323	557			-186.26	108.34	-73.17	22.86	-129.72	65.60	285.60	216.18	787.46	326.25	200.24	728.77					814.78	814.78	3.87	4.29	0	0				
07/12/2018	3.3.2	Gaze Project	O4	3	M	Bilingual	G130	06/09/2018	89100	1280 x 720		Raw Data	Ord4_T4_R.avi	190	0	900	720									58973	10:16:47.994	1536226381767272															0	4773		Fixation	8			2.22	302.44	201.86																				7075	-798	529	-138	732	-468	630			-320.33	76.86	-55.59	-4.89	-187.96	35.98	289.25	230.45	831.53	326.16	199.28	725.88					861.21	861.21	4.35	4.21	0	0				
07/12/2018	3.3.2	Gaze Project	O4	3	M	Bilingual	G130	06/09/2018	89100	1280 x 720		Raw Data	Ord4_T4_R.avi	190	0	900	720									58982	10:16:48.002	1536226381775625															0			Unclassified	8																									7076	-216	686			-216	686			-86.65	13.62					283.11	201.48	743.28		-34.01						768.16		4.16		0	4				
07/12/2018	3.3.2	Gaze Project	O4	3	M	Bilingual	G130	06/09/2018	89100	1280 x 720		Raw Data	Ord4_T4_R.avi	190	0	900	720									58990	10:16:48.011	1536226381783894															0	4774		Fixation	8			2.16	76.84	134.40																				7077	-359	638	-119	651	-239	644			-143.91	33.01	-47.58	27.82	-95.74	30.41	282.99	204.85	753.52	326.27	199.56	726.97					778.94	778.94	4.00	4.35	0	0				
07/12/2018	3.3.2	Gaze Project	O4	3	M	Bilingual	G130	06/09/2018	89100	1280 x 720		Raw Data	Ord4_T4_R.avi	190	0	900	720									58998	10:16:48.019	1536226381792206															0	4775		Fixation	8			2.24	171.75	94.91																				7078	-159	666	-209	638	-184	652			-63.63	21.90	-84.04	33.17	-73.84	27.53	283.19	199.92	738.86	326.31	199.65	727.39					763.49	763.49	4.21	4.13	0	0				
07/12/2018	3.3.2	Gaze Project	O4	3	M	Bilingual	G130	06/09/2018	89100	1280 x 720		Raw Data	Ord4_T4_R.avi	190	0	900	720									59007	10:16:48.027	1536226381800569															0			Unclassified	8																									7079																			-34.01										4	4				
07/12/2018	3.3.2	Gaze Project	O4	3	M	Bilingual	G130	06/09/2018	89100	1280 x 720		Raw Data	Ord4_T4_R.avi	190	0	900	720									59015	10:16:48.036	1536226381808942															0	4776		Fixation	8			2.08	334.31	162.56																				7080	-295	639	-136	673	-215	656			-118.22	32.58	-54.52	18.73	-86.37	25.66	283.00	204.67	753.71	326.25	199.11	726.12					779.06	779.06	3.81	4.26	0	0				
07/12/2018	3.3.2	Gaze Project	O4	3	M	Bilingual	G130	06/09/2018	89100	1280 x 720		Raw Data	Ord4_T4_R.avi	190	0	900	720									59023	10:16:48.044	1536226381817218															0	4777		Fixation	8			0.79	243.51	269.20																				7081			-150	701	-150	701					-60.14	7.65						326.25	199.09	726.23						0.00		4.24	4	0				
07/12/2018	3.3.2	Gaze Project	O4	3	M	Bilingual	G130	06/09/2018	89100	1280 x 720		Raw Data	Ord4_T4_R.avi	190	0	900	720									59032	10:16:48.052	1536226381825544															0			Unclassified	8																									7082	-159	666			-159	666			-64.00	21.57					283.09	200.42	741.43		-34.01						766.09		4.09		0	4				
07/12/2018	3.3.2	Gaze Project	O4	3	M	Bilingual	G130	06/09/2018	89100	1280 x 720		Raw Data	Ord4_T4_R.avi	190	0	900	720									59040	10:16:48.061	1536226381833898															0	4778		Fixation	8			2.06	66.68	183.17																				7083	-275	605	-118	627	-196	616			-110.43	46.13	-47.17	37.34	-78.80	41.74	282.89	204.61	754.26	326.24	199.33	727.38					779.56	779.56	3.95	4.21	0	0				
07/12/2018	3.3.2	Gaze Project	O4	3	M	Bilingual	G130	06/09/2018	89100	1280 x 720		Raw Data	Ord4_T4_R.avi	190	0	900	720									59048	10:16:48.069	1536226381842251															0	4779		Fixation	8			2.31	203.50	136.81																				7084	-152	664	-208	666	-180	665			-60.95	22.69	-83.58	21.71	-72.26	22.20	283.03	199.31	738.44	326.20	199.41	727.75					762.90	762.90	4.04	4.09	0	0				
07/12/2018	3.3.2	Gaze Project	O4	3	M	Bilingual	G130	06/09/2018	89100	1280 x 720		Raw Data	Ord4_T4_R.avi	190	0	900	720									59057	10:16:48.077	1536226381850607															0			Unclassified	8																									7085	-140	647			-140	647			-56.02	29.36					282.97	199.32	738.68		-34.01						763.13		4.20		0	4				
07/12/2018	3.3.2	Gaze Project	O4	3	M	Bilingual	G130	06/09/2018	89100	1280 x 720		Raw Data	Ord4_T4_R.avi	190	0	900	720									59065	10:16:48.086	1536226381858870															0	4780		Fixation	8			1.62	356.57	153.08																				7086	-154	656	-141	670	-147	663			-61.97	25.66	-56.63	20.06	-59.30	22.86	282.95	198.31	735.71	326.07	199.11	727.14					759.99	759.99	4.05	4.10	0	0				
07/12/2018	3.3.2	Gaze Project	O4	3	M	Bilingual	G130	06/09/2018	89100	1280 x 720		Raw Data	Ord4_T4_R.avi	190	0	900	720									59073	10:16:48.094	1536226381867223															0	4781		Fixation	8			0.91	30.01	33.44																				7087	-283	641	-108	651	-195	646			-113.62	31.75	-43.41	27.77	-78.51	29.76	282.65	204.25	753.87	326.11	199.90	729.68					779.07	779.07	4.00	4.26	0	0				
07/12/2018	3.3.2	Gaze Project	O4	3	M	Bilingual	G130	06/09/2018	89100	1280 x 720		Raw Data	Ord4_T4_R.avi	190	0	900	720									59082	10:16:48.102	1536226381875560															0			Unclassified	8																									7088	-376	546			-376	546			-150.90	69.95					287.32	223.38	812.75		-34.01						841.10		3.81		0	4				
07/12/2018	3.3.2	Gaze Project	O4	3	M	Bilingual	G130	06/09/2018	89100	1280 x 720		Raw Data	Ord4_T4_R.avi	190	0	900	720									59090	10:16:48.111	1536226381883923															0	4782		Fixation	8			1.90	336.21	306.20																				7089	-313	614	-42	680	-177	647			-125.50	42.55	-16.93	15.99	-71.21	29.27	282.50	204.06	753.95	325.88	199.11	727.53					779.09	779.09	3.38	4.32	0	0				
07/12/2018	3.3.2	Gaze Project	O4	3	M	Bilingual	G130	06/09/2018	89100	1280 x 720		Raw Data	Ord4_T4_R.avi	190	0	900	720									59098	10:16:48.119	1536226381892275															0	4783		Fixation	8			2.51	147.59	171.37																				7090	-282	616	-121	630	-201	623			-113.07	41.86	-48.67	36.22	-80.87	39.04	282.45	204.14	753.90	325.84	199.28	728.14					779.07	779.07	3.96	4.17	0	0				
07/12/2018	3.3.2	Gaze Project	O4	3	M	Bilingual	G130	06/09/2018	89100	1280 x 720		Raw Data	Ord4_T4_R.avi	190	0	900	720									59107	10:16:48.127	1536226381900542															0			Unclassified	8																									7091	-265	632			-265	632			-106.28	35.25					282.40	204.02	753.67		-34.01						778.80		3.96		0	4				
07/12/2018	3.3.2	Gaze Project	O4	3	M	Bilingual	G130	06/09/2018	89100	1280 x 720		Raw Data	Ord4_T4_R.avi	190	0	900	720									59115	10:16:48.136	1536226381908873															0	4784		Fixation	8			0.75	229.08	81.50																				7092	-288	664	-141	653	-214	658			-115.80	22.43	-56.63	26.89	-86.22	24.66	282.34	203.82	753.19	325.66	198.84	727.01					778.28	778.28	3.88	4.25	0	0				
07/12/2018	3.3.2	Gaze Project	O4	3	M	Bilingual	G130	06/09/2018	89100	1280 x 720		Raw Data	Ord4_T4_R.avi	190	0	900	720									59123	10:16:48.144	1536226381917233															0	4785		Fixation	8			1.18	5.97	136.88																				7093	-394	574	-93	648	-243	611			-158.35	58.91	-37.35	29.07	-97.85	43.99	284.18	211.91	777.90	325.76	200.02	730.67					804.33	804.33	3.81	4.25	0	0				
07/12/2018	3.3.2	Gaze Project	O4	3	M	Bilingual	G130	06/09/2018	89100	1280 x 720		Raw Data	Ord4_T4_R.avi	190	0	900	720									59132	10:16:48.152	1536226381925591															0	4786		Fixation	8			0.81	271.90	265.94																				7094	-248	617	-92	678	-170	647			-99.67	41.54	-37.01	16.74	-68.34	29.14	282.21	203.87	753.59	325.57	199.09	727.95					778.68	778.68	3.89	4.26	0	0				
07/12/2018	3.3.2	Gaze Project	O4	3	M	Bilingual	G130	06/09/2018	89100	1280 x 720		Raw Data	Ord4_T4_R.avi	190	0	900	720									59140	10:16:48.161	1536226381933860															0			Unclassified	8																									7095																			-34.01										4	4				
07/12/2018	3.3.2	Gaze Project	O4	3	M	Bilingual	G130	06/09/2018	89100	1280 x 720		Raw Data	Ord4_T4_R.avi	190	0	900	720									59148	10:16:48.169	1536226381942208															0	4787		Fixation	8			1.12	5.10	93.19																				7096	-685	563	-47	674	-366	618			-275.02	63.30	-19.02	18.35	-147.02	40.82	286.89	223.26	813.31	325.40	198.84	727.32					841.59	841.59	3.98	4.14	0	0				
07/12/2018	3.3.2	Gaze Project	O4	3	M	Bilingual	G130	06/09/2018	89100	1280 x 720		Raw Data	Ord4_T4_R.avi	190	0	900	720									59157	10:16:48.177	1536226381950546															0	4788		Fixation	8			2.07	175.80	170.71																				7097			-129	668	-129	668					-51.76	21.06						325.34	198.92	727.60						0.00		4.19	4	0				
07/12/2018	3.3.2	Gaze Project	O4	3	M	Bilingual	G130	06/09/2018	89100	1280 x 720		Raw Data	Ord4_T4_R.avi	190	0	900	720									59165	10:16:48.186	1536226381958910															0			Unclassified	8																									7098	-240	636			-240	636			-96.17	33.85					281.97	203.65	753.31		-34.01						778.34		3.94		0	4				
07/12/2018	3.3.2	Gaze Project	O4	3	M	Bilingual	G130	06/09/2018	89100	1280 x 720		Raw Data	Ord4_T4_R.avi	190	0	900	720									59173	10:16:48.194	1536226381967260															0			Unclassified	8																									7099	-170	710			-170	710			-68.41	4.16					282.08	199.05	739.55		-34.01						763.84		4.13		0	4				
07/12/2018	3.3.2	Gaze Project	O4	3	M	Bilingual	G130	06/09/2018	89100	1280 x 720		Raw Data	Ord4_T4_R.avi	190	0	900	720									59182	10:16:48.202	1536226381975532															0	4789		Fixation	8			0.99	292.92	117.12																				7100	-294	673	-115	701	-204	687			-118.08	18.89	-46.24	7.84	-82.16	13.36	281.81	203.65	753.52	325.03	198.25	725.74					778.53	778.53	3.91	4.29	0	0				
07/12/2018	3.3.2	Gaze Project	O4	3	M	Bilingual	G130	06/09/2018	89100	1280 x 720		Raw Data	Ord4_T4_R.avi	190	0	900	720									59190	10:16:48.211	1536226381983869															0	4790		Fixation	8			1.14	99.66	166.74																				7101	-313	648	-122	660	-217	654			-125.55	28.99	-48.88	24.27	-87.21	26.63	281.85	203.71	753.49	324.96	198.60	726.84					778.52	778.52	4.44	4.22	0	0				
07/12/2018	3.3.2	Gaze Project	O4	3	M	Bilingual	G130	06/09/2018	89100	1280 x 720		Raw Data	Ord4_T4_R.avi	190	0	900	720									59198	10:16:48.219	1536226381992217															0			Unclassified	8																									7102	-200	717			-200	717			-80.29	1.20					281.53	203.42	753.61		-34.01						778.54		4.38		0	4				
07/12/2018	3.3.2	Gaze Project	O4	3	M	Bilingual	G130	06/09/2018	89100	1280 x 720		Raw Data	Ord4_T4_R.avi	190	0	900	720									59207	10:16:48.227	1536226382000578															0	4791		Fixation	8			4.60	200.85	101.19																				7103			-309	731	-309	731					-123.89	-4.56						323.79	193.50	711.65						0.00		4.04	4	0				
07/12/2018	3.3.2	Gaze Project	O4	3	M	Bilingual	G130	06/09/2018	89100	1280 x 720		Raw Data	Ord4_T4_R.avi	190	0	900	720									59215	10:16:48.236	1536226382008929															0			Unclassified	8																									7104	-631	677			-631	677			-253.43	17.36					281.25	204.94	758.76		-34.01						783.89		4.06		0	4				
07/12/2018	3.3.2	Gaze Project	O4	3	M	Bilingual	G130	06/09/2018	89100	1280 x 720		Raw Data	Ord4_T4_R.avi	190	0	900	720									59223	10:16:48.244	1536226382017199															0	4792		Fixation	8			3.16	205.25	4.40																				7105	-768	730	-443	794	-605	762			-308.11	-4.05	-177.63	-29.63	-242.87	-16.84	280.78	204.67	758.87	321.85	183.06	680.10					783.90	783.90	4.23	3.75	0	0				
07/12/2018	3.3.2	Gaze Project	O4	3	M	Bilingual	G130	06/09/2018	89100	1280 x 720		Raw Data	Ord4_T4_R.avi	190	0	900	720									59232	10:16:48.252	1536226382025528															0	4793		Fixation	8			0.82	236.40	31.14																				7106	-600	811	-463	824	-531	817			-240.98	-36.46	-185.77	-42.08	-213.38	-39.27	282.25	172.55	659.57	319.68	167.64	633.05					679.64	679.64	3.65	3.51	0	0				
07/12/2018	3.3.2	Gaze Project	O4	3	M	Bilingual	G130	06/09/2018	89100	1280 x 720		Raw Data	Ord4_T4_R.avi	190	0	900	720									59240	10:16:48.261	1536226382033885															0	4794		Fixation	8			0.11	0.00	123.60																				7107	-782	821	-458	824	-620	822			-313.92	-40.83	-183.76	-41.80	-248.84	-41.32	281.43	181.27	687.11	317.83	154.86	594.00					708.49	708.49	3.71	3.14	0	0				
07/12/2018	3.3.2	Gaze Project	O4	3	M	Bilingual	G130	06/09/2018	89100	1280 x 720		Raw Data	Ord4_T4_R.avi	190	0	900	720									59248	10:16:48.269	1536226382042242															0			Unclassified	8																									7108	-1491	882	-607	874	-1049	878			-598.39	-65.29	-243.52	-62.13	-420.96	-63.71	280.23	202.15	751.92	267.91	151.94	595.18					776.50	776.50	4.08	2.96	1	3				
07/12/2018	3.3.2	Gaze Project	O4	3	M	Bilingual	G130	06/09/2018	89100	1280 x 720		Raw Data	Ord4_T4_R.avi	190	0	900	720									59257	10:16:48.277	1536226382050522															0	4795		Fixation	8			11.27	174.19	174.19																				7109	-775	817	-1050	764	-912	790			-311.02	-39.18	-421.34	-17.55	-366.18	-28.36	280.71	181.53	688.77	323.11	204.57	745.19					710.12	710.12	3.99	3.83	0	0				
07/12/2018	3.3.2	Gaze Project	O4	3	M	Bilingual	G130	06/09/2018	89100	1280 x 720		Raw Data	Ord4_T4_R.avi	190	0	900	720									59265	10:16:48.286	1536226382058860															0	4796		Fixation	8			3.15	345.46	171.26																				7110	-753	847	-876	809	-814	828			-302.06	-51.23	-351.64	-35.91	-326.85	-43.57	280.24	182.23	691.39	322.22	204.30	744.61					712.82	712.82	3.76	3.88	0	0				
07/12/2018	3.3.2	Gaze Project	O4	3	M	Bilingual	G130	06/09/2018	89100	1280 x 720		Raw Data	Ord4_T4_R.avi	190	0	900	720									59273	10:16:48.294	1536226382067196															0	4797		Fixation	8			0.65	209.82	224.37																				7111			-911	829	-911	829					-365.53	-43.71						321.81	204.74	745.32						0.00		4.03	4	0				
07/12/2018	3.3.2	Gaze Project	O4	3	M	Bilingual	G130	06/09/2018	89100	1280 x 720		Raw Data	Ord4_T4_R.avi	190	0	900	720									59282	10:16:48.302	1536226382075556															0	4798		Fixation	8			9.62	358.84	149.01																				7112			-417	839	-417	839					-167.39	-48.00						315.42	154.09	590.87						0.00		3.28	4	0				
07/12/2018	3.3.2	Gaze Project	O4	3	M	Bilingual	G130	06/09/2018	89100	1280 x 720		Raw Data	Ord4_T4_R.avi	190	0	900	720									59290	10:16:48.311	1536226382083912															0	4799		Fixation	8			0.99	177.33	178.49																				7113			-460	837	-460	837					-184.80	-47.12						314.77	154.29	591.28						0.00		3.22	4	0				
07/12/2018	3.3.2	Gaze Project	O4	3	M	Bilingual	G130	06/09/2018	89100	1280 x 720		Raw Data	Ord4_T4_R.avi	190	0	900	720									59298	10:16:48.319	1536226382092177															0	4800		Fixation	8			11.23	177.03	359.70																				7114	-1549	866	-1060	806	-1304	836			-621.78	-58.60	-425.45	-34.63	-523.62	-46.62	276.89	202.16	754.54	319.32	204.56	744.03					778.91	778.91	4.16	3.94	0	0				
07/12/2018	3.3.2	Gaze Project	O4	3	M	Bilingual	G130	06/09/2018	89100	1280 x 720		Raw Data	Ord4_T4_R.avi	190	0	900	720									59306	10:16:48.327	1536226382100508															0	4801		Fixation	8			0.43	290.16	113.13																				7115	-771	868	-1053	825	-912	846			-309.36	-59.40	-422.81	-42.16	-366.09	-50.78	277.18	184.43	700.08	318.29	204.52	743.64					721.67	721.67	3.71	4.00	0	0				
07/12/2018	3.3.2	Gaze Project	O4	3	M	Bilingual	G130	06/09/2018	89100	1280 x 720		Raw Data	Ord4_T4_R.avi	190	0	900	720									59315	10:16:48.336	1536226382108868															0	4802		Fixation	8			11.27	356.05	65.88																				7116			-458	866	-458	866					-183.81	-58.63						312.34	152.84	586.30						0.00		3.27	4	0				
07/12/2018	3.3.2	Gaze Project	O4	3	M	Bilingual	G130	06/09/2018	89100	1280 x 720		Raw Data	Ord4_T4_R.avi	190	0	900	720									59323	10:16:48.344	1536226382117229															0	4803		Fixation	8			10.94	178.72	182.68																				7117	-775	865	-1043	853	-909	859			-311.13	-58.53	-418.59	-53.66	-364.86	-56.10	276.11	180.77	689.43	316.49	204.93	744.12					710.38	710.38	3.75	4.14	0	0				
07/12/2018	3.3.2	Gaze Project	O4	3	M	Bilingual	G130	06/09/2018	89100	1280 x 720		Raw Data	Ord4_T4_R.avi	190	0	900	720									59332	10:16:48.352	1536226382125579															0	4804		Fixation	8			9.43	1.22	182.49																				7118	-740	862	-523	842	-631	852			-297.21	-57.34	-210.06	-49.03	-253.63	-53.18	275.41	180.87	690.12	310.77	153.94	589.42					711.05	711.05	3.42	3.29	0	0				
07/12/2018	3.3.2	Gaze Project	O4	3	M	Bilingual	G130	06/09/2018	89100	1280 x 720		Raw Data	Ord4_T4_R.avi	190	0	900	720									59340	10:16:48.361	1536226382133848															0	4805		Fixation	8			8.37	180.26	179.04																				7119	-773	877	-973	844	-873	860			-310.19	-63.40	-390.55	-50.09	-350.37	-56.75	274.73	180.72	690.11	314.09	204.80	743.91					710.98	710.98	3.54	4.18	0	0				
07/12/2018	3.3.2	Gaze Project	O4	3	M	Bilingual	G130	06/09/2018	89100	1280 x 720		Raw Data	Ord4_T4_R.avi	190	0	900	720									59348	10:16:48.369	1536226382142177															0	4806		Fixation	8			0.87	21.10	200.84																				7120	-680	883	-921	824	-800	853			-272.98	-65.61	-369.70	-41.69	-321.34	-53.65	274.27	178.17	682.56	313.02	204.78	743.85					703.00	703.00	3.46	4.22	0	0				
07/12/2018	3.3.2	Gaze Project	O4	3	M	Bilingual	G130	06/09/2018	89100	1280 x 720		Raw Data	Ord4_T4_R.avi	190	0	900	720									59357	10:16:48.377	1536226382150524															0	4807		Fixation	8			1.05	194.70	173.60																				7121	-693	886	-986	841	-839	863			-277.98	-66.75	-395.82	-48.54	-336.90	-57.64	273.44	180.02	688.85	311.90	204.81	743.94					709.54	709.54	3.44	4.20	0	0				
07/12/2018	3.3.2	Gaze Project	O4	3	M	Bilingual	G130	06/09/2018	89100	1280 x 720		Raw Data	Ord4_T4_R.avi	190	0	900	720									59365	10:16:48.386	1536226382158896															0	4808		Fixation	8			0.86	146.95	312.24																				7122	-733	907	-1023	817	-878	862			-294.40	-75.12	-410.68	-39.01	-352.54	-57.07	272.97	178.03	683.05	310.79	204.83	743.98					703.39	703.39	3.61	4.27	0	0				
07/12/2018	3.3.2	Gaze Project	O4	3	M	Bilingual	G130	06/09/2018	89100	1280 x 720		Raw Data	Ord4_T4_R.avi	190	0	900	720									59373	10:16:48.394	1536226382167164															0	4809		Fixation	8			1.37	202.21	55.26																				7123			-1109	852	-1109	852					-445.26	-53.22						309.79	204.91	744.23						0.00		4.21	4	0				
07/12/2018	3.3.2	Gaze Project	O4	3	M	Bilingual	G130	06/09/2018	89100	1280 x 720		Raw Data	Ord4_T4_R.avi	190	0	900	720									59381	10:16:48.402	1536226382175506															0	4810		Fixation	8			0.63	67.31	225.11																				7124	-561	797	-1096	821	-828	809			-225.38	-31.20	-439.77	-40.87	-332.58	-36.03	272.55	169.98	658.73	308.73	204.95	744.36					677.77	677.77	3.35	4.25	0	0				
07/12/2018	3.3.2	Gaze Project	O4	3	M	Bilingual	G130	06/09/2018	89100	1280 x 720		Raw Data	Ord4_T4_R.avi	190	0	900	720									59390	10:16:48.411	1536226382183850															0	4811		Fixation	8			3.18	343.83	276.52																				7125			-923	871	-923	871					-370.61	-60.79						307.50	204.93	744.31						0.00		4.33	4	0				
07/12/2018	3.3.2	Gaze Project	O4	3	M	Bilingual	G130	06/09/2018	89100	1280 x 720		Raw Data	Ord4_T4_R.avi	190	0	900	720									59398	10:16:48.419	1536226382192212															0	4812		Fixation	8			1.56	152.73	168.90																				7126	-609	866	-995	834	-802	850			-244.31	-58.87	-399.49	-45.73	-321.90	-52.30	271.29	170.83	662.31	306.52	205.01	744.51					681.42	681.42	3.19	4.32	0	0				
07/12/2018	3.3.2	Gaze Project	O4	3	M	Bilingual	G130	06/09/2018	89100	1280 x 720		Raw Data	Ord4_T4_R.avi	190	0	900	720									59407	10:16:48.427	1536226382200564															0	4813		Fixation	8			0.70	350.04	197.32																				7127			-955	841	-955	841					-383.54	-48.71						305.53	205.06	744.62						0.00		4.39	4	0				
07/12/2018	3.3.2	Gaze Project	O4	3	M	Bilingual	G130	06/09/2018	89100	1280 x 720		Raw Data	Ord4_T4_R.avi	190	0	900	720									59415	10:16:48.436	1536226382208820															0	4814		Fixation	8			1.79	184.57	194.53																				7128			-1068	850	-1068	850					-428.88	-52.47						304.52	204.97	744.33						0.00		4.28	4	0				
07/12/2018	3.3.2	Gaze Project	O4	3	M	Bilingual	G130	06/09/2018	89100	1280 x 720		Raw Data	Ord4_T4_R.avi	190	0	900	720									59423	10:16:48.444	1536226382217167															0	4815		Fixation	8			0.92	346.96	162.40																				7129			-1016	862	-1016	862					-407.98	-56.98						303.47	204.98	744.30						0.00		4.23	4	0				
07/12/2018	3.3.2	Gaze Project	O4	3	M	Bilingual	G130	06/09/2018	89100	1280 x 720		Raw Data	Ord4_T4_R.avi	190	0	900	720									59432	10:16:48.452	1536226382225522															0	4816		Fixation	8			1.36	10.69	23.73																				7130			-931	846	-931	846					-373.81	-50.61						302.40	204.89	743.92						0.00		4.29	4	0				
07/12/2018	3.3.2	Gaze Project	O4	3	M	Bilingual	G130	06/09/2018	89100	1280 x 720		Raw Data	Ord4_T4_R.avi	190	0	900	720									59440	10:16:48.461	1536226382233884															0	4817		Fixation	8			3.78	169.11	158.42																				7131			-1150	804	-1150	804					-461.48	-33.72						301.86	204.97	743.71						0.00		4.34	4	0				
07/12/2018	3.3.2	Gaze Project	O4	3	M	Bilingual	G130	06/09/2018	89100	1280 x 720		Raw Data	Ord4_T4_R.avi	190	0	900	720									59448	10:16:48.469	1536226382242127															0	4818		Fixation	8			2.30	340.82	171.71																				7132			-1026	847	-1026	847					-411.85	-51.01						300.68	204.86	743.70						0.00		4.21	4	0				
07/12/2018	3.3.2	Gaze Project	O4	3	M	Bilingual	G130	06/09/2018	89100	1280 x 720		Raw Data	Ord4_T4_R.avi	190	0	900	720									59456	10:16:48.477	1536226382250499															0	4819		Fixation	8			1.84	15.39	34.57																				7133			-913	816	-913	816					-366.38	-38.52						299.99	204.94	743.38						0.00		4.42	4	0				
07/12/2018	3.3.2	Gaze Project	O4	3	M	Bilingual	G130	06/09/2018	89100	1280 x 720		Raw Data	Ord4_T4_R.avi	190	0	900	720									59465	10:16:48.486	1536226382258829															0	4820		Fixation	8			5.39	347.87	332.48																				7134			-647	873	-647	873					-259.88	-61.71						289.72	174.32	650.13						0.00		3.79	4	0				
07/12/2018	3.3.2	Gaze Project	O4	3	M	Bilingual	G130	06/09/2018	89100	1280 x 720		Raw Data	Ord4_T4_R.avi	190	0	900	720									59473	10:16:48.494	1536226382267189															0	4821		Fixation	8			6.98	180.00	192.13																				7135			-1035	873	-1035	873					-415.52	-61.78						298.50	205.03	743.35						0.00		4.19	4	0				
07/12/2018	3.3.2	Gaze Project	O4	3	M	Bilingual	G130	06/09/2018	89100	1280 x 720		Raw Data	Ord4_T4_R.avi	190	0	900	720									59482	10:16:48.502	1536226382275547															0	4822		Fixation	8			0.99	80.57	260.57																				7136			-1027	825	-1027	825					-412.44	-42.31						297.68	205.20	744.17						0.00		4.30	4	0				
07/12/2018	3.3.2	Gaze Project	O4	3	M	Bilingual	G130	06/09/2018	89100	1280 x 720		Raw Data	Ord4_T4_R.avi	190	0	900	720									59490	10:16:48.511	1536226382283792															0	4823		Fixation	8			1.09	347.93	267.36																				7137			-966	838	-966	838					-387.63	-47.36						297.12	205.37	744.11						0.00		4.22	4	0				
07/12/2018	3.3.2	Gaze Project	O4	3	M	Bilingual	G130	06/09/2018	89100	1280 x 720		Raw Data	Ord4_T4_R.avi	190	0	900	720									59498	10:16:48.519	1536226382292159															0	4824		Fixation	8			0.02	45.09	57.16																				7138			-965	837	-965	837					-387.31	-47.21						296.55	205.41	744.09						0.00		4.28	4	0				
07/12/2018	3.3.2	Gaze Project	O4	3	M	Bilingual	G130	06/09/2018	89100	1280 x 720		Raw Data	Ord4_T4_R.avi	190	0	900	720									59506	10:16:48.527	1536226382300503															0	4825		Fixation	8			0.35	171.44	126.35																				7139			-985	834	-985	834					-395.42	-46.07						296.11	205.43	744.08						0.00		4.36	4	0				
07/12/2018	3.3.2	Gaze Project	O4	3	M	Bilingual	G130	06/09/2018	89100	1280 x 720		Raw Data	Ord4_T4_R.avi	190	0	900	720									59515	10:16:48.536	1536226382308846															0			Unclassified	8																									7140																			-34.01										4	4				
07/12/2018	3.3.2	Gaze Project	O4	3	M	Bilingual	G130	06/09/2018	89100	1280 x 720		Raw Data	Ord4_T4_R.avi	190	0	900	720									59523	10:16:48.544	1536226382317215															0			Unclassified	8																									7141																			-34.01										4	4				
07/12/2018	3.3.2	Gaze Project	O4	3	M	Bilingual	G130	06/09/2018	89100	1280 x 720		Raw Data	Ord4_T4_R.avi	190	0	900	720									59531	10:16:48.552	1536226382325486															0			Unclassified	8																									7142																			-34.01										4	4				
07/12/2018	3.3.2	Gaze Project	O4	3	M	Bilingual	G130	06/09/2018	89100	1280 x 720		Raw Data	Ord4_T4_R.avi	190	0	900	720									59540	10:16:48.561	1536226382333814															0			Unclassified	8																									7143																			-34.01										4	4				
07/12/2018	3.3.2	Gaze Project	O4	3	M	Bilingual	G130	06/09/2018	89100	1280 x 720		Raw Data	Ord4_T4_R.avi	190	0	900	720									59548	10:16:48.569	1536226382342171															0			Unclassified	8																									7144																			-34.01										4	4				
07/12/2018	3.3.2	Gaze Project	O4	3	M	Bilingual	G130	06/09/2018	89100	1280 x 720		Raw Data	Ord4_T4_R.avi	190	0	900	720									59557	10:16:48.577	1536226382350530															0			Unclassified	8																									7145																			-34.01										4	4				
07/12/2018	3.3.2	Gaze Project	O4	3	M	Bilingual	G130	06/09/2018	89100	1280 x 720		Raw Data	Ord4_T4_R.avi	190	0	900	720									59565	10:16:48.586	1536226382358804															0			Unclassified	8																									7146																			-34.01										4	4				
07/12/2018	3.3.2	Gaze Project	O4	3	M	Bilingual	G130	06/09/2018	89100	1280 x 720		Raw Data	Ord4_T4_R.avi	190	0	900	720									59573	10:16:48.594	1536226382367152															0			Unclassified	8																									7147																			-34.01										4	4				
07/12/2018	3.3.2	Gaze Project	O4	3	M	Bilingual	G130	06/09/2018	89100	1280 x 720		Raw Data	Ord4_T4_R.avi	190	0	900	720									59581	10:16:48.602	1536226382375488															0			Unclassified	8																									7148																			-34.01										4	4				
07/12/2018	3.3.2	Gaze Project	O4	3	M	Bilingual	G130	06/09/2018	89100	1280 x 720		Raw Data	Ord4_T4_R.avi	190	0	900	720									59590	10:16:48.611	1536226382383842															0			Unclassified	8																									7149																			-34.01										4	4				
07/12/2018	3.3.2	Gaze Project	O4	3	M	Bilingual	G130	06/09/2018	89100	1280 x 720		Raw Data	Ord4_T4_R.avi	190	0	900	720									59598	10:16:48.619	1536226382392186															0			Unclassified	8																									7150																			-34.01										4	4				
07/12/2018	3.3.2	Gaze Project	O4	3	M	Bilingual	G130	06/09/2018	89100	1280 x 720		Raw Data	Ord4_T4_R.avi	190	0	900	720									59606	10:16:48.627	1536226382400469															0			Unclassified	8																									7151																			-34.01										4	4				
07/12/2018	3.3.2	Gaze Project	O4	3	M	Bilingual	G130	06/09/2018	89100	1280 x 720		Raw Data	Ord4_T4_R.avi	190	0	900	720									59615	10:16:48.636	1536226382408829															0			Unclassified	8																									7152																			-34.01										4	4				
07/12/2018	3.3.2	Gaze Project	O4	3	M	Bilingual	G130	06/09/2018	89100	1280 x 720		Raw Data	Ord4_T4_R.avi	190	0	900	720									59623	10:16:48.644	1536226382417155															0			Unclassified	8																									7153																			-34.01										4	4				
07/12/2018	3.3.2	Gaze Project	O4	3	M	Bilingual	G130	06/09/2018	89100	1280 x 720		Raw Data	Ord4_T4_R.avi	190	0	900	720									59631	10:16:48.652	1536226382425516															0			Unclassified	8																									7154																			-34.01										4	4				
07/12/2018	3.3.2	Gaze Project	O4	3	M	Bilingual	G130	06/09/2018	89100	1280 x 720		Raw Data	Ord4_T4_R.avi	190	0	900	720									59640	10:16:48.661	1536226382433867															0			Unclassified	8																									7155																			-34.01										4	4				
07/12/2018	3.3.2	Gaze Project	O4	3	M	Bilingual	G130	06/09/2018	89100	1280 x 720		Raw Data	Ord4_T4_R.avi	190	0	900	720									59648	10:16:48.669	1536226382442132															0			Unclassified	8																									7156																			-34.01										4	4				
07/12/2018	3.3.2	Gaze Project	O4	3	M	Bilingual	G130	06/09/2018	89100	1280 x 720		Raw Data	Ord4_T4_R.avi	190	0	900	720									59656	10:16:48.677	1536226382450471															0			Unclassified	8																									7157																			-34.01										4	4				
07/12/2018	3.3.2	Gaze Project	O4	3	M	Bilingual	G130	06/09/2018	89100	1280 x 720		Raw Data	Ord4_T4_R.avi	190	0	900	720									59665	10:16:48.686	1536226382458825															0			Unclassified	8																									7158																			-34.01										4	4				
07/12/2018	3.3.2	Gaze Project	O4	3	M	Bilingual	G130	06/09/2018	89100	1280 x 720		Raw Data	Ord4_T4_R.avi	190	0	900	720									59673	10:16:48.694	1536226382467181															0			Unclassified	8																									7159																			-34.01										4	4				
07/12/2018	3.3.2	Gaze Project	O4	3	M	Bilingual	G130	06/09/2018	89100	1280 x 720		Raw Data	Ord4_T4_R.avi	190	0	900	720									59681	10:16:48.702	1536226382475452															0			Unclassified	8																									7160																			-34.01										4	4				
07/12/2018	3.3.2	Gaze Project	O4	3	M	Bilingual	G130	06/09/2018	89100	1280 x 720		Raw Data	Ord4_T4_R.avi	190	0	900	720									59690	10:16:48.711	1536226382483801															0			Unclassified	8																									7161																			-34.01										4	4				
07/12/2018	3.3.2	Gaze Project	O4	3	M	Bilingual	G130	06/09/2018	89100	1280 x 720		Raw Data	Ord4_T4_R.avi	190	0	900	720									59698	10:16:48.719	1536226382492137															0			Unclassified	8																									7162																			-34.01										4	4				
07/12/2018	3.3.2	Gaze Project	O4	3	M	Bilingual	G130	06/09/2018	89100	1280 x 720		Raw Data	Ord4_T4_R.avi	190	0	900	720									59706	10:16:48.727	1536226382500495															0			Unclassified	8																									7163																			-34.01										4	4				
07/12/2018	3.3.2	Gaze Project	O4	3	M	Bilingual	G130	06/09/2018	89100	1280 x 720		Raw Data	Ord4_T4_R.avi	190	0	900	720									59715	10:16:48.736	1536226382508853															0			Unclassified	8																									7164																			-34.01										4	4				
07/12/2018	3.3.2	Gaze Project	O4	3	M	Bilingual	G130	06/09/2018	89100	1280 x 720		Raw Data	Ord4_T4_R.avi	190	0	900	720									59723	10:16:48.744	1536226382517113															0			Unclassified	8																									7165																			-34.01										4	4				
07/12/2018	3.3.2	Gaze Project	O4	3	M	Bilingual	G130	06/09/2018	89100	1280 x 720		Raw Data	Ord4_T4_R.avi	190	0	900	720									59731	10:16:48.752	1536226382525469															0			Unclassified	8																									7166																			-34.01										4	4				
07/12/2018	3.3.2	Gaze Project	O4	3	M	Bilingual	G130	06/09/2018	89100	1280 x 720		Raw Data	Ord4_T4_R.avi	190	0	900	720									59740	10:16:48.761	1536226382533803															0			Unclassified	8																									7167																			-34.01										4	4				
07/12/2018	3.3.2	Gaze Project	O4	3	M	Bilingual	G130	06/09/2018	89100	1280 x 720		Raw Data	Ord4_T4_R.avi	190	0	900	720									59748	10:16:48.769	1536226382542165															0			Unclassified	8																									7168																			-34.01										4	4				
07/12/2018	3.3.2	Gaze Project	O4	3	M	Bilingual	G130	06/09/2018	89100	1280 x 720		Raw Data	Ord4_T4_R.avi	190	0	900	720									59757	10:16:48.777	1536226382550520															0			Unclassified	8																									7169																			-34.01										4	4				
07/12/2018	3.3.2	Gaze Project	O4	3	M	Bilingual	G130	06/09/2018	89100	1280 x 720		Raw Data	Ord4_T4_R.avi	190	0	900	720									59765	10:16:48.786	1536226382558779															0			Unclassified	8																									7170																			-34.01										4	4				
07/12/2018	3.3.2	Gaze Project	O4	3	M	Bilingual	G130	06/09/2018	89100	1280 x 720		Raw Data	Ord4_T4_R.avi	190	0	900	720									59773	10:16:48.794	1536226382567119															0			Unclassified	8																									7171																			-34.01										4	4				
07/12/2018	3.3.2	Gaze Project	O4	3	M	Bilingual	G130	06/09/2018	89100	1280 x 720		Raw Data	Ord4_T4_R.avi	190	0	900	720									59781	10:16:48.802	1536226382575475															0			Unclassified	8																									7172																			-34.01										4	4				
07/12/2018	3.3.2	Gaze Project	O4	3	M	Bilingual	G130	06/09/2018	89100	1280 x 720		Raw Data	Ord4_T4_R.avi	190	0	900	720									59790	10:16:48.811	1536226382583833															0			Unclassified	8																									7173																			-34.01										4	4				
07/12/2018	3.3.2	Gaze Project	O4	3	M	Bilingual	G130	06/09/2018	89100	1280 x 720		Raw Data	Ord4_T4_R.avi	190	0	900	720									59798	10:16:48.819	1536226382592077															0			Unclassified	8																									7174																			-34.01										4	4				
07/12/2018	3.3.2	Gaze Project	O4	3	M	Bilingual	G130	06/09/2018	89100	1280 x 720		Raw Data	Ord4_T4_R.avi	190	0	900	720									59806	10:16:48.827	1536226382600448															0			Unclassified	8																									7175																			-34.01										4	4				
07/12/2018	3.3.2	Gaze Project	O4	3	M	Bilingual	G130	06/09/2018	89100	1280 x 720		Raw Data	Ord4_T4_R.avi	190	0	900	720									59815	10:16:48.836	1536226382608779															0			Unclassified	8																									7176																			-34.01										4	4				
07/12/2018	3.3.2	Gaze Project	O4	3	M	Bilingual	G130	06/09/2018	89100	1280 x 720		Raw Data	Ord4_T4_R.avi	190	0	900	720									59823	10:16:48.844	1536226382617139															0			Unclassified	8																									7177																			-34.01										4	4				
07/12/2018	3.3.2	Gaze Project	O4	3	M	Bilingual	G130	06/09/2018	89100	1280 x 720		Raw Data	Ord4_T4_R.avi	190	0	900	720									59831	10:16:48.852	1536226382625503															0			Unclassified	8																									7178																			-34.01										4	4				
07/12/2018	3.3.2	Gaze Project	O4	3	M	Bilingual	G130	06/09/2018	89100	1280 x 720		Raw Data	Ord4_T4_R.avi	190	0	900	720									59840	10:16:48.861	1536226382633776															0			Unclassified	8																									7179																			-34.01										4	4				
07/12/2018	3.3.2	Gaze Project	O4	3	M	Bilingual	G130	06/09/2018	89100	1280 x 720		Raw Data	Ord4_T4_R.avi	190	0	900	720									59848	10:16:48.869	1536226382642111															0			Unclassified	8																									7180																			-34.01										4	4				
07/12/2018	3.3.2	Gaze Project	O4	3	M	Bilingual	G130	06/09/2018	89100	1280 x 720		Raw Data	Ord4_T4_R.avi	190	0	900	720									59856	10:16:48.877	1536226382650457															0			Unclassified	8																									7181																			-34.01										4	4				
07/12/2018	3.3.2	Gaze Project	O4	3	M	Bilingual	G130	06/09/2018	89100	1280 x 720		Raw Data	Ord4_T4_R.avi	190	0	900	720									59865	10:16:48.886	1536226382658815															0			Unclassified	8																									7182																			-34.01										4	4				
07/12/2018	3.3.2	Gaze Project	O4	3	M	Bilingual	G130	06/09/2018	89100	1280 x 720		Raw Data	Ord4_T4_R.avi	190	0	900	720									59873	10:16:48.894	1536226382667171															0			Unclassified	8																									7183																			-34.01										4	4				
07/12/2018	3.3.2	Gaze Project	O4	3	M	Bilingual	G130	06/09/2018	89100	1280 x 720		Raw Data	Ord4_T4_R.avi	190	0	900	720									59881	10:16:48.902	1536226382675434															0			Unclassified	8																									7184																			-34.01										4	4				
07/12/2018	3.3.2	Gaze Project	O4	3	M	Bilingual	G130	06/09/2018	89100	1280 x 720		Raw Data	Ord4_T4_R.avi	190	0	900	720									59890	10:16:48.910	1536226382683764															0			Unclassified	8																									7185																			-34.01										4	4				
07/12/2018	3.3.2	Gaze Project	O4	3	M	Bilingual	G130	06/09/2018	89100	1280 x 720		Raw Data	Ord4_T4_R.avi	190	0	900	720									59898	10:16:48.919	1536226382692132															0			Unclassified	8																									7186																			-34.01										4	4				
07/12/2018	3.3.2	Gaze Project	O4	3	M	Bilingual	G130	06/09/2018	89100	1280 x 720		Raw Data	Ord4_T4_R.avi	190	0	900	720									59906	10:16:48.927	1536226382700488															0			Unclassified	8																									7187																			-34.01										4	4				
07/12/2018	3.3.2	Gaze Project	O4	3	M	Bilingual	G130	06/09/2018	89100	1280 x 720		Raw Data	Ord4_T4_R.avi	190	0	900	720									59915	10:16:48.935	1536226382708756															0			Unclassified	8																									7188																			-34.01										4	4				
07/12/2018	3.3.2	Gaze Project	O4	3	M	Bilingual	G130	06/09/2018	89100	1280 x 720		Raw Data	Ord4_T4_R.avi	190	0	900	720									59923	10:16:48.944	1536226382717097															0			Unclassified	8																									7189																			-34.01										4	4				
07/12/2018	3.3.2	Gaze Project	O4	3	M	Bilingual	G130	06/09/2018	89100	1280 x 720		Raw Data	Ord4_T4_R.avi	190	0	900	720									59931	10:16:48.952	1536226382725441															0			Unclassified	8																									7190																			-34.01										4	4				
07/12/2018	3.3.2	Gaze Project	O4	3	M	Bilingual	G130	06/09/2018	89100	1280 x 720		Raw Data	Ord4_T4_R.avi	190	0	900	720									59940	10:16:48.961	1536226382733786															0			Unclassified	8																									7191																			-34.01										4	4				
07/12/2018	3.3.2	Gaze Project	O4	3	M	Bilingual	G130	06/09/2018	89100	1280 x 720		Raw Data	Ord4_T4_R.avi	190	0	900	720									59948	10:16:48.969	1536226382742153															0			Unclassified	8																									7192																			-34.01										4	4				
07/12/2018	3.3.2	Gaze Project	O4	3	M	Bilingual	G130	06/09/2018	89100	1280 x 720		Raw Data	Ord4_T4_R.avi	190	0	900	720									59956	10:16:48.977	1536226382750426															0			Unclassified	8																									7193																			-34.01										4	4				
07/12/2018	3.3.2	Gaze Project	O4	3	M	Bilingual	G130	06/09/2018	89100	1280 x 720		Raw Data	Ord4_T4_R.avi	190	0	900	720									59965	10:16:48.985	1536226382758762															0			Unclassified	8																									7194																			-34.01										4	4				
07/12/2018	3.3.2	Gaze Project	O4	3	M	Bilingual	G130	06/09/2018	89100	1280 x 720		Raw Data	Ord4_T4_R.avi	190	0	900	720									59973	10:16:48.994	1536226382767112															0			Unclassified	8																									7195																			-34.01										4	4				
07/12/2018	3.3.2	Gaze Project	O4	3	M	Bilingual	G130	06/09/2018	89100	1280 x 720		Raw Data	Ord4_T4_R.avi	190	0	900	720									59981	10:16:49.002	1536226382775470															0			Unclassified	8																									7196																			-34.01										4	4				
07/12/2018	3.3.2	Gaze Project	O4	3	M	Bilingual	G130	06/09/2018	89100	1280 x 720		Raw Data	Ord4_T4_R.avi	190	0	900	720									59990	10:16:49.010	1536226382783741															0			Unclassified	8																									7197																			-34.01										4	4				
07/12/2018	3.3.2	Gaze Project	O4	3	M	Bilingual	G130	06/09/2018	89100	1280 x 720		Raw Data	Ord4_T4_R.avi	190	0	900	720									59998	10:16:49.019	1536226382792087															0			Unclassified	8																									7198																			-34.01										4	4				
07/12/2018	3.3.2	Gaze Project	O4	3	M	Bilingual	G130	06/09/2018	89100	1280 x 720		Raw Data	Ord4_T4_R.avi	190	0	900	720									60006	10:16:49.027	1536226382800430															0			Unclassified	8																									7199																			-34.01										4	4				
07/12/2018	3.3.2	Gaze Project	O4	3	M	Bilingual	G130	06/09/2018	89100	1280 x 720		Raw Data	Ord4_T4_R.avi	190	0	900	720									60015	10:16:49.036	1536226382808781															0			Unclassified	8																									7200																			-34.01										4	4				
07/12/2018	3.3.2	Gaze Project	O4	3	M	Bilingual	G130	06/09/2018	89100	1280 x 720		Raw Data	Ord4_T4_R.avi	190	0	900	720									60023	10:16:49.044	1536226382817137															0			Unclassified	8																									7201																			-34.01										4	4				
07/12/2018	3.3.2	Gaze Project	O4	3	M	Bilingual	G130	06/09/2018	89100	1280 x 720		Raw Data	Ord4_T4_R.avi	190	0	900	720									60031	10:16:49.052	1536226382825419															0			Unclassified	8																									7202																			-34.01										4	4				
07/12/2018	3.3.2	Gaze Project	O4	3	M	Bilingual	G130	06/09/2018	89100	1280 x 720		Raw Data	Ord4_T4_R.avi	190	0	900	720									60040	10:16:49.060	1536226382833766															0			Unclassified	8																									7203																			-34.01										4	4				
07/12/2018	3.3.2	Gaze Project	O4	3	M	Bilingual	G130	06/09/2018	89100	1280 x 720		Raw Data	Ord4_T4_R.avi	190	0	900	720									60048	10:16:49.069	1536226382842093															0			Unclassified	8																									7204																			-34.01										4	4				
07/12/2018	3.3.2	Gaze Project	O4	3	M	Bilingual	G130	06/09/2018	89100	1280 x 720		Raw Data	Ord4_T4_R.avi	190	0	900	720									60056	10:16:49.077	1536226382850440															0			Unclassified	8																									7205																			-34.01										4	4				
07/12/2018	3.3.2	Gaze Project	O4	3	M	Bilingual	G130	06/09/2018	89100	1280 x 720		Raw Data	Ord4_T4_R.avi	190	0	900	720									60065	10:16:49.086	1536226382858806															0			Unclassified	8																									7206																			-34.01										4	4				
07/12/2018	3.3.2	Gaze Project	O4	3	M	Bilingual	G130	06/09/2018	89100	1280 x 720		Raw Data	Ord4_T4_R.avi	190	0	900	720									60073	10:16:49.094	1536226382867073															0			Unclassified	8																									7207																			-34.01										4	4				
07/12/2018	3.3.2	Gaze Project	O4	3	M	Bilingual	G130	06/09/2018	89100	1280 x 720		Raw Data	Ord4_T4_R.avi	190	0	900	720									60081	10:16:49.102	1536226382875402															0			Unclassified	8																									7208																			-34.01										4	4				
07/12/2018	3.3.2	Gaze Project	O4	3	M	Bilingual	G130	06/09/2018	89100	1280 x 720		Raw Data	Ord4_T4_R.avi	190	0	900	720									60090	10:16:49.110	1536226382883761															0			Unclassified	8																									7209																			-34.01										4	4				
07/12/2018	3.3.2	Gaze Project	O4	3	M	Bilingual	G130	06/09/2018	89100	1280 x 720		Raw Data	Ord4_T4_R.avi	190	0	900	720									60098	10:16:49.119	1536226382892120															0			Unclassified	8																									7210																			-34.01										4	4				
07/12/2018	3.3.2	Gaze Project	O4	3	M	Bilingual	G130	06/09/2018	89100	1280 x 720		Raw Data	Ord4_T4_R.avi	190	0	900	720									60106	10:16:49.127	1536226382900402															0			Unclassified	8																									7211																			-34.01										4	4				
07/12/2018	3.3.2	Gaze Project	O4	3	M	Bilingual	G130	06/09/2018	89100	1280 x 720		Raw Data	Ord4_T4_R.avi	190	0	900	720									60115	10:16:49.135	1536226382908739															0			Unclassified	8																									7212																			-34.01										4	4				
07/12/2018	3.3.2	Gaze Project	O4	3	M	Bilingual	G130	06/09/2018	89100	1280 x 720		Raw Data	Ord4_T4_R.avi	190	0	900	720									60123	10:16:49.144	1536226382917075															0			Unclassified	8																									7213																			-34.01										4	4				
07/12/2018	3.3.2	Gaze Project	O4	3	M	Bilingual	G130	06/09/2018	89100	1280 x 720		Raw Data	Ord4_T4_R.avi	190	0	900	720									60131	10:16:49.152	1536226382925434															0			Unclassified	8																									7214																			-34.01										4	4				
07/12/2018	3.3.2	Gaze Project	O4	3	M	Bilingual	G130	06/09/2018	89100	1280 x 720		Raw Data	Ord4_T4_R.avi	190	0	900	720									60140	10:16:49.161	1536226382933790															0			Unclassified	8																									7215																			-34.01										4	4				
07/12/2018	3.3.2	Gaze Project	O4	3	M	Bilingual	G130	06/09/2018	89100	1280 x 720		Raw Data	Ord4_T4_R.avi	190	0	900	720									60148	10:16:49.169	1536226382942058															0			Unclassified	8																									7216																			-34.01										4	4				
07/12/2018	3.3.2	Gaze Project	O4	3	M	Bilingual	G130	06/09/2018	89100	1280 x 720		Raw Data	Ord4_T4_R.avi	190	0	900	720									60156	10:16:49.177	1536226382950419															0			Unclassified	8																									7217																			-34.01										4	4				
07/12/2018	3.3.2	Gaze Project	O4	3	M	Bilingual	G130	06/09/2018	89100	1280 x 720		Raw Data	Ord4_T4_R.avi	190	0	900	720									60157	10:16:49.178										24	MovieEnd	Ord4_T4_R.avi							Unclassified	8																																																											
07/12/2018	3.3.2	Gaze Project	O4	3	M	Bilingual	G130	06/09/2018	89100	1280 x 720		Raw Data														60165	10:16:49.185	1536226382958745															0			Unclassified	8																									7218																			-34.01										4	4				
07/12/2018	3.3.2	Gaze Project	O4	3	M	Bilingual	G130	06/09/2018	89100	1280 x 720		Raw Data														60173	10:16:49.194	1536226382967103															0			Unclassified	8																									7219																			-34.01										4	4				
07/12/2018	3.3.2	Gaze Project	O4	3	M	Bilingual	G130	06/09/2018	89100	1280 x 720		Raw Data														60181	10:16:49.202	1536226382975459															0			Unclassified	8																									7220																			-34.01										4	4				
07/12/2018	3.3.2	Gaze Project	O4	3	M	Bilingual	G130	06/09/2018	89100	1280 x 720		Raw Data														60190	10:16:49.210	1536226382983726															0			Unclassified	8																									7221																			-34.01										4	4				
07/12/2018	3.3.2	Gaze Project	O4	3	M	Bilingual	G130	06/09/2018	89100	1280 x 720		Raw Data														60198	10:16:49.219	1536226382992052															0			Unclassified	8																									7222																			-34.01										4	4				
07/12/2018	3.3.2	Gaze Project	O4	3	M	Bilingual	G130	06/09/2018	89100	1280 x 720		Raw Data														60206	10:16:49.227	1536226383000401															0			Unclassified	8																									7223																			-34.01										4	4				
07/12/2018	3.3.2	Gaze Project	O4	3	M	Bilingual	G130	06/09/2018	89100	1280 x 720		Raw Data														60215	10:16:49.235	1536226383008771															0			Unclassified	8																									7224																			-34.01										4	4				
07/12/2018	3.3.2	Gaze Project	O4	3	M	Bilingual	G130	06/09/2018	89100	1280 x 720		Raw Data														60223	10:16:49.244	1536226383017041															0			Unclassified	8																									7225																			-34.01										4	4				
07/12/2018	3.3.2	Gaze Project	O4	3	M	Bilingual	G130	06/09/2018	89100	1280 x 720		Raw Data														60231	10:16:49.252	1536226383025399															0			Unclassified	8																									7226																			-34.01										4	4				
07/12/2018	3.3.2	Gaze Project	O4	3	M	Bilingual	G130	06/09/2018	89100	1280 x 720		Raw Data														60240	10:16:49.260	1536226383033723															0			Unclassified	8																									7227																			-34.01										4	4				
07/12/2018	3.3.2	Gaze Project	O4	3	M	Bilingual	G130	06/09/2018	89100	1280 x 720		Raw Data														60248	10:16:49.269	1536226383042090															0			Unclassified	8																									7228																			-34.01										4	4				
07/12/2018	3.3.2	Gaze Project	O4	3	M	Bilingual	G130	06/09/2018	89100	1280 x 720		Raw Data														60256	10:16:49.277	1536226383050438															0			Unclassified	8																									7229																			-34.01										4	4				
07/12/2018	3.3.2	Gaze Project	O4	3	M	Bilingual	G130	06/09/2018	89100	1280 x 720		Raw Data														60265	10:16:49.285	1536226383058712															0			Unclassified	8																									7230																			-34.01										4	4				
07/12/2018	3.3.2	Gaze Project	O4	3	M	Bilingual	G130	06/09/2018	89100	1280 x 720		Raw Data														60273	10:16:49.294	1536226383067057															0			Unclassified	8																									7231																			-34.01										4	4				
07/12/2018	3.3.2	Gaze Project	O4	3	M	Bilingual	G130	06/09/2018	89100	1280 x 720		Raw Data														60281	10:16:49.302	1536226383075397															0			Unclassified	8																									7232																			-34.01										4	4				
07/12/2018	3.3.2	Gaze Project	O4	3	M	Bilingual	G130	06/09/2018	89100	1280 x 720		Raw Data														60290	10:16:49.310	1536226383083755															0			Unclassified	8																									7233																			-34.01										4	4				
07/12/2018	3.3.2	Gaze Project	O4	3	M	Bilingual	G130	06/09/2018	89100	1280 x 720		Raw Data														60298	10:16:49.319	1536226383092099															0			Unclassified	8																									7234																			-34.01										4	4				
07/12/2018	3.3.2	Gaze Project	O4	3	M	Bilingual	G130	06/09/2018	89100	1280 x 720		Raw Data														60306	10:16:49.327	1536226383100370															0			Unclassified	8																									7235																			-34.01										4	4				
07/12/2018	3.3.2	Gaze Project	O4	3	M	Bilingual	G130	06/09/2018	89100	1280 x 720		Raw Data														60315	10:16:49.335	1536226383108714															0			Unclassified	8																									7236																			-34.01										4	4				
07/12/2018	3.3.2	Gaze Project	O4	3	M	Bilingual	G130	06/09/2018	89100	1280 x 720		Raw Data														60323	10:16:49.344	1536226383117066															0			Unclassified	8																									7237																			-34.01										4	4				
07/12/2018	3.3.2	Gaze Project	O4	3	M	Bilingual	G130	06/09/2018	89100	1280 x 720		Raw Data														60331	10:16:49.352	1536226383125426															0			Unclassified	8																									7238																			-34.01										4	4				
07/12/2018	3.3.2	Gaze Project	O4	3	M	Bilingual	G130	06/09/2018	89100	1280 x 720		Raw Data														60340	10:16:49.360	1536226383133696															0			Unclassified	8																									7239																			-34.01										4	4				
07/12/2018	3.3.2	Gaze Project	O4	3	M	Bilingual	G130	06/09/2018	89100	1280 x 720		Raw Data														60348	10:16:49.369	1536226383142056															0			Unclassified	8																									7240																			-34.01										4	4				
07/12/2018	3.3.2	Gaze Project	O4	3	M	Bilingual	G130	06/09/2018	89100	1280 x 720		Raw Data														60356	10:16:49.377	1536226383150380															0			Unclassified	8																									7241																			-34.01										4	4				
07/12/2018	3.3.2	Gaze Project	O4	3	M	Bilingual	G130	06/09/2018	89100	1280 x 720		Raw Data														60365	10:16:49.385	1536226383158721															0			Unclassified	8																									7242																			-34.01										4	4				
07/12/2018	3.3.2	Gaze Project	O4	3	M	Bilingual	G130	06/09/2018	89100	1280 x 720		Raw Data														60373	10:16:49.394	1536226383167091															0			Unclassified	8																									7243																			-34.01										4	4				
07/12/2018	3.3.2	Gaze Project	O4	3	M	Bilingual	G130	06/09/2018	89100	1280 x 720		Raw Data														60381	10:16:49.402	1536226383175361															0			Unclassified	8																									7244																			-34.01										4	4				
07/12/2018	3.3.2	Gaze Project	O4	3	M	Bilingual	G130	06/09/2018	89100	1280 x 720		Raw Data														60390	10:16:49.410	1536226383183691															0			Unclassified	8																									7245																			-34.01										4	4				
07/12/2018	3.3.2	Gaze Project	O4	3	M	Bilingual	G130	06/09/2018	89100	1280 x 720		Raw Data														60398	10:16:49.419	1536226383192047															0			Unclassified	8																									7246																			-34.01										4	4				
07/12/2018	3.3.2	Gaze Project	O4	3	M	Bilingual	G130	06/09/2018	89100	1280 x 720		Raw Data														60406	10:16:49.427	1536226383200392															0			Unclassified	8																									7247																			-34.01										4	4				
07/12/2018	3.3.2	Gaze Project	O4	3	M	Bilingual	G130	06/09/2018	89100	1280 x 720		Raw Data														60415	10:16:49.435	1536226383208760															0			Unclassified	8																									7248																			-34.01										4	4				
07/12/2018	3.3.2	Gaze Project	O4	3	M	Bilingual	G130	06/09/2018	89100	1280 x 720		Raw Data														60423	10:16:49.444	1536226383217021															0			Unclassified	8																									7249																			-34.01										4	4				
07/12/2018	3.3.2	Gaze Project	O4	3	M	Bilingual	G130	06/09/2018	89100	1280 x 720		Raw Data														60431	10:16:49.452	1536226383225355															0			Unclassified	8																									7250																			-34.01										4	4				
07/12/2018	3.3.2	Gaze Project	O4	3	M	Bilingual	G130	06/09/2018	89100	1280 x 720		Raw Data														60440	10:16:49.460	1536226383233722															0			Unclassified	8																									7251																			-34.01										4	4				
07/12/2018	3.3.2	Gaze Project	O4	3	M	Bilingual	G130	06/09/2018	89100	1280 x 720		Raw Data														60448	10:16:49.469	1536226383242074															0			Unclassified	8																									7252																			-34.01										4	4				
07/12/2018	3.3.2	Gaze Project	O4	3	M	Bilingual	G130	06/09/2018	89100	1280 x 720		Raw Data														60456	10:16:49.477	1536226383250360															0			Unclassified	8																									7253																			-34.01										4	4				
07/12/2018	3.3.2	Gaze Project	O4	3	M	Bilingual	G130	06/09/2018	89100	1280 x 720		Raw Data														60465	10:16:49.485	1536226383258703															0			Unclassified	8																									7254																			-34.01										4	4				
07/12/2018	3.3.2	Gaze Project	O4	3	M	Bilingual	G130	06/09/2018	89100	1280 x 720		Raw Data														60473	10:16:49.494	1536226383267029															0			Unclassified	8																									7255																			-34.01										4	4				
07/12/2018	3.3.2	Gaze Project	O4	3	M	Bilingual	G130	06/09/2018	89100	1280 x 720		Raw Data														60481	10:16:49.502	1536226383275391															0			Unclassified	8																									7256																			-34.01										4	4				
07/12/2018	3.3.2	Gaze Project	O4	3	M	Bilingual	G130	06/09/2018	89100	1280 x 720		Raw Data														60490	10:16:49.510	1536226383283743															0			Unclassified	8																									7257	208	159	-23	131	92	145			83.44	226.10	-9.13	237.09	37.16	231.60	303.40	196.25	701.43	303.39	195.72	699.88					727.82	727.82	4.15	4.15	2	2				
07/12/2018	3.3.2	Gaze Project	O4	3	M	Bilingual	G130	06/09/2018	89100	1280 x 720		Raw Data														60498	10:16:49.519	1536226383292012															0			Unclassified	8																									7258																			-34.01										4	4				
07/12/2018	3.3.2	Gaze Project	O4	3	M	Bilingual	G130	06/09/2018	89100	1280 x 720		Raw Data														60506	10:16:49.527	1536226383300344															0			Unclassified	8																									7259																			-34.01										4	4				
07/12/2018	3.3.2	Gaze Project	O4	3	M	Bilingual	G130	06/09/2018	89100	1280 x 720		Raw Data														60515	10:16:49.535	1536226383308701															0			Unclassified	8																									7260	218	184	-7	156	105	170			87.44	215.91	-2.75	227.24	42.34	221.58	303.16	188.63	678.97	303.15	188.12	677.46					704.13	704.13	3.55	3.55	2	2				
07/12/2018	3.3.2	Gaze Project	O4	3	M	Bilingual	G130	06/09/2018	89100	1280 x 720		Raw Data														60515	10:16:49.536										25	InstructionStart	Instruction Element							Unclassified	8																																																											
07/12/2018	3.3.2	Gaze Project	O4	3	M	Bilingual	G130	06/09/2018	89100	1280 x 720		Raw Data														60523	10:16:49.544	1536226383317057															0			Unclassified	8																									7261	219	182	-11	154	104	168			87.82	216.67	-4.24	227.87	41.79	222.27	303.31	193.99	695.05	303.30	193.47	693.50					721.05	721.05	3.69	3.70	2	2				
07/12/2018	3.3.2	Gaze Project	O4	3	M	Bilingual	G130	06/09/2018	89100	1280 x 720		Raw Data														60531	10:16:49.552	1536226383325336															0			Unclassified	8																									7262																			-34.01										4	4				
07/12/2018	3.3.2	Gaze Project	O4	3	M	Bilingual	G130	06/09/2018	89100	1280 x 720		Raw Data														60540	10:16:49.560	1536226383333680															0			Unclassified	8																									7263	207	142	-33	110	87	126			83.24	232.64	-13.25	245.64	34.99	239.14	299.68	197.96	706.64	299.68	197.96	706.64					733.06	733.06	3.85	3.87	1	3				
07/12/2018	3.3.2	Gaze Project	O4	3	M	Bilingual	G130	06/09/2018	89100	1280 x 720		Raw Data														60548	10:16:49.569	1536226383342006															0			Unclassified	8																									7264																			-34.01										4	4				
07/12/2018	3.3.2	Gaze Project	O4	3	M	Bilingual	G130	06/09/2018	89100	1280 x 720		Raw Data														60556	10:16:49.577	1536226383350374															0			Unclassified	8																									7265																			-34.01										4	4				
07/12/2018	3.3.2	Gaze Project	O4	3	M	Bilingual	G130	06/09/2018	89100	1280 x 720		Raw Data														60565	10:16:49.585	1536226383358728															0			Unclassified	8																									7266																			-34.01										4	4				
07/12/2018	3.3.2	Gaze Project	O4	3	M	Bilingual	G130	06/09/2018	89100	1280 x 720		Raw Data														60573	10:16:49.594	1536226383366995															0			Unclassified	8																									7267																			-34.01										4	4				
07/12/2018	3.3.2	Gaze Project	O4	3	M	Bilingual	G130	06/09/2018	89100	1280 x 720		Raw Data														60581	10:16:49.602	1536226383375337															0			Unclassified	8																									7268																			-34.01										4	4				
07/12/2018	3.3.2	Gaze Project	O4	3	M	Bilingual	G130	06/09/2018	89100	1280 x 720		Raw Data														60590	10:16:49.610	1536226383383683															0			Unclassified	8																									7269																			-34.01										4	4				
07/12/2018	3.3.2	Gaze Project	O4	3	M	Bilingual	G130	06/09/2018	89100	1280 x 720		Raw Data														60598	10:16:49.619	1536226383392042															0			Unclassified	8																									7270																			-34.01										4	4				
07/12/2018	3.3.2	Gaze Project	O4	3	M	Bilingual	G130	06/09/2018	89100	1280 x 720		Raw Data														60606	10:16:49.627	1536226383400397															0			Unclassified	8																									7271	201	174	-36	142	82	158			80.76	219.95	-14.61	232.89	33.07	226.42	297.44	194.72	697.50	297.44	194.72	697.50					723.25	723.25	3.81	3.83	1	3				
07/12/2018	3.3.2	Gaze Project	O4	3	M	Bilingual	G130	06/09/2018	89100	1280 x 720		Raw Data														60615	10:16:49.635	1536226383408650															0			Unclassified	8																									7272	246	166	8	136	127	151			98.66	223.16	3.19	235.17	50.93	229.17	297.95	196.89	704.01	297.95	196.89	704.01					730.13	730.13	3.74	3.75	1	3				
07/12/2018	3.3.2	Gaze Project	O4	3	M	Bilingual	G130	06/09/2018	89100	1280 x 720		Raw Data														60623	10:16:49.644	1536226383416996															0			Unclassified	8																									7273																			-34.01										4	4				
07/12/2018	3.3.2	Gaze Project	O4	3	M	Bilingual	G130	06/09/2018	89100	1280 x 720		Raw Data														60631	10:16:49.652	1536226383425352															0			Unclassified	8																									7274																			-34.01										4	4				
07/12/2018	3.3.2	Gaze Project	O4	3	M	Bilingual	G130	06/09/2018	89100	1280 x 720		Raw Data														60640	10:16:49.660	1536226383433709															0			Unclassified	8																									7275																			-34.01										4	4				
07/12/2018	3.3.2	Gaze Project	O4	3	M	Bilingual	G130	06/09/2018	89100	1280 x 720		Raw Data														60648	10:16:49.669	1536226383441994															0			Unclassified	8																									7276	151	95	-94	59	28	77			60.72	251.62	-37.85	266.04	11.44	258.83	298.77	201.13	716.85	298.77	201.13	716.85					743.68	743.68	3.91	3.93	1	3				
07/12/2018	3.3.2	Gaze Project	O4	3	M	Bilingual	G130	06/09/2018	89100	1280 x 720		Raw Data														60656	10:16:49.677	1536226383450328															0			Unclassified	8																									7277																			-34.01										4	4				
07/12/2018	3.3.2	Gaze Project	O4	3	M	Bilingual	G130	06/09/2018	89100	1280 x 720		Raw Data														60665	10:16:49.685	1536226383458667															0			Unclassified	8																									7278																			-34.01										4	4				
07/12/2018	3.3.2	Gaze Project	O4	3	M	Bilingual	G130	06/09/2018	89100	1280 x 720		Raw Data														60673	10:16:49.694	1536226383467026															0			Unclassified	8																									7279																			-34.01										4	4				
07/12/2018	3.3.2	Gaze Project	O4	3	M	Bilingual	G130	06/09/2018	89100	1280 x 720		Raw Data														60681	10:16:49.702	1536226383475385															0			Unclassified	8																									7280																			-34.01										4	4				
07/12/2018	3.3.2	Gaze Project	O4	3	M	Bilingual	G130	06/09/2018	89100	1280 x 720		Raw Data														60690	10:16:49.710	1536226383483648															0			Unclassified	8																									7281																			-34.01										4	4				
07/12/2018	3.3.2	Gaze Project	O4	3	M	Bilingual	G130	06/09/2018	89100	1280 x 720		Raw Data														60698	10:16:49.719	1536226383492011															0			Unclassified	8																									7282																			-34.01										4	4				
07/12/2018	3.3.2	Gaze Project	O4	3	M	Bilingual	G130	06/09/2018	89100	1280 x 720		Raw Data														60706	10:16:49.727	1536226383500327															0			Unclassified	8																									7283																			-34.01										4	4				
07/12/2018	3.3.2	Gaze Project	O4	3	M	Bilingual	G130	06/09/2018	89100	1280 x 720		Raw Data														60715	10:16:49.735	1536226383508699															0			Unclassified	8																									7284																			-34.01										4	4				
07/12/2018	3.3.2	Gaze Project	O4	3	M	Bilingual	G130	06/09/2018	89100	1280 x 720		Raw Data														60723	10:16:49.744	1536226383517048															0			Unclassified	8																									7285																			-34.01										4	4				
07/12/2018	3.3.2	Gaze Project	O4	3	M	Bilingual	G130	06/09/2018	89100	1280 x 720		Raw Data														60731	10:16:49.752	1536226383525307															0			Unclassified	8																									7286																			-34.01										4	4				
07/12/2018	3.3.2	Gaze Project	O4	3	M	Bilingual	G130	06/09/2018	89100	1280 x 720		Raw Data														60740	10:16:49.760	1536226383533639															0			Unclassified	8																									7287																			-34.01										4	4				
07/12/2018	3.3.2	Gaze Project	O4	3	M	Bilingual	G130	06/09/2018	89100	1280 x 720		Raw Data														60748	10:16:49.769	1536226383542005															0			Unclassified	8																									7288																			-34.01										4	4				
07/12/2018	3.3.2	Gaze Project	O4	3	M	Bilingual	G130	06/09/2018	89100	1280 x 720		Raw Data														60756	10:16:49.777	1536226383550362															0			Unclassified	8																									7289																			-34.01										4	4				
07/12/2018	3.3.2	Gaze Project	O4	3	M	Bilingual	G130	06/09/2018	89100	1280 x 720		Raw Data														60765	10:16:49.785	1536226383558641															0			Unclassified	8																									7290																			-34.01										4	4				
07/12/2018	3.3.2	Gaze Project	O4	3	M	Bilingual	G130	06/09/2018	89100	1280 x 720		Raw Data														60773	10:16:49.794	1536226383566980															0			Unclassified	8																									7291																			-34.01										4	4				
07/12/2018	3.3.2	Gaze Project	O4	3	M	Bilingual	G130	06/09/2018	89100	1280 x 720		Raw Data														60781	10:16:49.802	1536226383575319															0			Unclassified	8																									7292	254	86	10	57	132	71			102.06	255.37	4.10	267.16	53.08	261.26	298.82	205.54	732.07	298.82	205.54	732.07					759.48	759.48	4.04	4.06	1	3				
07/12/2018	3.3.2	Gaze Project	O4	3	M	Bilingual	G130	06/09/2018	89100	1280 x 720		Raw Data														60790	10:16:49.810	1536226383583660															0			Unclassified	8																									7293																			-34.01										4	4				
07/12/2018	3.3.2	Gaze Project	O4	3	M	Bilingual	G130	06/09/2018	89100	1280 x 720		Raw Data														60798	10:16:49.819	1536226383592032															0			Unclassified	8																									7294																			-34.01										4	4				
07/12/2018	3.3.2	Gaze Project	O4	3	M	Bilingual	G130	06/09/2018	89100	1280 x 720		Raw Data														60806	10:16:49.827	1536226383600301															0			Unclassified	8																									7295	341	142	90	97	215	119			136.75	232.83	36.26	250.97	86.51	241.90	300.76	205.01	733.34	300.86	207.90	742.01					760.63	760.63	3.00	3.05	2	2				
07/12/2018	3.3.2	Gaze Project	O4	3	M	Bilingual	G130	06/09/2018	89100	1280 x 720		Raw Data														60815	10:16:49.835	1536226383608616															0			Unclassified	8																									7296	677	291	430	282	553	286			271.87	172.67	172.80	176.57	222.34	174.62	302.06	209.58	746.94	302.07	209.58	746.94					775.04	775.04	4.03	4.06	1	3				
07/12/2018	3.3.2	Gaze Project	O4	3	M	Bilingual	G130	06/09/2018	89100	1280 x 720		Raw Data														60823	10:16:49.844	1536226383616987															0			Unclassified	8																									7297	791	226	547	223	669	224			317.33	198.92	219.55	200.28	268.44	199.60	302.17	209.15	747.12	302.17	209.09	746.96					775.07	775.07	3.16	3.18	2	2				
07/12/2018	3.3.2	Gaze Project	O4	3	M	Bilingual	G130	06/09/2018	89100	1280 x 720		Raw Data														60831	10:16:49.852	1536226383625332															0			Unclassified	8																									7298	801	533	551	522	676	527			321.72	75.13	221.16	79.90	271.44	77.52	303.37	208.41	744.61	303.37	208.41	744.61					772.54	772.54	4.08	4.10	1	3				
07/12/2018	3.3.2	Gaze Project	O4	3	M	Bilingual	G130	06/09/2018	89100	1280 x 720		Raw Data														60840	10:16:49.860	1536226383633701															0			Unclassified	8																									7299																			-34.01										4	4				
07/12/2018	3.3.2	Gaze Project	O4	3	M	Bilingual	G130	06/09/2018	89100	1280 x 720		Raw Data														60848	10:16:49.869	1536226383641960															0			Unclassified	8																									7300																			-34.01										4	4				
07/12/2018	3.3.2	Gaze Project	O4	3	M	Bilingual	G130	06/09/2018	89100	1280 x 720		Raw Data														60856	10:16:49.877	1536226383650295															0			Unclassified	8																									7301																			-34.01										4	4				
07/12/2018	3.3.2	Gaze Project	O4	3	M	Bilingual	G130	06/09/2018	89100	1280 x 720		Raw Data														60865	10:16:49.885	1536226383658653															0			Unclassified	8																									7302																			-34.01										4	4				
07/12/2018	3.3.2	Gaze Project	O4	3	M	Bilingual	G130	06/09/2018	89100	1280 x 720		Raw Data														60873	10:16:49.894	1536226383667012															0			Unclassified	8																									7303	839	615	586	601	712	608			336.95	42.28	235.19	47.74	286.07	45.01	308.98	207.13	742.84	308.98	207.13	742.84					770.82	770.82	4.26	4.28	1	3				
07/12/2018	3.3.2	Gaze Project	O4	3	M	Bilingual	G130	06/09/2018	89100	1280 x 720		Raw Data														60881	10:16:49.902	1536226383675284															0	4826		Fixation	8			37.24	7.52	196.08																				7304	850	640	596	626	723	633			341.20	32.13	239.20	37.96	290.20	35.05	310.49	207.02	742.89	310.55	207.17	743.35					770.93	770.93	4.48	4.51	3	1				
07/12/2018	3.3.2	Gaze Project	O4	3	M	Bilingual	G130	06/09/2018	89100	1280 x 720		Raw Data														60890	10:16:49.910	1536226383683628															0			Unclassified	8																									7305																			-34.01										4	4				
07/12/2018	3.3.2	Gaze Project	O4	3	M	Bilingual	G130	06/09/2018	89100	1280 x 720		Raw Data														60898	10:16:49.919	1536226383691968															0			Unclassified	8																									7306																			-34.01										4	4				
07/12/2018	3.3.2	Gaze Project	O4	3	M	Bilingual	G130	06/09/2018	89100	1280 x 720		Raw Data														60906	10:16:49.927	1536226383700314															0			Unclassified	8																									7307																			-34.01										4	4				
07/12/2018	3.3.2	Gaze Project	O4	3	M	Bilingual	G130	06/09/2018	89100	1280 x 720		Raw Data														60915	10:16:49.935	1536226383708681															0			Unclassified	8																									7308																			-34.01										4	4				
07/12/2018	3.3.2	Gaze Project	O4	3	M	Bilingual	G130	06/09/2018	89100	1280 x 720		Raw Data														60923	10:16:49.944	1536226383716955															0	4827		Fixation	8			2.91	279.24	271.72																				7309	865	687	612	724	738	705			347.13	13.44	245.82	-1.63	296.48	5.91	317.80	206.26	743.19	317.50	203.52	734.48					771.53	771.53	4.68	4.65	3	1				
07/12/2018	3.3.2	Gaze Project	O4	3	M	Bilingual	G130	06/09/2018	89100	1280 x 720		Raw Data														60931	10:16:49.952	1536226383725276															0	4828		Fixation	8			2.48	67.13	147.89																				7310	900	653	645	646	772	649			361.27	26.83	258.84	29.98	310.05	28.41	319.81	206.30	743.18	319.01	203.17	733.73					771.68	771.68	4.50	4.48	3	1				
07/12/2018	3.3.2	Gaze Project	O4	3	M	Bilingual	G130	06/09/2018	89100	1280 x 720		Raw Data														60940	10:16:49.960	1536226383733638															0	4829		Fixation	8			2.77	144.30	77.17																				7311	824	599	571	593	697	596			330.83	48.80	229.21	51.33	280.02	50.06	321.79	206.34	743.16	320.52	203.21	733.71					771.85	771.85	4.52	4.49	3	1				
07/12/2018	3.3.2	Gaze Project	O4	3	M	Bilingual	G130	06/09/2018	89100	1280 x 720		Raw Data														60948	10:16:49.969	1536226383741997															0			Unclassified	8																									7312																			-34.01										4	4				
07/12/2018	3.3.2	Gaze Project	O4	3	M	Bilingual	G130	06/09/2018	89100	1280 x 720		Raw Data														60956	10:16:49.977	1536226383750276															0	4830		Fixation	8			1.72	285.90	141.59																				7313	850	648	587	649	718	648			341.21	29.01	235.58	28.69	288.39	28.85	325.28	219.45	784.21	324.19	210.85	758.15					815.07	815.07	4.74	4.62	3	1				
07/12/2018	3.3.2	Gaze Project	O4	3	M	Bilingual	G130	06/09/2018	89100	1280 x 720		Raw Data														60965	10:16:49.985	1536226383758613															0	4831		Fixation	8			0.95	0.00	74.10																				7314	637	536	619	649	628	592			255.85	73.91	248.34	28.65	252.10	51.28	280.09	212.26	765.70	324.29	202.35	732.19					792.71	792.71	4.67	4.60	0	0				
07/12/2018	3.3.2	Gaze Project	O4	3	M	Bilingual	G130	06/09/2018	89100	1280 x 720		Raw Data														60973	10:16:49.994	1536226383766949															0			Unclassified	8																									7315	629	615			629	615			252.65	42.27					281.37	204.67	741.85		-34.01						767.74		4.36		0	4				
07/12/2018	3.3.2	Gaze Project	O4	3	M	Bilingual	G130	06/09/2018	89100	1280 x 720		Raw Data														60981	10:16:50.002	1536226383775305															0	4832		Fixation	8			0.83	110.98	110.98																				7316	659	482	609	623	634	552			264.36	95.65	244.54	38.97	254.45	67.31	282.34	204.89	741.76	327.17	207.77	749.30					767.75	767.75	3.88	4.67	0	0				
07/12/2018	3.3.2	Gaze Project	O4	3	M	Bilingual	G130	06/09/2018	89100	1280 x 720		Raw Data														60990	10:16:50.010	1536226383783666															0			Unclassified	8																									7317	624	621			624	621			250.53	39.71					283.15	204.98	741.73		-34.01						767.77		4.47		0	4				
07/12/2018	3.3.2	Gaze Project	O4	3	M	Bilingual	G130	06/09/2018	89100	1280 x 720		Raw Data														60998	10:16:50.019	1536226383791907															0			Unclassified	8																									7318	628	530			628	530			252.02	76.55					283.73	204.15	739.36		-34.01						765.29		4.19		0	4				
07/12/2018	3.3.2	Gaze Project	O4	3	M	Bilingual	G130	06/09/2018	89100	1280 x 720		Raw Data														61006	10:16:50.027	1536226383800287															0	4833		Fixation	8			1.74	153.36	42.39																				7319	594	659	555	596	574	627			238.25	24.63	222.70	50.03	230.48	37.33	284.40	204.38	739.27	338.81	224.44	799.11					765.30	765.30	4.24	5.06	0	0				
07/12/2018	3.3.2	Gaze Project	O4	3	M	Bilingual	G130	06/09/2018	89100	1280 x 720		Raw Data														61015	10:16:50.035	1536226383808618															0	4834		Fixation	8			2.76	6.36	213.00																				7320	641	678	654	585	647	631			257.43	16.96	262.58	54.33	260.01	35.65	284.93	203.96	738.11	339.13	223.59	796.51					764.09	764.09	4.40	4.99	0	0				
07/12/2018	3.3.2	Gaze Project	O4	3	M	Bilingual	G130	06/09/2018	89100	1280 x 720		Raw Data														61023	10:16:50.044	1536226383816982															0	4835		Fixation	8			0.74	195.69	189.33																				7321	604	644	629	592	616	618			242.57	30.46	252.67	51.42	247.62	40.94	285.42	203.74	737.09	330.74	207.13	747.41					763.07	763.07	4.37	4.69	0	0				
07/12/2018	3.3.2	Gaze Project	O4	3	M	Bilingual	G130	06/09/2018	89100	1280 x 720		Raw Data														61031	10:16:50.052	1536226383825338															0	4836		Fixation	8			1.15	249.34	53.65																				7322	614	561	615	629	614	595			246.42	63.90	246.68	36.67	246.55	50.29	285.89	203.79	736.85	331.36	207.92	749.71					762.87	762.87	4.22	4.64	0	0				
07/12/2018	3.3.2	Gaze Project	O4	3	M	Bilingual	G130	06/09/2018	89100	1280 x 720		Raw Data														61040	10:16:50.060	1536226383833600															0			Unclassified	8																									7323	596	634			596	634			239.12	34.68					286.31	204.03	736.76		-34.01						762.87		4.22		0	4				
07/12/2018	3.3.2	Gaze Project	O4	3	M	Bilingual	G130	06/09/2018	89100	1280 x 720		Raw Data														61048	10:16:50.069	1536226383841946															0			Unclassified	8																									7324	653	657			653	657			262.28	25.35					286.62	203.69	735.77		-34.01						761.84		4.38		0	4				
07/12/2018	3.3.2	Gaze Project	O4	3	M	Bilingual	G130	06/09/2018	89100	1280 x 720		Raw Data														61056	10:16:50.077	1536226383850292															0	4837		Fixation	8			0.50	342.59	93.26																				7325			631	634	631	634					253.33	34.48						332.42	207.10	746.88						0.00		4.66	4	0				
07/12/2018	3.3.2	Gaze Project	O4	3	M	Bilingual	G130	06/09/2018	89100	1280 x 720		Raw Data														61065	10:16:50.085	1536226383858647															0	4838		Fixation	8			0.52	156.30	173.71																				7326	619	629	615	627	617	628			248.50	36.58	246.76	37.33	247.63	36.96	287.24	203.70	735.00	332.97	208.49	750.97					761.13	761.13	4.43	4.71	0	0				
07/12/2018	3.3.2	Gaze Project	O4	3	M	Bilingual	G130	06/09/2018	89100	1280 x 720		Raw Data														61073	10:16:50.094	1536226383866926															0			Unclassified	8																									7327																			-34.01										4	4				
07/12/2018	3.3.2	Gaze Project	O4	3	M	Bilingual	G130	06/09/2018	89100	1280 x 720		Raw Data														61081	10:16:50.102	1536226383875263															0			Unclassified	8																									7328	615	615			615	615			247.06	42.30					287.82	204.05	734.85		-34.01						761.13		4.34		0	4				
07/12/2018	3.3.2	Gaze Project	O4	3	M	Bilingual	G130	06/09/2018	89100	1280 x 720		Raw Data														61090	10:16:50.110	1536226383883593															0			Unclassified	8																									7329	639	620			639	620			256.30	40.20					288.01	203.56	733.48		-34.01						759.68		4.15		0	4				
07/12/2018	3.3.2	Gaze Project	O4	3	M	Bilingual	G130	06/09/2018	89100	1280 x 720		Raw Data														61098	10:16:50.119	1536226383891958															0			Unclassified	8																									7330	643	644			643	644			258.05	30.55					288.26	203.53	733.49		-34.01						759.69		4.31		0	4				
07/12/2018	3.3.2	Gaze Project	O4	3	M	Bilingual	G130	06/09/2018	89100	1280 x 720		Raw Data														61106	10:16:50.127	1536226383900317															0	4839		Fixation	8			1.79	71.62	275.32																				7331	677	631	635	567	656	599			271.92	35.77	254.83	61.51	263.38	48.64	288.42	209.42	750.89	342.79	221.55	789.34					778.05	778.05	4.51	4.78	0	0				
07/12/2018	3.3.2	Gaze Project	O4	3	M	Bilingual	G130	06/09/2018	89100	1280 x 720		Raw Data														61115	10:16:50.135	1536226383908585															0	4840		Fixation	8			1.43	239.91	168.29																				7332	643	569	610	610	626	589			257.93	60.94	244.76	44.26	251.34	52.60	288.76	203.48	732.10	333.14	199.91	724.08					758.39	758.39	4.63	4.74	0	0				
07/12/2018	3.3.2	Gaze Project	O4	3	M	Bilingual	G130	06/09/2018	89100	1280 x 720		Raw Data														61123	10:16:50.144	1536226383916927															0	4841		Fixation	8			4.15	62.94	183.04																				7333	695	571	672	489	683	530			278.90	60.13	269.80	93.18	274.35	76.66	289.05	203.72	732.01	333.41	199.97	724.00					758.38	758.38	4.88	4.53	0	0				
07/12/2018	3.3.2	Gaze Project	O4	3	M	Bilingual	G130	06/09/2018	89100	1280 x 720		Raw Data														61131	10:16:50.152	1536226383925274															0	4842		Fixation	8			1.29	173.02	110.08																				7334	625	508	631	484	628	496			251.01	85.46	253.32	95.00	252.17	90.23	289.25	208.66	747.30	333.67	200.04	724.05					774.44	774.44	4.64	4.56	0	0				
07/12/2018	3.3.2	Gaze Project	O4	3	M	Bilingual	G130	06/09/2018	89100	1280 x 720		Raw Data														61140	10:16:50.160	1536226383933616															0	4843		Fixation	8			1.78	295.60	122.58																				7335	666	522	656	536	661	529			267.22	79.66	263.47	74.18	265.35	76.92	289.56	203.60	731.46	334.81	205.09	739.60					757.85	757.85	4.47	4.84	0	0				
07/12/2018	3.3.2	Gaze Project	O4	3	M	Bilingual	G130	06/09/2018	89100	1280 x 720		Raw Data														61148	10:16:50.169	1536226383941988															0	4844		Fixation	8			2.82	103.24	167.63																				7336	661	416	635	447	648	431			265.26	122.59	255.09	110.07	260.18	116.33	289.71	209.82	750.35	334.15	199.83	723.25					777.72	777.72	4.62	4.52	0	0				
07/12/2018	3.3.2	Gaze Project	O4	3	M	Bilingual	G130	06/09/2018	89100	1280 x 720		Raw Data														61156	10:16:50.177	1536226383950250															0	4845		Fixation	8			1.88	229.08	125.85																				7337	665	527	595	493	630	510			266.94	77.74	238.82	91.55	252.88	84.64	289.92	210.16	751.27	334.35	199.55	722.35					778.71	778.71	4.65	4.62	0	0				
07/12/2018	3.3.2	Gaze Project	O4	3	M	Bilingual	G130	06/09/2018	89100	1280 x 720		Raw Data														61165	10:16:50.185	1536226383958578															0	4846		Fixation	8			6.54	71.87	202.79																				7338	683	526	663	286	673	406			273.99	78.14	265.97	174.78	269.98	126.46	290.17	206.69	740.70	343.87	219.49	782.07					767.61	767.61	4.69	4.60	0	0				
07/12/2018	3.3.2	Gaze Project	O4	3	M	Bilingual	G130	06/09/2018	89100	1280 x 720		Raw Data														61173	10:16:50.194	1536226383966941															0	4847		Fixation	8			5.22	261.38	189.51																				7339	642	478	637	457	639	467			257.77	97.54	255.72	106.11	256.74	101.82	290.38	203.15	729.54	334.78	199.49	721.93					755.92	755.92	4.40	4.67	0	0				
07/12/2018	3.3.2	Gaze Project	O4	3	M	Bilingual	G130	06/09/2018	89100	1280 x 720		Raw Data														61181	10:16:50.202	1536226383975287															0	4848		Fixation	8			1.36	104.63	203.25																				7340	636	386	626	415	631	400			255.19	134.44	251.26	122.79	253.23	128.62	290.56	202.83	728.45	334.97	199.65	721.87					754.79	754.79	4.12	4.39	0	0				
07/12/2018	3.3.2	Gaze Project	O4	3	M	Bilingual	G130	06/09/2018	89100	1280 x 720		Raw Data														61190	10:16:50.210	1536226383983578															0	4849		Fixation	8			1.06	331.85	227.22																				7341	648	319	656	431	652	375			259.95	161.44	263.21	116.22	261.58	138.83	290.70	202.90	728.56	336.08	204.73	737.87					754.93	754.93	3.98	4.64	0	0				
07/12/2018	3.3.2	Gaze Project	O4	3	M	Bilingual	G130	06/09/2018	89100	1280 x 720		Raw Data														61198	10:16:50.219	1536226383991915															0	4850		Fixation	8			0.76	279.43	307.58																				7342	629	306	660	455	644	380			252.50	166.87	265.04	106.86	258.77	136.87	290.79	206.64	740.11	335.26	199.48	721.51					767.06	767.06	4.05	4.49	0	0				
07/12/2018	3.3.2	Gaze Project	O4	3	M	Bilingual	G130	06/09/2018	89100	1280 x 720		Raw Data														61199	10:16:50.219								10	Space								4850		Fixation	8			0.76	279.43	307.58																																																						
07/12/2018	3.3.2	Gaze Project	O4	3	M	Bilingual	G130	06/09/2018	89100	1280 x 720		Raw Data														61199	10:16:50.219										26	InstructionEnd	Instruction Element					4850		Fixation	8			0.76	279.43	307.58																																																						
07/12/2018	3.3.2	Gaze Project	O4	3	M	Bilingual	G130	06/09/2018	89100	1280 x 720		Raw Data														61206	10:16:50.227	1536226384000247															0	4851		Fixation	8			2.35	106.94	187.51																				7343	677	518	638	383	657	450			271.74	81.53	255.95	135.74	263.85	108.64	290.90	202.81	728.18	336.11	203.49	733.91					754.54	754.54	4.44	4.41	0	0				
07/12/2018	3.3.2	Gaze Project	O4	3	M	Bilingual	G130	06/09/2018	89100	1280 x 720		Raw Data														61215	10:16:50.235	1536226384008609															0	4852		Fixation	8			3.02	272.35	165.41																				7344	688	428	642	480	665	454			276.05	117.56	257.70	96.71	266.87	107.13	290.97	202.76	728.02	335.41	199.29	720.72					754.38	754.38	4.25	4.55	0	0				
07/12/2018	3.3.2	Gaze Project	O4	3	M	Bilingual	G130	06/09/2018	89100	1280 x 720		Raw Data														61223	10:16:50.244	1536226384016971															0			Unclassified	8																									7345	644	520			644	520			258.54	80.70					290.99	206.41	739.35		-34.01						766.27		4.64		0	4				
07/12/2018	3.3.2	Gaze Project	O4	3	M	Bilingual	G130	06/09/2018	89100	1280 x 720		Raw Data														61231	10:16:50.252	1536226384025230															0	4853		Fixation	8			0.16	270.00	357.65																				7346	703	346	642	485	672	415			282.06	150.79	257.87	94.51	269.96	122.65	291.07	202.88	727.98	335.48	199.23	720.75					754.38	754.38	4.20	4.54	0	0				
07/12/2018	3.3.2	Gaze Project	O4	3	M	Bilingual	G130	06/09/2018	89100	1280 x 720		Raw Data														61240	10:16:50.260	1536226384033589															0	4854		Fixation	8			0.87	227.95	317.95																				7347	666	435	623	506	644	470			267.26	114.71	250.23	86.31	258.75	100.51	291.00	202.50	727.25	335.44	199.10	719.87					753.57	753.57	4.57	4.58	0	0				
07/12/2018	3.3.2	Gaze Project	O4	3	M	Bilingual	G130	06/09/2018	89100	1280 x 720		Raw Data														61248	10:16:50.269	1536226384041930															0	4855		Fixation	8			0.86	249.02	21.07																				7348	638	476	613	532	625	504			255.93	98.22	246.06	75.80	250.99	87.01	290.96	202.38	726.94	335.42	199.18	720.01					753.23	753.23	4.38	4.67	0	0				
07/12/2018	3.3.2	Gaze Project	O4	3	M	Bilingual	G130	06/09/2018	89100	1280 x 720		Raw Data														61256	10:16:50.277	1536226384050286															0	4856		Fixation	8			1.62	51.26	162.24																				7349	669	455	646	491	657	473			268.67	106.74	259.11	92.23	263.89	99.49	290.90	202.43	727.12	335.34	199.10	719.68					753.42	753.42	4.36	4.56	0	0				
07/12/2018	3.3.2	Gaze Project	O4	3	M	Bilingual	G130	06/09/2018	89100	1280 x 720		Raw Data														61265	10:16:50.285	1536226384058638															0			Unclassified	8																									7350																			-34.01										4	4				
07/12/2018	3.3.2	Gaze Project	O4	3	M	Bilingual	G130	06/09/2018	89100	1280 x 720		Raw Data														61273	10:16:50.294	1536226384066901															0	4857		Fixation	8			3.76	75.66	24.40																				7351	678	453	676	374	677	413			271.99	107.44	271.28	139.43	271.64	123.43	290.73	202.33	726.94	335.90	203.05	731.84					753.22	753.22	4.34	4.58	0	0				
07/12/2018	3.3.2	Gaze Project	O4	3	M	Bilingual	G130	06/09/2018	89100	1280 x 720		Raw Data														61281	10:16:50.302	1536226384075236															0			Unclassified	8																									7352	619	202			619	202			248.36	208.74					290.68	202.43	726.90		-34.01						753.21		3.45		0	4				
07/12/2018	3.3.2	Gaze Project	O4	3	M	Bilingual	G130	06/09/2018	89100	1280 x 720		Raw Data														61290	10:16:50.310	1536226384083593															0	4858		Fixation	8			2.58	210.34	134.67																				7353	677	229	604	416	640	322			271.75	197.89	242.38	122.27	257.07	160.08	290.50	202.22	726.73	335.52	200.34	722.78					752.97	752.97	3.25	4.13	0	0				
07/12/2018	3.3.2	Gaze Project	O4	3	M	Bilingual	G130	06/09/2018	89100	1280 x 720		Raw Data														61298	10:16:50.319	1536226384091950															0			Unclassified	8																									7354	646	354			646	354			259.30	147.53					290.37	202.14	726.58		-34.01						752.80		3.89		0	4				
07/12/2018	3.3.2	Gaze Project	O4	3	M	Bilingual	G130	06/09/2018	89100	1280 x 720		Raw Data														61306	10:16:50.327	1536226384100219															0	4859		Fixation	8			2.48	297.78	87.45																				7355	688	274	641	486	664	380			276.32	179.50	257.36	94.34	266.84	136.92	290.24	202.07	726.51	335.24	200.23	722.41					752.70	752.70	3.46	4.28	0	0				
07/12/2018	3.3.2	Gaze Project	O4	3	M	Bilingual	G130	06/09/2018	89100	1280 x 720		Raw Data														61315	10:16:50.335	1536226384108566															0	4860		Fixation	8			3.73	94.83	157.04																				7356	682	380	631	368	656	374			273.63	136.95	253.32	141.91	263.47	139.43	290.66	204.12	732.39	334.48	198.75	718.37					758.94	758.94	4.01	3.79	0	0				
07/12/2018	3.3.2	Gaze Project	O4	3	M	Bilingual	G130	06/09/2018	89100	1280 x 720		Raw Data														61323	10:16:50.344	1536226384116903															0	4861		Fixation	8			6.08	268.53	173.70																				7357	643	484	626	562	634	523			258.30	94.89	251.15	63.65	254.72	79.27	290.71	204.74	734.39	334.34	198.71	718.30					761.03	761.03	4.62	4.71	0	0				
07/12/2018	3.3.2	Gaze Project	O4	3	M	Bilingual	G130	06/09/2018	89100	1280 x 720		Raw Data														61331	10:16:50.352	1536226384125262															0			Unclassified	8																									7358	668	355			668	355			268.22	146.83					290.42	204.10	732.66		-34.01						759.17		4.19		0	4				
07/12/2018	3.3.2	Gaze Project	O4	3	M	Bilingual	G130	06/09/2018	89100	1280 x 720		Raw Data														61340	10:16:50.360	1536226384133621															0	4862		Fixation	8			5.01	71.62	163.09																				7359	671	408	677	409	674	408			269.42	125.81	271.69	125.26	270.56	125.54	289.67	201.68	725.97	334.59	199.84	721.46					752.04	752.04	4.12	4.11	0	0				
07/12/2018	3.3.2	Gaze Project	O4	3	M	Bilingual	G130	06/09/2018	89100	1280 x 720		Raw Data														61348	10:16:50.369	1536226384141897															0	4863		Fixation	8			4.47	259.59	187.96																				7360	690	392	651	550	670	471			277.09	132.00	261.19	68.65	269.14	100.32	289.54	201.59	725.88	333.91	198.48	717.88					751.92	751.92	4.09	4.71	0	0				
07/12/2018	3.3.2	Gaze Project	O4	3	M	Bilingual	G130	06/09/2018	89100	1280 x 720		Raw Data														61356	10:16:50.377	1536226384150220															0	4864		Fixation	8			1.21	182.95	283.36																				7361	694	286	612	552	653	419			278.53	174.67	245.48	67.70	262.00	121.19	289.91	203.44	731.18	334.04	199.08	719.37					757.55	757.55	3.57	4.52	0	0				
07/12/2018	3.3.2	Gaze Project	O4	3	M	Bilingual	G130	06/09/2018	89100	1280 x 720		Raw Data														61365	10:16:50.385	1536226384158575															0			Unclassified	8																									7362	700	224			700	224			280.90	199.64					289.25	202.99	730.85		-34.01						757.06		3.42		0	4				
07/12/2018	3.3.2	Gaze Project	O4	3	M	Bilingual	G130	06/09/2018	89100	1280 x 720		Raw Data														61373	10:16:50.394	1536226384166931															0	4865		Fixation	8			6.31	86.88	263.93																				7363	664	220	623	351	643	285			266.49	201.33	249.98	148.72	258.24	175.03	289.14	202.67	730.07	333.53	198.22	717.45					756.22	756.22	3.28	3.80	0	0				
07/12/2018	3.3.2	Gaze Project	O4	3	M	Bilingual	G130	06/09/2018	89100	1280 x 720		Raw Data														61381	10:16:50.402	1536226384175292															0			Unclassified	8																									7364	655	208			655	208			263.06	206.36					289.02	201.26	726.01		-34.01						751.92		2.89		0	4				
07/12/2018	3.3.2	Gaze Project	O4	3	M	Bilingual	G130	06/09/2018	89100	1280 x 720		Raw Data														61390	10:16:50.410	1536226384183552															0			Unclassified	8																									7365	667	234			667	234			267.59	195.79					288.94	201.06	725.29		-34.01						751.17		3.11		0	4				
07/12/2018	3.3.2	Gaze Project	O4	3	M	Bilingual	G130	06/09/2018	89100	1280 x 720		Raw Data														61398	10:16:50.419	1536226384191881															0			Unclassified	8																									7366	647	220			647	220			259.60	201.17					288.82	200.85	724.85		-34.01						750.68		3.25		0	4				
07/12/2018	3.3.2	Gaze Project	O4	3	M	Bilingual	G130	06/09/2018	89100	1280 x 720		Raw Data														61406	10:16:50.427	1536226384200250															0	4866		Fixation	8			0.35	344.70	257.82																				7367	650	125	634	354	642	239			260.98	239.45	254.65	147.24	257.82	193.34	288.66	206.51	742.50	341.63	216.23	771.89					769.19	769.19	2.95	4.86	0	0				
07/12/2018	3.3.2	Gaze Project	O4	3	M	Bilingual	G130	06/09/2018	89100	1280 x 720		Raw Data														61415	10:16:50.435	1536226384208604															0	4867		Fixation	8			2.56	278.20	293.50																				7368	635	239	646	437	640	338			255.05	193.69	259.11	114.03	257.08	153.86	291.72	211.94	758.33	333.01	197.83	716.84					786.05	786.05	3.96	4.47	0	0				
07/12/2018	3.3.2	Gaze Project	O4	3	M	Bilingual	G130	06/09/2018	89100	1280 x 720		Raw Data														61423	10:16:50.444	1536226384216873															0	4868		Fixation	8			1.88	85.17	166.97																				7369	696	366	651	378	673	372			279.32	142.58	261.39	137.72	270.36	140.15	290.88	209.27	750.46	332.91	197.77	716.75					777.70	777.70	4.25	4.38	0	0				
07/12/2018	3.3.2	Gaze Project	O4	3	M	Bilingual	G130	06/09/2018	89100	1280 x 720		Raw Data														61431	10:16:50.452	1536226384225231															0	4869		Fixation	8			1.58	279.24	194.07																				7370	652	392	659	427	655	409			261.52	131.96	264.50	118.06	263.01	125.01	288.44	200.62	724.92	332.79	197.87	716.71					750.66	750.66	4.16	4.41	0	0				
07/12/2018	3.3.2	Gaze Project	O4	3	M	Bilingual	G130	06/09/2018	89100	1280 x 720		Raw Data														61440	10:16:50.460	1536226384233558															0	4870		Fixation	8			1.13	250.62	331.37																				7371	685	558	647	461	666	509			275.02	65.43	259.58	104.42	267.30	84.93	288.35	200.57	724.91	332.74	197.77	716.84					750.63	750.63	4.78	4.51	0	0				
07/12/2018	3.3.2	Gaze Project	O4	3	M	Bilingual	G130	06/09/2018	89100	1280 x 720		Raw Data														61448	10:16:50.469	1536226384241903															0	4871		Fixation	8			2.23	82.70	192.08																				7372	670	462	656	391	663	426			268.81	103.70	263.16	132.63	265.98	118.16	288.19	203.95	735.64	332.64	197.72	716.72					761.86	761.86	4.43	4.49	0	0				
07/12/2018	3.3.2	Gaze Project	O4	3	M	Bilingual	G130	06/09/2018	89100	1280 x 720		Raw Data														61456	10:16:50.477	1536226384250272															0	4872		Fixation	8			3.19	298.53	215.84																				7373	644	377	704	479	674	428			258.66	138.04	282.47	96.85	270.57	117.45	288.15	200.46	724.80	332.46	197.84	716.67					750.48	750.48	4.01	4.52	0	0				
07/12/2018	3.3.2	Gaze Project	O4	3	M	Bilingual	G130	06/09/2018	89100	1280 x 720		Raw Data														61465	10:16:50.485	1536226384258537															0	4873		Fixation	8			2.41	220.37	281.84																				7374	660	463	645	529	652	496			264.83	103.31	258.83	76.95	261.83	90.13	288.06	200.38	724.69	332.44	197.84	716.67					750.35	750.35	4.30	4.62	0	0				
07/12/2018	3.3.2	Gaze Project	O4	3	M	Bilingual	G130	06/09/2018	89100	1280 x 720		Raw Data														61473	10:16:50.494	1536226384266864															0	4874		Fixation	8			3.54	67.13	206.76																				7375			689	425	689	425					276.41	118.69						332.29	197.86	716.66						0.00		4.45	4	0				
07/12/2018	3.3.2	Gaze Project	O4	3	M	Bilingual	G130	06/09/2018	89100	1280 x 720		Raw Data														61481	10:16:50.502	1536226384275227															0	4875		Fixation	8			1.37	238.22	171.08																				7376	659	384	666	462	662	423			264.48	135.37	267.38	103.81	265.93	119.59	287.87	200.23	724.40	332.26	197.75	716.70					750.02	750.02	3.96	4.42	0	0				
07/12/2018	3.3.2	Gaze Project	O4	3	M	Bilingual	G130	06/09/2018	89100	1280 x 720		Raw Data														61490	10:16:50.510	1536226384283584															0	4876		Fixation	8			2.51	242.25	4.04																				7377	642	482	628	534	635	508			257.72	95.71	252.09	75.08	254.90	85.40	287.75	200.36	724.86	332.89	202.04	729.95					750.49	750.49	4.55	4.66	0	0				
07/12/2018	3.3.2	Gaze Project	O4	3	M	Bilingual	G130	06/09/2018	89100	1280 x 720		Raw Data														61498	10:16:50.519	1536226384291862															0	4877		Fixation	8			3.58	86.03	203.78																				7378			636	419	636	419					255.27	121.03						332.03	197.91	716.63						0.00		4.34	4	0				
07/12/2018	3.3.2	Gaze Project	O4	3	M	Bilingual	G130	06/09/2018	89100	1280 x 720		Raw Data														61506	10:16:50.527	1536226384300206															0	4878		Fixation	8			0.98	268.16	182.12																				7379	680	378	635	450	657	414			272.95	137.89	254.87	108.88	263.91	123.38	287.55	200.31	724.86	331.95	197.84	716.72					750.47	750.47	3.94	4.53	0	0				
07/12/2018	3.3.2	Gaze Project	O4	3	M	Bilingual	G130	06/09/2018	89100	1280 x 720		Raw Data														61515	10:16:50.535	1536226384308534															0	4879		Fixation	8			0.47	289.60	21.44																				7380	626	387	640	464	633	425			251.40	134.07	256.79	102.97	254.09	118.52	287.46	200.26	724.78	332.56	202.02	729.67					750.37	750.37	3.79	4.59	0	0				
07/12/2018	3.3.2	Gaze Project	O4	3	M	Bilingual	G130	06/09/2018	89100	1280 x 720		Raw Data														61523	10:16:50.544	1536226384316901															0	4880		Fixation	8			0.86	0.00	70.40																				7381	624	517	668	464	646	490			250.62	81.85	267.98	103.13	259.30	92.49	287.37	200.35	725.11	332.61	203.03	732.63					750.71	750.71	4.62	4.53	0	0				
07/12/2018	3.3.2	Gaze Project	O4	3	M	Bilingual	G130	06/09/2018	89100	1280 x 720		Raw Data														61531	10:16:50.552	1536226384325254															0	4881		Fixation	8			1.78	121.92	121.92																				7382	667	424	638	416	652	420			267.69	119.10	256.09	122.53	261.89	120.81	287.27	200.26	724.90	331.64	197.93	716.75					750.48	750.48	4.16	4.42	0	0				
07/12/2018	3.3.2	Gaze Project	O4	3	M	Bilingual	G130	06/09/2018	89100	1280 x 720		Raw Data														61540	10:16:50.560	1536226384333519															0	4882		Fixation	8			1.83	290.26	168.34																				7383	658	195	658	470	658	332			264.04	211.55	264.29	100.70	264.17	156.12	287.18	200.38	725.32	331.53	197.93	716.64					750.91	750.91	3.51	4.52	0	0				
07/12/2018	3.3.2	Gaze Project	O4	3	M	Bilingual	G130	06/09/2018	89100	1280 x 720		Raw Data														61548	10:16:50.569	1536226384341890															0	4883		Fixation	8			0.38	41.73	111.46																				7384	684	502	667	462	675	482			274.44	87.78	267.79	103.74	271.11	95.76	287.01	203.90	736.41	331.33	198.07	716.58					762.53	762.53	4.76	4.34	0	0				
07/12/2018	3.3.2	Gaze Project	O4	3	M	Bilingual	G130	06/09/2018	89100	1280 x 720		Raw Data														61556	10:16:50.577	1536226384350216															0	4884		Fixation	8			0.98	95.51	53.78																				7385	657	470	664	431	660	450			263.65	100.71	266.72	116.37	265.18	108.54	287.02	200.43	725.58	331.37	198.14	717.13					751.17	751.17	4.43	4.47	0	0				
07/12/2018	3.3.2	Gaze Project	O4	3	M	Bilingual	G130	06/09/2018	89100	1280 x 720		Raw Data														61565	10:16:50.585	1536226384358572															0	4885		Fixation	8			2.86	240.72	145.21																				7386	673	279	619	511	646	395			270.19	177.68	248.32	84.27	259.25	130.98	286.94	200.49	725.79	331.68	199.20	719.83					751.38	751.38	3.51	4.30	0	0				
07/12/2018	3.3.2	Gaze Project	O4	3	M	Bilingual	G130	06/09/2018	89100	1280 x 720		Raw Data														61573	10:16:50.594	1536226384366924															0	4886		Fixation	8			0.52	162.59	281.87																				7387	639	409	603	506	621	457			256.39	125.20	242.05	86.22	249.22	105.71	286.88	200.54	725.99	332.00	200.09	722.46					751.59	751.59	4.07	4.42	0	0				
07/12/2018	3.3.2	Gaze Project	O4	3	M	Bilingual	G130	06/09/2018	89100	1280 x 720		Raw Data														61581	10:16:50.602	1536226384375189															0			Unclassified	8																									7388																			-34.01										4	4				
07/12/2018	3.3.2	Gaze Project	O4	3	M	Bilingual	G130	06/09/2018	89100	1280 x 720		Raw Data														61590	10:16:50.610	1536226384383520															0	4887		Fixation	8			1.80	35.97	233.38																				7389	657	557	650	472	653	514			263.74	65.65	260.86	99.76	262.30	82.71	287.38	202.97	732.99	331.10	198.39	717.57					759.01	759.01	4.76	4.43	0	0				
07/12/2018	3.3.2	Gaze Project	O4	3	M	Bilingual	G130	06/09/2018	89100	1280 x 720		Raw Data														61598	10:16:50.619	1536226384391872															0	4888		Fixation	8			1.10	300.88	264.91																				7390			668	502	668	502					268.09	87.80						331.39	200.36	723.83						0.00		4.74	4	0				
07/12/2018	3.3.2	Gaze Project	O4	3	M	Bilingual	G130	06/09/2018	89100	1280 x 720		Raw Data														61606	10:16:50.627	1536226384400237															0	4889		Fixation	8			2.30	214.20	273.32																				7391	688	242	606	544	647	393			276.20	192.48	243.09	70.76	259.65	131.62	286.72	200.73	726.65	331.79	200.33	722.86					752.26	752.26	3.60	4.47	0	0				
07/12/2018	3.3.2	Gaze Project	O4	3	M	Bilingual	G130	06/09/2018	89100	1280 x 720		Raw Data														61615	10:16:50.635	1536226384408506															0	4890		Fixation	8			5.74	80.01	225.81																				7392	640	276	638	363	639	319			256.94	178.76	255.98	143.63	256.46	161.20	286.70	200.62	726.69	331.02	198.61	718.07					752.27	752.27	3.68	3.92	0	0				
07/12/2018	3.3.2	Gaze Project	O4	3	M	Bilingual	G130	06/09/2018	89100	1280 x 720		Raw Data														61623	10:16:50.644	1536226384416851															0	4891		Fixation	8			5.69	264.96	184.96																				7393	685	321	622	544	653	432			274.77	160.54	249.71	70.95	262.24	115.74	286.69	200.85	726.99	331.58	200.05	721.94					752.62	752.62	3.71	4.59	0	0				
07/12/2018	3.3.2	Gaze Project	O4	3	M	Bilingual	G130	06/09/2018	89100	1280 x 720		Raw Data														61631	10:16:50.652	1536226384425192															0	4892		Fixation	8			0.35	15.30	110.34																				7394	677	281	633	541	655	411			271.76	176.59	254.08	72.17	262.92	124.38	286.69	200.92	727.18	331.82	200.66	723.72					752.83	752.83	3.67	4.57	0	0				
07/12/2018	3.3.2	Gaze Project	O4	3	M	Bilingual	G130	06/09/2018	89100	1280 x 720		Raw Data														61640	10:16:50.660	1536226384433548															0			Unclassified	8																									7395	657	278			657	278			263.83	178.03					286.70	201.01	727.40		-34.01						753.06		3.71		0	4				
07/12/2018	3.3.2	Gaze Project	O4	3	M	Bilingual	G130	06/09/2018	89100	1280 x 720		Raw Data														61648	10:16:50.669	1536226384441917															0	4893		Fixation	8			7.16	87.51	72.21																				7396	653	367	643	312	648	339			262.18	142.03	258.21	164.12	260.20	153.08	286.71	201.08	727.57	331.85	200.86	724.16					753.25	753.25	4.00	3.86	0	0				
07/12/2018	3.3.2	Gaze Project	O4	3	M	Bilingual	G130	06/09/2018	89100	1280 x 720		Raw Data														61656	10:16:50.677	1536226384450165															0	4894		Fixation	8			4.30	117.43	29.92																				7397			580	191	580	191					232.88	213.06						331.41	201.09	725.58						0.00		2.98	4	0				
07/12/2018	3.3.2	Gaze Project	O4	3	M	Bilingual	G130	06/09/2018	89100	1280 x 720		Raw Data														61665	10:16:50.685	1536226384458520															0	4895		Fixation	8			1.94	2.78	245.35																				7398	701	226	642	188	671	207			281.39	198.80	257.82	214.06	269.61	206.43	287.37	203.64	734.80	331.40	200.95	725.11					760.93	760.93	3.39	3.07	0	0				
07/12/2018	3.3.2	Gaze Project	O4	3	M	Bilingual	G130	06/09/2018	89100	1280 x 720		Raw Data														61673	10:16:50.694	1536226384466861															0	4896		Fixation	8			4.07	250.49	247.72																				7399			599	309	599	309					240.32	165.53						331.13	199.18	719.35						0.00		3.65	4	0				
07/12/2018	3.3.2	Gaze Project	O4	3	M	Bilingual	G130	06/09/2018	89100	1280 x 720		Raw Data														61681	10:16:50.702	1536226384475223															0	4897		Fixation	8			5.05	279.67	29.17																				7400	655	300	626	467	640	383			262.83	168.99	251.39	102.08	257.11	135.53	286.84	201.41	728.41	331.51	201.25	725.91					754.16	754.16	3.66	4.67	0	0				
07/12/2018	3.3.2	Gaze Project	O4	3	M	Bilingual	G130	06/09/2018	89100	1280 x 720		Raw Data														61690	10:16:50.710	1536226384483575															0	4898		Fixation	8			2.73	275.82	356.15																				7401	665	254	635	555	650	404			266.96	187.56	254.93	66.62	260.95	127.09	286.88	201.46	728.54	332.03	201.28	725.16					754.30	754.30	3.52	4.53	0	0				
07/12/2018	3.3.2	Gaze Project	O4	3	M	Bilingual	G130	06/09/2018	89100	1280 x 720		Raw Data														61698	10:16:50.719	1536226384491840															0	4899		Fixation	8			1.14	253.06	337.24																				7402	641	373	624	591	632	482			257.49	139.74	250.43	51.96	253.96	95.85	286.91	201.61	728.48	332.02	201.25	724.98					754.29	754.29	3.79	4.65	0	0				
07/12/2018	3.3.2	Gaze Project	O4	3	M	Bilingual	G130	06/09/2018	89100	1280 x 720		Raw Data														61706	10:16:50.727	1536226384500171															0			Unclassified	8																									7403	648	321			648	321			260.13	160.70					287.51	203.86	735.24		-34.01						761.43		3.83		0	4				
07/12/2018	3.3.2	Gaze Project	O4	3	M	Bilingual	G130	06/09/2018	89100	1280 x 720		Raw Data														61715	10:16:50.735	1536226384508534															0	4900		Fixation	8			12.99	81.74	188.68																				7404	675	240	684	179	679	209			271.10	193.42	274.74	217.82	272.92	205.62	287.61	204.13	736.02	331.74	201.88	727.57					762.26	762.26	3.50	3.38	0	0				
07/12/2018	3.3.2	Gaze Project	O4	3	M	Bilingual	G130	06/09/2018	89100	1280 x 720		Raw Data														61723	10:16:50.744	1536226384516890															0	4901		Fixation	8			9.74	255.34	173.60																				7405	683	298	605	480	644	389			274.31	170.02	242.92	96.70	258.62	133.36	287.04	201.39	728.57	331.77	201.81	727.39					754.31	754.31	3.85	4.75	0	0				
07/12/2018	3.3.2	Gaze Project	O4	3	M	Bilingual	G130	06/09/2018	89100	1280 x 720		Raw Data	attention.avi	190	0	900	720									61730	10:16:50.751										27	MovieStart	attention.avi					4902		Fixation	8	453	450	1.49	38.38	143.04																																																						
07/12/2018	3.3.2	Gaze Project	O4	3	M	Bilingual	G130	06/09/2018	89100	1280 x 720		Raw Data	attention.avi	190	0	900	720									61731	10:16:50.752	1536226384525158															0	4902		Fixation	8	453	450	1.49	38.38	143.04																				7406			643	450	643	450	453	450			257.91	108.68						332.20	201.58	725.88						0.00		4.33	4	0				
07/12/2018	3.3.2	Gaze Project	O4	3	M	Bilingual	G130	06/09/2018	89100	1280 x 720		Raw Data	attention.avi	190	0	900	720									61740	10:16:50.760	1536226384533505															0	4903		Fixation	8	402	503	2.26	226.19	187.81																				7407			592	503	592	503	402	503			237.74	87.55						332.29	201.75	726.44						0.00		4.49	4	0				
07/12/2018	3.3.2	Gaze Project	O4	3	M	Bilingual	G130	06/09/2018	89100	1280 x 720		Raw Data	attention.avi	190	0	900	720									61748	10:16:50.769	1536226384541841															0	4904		Fixation	8	402	505	0.06	270.00	43.81																				7408	708	522	592	505	650	513	460	513	284.35	79.83	237.74	86.63	261.04	83.23	287.13	203.69	735.68	332.38	201.94	727.07					761.77	761.77	4.88	4.53	0	0				
07/12/2018	3.3.2	Gaze Project	O4	3	M	Bilingual	G130	06/09/2018	89100	1280 x 720		Raw Data	attention.avi	190	0	900	720									61756	10:16:50.777	1536226384550187															0	4905		Fixation	8	447	503	1.39	2.55	92.55																				7409	650	473	637	503	643	488	453	488	260.88	99.36	255.86	87.58	258.37	93.47	287.21	202.04	730.37	331.59	200.01	721.78					756.22	756.22	4.62	4.51	0	0				
07/12/2018	3.3.2	Gaze Project	O4	3	M	Bilingual	G130	06/09/2018	89100	1280 x 720		Raw Data	attention.avi	190	0	900	720									61765	10:16:50.785	1536226384558558															0	4906		Fixation	8	439	494	0.38	131.54	128.99																				7410	661	244	629	494	645	369	455	369	265.36	191.59	252.64	90.97	259.00	141.28	287.22	203.36	734.86	332.59	202.32	728.40					760.90	760.90	3.77	4.42	0	0				
07/12/2018	3.3.2	Gaze Project	O4	3	M	Bilingual	G130	06/09/2018	89100	1280 x 720		Raw Data	attention.avi	190	0	900	720									61773	10:16:50.794	1536226384566828															0	4907		Fixation	8	467	305	5.97	81.60	310.06																				7411	626	283	657	305	641	294	451	294	251.41	175.88	263.72	167.27	257.56	171.58	287.28	202.14	730.88	331.66	200.11	722.29					756.75	756.75	3.73	3.63	0	0				
07/12/2018	3.3.2	Gaze Project	O4	3	M	Bilingual	G130	06/09/2018	89100	1280 x 720		Raw Data	attention.avi	190	0	900	720									61781	10:16:50.802	1536226384575164															0			Unclassified	8																									7412	612	280			612	280	422	280	245.54	177.06					287.31	201.99	730.95		-34.01						756.76		3.67		0	4				
07/12/2018	3.3.2	Gaze Project	O4	3	M	Bilingual	G130	06/09/2018	89100	1280 x 720		Raw Data	attention.avi	190	0	900	720									61790	10:16:50.810	1536226384583515															0			Unclassified	8																									7413	675	223			675	223	485	223	271.08	200.18					287.35	202.19	731.29		-34.01						757.14		3.35		0	4				
07/12/2018	3.3.2	Gaze Project	O4	3	M	Bilingual	G130	06/09/2018	89100	1280 x 720		Raw Data	attention.avi	190	0	900	720									61798	10:16:50.819	1536226384591872															0			Unclassified	8																									7414	652	246			652	246	462	246	261.83	191.04					287.38	202.23	731.54		-34.01						757.40		3.36		0	4				
07/12/2018	3.3.2	Gaze Project	O4	3	M	Bilingual	G130	06/09/2018	89100	1280 x 720		Raw Data	attention.avi	190	0	900	720									61806	10:16:50.827	1536226384600227															0	4908		Fixation	8	319	163	6.41	136.09	54.49																				7415	656	216	509	163	582	189	392	189	263.14	202.95	204.39	224.28	233.77	213.62	287.40	202.24	731.71	332.15	202.40	730.01					757.57	757.57	3.30	2.82	0	0				
07/12/2018	3.3.2	Gaze Project	O4	3	M	Bilingual	G130	06/09/2018	89100	1280 x 720		Raw Data	attention.avi	190	0	900	720									61814	10:16:50.835	1536226384608488															0	4909		Fixation	8	476	384	8.49	305.30	169.21																				7416	683	265	666	384	674	324	484	324	274.32	183.18	267.35	135.28	270.83	159.23	287.42	202.23	731.81	331.81	200.30	723.40					757.66	757.66	3.45	4.04	0	0				
07/12/2018	3.3.2	Gaze Project	O4	3	M	Bilingual	G130	06/09/2018	89100	1280 x 720		Raw Data	attention.avi	190	0	900	720									61823	10:16:50.844	1536226384616826															0			Unclassified	8																									7417	648	389			648	389	458	389	259.94	133.38					287.43	202.25	732.01		-34.01						757.86		4.01		0	4				
07/12/2018	3.3.2	Gaze Project	O4	3	M	Bilingual	G130	06/09/2018	89100	1280 x 720		Raw Data	attention.avi	190	0	900	720									61831	10:16:50.852	1536226384625184															0	4910		Fixation	8	514	278	3.54	70.34	125.03																				7418			704	278	704	278	514	278			282.45	177.84						332.17	202.36	730.12						0.00		3.50	4	0				
07/12/2018	3.3.2	Gaze Project	O4	3	M	Bilingual	G130	06/09/2018	89100	1280 x 720		Raw Data	attention.avi	190	0	900	720									61840	10:16:50.860	1536226384633542															0	4911		Fixation	8	409	541	8.80	248.30	177.96																				7419	669	394	599	541	634	467	444	467	268.65	131.25	240.26	72.08	254.46	101.66	287.44	202.18	732.01	331.82	200.33	723.60					757.83	757.83	4.04	4.74	0	0				
07/12/2018	3.3.2	Gaze Project	O4	3	M	Bilingual	G130	06/09/2018	89100	1280 x 720		Raw Data	attention.avi	190	0	900	720									61848	10:16:50.869	1536226384641811															0	4912		Fixation	8	436	394	4.56	79.63	191.33																				7420	627	499	626	394	626	446	436	446	251.61	88.89	251.34	131.16	251.47	110.02	287.37	205.95	743.87	332.95	207.26	744.89					770.27	770.27	4.53	4.63	0	0				
07/12/2018	3.3.2	Gaze Project	O4	3	M	Bilingual	G130	06/09/2018	89100	1280 x 720		Raw Data	attention.avi	190	0	900	720									61856	10:16:50.877	1536226384650160															0	4913		Fixation	8	445	451	1.76	278.94	199.32																				7421	596	386	635	451	615	418	425	418	239.20	134.68	254.76	108.24	246.98	121.46	294.47	228.45	811.22	332.95	207.33	745.09					841.51	841.51	5.29	4.72	0	0				
07/12/2018	3.3.2	Gaze Project	O4	3	M	Bilingual	G130	06/09/2018	89100	1280 x 720		Raw Data	attention.avi	190	0	900	720									61864	10:16:50.885	1536226384658494															0	4914		Fixation	8	433	385	1.99	100.27	181.33																				7422	629	441	623	385	626	413	436	413	252.51	112.27	249.97	134.80	251.24	123.53	287.44	202.37	732.67	340.48	219.80	781.81					758.52	758.52	4.32	4.89	0	0				
07/12/2018	3.3.2	Gaze Project	O4	3	M	Bilingual	G130	06/09/2018	89100	1280 x 720		Raw Data	attention.avi	190	0	900	720									61873	10:16:50.894	1536226384666854															0	4915		Fixation	8	442	465	2.42	276.40	176.13																				7423	611	355	632	465	621	410	431	410	245.09	147.05	253.68	102.72	249.38	124.88	287.42	202.36	732.63	331.80	200.71	724.58					758.47	758.47	4.18	4.47	0	0				
07/12/2018	3.3.2	Gaze Project	O4	3	M	Bilingual	G130	06/09/2018	89100	1280 x 720		Raw Data	attention.avi	190	0	900	720									61881	10:16:50.902	1536226384675215															0	4916		Fixation	8	425	503	1.28	245.97	329.57																				7424	597	162	615	503	606	332	416	332	239.64	224.62	247.01	87.56	243.32	156.09	291.77	218.85	782.16	331.77	200.72	724.55					810.81	810.81	3.96	4.62	0	0				
07/12/2018	3.3.2	Gaze Project	O4	3	M	Bilingual	G130	06/09/2018	89100	1280 x 720		Raw Data	attention.avi	190	0	900	720									61889	10:16:50.910	1536226384683466															0	4917		Fixation	8	449	514	0.82	335.31	89.34																				7425	617	359	639	514	628	436	438	436	247.53	145.33	256.47	83.00	252.00	114.17	287.33	202.48	732.58	331.64	200.87	724.49					758.46	758.46	4.10	4.51	0	0				
07/12/2018	3.3.2	Gaze Project	O4	3	M	Bilingual	G130	06/09/2018	89100	1280 x 720		Raw Data	attention.avi	190	0	900	720									61898	10:16:50.919	1536226384691813															0	4918		Fixation	8	449	427	2.70	90.00	114.69																				7426	696	486	639	427	667	456	477	456	279.19	94.42	256.40	118.15	267.80	106.29	287.27	207.67	749.06	331.73	200.66	724.57					775.73	775.73	4.65	4.35	0	0				
07/12/2018	3.3.2	Gaze Project	O4	3	M	Bilingual	G130	06/09/2018	89100	1280 x 720		Raw Data	attention.avi	190	0	900	720									61906	10:16:50.927	1536226384700164															0	4919		Fixation	8	432	482	1.78	252.88	162.88																				7427	608	337	622	482	615	409	425	409	244.03	154.35	249.48	95.92	246.75	125.14	287.35	202.48	732.91	331.74	201.10	725.42					758.78	758.78	4.01	4.52	0	0				
07/12/2018	3.3.2	Gaze Project	O4	3	M	Bilingual	G130	06/09/2018	89100	1280 x 720		Raw Data	attention.avi	190	0	900	720									61915	10:16:50.935	1536226384708523															0	4920		Fixation	8	454	430	1.75	67.13	174.26																				7428	622	409	644	430	633	419	443	419	249.62	125.44	258.52	116.97	254.07	121.20	287.33	202.66	733.42	331.69	201.07	725.23					759.32	759.32	4.24	4.37	0	0				
07/12/2018	3.3.2	Gaze Project	O4	3	M	Bilingual	G130	06/09/2018	89100	1280 x 720		Raw Data	attention.avi	190	0	900	720									61923	10:16:50.944	1536226384716882															0	4921		Fixation	8	418	443	1.19	199.91	132.78																				7429	634	447	608	443	621	445	431	445	254.59	109.87	244.13	111.49	249.36	110.68	287.30	202.86	733.97	331.65	201.06	725.10					759.90	759.90	4.54	4.45	0	0				
07/12/2018	3.3.2	Gaze Project	O4	3	M	Bilingual	G130	06/09/2018	89100	1280 x 720		Raw Data	attention.avi	190	0	900	720									61931	10:16:50.952	1536226384725142															0	4922		Fixation	8	457	444	1.21	358.53	158.61																				7430	663	312	647	444	655	378	465	378	266.02	164.40	259.54	110.97	262.78	137.69	287.27	203.00	734.38	332.01	203.39	732.44					760.33	760.33	3.84	4.38	0	0				
07/12/2018	3.3.2	Gaze Project	O4	3	M	Bilingual	G130	06/09/2018	89100	1280 x 720		Raw Data	attention.avi	190	0	900	720									61939	10:16:50.960	1536226384733473															0	4923		Fixation	8	503	191	8.07	79.73	81.20																				7431			693	191	693	191	503	191			278.04	212.92						331.58	201.00	725.12						0.00		3.04	4	0				
07/12/2018	3.3.2	Gaze Project	O4	3	M	Bilingual	G130	06/09/2018	89100	1280 x 720		Raw Data	attention.avi	190	0	900	720									61948	10:16:50.969	1536226384741825															0			Unclassified	8																									7432	623	256			623	256	433	256	249.88	187.03					287.18	204.05	737.92		-34.01						764.02		3.51		0	4				
07/12/2018	3.3.2	Gaze Project	O4	3	M	Bilingual	G130	06/09/2018	89100	1280 x 720		Raw Data	attention.avi	190	0	900	720									61956	10:16:50.977	1536226384750194															0	4924		Fixation	8	483	470	8.77	265.91	186.19																				7433	662	333	673	470	667	401	477	401	265.65	155.98	270.21	100.52	267.93	128.25	287.17	203.14	734.77	332.53	203.86	732.79					760.75	760.75	3.95	4.23	0	0				
07/12/2018	3.3.2	Gaze Project	O4	3	M	Bilingual	G130	06/09/2018	89100	1280 x 720		Raw Data	attention.avi	190	0	900	720									61964	10:16:50.985	1536226384758461															0	4925		Fixation	8	452	221	7.86	97.07	191.16																				7434	657	335	642	221	649	278	459	278	263.61	154.89	257.73	200.80	260.67	177.84	287.13	203.22	734.97	331.44	201.05	725.10					760.96	760.96	3.74	3.12	0	0				
07/12/2018	3.3.2	Gaze Project	O4	3	M	Bilingual	G130	06/09/2018	89100	1280 x 720		Raw Data	attention.avi	190	0	900	720									61973	10:16:50.994	1536226384766810															0	4926		Fixation	8	457	364	4.52	272.00	174.92																				7435	664	322	647	364	655	343	465	343	266.72	160.10	259.58	143.40	263.15	151.75	287.08	203.24	735.05	331.47	201.68	726.63					761.04	761.04	3.63	3.98	0	0				
07/12/2018	3.3.2	Gaze Project	O4	3	M	Bilingual	G130	06/09/2018	89100	1280 x 720		Raw Data	attention.avi	190	0	900	720									61981	10:16:51.002	1536226384775144															0	4927		Fixation	8	488	373	1.01	343.76	71.77																				7436	644	280	678	373	661	326	471	326	258.44	177.06	272.20	139.76	265.32	158.41	287.04	203.25	735.15	331.43	201.71	726.74					761.14	761.14	3.56	3.89	0	0				
07/12/2018	3.3.2	Gaze Project	O4	3	M	Bilingual	G130	06/09/2018	89100	1280 x 720		Raw Data	attention.avi	190	0	900	720									61989	10:16:51.010	1536226384783492															0	4928		Fixation	8	501	188	5.83	85.99	102.23																				7437	661	227	691	188	676	207	486	207	265.31	198.37	277.52	214.34	271.41	206.35	286.99	203.31	735.36	331.76	203.96	734.00					761.35	761.35	3.36	3.03	0	0				
07/12/2018	3.3.2	Gaze Project	O4	3	M	Bilingual	G130	06/09/2018	89100	1280 x 720		Raw Data	attention.avi	190	0	900	720									61998	10:16:51.019	1536226384791860															0	4929		Fixation	8	412	395	7.04	246.80	160.81																				7438	677	253	602	395	639	324	449	324	271.84	188.15	241.51	130.72	256.68	159.44	286.95	203.31	735.48	331.35	201.78	727.12					761.46	761.46	3.22	4.00	0	0				
07/12/2018	3.3.2	Gaze Project	O4	3	M	Bilingual	G130	06/09/2018	89100	1280 x 720		Raw Data	attention.avi	190	0	900	720									62006	10:16:51.027	1536226384800124															0			Unclassified	8																									7439	685	260			685	260	495	260	275.01	185.20					286.91	203.16	735.54		-34.01						761.47		3.49		0	4				
07/12/2018	3.3.2	Gaze Project	O4	3	M	Bilingual	G130	06/09/2018	89100	1280 x 720		Raw Data	attention.avi	190	0	900	720									62014	10:16:51.035	1536226384808463															0	4930		Fixation	8	434	305	2.90	76.31	189.50																				7440	666	288	624	305	645	296	455	296	267.51	173.98	250.48	167.15	258.99	170.57	286.87	203.29	735.69	331.27	201.79	727.45					761.65	761.65	3.56	3.60	0	0				
07/12/2018	3.3.2	Gaze Project	O4	3	M	Bilingual	G130	06/09/2018	89100	1280 x 720		Raw Data	attention.avi	190	0	900	720									62023	10:16:51.044	1536226384816822															0	4931		Fixation	8	394	214	3.13	113.66	37.35																				7441	656	248	584	214	620	231	430	231	263.22	190.06	234.27	203.79	248.75	196.92	287.37	205.45	741.98	331.23	201.63	727.52					768.32	768.32	3.16	3.10	0	0				
07/12/2018	3.3.2	Gaze Project	O4	3	M	Bilingual	G130	06/09/2018	89100	1280 x 720		Raw Data	attention.avi	190	0	900	720									62031	10:16:51.052	1536226384825161															0	4932		Fixation	8	452	361	4.97	291.47	177.81																				7442	649	257	642	361	645	309	455	309	260.34	186.63	257.87	144.57	259.11	165.60	286.76	204.55	740.23	331.20	201.77	727.70					766.35	766.35	3.31	3.79	0	0				
07/12/2018	3.3.2	Gaze Project	O4	3	M	Bilingual	G130	06/09/2018	89100	1280 x 720		Raw Data	attention.avi	190	0	900	720									62039	10:16:51.060	1536226384833426															0			Unclassified	8																									7443	644	312			644	312	454	312	258.49	164.27					286.76	203.28	736.16		-34.01						762.10		3.73		0	4				
07/12/2018	3.3.2	Gaze Project	O4	3	M	Bilingual	G130	06/09/2018	89100	1280 x 720		Raw Data	attention.avi	190	0	900	720									62048	10:16:51.069	1536226384841791															0	4933		Fixation	8	485	260	3.34	71.96	140.49																				7444	703	236	675	260	689	248	499	248	282.06	194.96	270.75	185.40	276.40	190.18	286.73	203.23	736.19	331.14	201.75	727.98					762.10	762.10	3.23	3.50	0	0				
07/12/2018	3.3.2	Gaze Project	O4	3	M	Bilingual	G130	06/09/2018	89100	1280 x 720		Raw Data	attention.avi	190	0	900	720									62056	10:16:51.077	1536226384850129															0	4934		Fixation	8	452	206	1.99	121.35	49.39																				7445	641	377	642	206	641	291	451	291	257.33	138.01	257.59	207.15	257.46	172.58	286.69	203.22	736.27	331.42	203.62	734.10					762.17	762.17	3.75	3.33	0	0				
07/12/2018	3.3.2	Gaze Project	O4	3	M	Bilingual	G130	06/09/2018	89100	1280 x 720		Raw Data	attention.avi	190	0	900	720									62064	10:16:51.085	1536226384858485															0	4935		Fixation	8	460	328	3.84	273.74	152.39																				7446	655	253	650	328	652	290	462	290	263.05	188.06	260.82	157.88	261.93	172.97	286.66	203.25	736.48	331.07	201.77	728.21					762.38	762.38	3.33	3.66	0	0				
07/12/2018	3.3.2	Gaze Project	O4	3	M	Bilingual	G130	06/09/2018	89100	1280 x 720		Raw Data	attention.avi	190	0	900	720									62073	10:16:51.094	1536226384866843															0	4936		Fixation	8	455	355	0.86	259.54	345.80																				7447	671	360	645	355	658	357	468	357	269.29	145.04	258.88	147.01	264.09	146.02	286.62	203.25	736.55	331.04	201.79	728.32					762.44	762.44	3.68	3.72	0	0				
07/12/2018	3.3.2	Gaze Project	O4	3	M	Bilingual	G130	06/09/2018	89100	1280 x 720		Raw Data	attention.avi	190	0	900	720									62081	10:16:51.102	1536226384875085															0	4937		Fixation	8	465	337	0.64	61.02	161.48																				7448	701	272	655	337	678	304	488	304	281.24	180.34	262.76	154.11	272.00	167.23	286.57	203.23	736.54	331.00	201.82	728.42					762.43	762.43	3.44	3.64	0	0				
07/12/2018	3.3.2	Gaze Project	O4	3	M	Bilingual	G130	06/09/2018	89100	1280 x 720		Raw Data	attention.avi	190	0	900	720									62089	10:16:51.110	1536226384883461															0	4938		Fixation	8	431	178	5.12	102.03	41.01																				7449	687	238	621	178	654	208	464	208	275.68	193.93	249.10	218.27	262.39	206.10	286.53	203.11	736.59	330.95	201.72	728.47					762.44	762.44	3.35	3.17	0	0				
07/12/2018	3.3.2	Gaze Project	O4	3	M	Bilingual	G130	06/09/2018	89100	1280 x 720		Raw Data	attention.avi	190	0	900	720									62098	10:16:51.119	1536226384891798															0	4939		Fixation	8	434	324	4.59	271.17	169.14																				7450	729	273	624	324	676	298	486	298	292.68	180.02	250.59	159.30	271.63	169.66	286.49	203.10	736.59	330.92	201.90	728.58					762.44	762.44	3.43	3.79	0	0				
07/12/2018	3.3.2	Gaze Project	O4	3	M	Bilingual	G130	06/09/2018	89100	1280 x 720		Raw Data	attention.avi	190	0	900	720									62106	10:16:51.127	1536226384900160															0	4940		Fixation	8	494	303	1.98	19.35	108.17																				7451	644	249	684	303	664	276	474	276	258.64	189.78	274.40	167.89	266.52	178.84	286.45	203.34	736.92	330.87	201.96	728.68					762.82	762.82	3.42	3.70	0	0				
07/12/2018	3.3.2	Gaze Project	O4	3	M	Bilingual	G130	06/09/2018	89100	1280 x 720		Raw Data	attention.avi	190	0	900	720									62115	10:16:51.135	1536226384908514															0	4941		Fixation	8	425	528	7.30	253.00	233.65																				7452	550	209	615	528	582	368	392	368	220.85	205.76	246.74	77.37	233.80	141.56	301.40	259.59	907.09	330.81	201.96	728.57					942.53	942.53	5.11	4.58	0	0				
07/12/2018	3.3.2	Gaze Project	O4	3	M	Bilingual	G130	06/09/2018	89100	1280 x 720		Raw Data	attention.avi	190	0	900	720									62123	10:16:51.144	1536226384916787															0	4942		Fixation	8	458	427	3.26	71.96	178.96																				7453	618	337	648	427	633	382	443	382	248.14	154.32	260.23	118.03	254.18	136.18	286.40	203.48	736.86	330.82	202.33	729.56					762.80	762.80	3.88	4.47	0	0				
07/12/2018	3.3.2	Gaze Project	O4	3	M	Bilingual	G130	06/09/2018	89100	1280 x 720		Raw Data	attention.avi	190	0	900	720									62131	10:16:51.152	1536226384925114															0	4943		Fixation	8	489	274	4.88	78.58	6.62																				7454	662	429	679	274	670	351	480	351	265.59	117.11	272.74	179.59	269.17	148.35	286.30	203.36	736.90	330.75	202.24	729.60					762.80	762.80	4.16	3.93	0	0				
07/12/2018	3.3.2	Gaze Project	O4	3	M	Bilingual	G130	06/09/2018	89100	1280 x 720		Raw Data	attention.avi	190	0	900	720									62139	10:16:51.160	1536226384933470															0	4944		Fixation	8	422	479	6.41	251.96	173.37																				7455	591	90	612	479	601	284	411	284	237.14	253.52	245.65	96.90	241.40	175.21	291.87	224.67	801.09	340.40	224.00	794.24					830.60	830.60	3.95	5.00	0	0				
07/12/2018	3.3.2	Gaze Project	O4	3	M	Bilingual	G130	06/09/2018	89100	1280 x 720		Raw Data	attention.avi	190	0	900	720									62148	10:16:51.169	1536226384941828															0	4945		Fixation	8	442	468	0.67	28.89	136.93																				7456	653	472	632	468	642	470	452	470	262.19	100.04	253.76	101.37	257.98	100.71	286.19	203.52	737.31	330.63	202.56	729.47					763.23	763.23	4.32	4.38	0	0				
07/12/2018	3.3.2	Gaze Project	O4	3	M	Bilingual	G130	06/09/2018	89100	1280 x 720		Raw Data	attention.avi	190	0	900	720									62156	10:16:51.177	1536226384950108															0	4946		Fixation	8	434	441	0.87	106.45	77.57																				7457	642	397	624	441	633	419	443	419	257.61	129.89	250.31	112.32	253.96	121.11	286.15	203.50	737.22	330.58	202.44	729.41					763.14	763.14	4.07	4.44	0	0				
07/12/2018	3.3.2	Gaze Project	O4	3	M	Bilingual	G130	06/09/2018	89100	1280 x 720		Raw Data	attention.avi	190	0	900	720									62164	10:16:51.185	1536226384958444															0	4947		Fixation	8	466	429	1.06	20.62	274.16																				7458	621	375	656	429	638	402	448	402	249.43	138.87	263.30	117.34	256.37	128.11	286.10	203.17	736.20	330.49	202.33	728.98					762.07	762.07	3.94	4.47	0	0				
07/12/2018	3.3.2	Gaze Project	O4	3	M	Bilingual	G130	06/09/2018	89100	1280 x 720		Raw Data	attention.avi	190	0	900	720									62173	10:16:51.194	1536226384966778															0	4948		Fixation	8	389	447	2.44	193.20	172.58																				7459	641	452	579	447	610	449	420	449	257.36	107.98	232.57	109.80	244.97	108.89	289.74	217.91	780.49	330.38	202.17	728.45					808.86	808.86	4.53	4.50	0	0				
07/12/2018	3.3.2	Gaze Project	O4	3	M	Bilingual	G130	06/09/2018	89100	1280 x 720		Raw Data	attention.avi	190	0	900	720									62181	10:16:51.202	1536226384975141															0	4949		Fixation	8	436	453	1.46	352.70	159.50																				7460	655	453	626	453	640	453	450	453	262.86	107.54	251.30	107.60	257.08	107.57	285.93	203.49	737.26	330.32	202.37	729.01					763.17	763.17	4.19	4.40	0	0				
07/12/2018	3.3.2	Gaze Project	O4	3	M	Bilingual	G130	06/09/2018	89100	1280 x 720		Raw Data	attention.avi	190	0	900	720									62189	10:16:51.210	1536226384983497															0	4950		Fixation	8	465	446	0.92	13.61	20.91																				7461	639	520	655	446	647	483	457	483	256.63	80.72	262.96	110.28	259.79	95.50	285.88	203.59	737.62	330.26	202.27	729.06					763.54	763.54	4.43	4.48	0	0				
07/12/2018	3.3.2	Gaze Project	O4	3	M	Bilingual	G130	06/09/2018	89100	1280 x 720		Raw Data	attention.avi	190	0	900	720									62198	10:16:51.219	1536226384991765															0	4951		Fixation	8	479	389	1.82	76.24	62.63																				7462	650	498	669	389	659	443	469	443	261.11	89.32	268.55	133.38	264.83	111.35	285.78	203.70	737.57	330.19	202.28	729.05					763.52	763.52	4.13	4.34	0	0				
07/12/2018	3.3.2	Gaze Project	O4	3	M	Bilingual	G130	06/09/2018	89100	1280 x 720		Raw Data	attention.avi	190	0	900	720									62206	10:16:51.227	1536226385000103															0	4952		Fixation	8	437	481	3.13	245.53	169.29																				7463	625	441	627	481	626	461	436	461	250.90	112.34	251.77	96.37	251.34	104.36	285.75	203.50	737.49	330.05	202.53	728.95					763.39	763.39	4.18	4.30	0	0				
07/12/2018	3.3.2	Gaze Project	O4	3	M	Bilingual	G130	06/09/2018	89100	1280 x 720		Raw Data	attention.avi	190	0	900	720									62214	10:16:51.235	1536226385008452															0	4953		Fixation	8	416	347	4.22	98.88	213.35																				7464	660	411	606	347	633	379	443	379	264.83	124.40	243.25	150.07	254.04	137.24	285.69	203.56	737.73	330.07	202.52	729.33					763.62	763.62	3.93	3.92	0	0				
07/12/2018	3.3.2	Gaze Project	O4	3	M	Bilingual	G130	06/09/2018	89100	1280 x 720		Raw Data	attention.avi	190	0	900	720									62223	10:16:51.244	1536226385016810															0	4954		Fixation	8	444	474	4.05	282.39	183.52																				7465	611	480	634	474	622	477	432	477	245.21	96.70	254.41	99.14	249.81	97.92	285.37	212.53	765.51	329.91	202.63	729.28					792.79	792.79	4.47	4.41	0	0				
07/12/2018	3.3.2	Gaze Project	O4	3	M	Bilingual	G130	06/09/2018	89100	1280 x 720		Raw Data	attention.avi	190	0	900	720									62231	10:16:51.252	1536226385025165															0	4955		Fixation	8	400	483	1.38	191.60	269.20																				7466	663	420	590	483	626	451	436	451	266.30	120.80	236.93	95.30	251.62	108.05	285.56	203.63	737.70	329.93	202.43	729.13					763.61	763.61	4.03	4.39	0	0				
07/12/2018	3.3.2	Gaze Project	O4	3	M	Bilingual	G130	06/09/2018	89100	1280 x 720		Raw Data	attention.avi	190	0	900	720									62239	10:16:51.260	1536226385033432															0	4956		Fixation	8	401	523	1.23	271.43	79.83																				7467	611	481	591	523	601	502	411	502	245.23	96.18	237.39	79.41	241.31	87.79	285.52	203.15	736.80	329.89	202.51	729.45					762.61	762.61	4.29	4.48	0	0				
07/12/2018	3.3.2	Gaze Project	O4	3	M	Bilingual	G130	06/09/2018	89100	1280 x 720		Raw Data	attention.avi	190	0	900	720									62248	10:16:51.269	1536226385041762															0	4957		Fixation	8	413	488	1.13	71.13	159.70																				7468	615	530	603	488	609	509	419	509	247.03	76.65	242.03	93.40	244.53	85.02	285.47	202.98	736.87	329.86	202.59	729.79					762.62	762.62	4.33	4.60	0	0				
07/12/2018	3.3.2	Gaze Project	O4	3	M	Bilingual	G130	06/09/2018	89100	1280 x 720		Raw Data	attention.avi	190	0	900	720									62256	10:16:51.277	1536226385050110															0	4958		Fixation	8	369	420	2.39	122.82	51.69																				7469	625	299	559	420	592	359	402	359	250.96	169.43	224.57	120.86	237.77	145.14	285.40	202.94	736.88	340.63	226.99	803.03					762.62	762.62	3.44	4.85	0	0				
07/12/2018	3.3.2	Gaze Project	O4	3	M	Bilingual	G130	06/09/2018	89100	1280 x 720		Raw Data	attention.avi	190	0	900	720									62264	10:16:51.285	1536226385058479															0	4959		Fixation	8	421	437	1.61	341.84	219.02																				7470	613	487	611	437	612	462	422	462	245.94	93.66	245.46	113.87	245.70	103.76	285.35	203.32	737.81	329.72	202.29	729.17					763.61	763.61	4.28	4.33	0	0				
07/12/2018	3.3.2	Gaze Project	O4	3	M	Bilingual	G130	06/09/2018	89100	1280 x 720		Raw Data	attention.avi	190	0	900	720									62273	10:16:51.293	1536226385066758															0	4960		Fixation	8	425	468	0.97	277.33	295.49																				7471	605	463	615	468	610	465	420	465	243.01	103.41	247.01	101.30	245.01	102.35	285.32	203.09	737.29	329.70	202.37	729.58					763.04	763.04	4.15	4.41	0	0				
07/12/2018	3.3.2	Gaze Project	O4	3	M	Bilingual	G130	06/09/2018	89100	1280 x 720		Raw Data	attention.avi	190	0	900	720									62281	10:16:51.302	1536226385075095															0	4961		Fixation	8	463	443	1.40	33.43	116.10																				7472	619	506	653	443	636	474	446	474	248.47	86.11	262.06	111.60	255.27	98.85	285.28	203.24	737.95	329.52	202.45	729.55					763.72	763.72	4.30	4.30	0	0				
07/12/2018	3.3.2	Gaze Project	O4	3	M	Bilingual	G130	06/09/2018	89100	1280 x 720		Raw Data	attention.avi	190	0	900	720									62289	10:16:51.310	1536226385083434															0	4962		Fixation	8	468	451	0.29	301.92	268.50																				7473	603	530	658	451	630	490	440	490	242.08	76.48	264.13	108.27	253.10	92.37	285.24	203.12	737.78	329.51	202.40	729.57					763.52	763.52	4.32	4.40	0	0				
07/12/2018	3.3.2	Gaze Project	O4	3	M	Bilingual	G130	06/09/2018	89100	1280 x 720		Raw Data	attention.avi	190	0	900	720									62298	10:16:51.319	1536226385091793															0	4963		Fixation	8	479	343	3.38	84.20	142.28																				7474	612	455	669	343	640	399	450	399	245.51	106.70	268.64	151.97	257.08	129.34	285.20	203.14	738.01	329.60	202.22	729.63					763.74	763.74	4.27	3.98	0	0				
07/12/2018	3.3.2	Gaze Project	O4	3	M	Bilingual	G130	06/09/2018	89100	1280 x 720		Raw Data	attention.avi	190	0	900	720									62306	10:16:51.327	1536226385100138															0	4964		Fixation	8	428	482	4.59	249.91	165.71																				7475	643	409	618	482	630	445	440	445	258.03	125.16	248.06	95.90	253.05	110.53	285.17	203.06	737.91	329.54	202.31	729.60					763.62	763.62	4.13	4.55	0	0				
07/12/2018	3.3.2	Gaze Project	O4	3	M	Bilingual	G130	06/09/2018	89100	1280 x 720		Raw Data	attention.avi	190	0	900	720									62314	10:16:51.335	1536226385108419															0	4965		Fixation	8	458	491	0.97	343.25	93.34																				7476	610	361	648	491	629	426	439	426	244.80	144.71	260.16	92.14	252.48	118.43	285.14	202.99	737.85	329.54	202.04	729.70					763.54	763.54	3.98	4.29	0	0				
07/12/2018	3.3.2	Gaze Project	O4	3	M	Bilingual	G130	06/09/2018	89100	1280 x 720		Raw Data	attention.avi	190	0	900	720									62323	10:16:51.343	1536226385116757															0	4966		Fixation	8	446	399	2.88	97.41	114.16																				7477	640	482	636	399	638	440	448	440	257.05	95.81	255.15	129.42	256.10	112.61	285.10	203.07	738.18	329.52	202.18	729.79					763.88	763.88	4.26	4.19	0	0				
07/12/2018	3.3.2	Gaze Project	O4	3	M	Bilingual	G130	06/09/2018	89100	1280 x 720		Raw Data	attention.avi	190	0	900	720									62331	10:16:51.352	1536226385125104															0	4967		Fixation	8	437	454	1.73	260.74	163.33																				7478	549	369	627	454	588	411	398	411	220.21	141.32	251.71	107.29	235.96	124.30	291.85	229.16	817.21	329.51	202.29	730.19					847.31	847.31	4.59	4.51	0	0				
07/12/2018	3.3.2	Gaze Project	O4	3	M	Bilingual	G130	06/09/2018	89100	1280 x 720		Raw Data	attention.avi	190	0	900	720									62339	10:16:51.360	1536226385133464															0	4968		Fixation	8	440	378	2.24	87.75	187.01																				7479	661	333	630	378	645	355	455	355	265.44	155.90	252.71	137.81	259.08	146.86	285.03	202.98	738.07	340.56	227.35	805.46					763.74	763.74	3.05	4.98	0	0				
07/12/2018	3.3.2	Gaze Project	O4	3	M	Bilingual	G130	06/09/2018	89100	1280 x 720		Raw Data	attention.avi	190	0	900	720									62348	10:16:51.369	1536226385141817															0	4969		Fixation	8	429	427	1.48	257.39	169.64																				7480	598	429	619	427	608	428	418	428	240.24	117.09	248.60	117.96	244.42	117.53	285.00	202.93	737.98	329.46	202.20	729.99					763.64	763.64	3.84	4.31	0	0				
07/12/2018	3.3.2	Gaze Project	O4	3	M	Bilingual	G130	06/09/2018	89100	1280 x 720		Raw Data	attention.avi	190	0	900	720									62356	10:16:51.377	1536226385150076															0	4970		Fixation	8	425	483	1.73	265.93	8.54																				7481	608	314	615	483	611	398	421	398	244.00	163.31	246.78	95.38	245.39	129.34	289.05	218.68	785.55	329.41	202.11	729.74					813.87	813.87	4.27	4.48	0	0				
07/12/2018	3.3.2	Gaze Project	O4	3	M	Bilingual	G130	06/09/2018	89100	1280 x 720		Raw Data	attention.avi	190	0	900	720									62364	10:16:51.385	1536226385158414															0	4971		Fixation	8	406	488	0.60	194.79	288.86																				7482	629	429	596	488	612	458	422	458	252.49	116.99	239.36	93.49	245.93	105.24	284.95	202.83	737.80	329.36	202.02	729.49					763.44	763.44	4.07	4.54	0	0				
07/12/2018	3.3.2	Gaze Project	O4	3	M	Bilingual	G130	06/09/2018	89100	1280 x 720		Raw Data	attention.avi	190	0	900	720									62373	10:16:51.394	1536226385166772															0	4972		Fixation	8	399	450	1.19	100.40	265.62																				7483	644	526	589	450	616	488	426	488	258.42	78.14	236.42	108.73	247.42	93.44	284.68	210.73	762.35	329.35	201.90	729.53					789.20	789.20	4.55	4.44	0	0				
07/12/2018	3.3.2	Gaze Project	O4	3	M	Bilingual	G130	06/09/2018	89100	1280 x 720		Raw Data	attention.avi	190	0	900	720									62374	10:16:51.395								11	Space								4972		Fixation	8	399	450	1.19	100.40	265.62																																																						
07/12/2018	3.3.2	Gaze Project	O4	3	M	Bilingual	G130	06/09/2018	89100	1280 x 720		Raw Data	attention.avi	190	0	900	720									62374	10:16:51.395										28	MovieEnd	attention.avi					4972		Fixation	8	399	450	1.19	100.40	265.62																																																						
07/12/2018	3.3.2	Gaze Project	O4	3	M	Bilingual	G130	06/09/2018	89100	1280 x 720		Raw Data														62381	10:16:51.402	1536226385175132															0	4973		Fixation	8			1.71	25.71	285.31																				7484	595	494	639	426	617	460			238.69	90.82	256.55	118.29	247.62	104.56	284.91	202.64	737.30	329.34	202.12	729.81					762.91	762.91	4.36	4.47	0	0				
07/12/2018	3.3.2	Gaze Project	O4	3	M	Bilingual	G130	06/09/2018	89100	1280 x 720		Raw Data														62389	10:16:51.410	1536226385183395															0	4974		Fixation	8			1.43	241.86	216.15																				7485	644	515	617	467	630	491			258.31	82.74	247.75	101.97	253.03	92.35	284.86	202.81	737.84	329.31	202.10	729.76					763.47	763.47	4.35	4.46	0	0				
07/12/2018	3.3.2	Gaze Project	O4	3	M	Bilingual	G130	06/09/2018	89100	1280 x 720		Raw Data														62398	10:16:51.418	1536226385191742															0	4975		Fixation	8			1.89	0.94	119.08																				7486			678	466	678	466					272.19	102.23						329.15	202.23	729.71						0.00		4.30	4	0				
07/12/2018	3.3.2	Gaze Project	O4	3	M	Bilingual	G130	06/09/2018	89100	1280 x 720		Raw Data														62406	10:16:51.427	1536226385200072															0	4976		Fixation	8			3.15	128.48	127.54																				7487	617	467	615	387	616	427			247.71	101.77	246.99	134.14	247.35	117.96	284.80	202.84	737.94	329.28	202.22	730.07					763.57	763.57	4.15	4.21	0	0				
07/12/2018	3.3.2	Gaze Project	O4	3	M	Bilingual	G130	06/09/2018	89100	1280 x 720		Raw Data														62414	10:16:51.435	1536226385208440															0	4977		Fixation	8			1.36	285.90	157.42																				7488	606	498	627	429	616	463			243.39	89.42	251.64	117.18	247.51	103.30	284.77	202.81	737.84	329.23	202.14	729.80					763.46	763.46	4.25	4.32	0	0				
07/12/2018	3.3.2	Gaze Project	O4	3	M	Bilingual	G130	06/09/2018	89100	1280 x 720		Raw Data														62423	10:16:51.444	1536226385216803															0	4978		Fixation	8			2.29	60.88	134.98																				7489	641	459	665	361	653	410			257.18	104.94	266.77	144.62	261.97	124.78	284.75	202.78	737.74	339.98	226.59	803.17					763.35	763.35	4.10	4.88	0	0				
07/12/2018	3.3.2	Gaze Project	O4	3	M	Bilingual	G130	06/09/2018	89100	1280 x 720		Raw Data														62431	10:16:51.452	1536226385225065															0	4979		Fixation	8			3.57	254.75	193.87																				7490	627	512	633	478	630	495			251.54	83.88	254.19	97.45	252.86	90.67	284.72	202.77	737.69	329.17	202.05	729.49					763.31	763.31	4.24	4.49	0	0				
07/12/2018	3.3.2	Gaze Project	O4	3	M	Bilingual	G130	06/09/2018	89100	1280 x 720		Raw Data														62439	10:16:51.460	1536226385233403															0	4980		Fixation	8			0.99	248.26	353.51																				7491	603	448	621	508	612	478			242.08	109.66	249.23	85.45	245.65	97.56	284.71	202.50	736.84	329.13	201.98	729.29					762.42	762.42	3.95	4.51	0	0				
07/12/2018	3.3.2	Gaze Project	O4	3	M	Bilingual	G130	06/09/2018	89100	1280 x 720		Raw Data														62448	10:16:51.468	1536226385241755															0	4981		Fixation	8			5.07	103.35	215.09																				7492	610	435	581	340	595	387			245.03	114.64	233.41	152.96	239.22	133.80	284.68	202.60	737.13	341.32	229.68	812.49					762.72	762.72	4.14	4.92	0	0				
07/12/2018	3.3.2	Gaze Project	O4	3	M	Bilingual	G130	06/09/2018	89100	1280 x 720		Raw Data														62456	10:16:51.477	1536226385250113															0	4982		Fixation	8			3.02	291.64	188.29																				7493	654	408	620	438	637	423			262.56	125.82	248.88	113.64	255.72	119.73	284.52	202.73	737.08	335.46	216.59	773.01					762.71	762.71	3.90	4.73	0	0				
07/12/2018	3.3.2	Gaze Project	O4	3	M	Bilingual	G130	06/09/2018	89100	1280 x 720		Raw Data														62464	10:16:51.485	1536226385258381															0	4983		Fixation	8			1.59	288.72	357.08																				7494	628	322	637	488	632	405			252.09	160.43	255.51	93.47	253.80	126.95	284.62	202.69	737.44	329.09	202.07	729.62					763.05	763.05	3.70	4.37	0	0				
07/12/2018	3.3.2	Gaze Project	O4	3	M	Bilingual	G130	06/09/2018	89100	1280 x 720		Raw Data														62473	10:16:51.493	1536226385266731															0			Unclassified	8																									7495	640	404			640	404			256.82	127.31					284.60	202.92	738.17		-34.01						763.81		3.80		0	4				
07/12/2018	3.3.2	Gaze Project	O4	3	M	Bilingual	G130	06/09/2018	89100	1280 x 720		Raw Data														62481	10:16:51.502	1536226385275069															0	4984		Fixation	8			2.13	230.29	301.56																				7496	617	387	592	542	604	464			247.53	134.23	237.79	71.83	242.66	103.03	284.59	202.75	737.72	329.88	204.08	735.38					763.32	763.32	3.75	4.34	0	0				
07/12/2018	3.3.2	Gaze Project	O4	3	M	Bilingual	G130	06/09/2018	89100	1280 x 720		Raw Data														62489	10:16:51.510	1536226385283427															0			Unclassified	8																									7497	629	317			629	317			252.38	162.30					284.88	204.08	741.34		-34.01						767.19		3.45		0	4				
07/12/2018	3.3.2	Gaze Project	O4	3	M	Bilingual	G130	06/09/2018	89100	1280 x 720		Raw Data														62498	10:16:51.519	1536226385291771															0	4985		Fixation	8			4.78	67.11	196.82																				7498	643	303	653	398	648	350			258.28	167.90	262.31	129.83	260.30	148.86	284.56	202.74	737.79	329.04	202.08	729.88					763.39	763.39	3.35	3.77	0	0				
07/12/2018	3.3.2	Gaze Project	O4	3	M	Bilingual	G130	06/09/2018	89100	1280 x 720		Raw Data														62506	10:16:51.527	1536226385300052															0	4986		Fixation	8			2.17	247.51	180.40																				7499	629	479	626	463	627	471			252.36	97.13	251.41	103.31	251.89	100.22	284.79	203.77	740.56	329.04	202.07	729.93					766.35	766.35	3.94	4.42	0	0				
07/12/2018	3.3.2	Gaze Project	O4	3	M	Bilingual	G130	06/09/2018	89100	1280 x 720		Raw Data														62514	10:16:51.535	1536226385308395															0	4987		Fixation	8			3.42	88.44	200.93																				7500	639	311	629	353	634	332			256.49	164.70	252.48	147.75	254.49	156.23	284.71	203.52	739.82	329.02	202.05	729.94					765.56	765.56	3.64	3.51	0	0				
07/12/2018	3.3.2	Gaze Project	O4	3	M	Bilingual	G130	06/09/2018	89100	1280 x 720		Raw Data														62523	10:16:51.543	1536226385316737															0	4988		Fixation	8			5.10	263.41	174.97																				7501	642	340	610	517	626	428			257.73	152.92	244.78	81.73	251.26	117.33	284.53	202.71	737.86	329.01	202.04	729.97					763.44	763.44	3.73	4.42	0	0				
07/12/2018	3.3.2	Gaze Project	O4	3	M	Bilingual	G130	06/09/2018	89100	1280 x 720		Raw Data														62531	10:16:51.552	1536226385325093															0	4989		Fixation	8			1.31	113.48	210.07																				7502	602	254	593	478	597	366			241.78	187.48	238.02	97.61	239.90	142.55	284.51	202.70	737.87	329.71	203.76	734.81					763.45	763.45	3.47	4.18	0	0				
07/12/2018	3.3.2	Gaze Project	O4	3	M	Bilingual	G130	06/09/2018	89100	1280 x 720		Raw Data														62539	10:16:51.560	1536226385333452															0	4990		Fixation	8			5.46	71.31	317.83																				7503	620	263	650	310	635	286			248.90	183.95	261.05	164.96	254.98	174.46	284.50	202.38	736.97	329.70	203.77	734.90					762.50	762.50	3.34	3.78	0	0				
07/12/2018	3.3.2	Gaze Project	O4	3	M	Bilingual	G130	06/09/2018	89100	1280 x 720		Raw Data														62548	10:16:51.568	1536226385341714															0	4991		Fixation	8			5.63	262.12	190.80																				7504			625	490	625	490					250.74	92.80						328.96	202.01	730.04						0.00		4.36	4	0				
07/12/2018	3.3.2	Gaze Project	O4	3	M	Bilingual	G130	06/09/2018	89100	1280 x 720		Raw Data														62556	10:16:51.577	1536226385350041															0	4992		Fixation	8			4.66	54.51	152.39																				7505			713	367	713	367					286.27	142.10						329.65	203.74	734.90						0.00		3.91	4	0				
07/12/2018	3.3.2	Gaze Project	O4	3	M	Bilingual	G130	06/09/2018	89100	1280 x 720		Raw Data														62564	10:16:51.585	1536226385358404															0	4993		Fixation	8			1.86	215.62	161.12																				7506	579	458	664	402	621	430			232.47	105.33	266.43	128.02	249.45	116.67	284.44	202.22	737.04	329.67	203.81	735.16					762.51	762.51	3.99	3.87	0	0				
07/12/2018	3.3.2	Gaze Project	O4	3	M	Bilingual	G130	06/09/2018	89100	1280 x 720		Raw Data														62573	10:16:51.594	1536226385366763															0	4994		Fixation	8			4.12	249.60	33.98																				7507	637	547	617	528	627	537			255.72	69.77	247.62	77.47	251.67	73.62	284.31	202.47	736.94	328.92	202.05	730.29					762.48	762.48	4.39	4.47	0	0				
07/12/2018	3.3.2	Gaze Project	O4	3	M	Bilingual	G130	06/09/2018	89100	1280 x 720		Raw Data														62581	10:16:51.602	1536226385375035															0	4995		Fixation	8			1.72	108.70	219.10																				7508	643	430	599	475	621	452			257.91	116.68	240.30	98.54	249.10	107.61	284.40	202.70	738.11	328.85	202.16	730.25					763.67	763.67	4.05	4.55	0	0				
07/12/2018	3.3.2	Gaze Project	O4	3	M	Bilingual	G130	06/09/2018	89100	1280 x 720		Raw Data														62589	10:16:51.610	1536226385383381															0	4996		Fixation	8			1.06	240.72	132.02																				7509	680	437	581	507	630	472			273.02	114.04	233.22	85.67	253.12	99.86	284.39	202.69	738.11	340.23	227.83	807.85					763.67	763.67	4.12	5.23	0	0				
07/12/2018	3.3.2	Gaze Project	O4	3	M	Bilingual	G130	06/09/2018	89100	1280 x 720		Raw Data														62598	10:16:51.618	1536226385391720															0	4997		Fixation	8			4.82	91.32	210.60																				7510	608	479	577	334	592	406			244.07	96.90	231.62	155.39	237.85	126.14	284.38	202.68	738.11	340.10	227.54	807.01					763.66	763.66	4.37	4.77	0	0				
07/12/2018	3.3.2	Gaze Project	O4	3	M	Bilingual	G130	06/09/2018	89100	1280 x 720		Raw Data														62606	10:16:51.627	1536226385400074															0	4998		Fixation	8			2.66	311.33	220.01																				7511	610	511	637	402	623	456			244.72	84.30	255.57	128.09	250.15	106.19	284.37	202.48	737.47	329.70	207.51	747.32					763.00	763.00	4.20	4.41	0	0				
07/12/2018	3.3.2	Gaze Project	O4	3	M	Bilingual	G130	06/09/2018	89100	1280 x 720		Raw Data														62614	10:16:51.635	1536226385408432															0	4999		Fixation	8			2.74	222.12	270.79																				7512	642	469	566	466	604	467			257.89	100.93	227.12	102.37	242.51	101.65	284.36	202.69	738.12	340.43	228.32	809.39					763.68	763.68	4.10	4.90	0	0				
07/12/2018	3.3.2	Gaze Project	O4	3	M	Bilingual	G130	06/09/2018	89100	1280 x 720		Raw Data														62623	10:16:51.643	1536226385416704															0	5000		Fixation	8			1.19	358.60	136.47																				7513	624	456	607	467	615	461			250.28	106.14	243.72	101.86	247.00	104.00	284.36	202.69	738.13	328.83	201.91	729.98					763.69	763.69	4.11	4.40	0	0				
07/12/2018	3.3.2	Gaze Project	O4	3	M	Bilingual	G130	06/09/2018	89100	1280 x 720		Raw Data														62631	10:16:51.652	1536226385425046															0	5001		Fixation	8			0.89	119.17	120.57																				7514	573	237	593	442	583	339			230.05	194.49	238.19	111.78	234.12	153.13	284.06	211.61	765.74	328.82	201.92	729.99					792.68	792.68	3.38	4.17	0	0				
07/12/2018	3.3.2	Gaze Project	O4	3	M	Bilingual	G130	06/09/2018	89100	1280 x 720		Raw Data														62639	10:16:51.660	1536226385433398															0			Unclassified	8																									7515	594	487			594	487			238.44	93.74					284.36	202.49	737.49		-34.01						763.02		4.29		0	4				
07/12/2018	3.3.2	Gaze Project	O4	3	M	Bilingual	G130	06/09/2018	89100	1280 x 720		Raw Data														62648	10:16:51.668	1536226385441749															0	5002		Fixation	8			1.89	78.73	319.56																				7516	619	535	605	382	612	458			248.59	74.61	242.98	136.10	245.78	105.35	284.35	202.48	737.44	328.72	202.05	729.94					762.97	762.97	4.34	4.34	0	0				
07/12/2018	3.3.2	Gaze Project	O4	3	M	Bilingual	G130	06/09/2018	89100	1280 x 720		Raw Data														62656	10:16:51.677	1536226385450103															0	5003		Fixation	8			0.28	333.36	254.64																				7517	549	326	613	386	581	356			220.55	158.58	246.23	134.39	233.39	146.49	296.30	249.23	879.41	328.81	202.08	730.41					912.79	912.79	5.07	3.92	0	0				
07/12/2018	3.3.2	Gaze Project	O4	3	M	Bilingual	G130	06/09/2018	89100	1280 x 720		Raw Data														62664	10:16:51.685	1536226385458368															0	5004		Fixation	8			1.06	266.64	293.28																				7518	603	517	611	420	607	468			242.02	81.60	245.28	120.65	243.65	101.13	284.03	211.72	766.05	328.81	202.11	730.54					793.00	793.00	4.68	4.23	0	0				
07/12/2018	3.3.2	Gaze Project	O4	3	M	Bilingual	G130	06/09/2018	89100	1280 x 720		Raw Data														62673	10:16:51.693	1536226385466698															0	5005		Fixation	8			1.19	319.92	53.28																				7519	566	377	642	446	604	411			227.38	138.01	257.88	110.40	242.63	124.20	290.84	228.38	815.89	340.22	228.26	809.13					845.77	845.77	4.63	4.81	0	0				
07/12/2018	3.3.2	Gaze Project	O4	3	M	Bilingual	G130	06/09/2018	89100	1280 x 720		Raw Data														62681	10:16:51.702	1536226385475045															0	5006		Fixation	8			0.99	232.21	272.29																				7520	623	452	621	473	622	462			250.27	108.12	249.39	99.62	249.83	103.87	284.31	202.85	738.58	328.77	202.03	730.27					764.17	764.17	4.22	4.53	0	0				
07/12/2018	3.3.2	Gaze Project	O4	3	M	Bilingual	G130	06/09/2018	89100	1280 x 720		Raw Data														62689	10:16:51.710	1536226385483415															0	5007		Fixation	8			0.37	228.46	356.24																				7521	618	438	613	482	615	460			248.02	113.65	245.89	95.68	246.96	104.66	284.29	203.00	739.04	328.79	202.25	730.94					764.64	764.64	4.22	4.46	0	0				
07/12/2018	3.3.2	Gaze Project	O4	3	M	Bilingual	G130	06/09/2018	89100	1280 x 720		Raw Data														62698	10:16:51.718	1536226385491686															0	5008		Fixation	8			1.74	347.65	119.20																				7522	630	513	668	494	649	503			253.03	83.19	267.96	91.00	260.49	87.09	284.28	203.01	739.07	328.66	202.37	730.89					764.68	764.68	4.34	4.34	0	0				
07/12/2018	3.3.2	Gaze Project	O4	3	M	Bilingual	G130	06/09/2018	89100	1280 x 720		Raw Data														62706	10:16:51.727	1536226385500032															0	5009		Fixation	8			0.83	116.49	128.84																				7523	612	441	656	470	634	455			245.85	112.34	263.40	100.80	254.62	106.57	284.25	202.96	738.93	328.76	202.13	730.99					764.53	764.53	4.12	4.56	0	0				
07/12/2018	3.3.2	Gaze Project	O4	3	M	Bilingual	G130	06/09/2018	89100	1280 x 720		Raw Data														62714	10:16:51.735	1536226385508366															0	5010		Fixation	8			2.24	164.83	48.34																				7524	628	516	582	450	605	483			252.13	82.07	233.67	108.88	242.90	95.47	284.24	202.97	738.98	341.26	230.76	816.71					764.58	764.58	4.35	5.03	0	0				
07/12/2018	3.3.2	Gaze Project	O4	3	M	Bilingual	G130	06/09/2018	89100	1280 x 720		Raw Data														62723	10:16:51.743	1536226385516727															0			Unclassified	8																									7525	597	531			597	531			239.54	76.00					283.87	213.20	770.61		-34.01						797.79		4.75		0	4				
07/12/2018	3.3.2	Gaze Project	O4	3	M	Bilingual	G130	06/09/2018	89100	1280 x 720		Raw Data														62731	10:16:51.752	1536226385525087															0	5011		Fixation	8			1.85	14.51	209.69																				7526	616	512	644	434	630	473			247.24	83.90	258.55	115.02	252.89	99.46	284.21	202.72	738.25	328.73	202.49	731.70					763.80	763.80	4.32	4.39	0	0				
07/12/2018	3.3.2	Gaze Project	O4	3	M	Bilingual	G130	06/09/2018	89100	1280 x 720		Raw Data														62739	10:16:51.760	1536226385533353															0	5012		Fixation	8			1.11	236.40	221.88																				7527	623	486	624	464	623	475			250.09	94.19	250.64	103.00	250.37	98.59	284.19	202.83	738.59	328.66	202.22	730.87					764.16	764.16	4.18	4.34	0	0				
07/12/2018	3.3.2	Gaze Project	O4	3	M	Bilingual	G130	06/09/2018	89100	1280 x 720		Raw Data														62748	10:16:51.768	1536226385541697															0	5013		Fixation	8			0.73	109.92	233.53																				7528	624	501	616	442	620	471			250.47	88.26	247.12	112.00	248.80	100.13	284.17	203.05	739.30	328.68	202.47	731.62					764.90	764.90	4.27	4.34	0	0				
07/12/2018	3.3.2	Gaze Project	O4	3	M	Bilingual	G130	06/09/2018	89100	1280 x 720		Raw Data														62756	10:16:51.777	1536226385550041															0			Unclassified	8																									7529	616	428			616	428			247.20	117.42					284.14	203.20	739.76		-34.01						765.39		4.24		0	4				
07/12/2018	3.3.2	Gaze Project	O4	3	M	Bilingual	G130	06/09/2018	89100	1280 x 720		Raw Data														62764	10:16:51.785	1536226385558404															0	5014		Fixation	8			1.42	290.35	180.43																				7530	609	450	632	485	620	467			244.32	108.73	253.53	94.67	248.93	101.70	284.12	203.19	739.77	328.65	202.59	731.97					765.39	765.39	4.17	4.43	0	0				
07/12/2018	3.3.2	Gaze Project	O4	3	M	Bilingual	G130	06/09/2018	89100	1280 x 720		Raw Data														62773	10:16:51.794	1536226385566758															0			Unclassified	8																									7531	608	498			608	498			244.16	89.53					288.11	219.01	787.53		-34.01						815.82		4.76		0	4				
07/12/2018	3.3.2	Gaze Project	O4	3	M	Bilingual	G130	06/09/2018	89100	1280 x 720		Raw Data														62781	10:16:51.802	1536226385575017															0	5015		Fixation	8			2.81	109.83	179.48																				7532	610	505	598	391	604	448			245.04	86.60	240.07	132.49	242.55	109.55	284.04	203.30	739.72	349.72	250.80	877.17					765.38	765.38	4.37	5.41	0	0				
07/12/2018	3.3.2	Gaze Project	O4	3	M	Bilingual	G130	06/09/2018	89100	1280 x 720		Raw Data														62789	10:16:51.810	1536226385583354															0	5016		Fixation	8			5.17	264.19	154.36																				7533	634	483	579	577	606	530			254.62	95.41	232.60	57.40	243.61	76.40	284.03	203.52	740.85	328.58	202.74	732.37					766.52	766.52	4.11	4.63	0	0				
07/12/2018	3.3.2	Gaze Project	O4	3	M	Bilingual	G130	06/09/2018	89100	1280 x 720		Raw Data														62798	10:16:51.818	1536226385591699															0	5017		Fixation	8			4.52	69.50	165.32																				7534	646	444	633	433	639	438			259.13	111.21	254.09	115.65	256.61	113.43	284.01	203.43	740.61	335.23	218.22	778.69					766.27	766.27	4.22	4.72	0	0				
07/12/2018	3.3.2	Gaze Project	O4	3	M	Bilingual	G130	06/09/2018	89100	1280 x 720		Raw Data														62806	10:16:51.827	1536226385600069															0	5018		Fixation	8			1.62	167.87	98.36																				7535	658	410	577	421	617	415			264.29	124.68	231.57	120.33	247.93	122.51	283.93	203.55	740.57	340.57	230.62	816.11					766.25	766.25	4.15	5.08	0	0				
07/12/2018	3.3.2	Gaze Project	O4	3	M	Bilingual	G130	06/09/2018	89100	1280 x 720		Raw Data														62814	10:16:51.835	1536226385608338															0	5019		Fixation	8			3.22	275.13	107.26																				7536	600	401	587	532	593	466			240.85	128.44	235.80	75.83	238.33	102.13	290.70	230.21	821.84	328.44	202.64	732.41					851.98	851.98	4.74	4.54	0	0				
07/12/2018	3.3.2	Gaze Project	O4	3	M	Bilingual	G130	06/09/2018	89100	1280 x 720		Raw Data														62823	10:16:51.843	1536226385616686															0	5020		Fixation	8			1.32	83.39	168.26																				7537	613	510	592	489	602	499			246.22	84.67	237.48	93.21	241.85	88.94	283.87	203.57	741.15	328.43	203.05	733.20					766.82	766.82	4.43	4.46	0	0				
07/12/2018	3.3.2	Gaze Project	O4	3	M	Bilingual	G130	06/09/2018	89100	1280 x 720		Raw Data														62831	10:16:51.852	1536226385625023															0			Unclassified	8																									7538	612	539			612	539			245.51	72.82					283.82	203.52	741.04		-34.01						766.69		4.59		0	4				
07/12/2018	3.3.2	Gaze Project	O4	3	M	Bilingual	G130	06/09/2018	89100	1280 x 720		Raw Data	Ord4_T5_L.avi	190	0	900	720									62836	10:16:51.857										29	MovieStart	Ord4_T5_L.avi					5021		Fixation	8	391	496	0.39	212.55	129.17																																																						
07/12/2018	3.3.2	Gaze Project	O4	3	M	Bilingual	G130	06/09/2018	89100	1280 x 720		Raw Data	Ord4_T5_L.avi	190	0	900	720									62839	10:16:51.860	1536226385633390															0	5021		Fixation	8	391	496	0.39	212.55	129.17																				7539	643	499	581	496	612	497	422	497	258.07	88.90	233.22	90.06	245.65	89.48	283.69	203.64	740.99	328.27	202.99	732.97					766.68	766.68	4.34	4.43	0	0				
07/12/2018	3.3.2	Gaze Project	O4	3	M	Bilingual	G130	06/09/2018	89100	1280 x 720		Raw Data	Ord4_T5_L.avi	190	0	900	720									62848	10:16:51.868	1536226385641739															0	5022		Fixation	8	423	483	1.05	22.17	169.62																				7540	606	463	613	483	609	473	419	473	243.09	103.55	246.15	95.55	244.62	99.55	287.55	219.05	788.00	328.20	203.21	733.57					816.25	816.25	4.75	4.39	0	0				
07/12/2018	3.3.2	Gaze Project	O4	3	M	Bilingual	G130	06/09/2018	89100	1280 x 720		Raw Data	Ord4_T5_L.avi	190	0	900	720									62856	10:16:51.877	1536226385649998															0	5023		Fixation	8	441	503	0.83	311.90	289.72																				7541	585	199	631	503	608	351	418	351	234.63	209.97	253.31	87.48	243.97	148.72	292.29	237.69	844.85	328.14	203.10	733.61					876.22	876.22	4.82	4.50	0	0				
07/12/2018	3.3.2	Gaze Project	O4	3	M	Bilingual	G130	06/09/2018	89100	1280 x 720		Raw Data	Ord4_T5_L.avi	190	0	900	720									62864	10:16:51.885	1536226385658343															0	5024		Fixation	8	480	478	1.41	32.74	80.85																				7542	635	501	670	478	652	489	462	489	255.01	88.29	269.13	97.42	262.07	92.85	283.44	203.61	741.00	327.88	203.37	733.50					766.67	766.67	4.37	4.38	0	0				
07/12/2018	3.3.2	Gaze Project	O4	3	M	Bilingual	G130	06/09/2018	89100	1280 x 720		Raw Data	Ord4_T5_L.avi	190	0	900	720									62873	10:16:51.893	1536226385666694															0	5025		Fixation	8	419	512	2.13	209.21	176.47																				7543	624	511	609	512	616	511	426	511	250.46	84.28	244.58	83.82	247.52	84.05	283.44	203.42	740.91	327.97	203.42	734.04					766.52	766.52	4.46	4.46	0	0				
07/12/2018	3.3.2	Gaze Project	O4	3	M	Bilingual	G130	06/09/2018	89100	1280 x 720		Raw Data	Ord4_T5_L.avi	190	0	900	720									62881	10:16:51.902	1536226385675050															0	5026		Fixation	8	471	319	6.03	74.97	225.75																				7544	620	441	661	319	640	380	450	380	248.83	112.51	265.44	161.44	257.14	136.98	283.35	203.85	742.25	329.27	212.77	762.69					767.92	767.92	4.27	4.22	0	0				
07/12/2018	3.3.2	Gaze Project	O4	3	M	Bilingual	G130	06/09/2018	89100	1280 x 720		Raw Data	Ord4_T5_L.avi	190	0	900	720									62889	10:16:51.910	1536226385683407															0	5027		Fixation	8	440	406	2.81	250.45	175.48																				7545	534	107	630	406	582	256	392	256	214.20	246.86	252.93	126.60	233.56	186.73	291.99	238.23	846.65	327.77	203.51	734.22					878.09	878.09	4.34	4.39	0	0				
07/12/2018	3.3.2	Gaze Project	O4	3	M	Bilingual	G130	06/09/2018	89100	1280 x 720		Raw Data	Ord4_T5_L.avi	190	0	900	720									62898	10:16:51.918	1536226385691668															0	5028		Fixation	8	455	470	2.03	283.15	32.70																				7546	625	413	645	470	635	441	445	441	250.81	123.49	258.72	100.80	254.77	112.15	283.17	203.92	742.53	327.67	203.54	734.27					768.21	768.21	4.16	4.44	0	0				
07/12/2018	3.3.2	Gaze Project	O4	3	M	Bilingual	G130	06/09/2018	89100	1280 x 720		Raw Data	Ord4_T5_L.avi	190	0	900	720									62906	10:16:51.927	1536226385700012															0	5029		Fixation	8	462	464	0.27	40.69	117.54																				7547	555	383	652	464	603	423	413	423	222.88	135.79	261.86	103.01	242.37	119.40	291.84	238.57	847.79	340.01	232.56	821.40					879.27	879.27	4.77	5.16	0	0				
07/12/2018	3.3.2	Gaze Project	O4	3	M	Bilingual	G130	06/09/2018	89100	1280 x 720		Raw Data	Ord4_T5_L.avi	190	0	900	720									62914	10:16:51.935	1536226385708364															0	5030		Fixation	8	403	476	1.73	191.53	150.84																				7548	628	328	593	476	610	402	420	402	252.01	158.03	238.16	98.34	245.09	128.19	282.99	204.04	742.98	327.50	203.66	734.51					768.66	768.66	3.69	4.53	0	0				
07/12/2018	3.3.2	Gaze Project	O4	3	M	Bilingual	G130	06/09/2018	89100	1280 x 720		Raw Data	Ord4_T5_L.avi	190	0	900	720									62923	10:16:51.943	1536226385716724															0	5031		Fixation	8	470	402	3.05	47.93	216.40																				7549	625	441	660	402	642	421	452	421	250.74	112.34	264.94	127.88	257.84	120.11	282.90	204.10	743.18	327.36	203.58	734.24					768.87	768.87	4.23	4.21	0	0				
07/12/2018	3.3.2	Gaze Project	O4	3	M	Bilingual	G130	06/09/2018	89100	1280 x 720		Raw Data	Ord4_T5_L.avi	190	0	900	720									62931	10:16:51.952	1536226385724990															0	5032		Fixation	8	441	386	1.03	151.04	103.10																				7550	611	370	631	386	621	378	431	378	245.39	140.91	253.32	134.37	249.36	137.64	282.81	204.10	743.22	327.31	203.90	735.14					768.91	768.91	3.92	4.33	0	0				
07/12/2018	3.3.2	Gaze Project	O4	3	M	Bilingual	G130	06/09/2018	89100	1280 x 720		Raw Data	Ord4_T5_L.avi	190	0	900	720									62940	10:16:51.960	1536226385733346															0	5033		Fixation	8	471	438	1.85	299.90	148.87																				7551	626	379	661	438	643	408	453	408	251.48	137.35	265.23	113.67	258.35	125.51	282.73	204.17	743.49	328.17	206.38	742.18					769.18	769.18	3.98	4.25	0	0				
07/12/2018	3.3.2	Gaze Project	O4	3	M	Bilingual	G130	06/09/2018	89100	1280 x 720		Raw Data	Ord4_T5_L.avi	190	0	900	720									62948	10:16:51.969	1536226385741673															0	5034		Fixation	8	423	487	2.07	225.68	285.78																				7552	628	365	613	487	620	426	430	426	252.10	142.81	245.90	93.81	249.00	118.31	282.66	204.03	743.10	328.05	206.35	742.02					768.76	768.76	3.71	4.36	0	0				
07/12/2018	3.3.2	Gaze Project	O4	3	M	Bilingual	G130	06/09/2018	89100	1280 x 720		Raw Data	Ord4_T5_L.avi	190	0	900	720									62956	10:16:51.977	1536226385750020															0	5035		Fixation	8	474	300	5.95	74.79	209.11																				7553	626	237	664	300	645	268	455	268	251.38	194.66	266.67	169.32	259.03	181.99	282.58	203.88	742.71	327.04	204.15	735.77					768.35	768.35	3.30	3.50	0	0				
07/12/2018	3.3.2	Gaze Project	O4	3	M	Bilingual	G130	06/09/2018	89100	1280 x 720		Raw Data	Ord4_T5_L.avi	190	0	900	720									62965	10:16:51.985	1536226385758388															0			Unclassified	8																									7554																			-34.01										4	4				
07/12/2018	3.3.2	Gaze Project	O4	3	M	Bilingual	G130	06/09/2018	89100	1280 x 720		Raw Data	Ord4_T5_L.avi	190	0	900	720									62973	10:16:51.994	1536226385766653															0	5036		Fixation	8	441	405	3.38	252.61	177.81																				7555			631	405	631	405	441	405			253.13	127.02						328.76	208.82	749.34						0.00		4.30	4	0				
07/12/2018	3.3.2	Gaze Project	O4	3	M	Bilingual	G130	06/09/2018	89100	1280 x 720		Raw Data	Ord4_T5_L.avi	190	0	900	720									62981	10:16:52.002	1536226385774993															0	5037		Fixation	8	476	278	4.05	74.64	182.03																				7556	628	293	666	278	647	285	457	285	252.13	171.86	267.25	177.99	259.69	174.93	282.33	204.22	743.96	326.78	204.07	735.80					769.63	769.63	3.73	3.18	0	0				
07/12/2018	3.3.2	Gaze Project	O4	3	M	Bilingual	G130	06/09/2018	89100	1280 x 720		Raw Data	Ord4_T5_L.avi	190	0	900	720									62990	10:16:52.010	1536226385783348															0	5038		Fixation	8	439	431	4.83	256.45	181.81																				7557	616	296	629	431	622	363	432	363	247.25	170.88	252.58	116.42	249.92	143.65	282.26	204.09	743.63	328.31	208.29	747.69					769.27	769.27	3.49	4.23	0	0				
07/12/2018	3.3.2	Gaze Project	O4	3	M	Bilingual	G130	06/09/2018	89100	1280 x 720		Raw Data	Ord4_T5_L.avi	190	0	900	720									62998	10:16:52.019	1536226385791706															0			Unclassified	8																									7558																			-34.01										4	4				
07/12/2018	3.3.2	Gaze Project	O4	3	M	Bilingual	G130	06/09/2018	89100	1280 x 720		Raw Data	Ord4_T5_L.avi	190	0	900	720									63006	10:16:52.027	1536226385799981															0			Unclassified	8																									7559	631	145			631	145	441	145	253.26	231.56					285.20	217.01	782.64		-34.01						810.44		3.81		0	4				
07/12/2018	3.3.2	Gaze Project	O4	3	M	Bilingual	G130	06/09/2018	89100	1280 x 720		Raw Data	Ord4_T5_L.avi	190	0	900	720									63015	10:16:52.035	1536226385808319															0			Unclassified	8																									7560	625	459			625	459	435	459	250.93	105.19					282.06	203.95	743.69		-34.01						769.28		4.47		0	4				
07/12/2018	3.3.2	Gaze Project	O4	3	M	Bilingual	G130	06/09/2018	89100	1280 x 720		Raw Data	Ord4_T5_L.avi	190	0	900	720									63023	10:16:52.044	1536226385816657															0	5039		Fixation	8	375	468	2.23	210.11	313.67																				7561	648	345	565	468	606	406	416	406	260.15	150.86	226.60	101.39	243.38	126.12	281.95	204.30	744.47	326.37	204.55	736.76					770.13	770.13	3.92	4.45	0	0				
07/12/2018	3.3.2	Gaze Project	O4	3	M	Bilingual	G130	06/09/2018	89100	1280 x 720		Raw Data	Ord4_T5_L.avi	190	0	900	720									63031	10:16:52.052	1536226385825018															0			Unclassified	8																									7562	624	502			624	502	434	502	250.62	87.73					281.88	204.34	744.59		-34.01						770.25		4.26		0	4				
07/12/2018	3.3.2	Gaze Project	O4	3	M	Bilingual	G130	06/09/2018	89100	1280 x 720		Raw Data	Ord4_T5_L.avi	190	0	900	720									63040	10:16:52.060	1536226385833361															0	5040		Fixation	8	425	472	1.53	355.41	145.30																				7563	626	399	615	472	620	435	430	435	251.29	129.34	246.97	99.90	249.13	114.62	281.78	204.60	745.44	326.23	204.55	736.71					771.14	771.14	4.36	4.58	0	0				
07/12/2018	3.3.2	Gaze Project	O4	3	M	Bilingual	G130	06/09/2018	89100	1280 x 720		Raw Data	Ord4_T5_L.avi	190	0	900	720									63048	10:16:52.069	1536226385841644															0	5041		Fixation	8	388	378	2.81	111.42	116.01																				7564	634	443	578	378	606	410	416	410	254.63	111.42	232.07	137.54	243.35	124.48	281.72	204.53	745.28	347.33	254.48	886.90					770.96	770.96	4.55	5.64	0	0				
07/12/2018	3.3.2	Gaze Project	O4	3	M	Bilingual	G130	06/09/2018	89100	1280 x 720		Raw Data	Ord4_T5_L.avi	190	0	900	720									63056	10:16:52.077	1536226385849983															0	5042		Fixation	8	409	521	4.00	278.33	166.91																				7565	612	388	599	521	605	454	415	454	245.82	133.89	240.45	80.25	243.14	107.07	281.59	204.64	745.23	326.07	204.62	736.90					770.95	770.95	4.40	4.61	0	0				
07/12/2018	3.3.2	Gaze Project	O4	3	M	Bilingual	G130	06/09/2018	89100	1280 x 720		Raw Data	Ord4_T5_L.avi	190	0	900	720									63065	10:16:52.085	1536226385858329															0	5043		Fixation	8	398	498	0.78	115.49	197.16																				7566	633	519	588	498	610	508	420	508	253.97	81.14	235.89	89.29	244.93	85.21	281.58	204.40	745.04	325.98	204.64	736.97					770.69	770.69	4.36	4.54	0	0				
07/12/2018	3.3.2	Gaze Project	O4	3	M	Bilingual	G130	06/09/2018	89100	1280 x 720		Raw Data	Ord4_T5_L.avi	190	0	900	720									63073	10:16:52.094	1536226385866689															0	5044		Fixation	8	427	389	3.24	75.15	319.66																				7567			617	389	617	389	427	389			247.70	133.27						338.17	233.70	824.25						0.00		5.09	4	0				
07/12/2018	3.3.2	Gaze Project	O4	3	M	Bilingual	G130	06/09/2018	89100	1280 x 720		Raw Data	Ord4_T5_L.avi	190	0	900	720									63081	10:16:52.102	1536226385875042															0	5045		Fixation	8	431	462	2.11	273.13	197.98																				7568	630	446	621	462	625	454	435	454	252.76	110.39	249.26	103.88	251.01	107.13	281.01	214.68	777.05	325.88	204.80	737.52					804.28	804.28	4.91	4.48	0	0				
07/12/2018	3.3.2	Gaze Project	O4	3	M	Bilingual	G130	06/09/2018	89100	1280 x 720		Raw Data	Ord4_T5_L.avi	190	0	900	720									63090	10:16:52.110	1536226385883313															0	5046		Fixation	8	406	551	2.62	254.36	341.23																				7569	643	432	596	551	619	491	429	491	258.08	115.80	239.10	67.98	248.59	91.89	281.38	204.60	745.92	338.07	233.91	824.98					771.58	771.58	4.39	5.37	0	0				
07/12/2018	3.3.2	Gaze Project	O4	3	M	Bilingual	G130	06/09/2018	89100	1280 x 720		Raw Data	Ord4_T5_L.avi	190	0	900	720									63098	10:16:52.119	1536226385891642															0	5047		Fixation	8	430	465	2.53	74.45	180.10																				7570	663	584	620	465	641	524	451	524	266.29	54.86	248.90	102.61	257.59	78.73	281.22	204.70	745.88	325.76	204.94	738.09					771.57	771.57	4.65	4.60	0	0				
07/12/2018	3.3.2	Gaze Project	O4	3	M	Bilingual	G130	06/09/2018	89100	1280 x 720		Raw Data	Ord4_T5_L.avi	190	0	900	720									63106	10:16:52.127	1536226385899997															0			Unclassified	8																									7571	617	403			617	403	427	403	247.80	127.70					288.27	233.45	833.88		-34.01						864.33		5.09		0	4				
07/12/2018	3.3.2	Gaze Project	O4	3	M	Bilingual	G130	06/09/2018	89100	1280 x 720		Raw Data	Ord4_T5_L.avi	190	0	900	720									63115	10:16:52.135	1536226385908353															0	5048		Fixation	8	430	503	1.16	270.00	195.55																				7572	654	482	620	503	637	492	447	492	262.36	96.04	248.89	87.23	255.63	91.63	285.36	221.76	798.31	325.66	204.85	738.05					826.81	826.81	4.83	4.59	0	0				
07/12/2018	3.3.2	Gaze Project	O4	3	M	Bilingual	G130	06/09/2018	89100	1280 x 720		Raw Data	Ord4_T5_L.avi	190	0	900	720									63123	10:16:52.144	1536226385916635															0	5049		Fixation	8	457	430	2.37	69.76	159.76																				7573	643	201	647	430	645	315	455	315	258.15	208.99	259.70	116.96	258.93	162.97	281.05	207.36	755.36	325.57	204.71	737.77					781.39	781.39	3.78	4.30	0	0				
07/12/2018	3.3.2	Gaze Project	O4	3	M	Bilingual	G130	06/09/2018	89100	1280 x 720		Raw Data	Ord4_T5_L.avi	190	0	900	720									63131	10:16:52.152	1536226385924959															0	5050		Fixation	8	395	552	4.11	243.13	173.37																				7574	586	502	585	552	585	527	395	527	235.16	87.70	234.64	67.63	234.90	77.67	281.04	206.90	754.12	326.70	207.59	746.18					780.07	780.07	4.45	4.56	0	0				
07/12/2018	3.3.2	Gaze Project	O4	3	M	Bilingual	G130	06/09/2018	89100	1280 x 720		Raw Data	Ord4_T5_L.avi	190	0	900	720									63140	10:16:52.160	1536226385933303															0			Unclassified	8																									7575	648	239			648	239	458	239	259.92	193.71					281.14	204.08	745.22		-34.01						770.75		3.37		0	4				
07/12/2018	3.3.2	Gaze Project	O4	3	M	Bilingual	G130	06/09/2018	89100	1280 x 720		Raw Data	Ord4_T5_L.avi	190	0	900	720									63148	10:16:52.169	1536226385941668															0	5051		Fixation	8	447	513	1.94	36.96	153.82																				7576	657	241	637	513	647	377	457	377	263.57	192.78	255.79	83.30	259.68	138.04	283.46	214.29	776.09	325.45	204.56	737.81					803.32	803.32	3.58	4.47	0	0				
07/12/2018	3.3.2	Gaze Project	O4	3	M	Bilingual	G130	06/09/2018	89100	1280 x 720		Raw Data	Ord4_T5_L.avi	190	0	900	720									63156	10:16:52.177	1536226385950025															0	5052		Fixation	8	439	475	1.18	101.85	64.89																				7577	597	179	629	475	613	327	423	327	239.64	218.02	252.44	98.58	246.04	158.30	283.78	215.66	780.45	326.13	206.32	742.82					807.89	807.89	3.93	4.16	0	0				
07/12/2018	3.3.2	Gaze Project	O4	3	M	Bilingual	G130	06/09/2018	89100	1280 x 720		Raw Data	Ord4_T5_L.avi	190	0	900	720									63164	10:16:52.185	1536226385958291															0			Unclassified	8																									7578																			-34.01										4	4				
07/12/2018	3.3.2	Gaze Project	O4	3	M	Bilingual	G130	06/09/2018	89100	1280 x 720		Raw Data	Ord4_T5_L.avi	190	0	900	720									63173	10:16:52.194	1536226385966642															0	5053		Fixation	8	436	478	0.13	225.09	123.24																				7579	620	239	626	478	623	358	433	358	249.04	193.77	251.12	97.56	250.08	145.66	280.91	207.15	755.40	326.64	207.51	746.60					781.37	781.37	3.61	4.39	0	0				
07/12/2018	3.3.2	Gaze Project	O4	3	M	Bilingual	G130	06/09/2018	89100	1280 x 720		Raw Data	Ord4_T5_L.avi	190	0	900	720									63181	10:16:52.202	1536226385974979															0	5054		Fixation	8	404	587	3.38	253.69	28.60																				7580			594	587	594	587	404	587			238.40	53.41						326.13	206.28	742.88						0.00		4.48	4	0				
07/12/2018	3.3.2	Gaze Project	O4	3	M	Bilingual	G130	06/09/2018	89100	1280 x 720		Raw Data	Ord4_T5_L.avi	190	0	900	720									63190	10:16:52.210	1536226385983338															0	5055		Fixation	8	469	460	4.25	62.97	169.28																				7581	629	233	659	460	644	346	454	346	252.35	195.99	264.60	104.87	258.47	150.43	283.43	214.12	775.91	326.50	207.11	745.44					803.10	803.10	3.70	4.15	0	0				
07/12/2018	3.3.2	Gaze Project	O4	3	M	Bilingual	G130	06/09/2018	89100	1280 x 720		Raw Data	Ord4_T5_L.avi	190	0	900	720									63198	10:16:52.219	1536226385991694															0	5056		Fixation	8	410	575	3.86	242.92	179.94																				7582	631	314	600	575	615	444	425	444	253.46	163.30	240.75	58.27	247.11	110.79	280.97	206.99	754.93	326.22	206.38	743.22					780.87	780.87	3.78	4.63	0	0				
07/12/2018	3.3.2	Gaze Project	O4	3	M	Bilingual	G130	06/09/2018	89100	1280 x 720		Raw Data	Ord4_T5_L.avi	190	0	900	720									63206	10:16:52.227	1536226385999953															0			Unclassified	8																									7583																			-34.01										4	4				
07/12/2018	3.3.2	Gaze Project	O4	3	M	Bilingual	G130	06/09/2018	89100	1280 x 720		Raw Data	Ord4_T5_L.avi	190	0	900	720									63214	10:16:52.235	1536226386008294															0	5057		Fixation	8	419	491	2.52	83.90	200.99																				7584	643	515	609	491	626	503	436	503	258.08	82.68	244.28	92.06	251.18	87.37	281.03	206.99	754.86	326.70	207.34	746.02					780.80	780.80	4.63	4.44	0	0				
07/12/2018	3.3.2	Gaze Project	O4	3	M	Bilingual	G130	06/09/2018	89100	1280 x 720		Raw Data	Ord4_T5_L.avi	190	0	900	720									63223	10:16:52.244	1536226386016657															0	5058		Fixation	8	427	487	0.27	26.64	302.73																				7585	616	271	617	487	616	379	426	379	247.43	180.71	247.60	93.94	247.51	137.33	281.21	204.07	745.53	326.61	207.02	744.99					771.04	771.04	3.63	4.39	0	0				
07/12/2018	3.3.2	Gaze Project	O4	3	M	Bilingual	G130	06/09/2018	89100	1280 x 720		Raw Data	Ord4_T5_L.avi	190	0	900	720									63231	10:16:52.252	1536226386025013															0	5059		Fixation	8	395	542	1.89	239.89	213.25																				7586	615	165	585	542	600	353	410	353	246.92	223.39	234.64	71.78	240.78	147.59	283.28	212.66	771.26	326.75	207.24	745.60					798.22	798.22	3.65	4.48	0	0				
07/12/2018	3.3.2	Gaze Project	O4	3	M	Bilingual	G130	06/09/2018	89100	1280 x 720		Raw Data	Ord4_T5_L.avi	190	0	900	720									63239	10:16:52.260	1536226386033278															0	5060		Fixation	8	437	366	5.48	76.62	196.73																				7587	623	107	627	366	625	236	435	236	249.96	246.94	251.49	142.67	250.73	194.81	286.78	226.56	813.81	325.67	204.39	737.38					843.08	843.08	3.67	3.84	0	0				
07/12/2018	3.3.2	Gaze Project	O4	3	M	Bilingual	G130	06/09/2018	89100	1280 x 720		Raw Data	Ord4_T5_L.avi	190	0	900	720									63248	10:16:52.269	1536226386041625															0	5061		Fixation	8	482	335	1.67	34.65	318.03																				7588	641	393	672	335	656	364	466	364	257.35	131.74	269.81	155.08	263.58	143.41	281.37	203.99	745.11	326.97	207.52	746.34					770.63	770.63	4.04	4.14	0	0				
07/12/2018	3.3.2	Gaze Project	O4	3	M	Bilingual	G130	06/09/2018	89100	1280 x 720		Raw Data	Ord4_T5_L.avi	190	0	900	720									63256	10:16:52.277	1536226386049960															0	5062		Fixation	8	430	557	6.89	256.86	222.21																				7589	609	209	620	557	614	383	424	383	244.64	205.68	249.07	65.81	246.86	135.75	284.20	215.79	780.62	326.70	206.70	743.85					808.11	808.11	3.71	4.39	0	0				
07/12/2018	3.3.2	Gaze Project	O4	3	M	Bilingual	G130	06/09/2018	89100	1280 x 720		Raw Data	Ord4_T5_L.avi	190	0	900	720									63265	10:16:52.285	1536226386058318															0	5063		Fixation	8	452	325	7.06	84.60	187.74																				7590	607	369	642	325	624	347	434	347	243.77	141.45	257.90	159.05	250.84	150.25	281.48	203.88	744.61	326.79	206.80	744.10					770.12	770.12	4.01	4.00	0	0				
07/12/2018	3.3.2	Gaze Project	O4	3	M	Bilingual	G130	06/09/2018	89100	1280 x 720		Raw Data	Ord4_T5_L.avi	190	0	900	720									63273	10:16:52.294	1536226386066676															0	5064		Fixation	8	404	501	5.53	254.79	170.19																				7591			594	501	594	501	404	501			238.28	88.18						326.95	207.04	744.79						0.00		4.38	4	0				
07/12/2018	3.3.2	Gaze Project	O4	3	M	Bilingual	G130	06/09/2018	89100	1280 x 720		Raw Data	Ord4_T5_L.avi	190	0	900	720									63281	10:16:52.302	1536226386074949															0	5065		Fixation	8	392	555	1.65	257.51	2.72																				7592			582	555	582	555	392	555			233.75	66.34						326.92	206.78	743.98						0.00		4.50	4	0				
07/12/2018	3.3.2	Gaze Project	O4	3	M	Bilingual	G130	06/09/2018	89100	1280 x 720		Raw Data	Ord4_T5_L.avi	190	0	900	720									63289	10:16:52.310	1536226386083280															0	5066		Fixation	8	436	529	1.52	30.66	133.15																				7593	664	315	626	529	645	422	455	422	266.66	163.18	251.30	76.98	258.98	120.08	281.64	203.81	744.64	326.41	207.12	745.80					770.13	770.13	3.85	4.73	0	0				
07/12/2018	3.3.2	Gaze Project	O4	3	M	Bilingual	G130	06/09/2018	89100	1280 x 720		Raw Data	Ord4_T5_L.avi	190	0	900	720									63298	10:16:52.319	1536226386091632															0			Unclassified	8																									7594	647	469			647	469	457	469	259.75	101.15					281.71	203.82	744.64		-34.01						770.13		5.02		0	4				
07/12/2018	3.3.2	Gaze Project	O4	3	M	Bilingual	G130	06/09/2018	89100	1280 x 720		Raw Data	Ord4_T5_L.avi	190	0	900	720									63306	10:16:52.327	1536226386099992															0	5067		Fixation	8	377	466	2.63	133.03	102.37																				7595	605	475	567	466	586	470	396	470	242.86	98.78	227.49	102.31	235.18	100.54	281.77	204.28	745.58	326.21	204.38	737.12					771.17	771.17	4.54	4.52	0	0				
07/12/2018	3.3.2	Gaze Project	O4	3	M	Bilingual	G130	06/09/2018	89100	1280 x 720		Raw Data	Ord4_T5_L.avi	190	0	900	720									63314	10:16:52.335	1536226386108269															0	5068		Fixation	8	413	543	2.60	294.99	161.96																				7596	640	513	603	543	621	528	431	528	256.93	83.30	241.85	71.16	249.39	77.23	281.71	204.42	745.52	326.14	204.07	736.16					771.16	771.16	4.46	4.60	0	0				
07/12/2018	3.3.2	Gaze Project	O4	3	M	Bilingual	G130	06/09/2018	89100	1280 x 720		Raw Data	Ord4_T5_L.avi	190	0	900	720									63323	10:16:52.344	1536226386116607															0	5069		Fixation	8	446	429	3.47	73.90	138.92																				7597	613	512	636	429	624	470	434	470	246.00	83.94	255.17	117.07	250.59	100.50	281.93	203.98	744.60	333.84	221.92	789.73					770.15	770.15	4.42	4.56	0	0				
07/12/2018	3.3.2	Gaze Project	O4	3	M	Bilingual	G130	06/09/2018	89100	1280 x 720		Raw Data	Ord4_T5_L.avi	190	0	900	720									63331	10:16:52.352	1536226386124940															0	5070		Fixation	8	372	484	2.69	216.71	142.80																				7598	618	536	562	484	590	510	400	510	248.05	74.19	225.49	95.04	236.77	84.62	281.99	204.25	745.45	326.41	203.97	735.99					771.04	771.04	4.46	4.42	0	0				
07/12/2018	3.3.2	Gaze Project	O4	3	M	Bilingual	G130	06/09/2018	89100	1280 x 720		Raw Data	Ord4_T5_L.avi	190	0	900	720									63340	10:16:52.360	1536226386133300															0	5071		Fixation	8	389	537	1.70	287.73	71.02																				7599	621	537	579	537	600	537	410	537	249.12	73.63	232.25	73.82	240.68	73.72	282.11	203.84	744.31	326.52	204.16	736.71					769.83	769.83	4.45	4.51	0	0				
07/12/2018	3.3.2	Gaze Project	O4	3	M	Bilingual	G130	06/09/2018	89100	1280 x 720		Raw Data	Ord4_T5_L.avi	190	0	900	720									63348	10:16:52.369	1536226386141661															0	5072		Fixation	8	754	471	11.38	10.28	82.55																				7600	618	443	944	471	781	457	591	457	248.25	111.44	378.84	100.30	313.54	105.87	286.03	219.81	792.73	325.70	204.24	736.68					820.93	820.93	4.17	4.30	0	0				
07/12/2018	3.3.2	Gaze Project	O4	3	M	Bilingual	G130	06/09/2018	89100	1280 x 720		Raw Data	Ord4_T5_L.avi	190	0	900	720									63356	10:16:52.377	1536226386149929															0	5073		Fixation	8	450	553	9.66	195.14	184.86																				7601	570	551	640	553	605	552	415	552	228.90	68.08	256.71	67.15	242.80	67.62	282.33	203.94	744.26	326.76	204.24	737.15					769.83	769.83	4.33	4.55	0	0				
07/12/2018	3.3.2	Gaze Project	O4	3	M	Bilingual	G130	06/09/2018	89100	1280 x 720		Raw Data	Ord4_T5_L.avi	190	0	900	720									63364	10:16:52.385	1536226386158273															0	5074		Fixation	8	414	564	1.14	197.04	1.90																				7602	647	586	604	564	625	575	435	575	259.65	53.80	242.65	62.85	251.15	58.32	282.36	204.00	744.92	326.84	203.99	736.50					770.48	770.48	4.32	4.54	0	0				
07/12/2018	3.3.2	Gaze Project	O4	3	M	Bilingual	G130	06/09/2018	89100	1280 x 720		Raw Data	Ord4_T5_L.avi	190	0	900	720									63373	10:16:52.394	1536226386166615															0	5075		Fixation	8	442	514	1.72	60.83	223.79																				7603	590	533	632	514	611	523	421	523	236.93	75.38	253.83	82.97	245.38	79.18	282.56	204.11	744.88	326.93	204.08	736.47					770.48	770.48	4.20	4.33	0	0				
07/12/2018	3.3.2	Gaze Project	O4	3	M	Bilingual	G130	06/09/2018	89100	1280 x 720		Raw Data	Ord4_T5_L.avi	190	0	900	720									63381	10:16:52.402	1536226386174956															0	5076		Fixation	8	387	564	2.23	222.37	161.54																				7604	641	474	577	564	609	519	419	519	257.17	99.09	231.51	63.00	244.34	81.04	282.55	203.93	744.83	327.05	203.95	736.61					770.38	770.38	4.09	4.45	0	0				
07/12/2018	3.3.2	Gaze Project	O4	3	M	Bilingual	G130	06/09/2018	89100	1280 x 720		Raw Data	Ord4_T5_L.avi	190	0	900	720									63390	10:16:52.410	1536226386183326															0	5077		Fixation	8	408	584	0.88	316.31	93.94																				7605	529	367	598	584	563	475	373	475	212.36	142.27	240.09	54.86	226.22	98.56	291.83	240.41	856.03	327.15	203.99	736.83					887.67	887.67	4.67	4.47	0	0				
07/12/2018	3.3.2	Gaze Project	O4	3	M	Bilingual	G130	06/09/2018	89100	1280 x 720		Raw Data	Ord4_T5_L.avi	190	0	900	720									63398	10:16:52.419	1536226386191583															0	5078		Fixation	8	391	594	0.58	210.55	254.24																				7606	715	575	581	594	648	584	458	584	286.91	58.59	233.14	50.74	260.03	54.66	282.66	203.76	744.90	328.50	212.54	763.27					770.40	770.40	4.61	4.68	0	0				
07/12/2018	3.3.2	Gaze Project	O4	3	M	Bilingual	G130	06/09/2018	89100	1280 x 720		Raw Data	Ord4_T5_L.avi	190	0	900	720									63406	10:16:52.427	1536226386199924															0	5079		Fixation	8	484	315	7.96	71.62	221.07																				7607	509	365	674	315	591	340	401	340	204.34	142.94	270.71	163.18	237.52	153.06	295.35	253.71	896.88	348.39	252.92	884.71					930.73	930.73	5.04	5.39	0	0				
07/12/2018	3.3.2	Gaze Project	O4	3	M	Bilingual	G130	06/09/2018	89100	1280 x 720		Raw Data	Ord4_T5_L.avi	190	0	900	720									63414	10:16:52.435	1536226386208284															0	5080		Fixation	8	395	592	8.01	252.24	180.62																				7608	636	515	585	592	610	553	420	553	255.29	82.48	234.90	51.59	245.09	67.03	282.89	203.72	744.46	327.45	203.97	737.11					769.97	769.97	4.24	4.50	0	0				
07/12/2018	3.3.2	Gaze Project	O4	3	M	Bilingual	G130	06/09/2018	89100	1280 x 720		Raw Data	Ord4_T5_L.avi	190	0	900	720									63423	10:16:52.444	1536226386216642															0			Unclassified	8																									7609	655	568			655	568	465	568	262.86	61.27					282.96	203.63	744.25		-34.01						769.74		4.42		0	4				
07/12/2018	3.3.2	Gaze Project	O4	3	M	Bilingual	G130	06/09/2018	89100	1280 x 720		Raw Data	Ord4_T5_L.avi	190	0	900	720									63431	10:16:52.452	1536226386224918															0	5081		Fixation	8	396	596	0.12	283.99	31.75																				7610	591	551	586	596	588	573	398	573	237.36	68.06	235.24	49.98	236.30	59.02	283.02	203.24	743.10	327.62	203.79	737.19					768.53	768.53	4.31	4.51	0	0				
07/12/2018	3.3.2	Gaze Project	O4	3	M	Bilingual	G130	06/09/2018	89100	1280 x 720		Raw Data	Ord4_T5_L.avi	190	0	900	720									63439	10:16:52.460	1536226386233261															0	5082		Fixation	8	427	492	3.25	73.45	149.46																				7611	648	514	617	492	632	503	442	503	259.97	82.79	247.49	91.73	253.73	87.26	283.10	203.64	744.38	327.77	203.99	737.10					769.87	769.87	4.17	4.29	0	0				
07/12/2018	3.3.2	Gaze Project	O4	3	M	Bilingual	G130	06/09/2018	89100	1280 x 720		Raw Data	Ord4_T5_L.avi	190	0	900	720									63448	10:16:52.469	1536226386241589															0	5083		Fixation	8	398	622	3.98	257.46	184.01																				7612	592	490	588	622	590	556	400	556	237.82	92.47	236.14	39.63	236.98	66.05	289.91	230.52	826.22	327.78	204.02	737.67					856.21	856.21	4.76	4.54	0	0				
07/12/2018	3.3.2	Gaze Project	O4	3	M	Bilingual	G130	06/09/2018	89100	1280 x 720		Raw Data	Ord4_T5_L.avi	190	0	900	720									63456	10:16:52.477	1536226386249955															0	5084		Fixation	8	383	559	1.91	103.35	205.89																				7613	622	465	573	559	597	512	407	512	249.58	102.64	229.99	64.98	239.78	83.81	292.18	238.88	851.83	329.03	211.91	762.08					883.22	883.22	4.72	4.70	0	0				
07/12/2018	3.3.2	Gaze Project	O4	3	M	Bilingual	G130	06/09/2018	89100	1280 x 720		Raw Data	Ord4_T5_L.avi	190	0	900	720									63465	10:16:52.485	1536226386258310															0			Unclassified	8																									7614	611	524			611	524	421	524	245.41	78.95					287.29	219.59	792.83		-34.01						821.00		4.46		0	4				
07/12/2018	3.3.2	Gaze Project	O4	3	M	Bilingual	G130	06/09/2018	89100	1280 x 720		Raw Data	Ord4_T5_L.avi	190	0	900	720									63473	10:16:52.494	1536226386266579															0	5085		Fixation	8	448	507	2.37	38.75	295.40																				7615	569	462	638	507	603	484	413	484	228.39	103.98	256.01	85.71	242.20	94.85	295.21	250.96	888.92	335.32	220.80	788.34					922.32	922.32	5.13	4.77	0	0				
07/12/2018	3.3.2	Gaze Project	O4	3	M	Bilingual	G130	06/09/2018	89100	1280 x 720		Raw Data	Ord4_T5_L.avi	190	0	900	720									63481	10:16:52.502	1536226386274923															0	5086		Fixation	8	384	558	2.37	218.64	179.89																				7616	560	452	574	558	567	505	377	505	224.98	107.95	230.51	65.25	227.74	86.60	292.48	239.13	852.78	328.02	203.68	736.98					884.21	884.21	4.76	4.46	0	0				
07/12/2018	3.3.2	Gaze Project	O4	3	M	Bilingual	G130	06/09/2018	89100	1280 x 720		Raw Data	Ord4_T5_L.avi	190	0	900	720									63489	10:16:52.510	1536226386283265															0	5087		Fixation	8	366	627	2.11	255.42	36.78																				7617	641	612	556	627	598	619	408	619	257.30	43.32	223.35	37.37	240.32	40.35	283.42	203.35	743.77	328.07	203.54	737.03					769.21	769.21	4.23	4.36	0	0				
07/12/2018	3.3.2	Gaze Project	O4	3	M	Bilingual	G130	06/09/2018	89100	1280 x 720		Raw Data	Ord4_T5_L.avi	190	0	900	720									63498	10:16:52.519	1536226386291610															0			Unclassified	8																									7618	636	420			636	420	446	420	255.31	120.94					283.50	203.56	744.45		-34.01						769.93		3.62		0	4				
07/12/2018	3.3.2	Gaze Project	O4	3	M	Bilingual	G130	06/09/2018	89100	1280 x 720		Raw Data	Ord4_T5_L.avi	190	0	900	720									63506	10:16:52.527	1536226386299979															0	5088		Fixation	8	405	610	1.26	23.62	128.20																				7619	617	534	595	610	606	572	416	572	247.80	74.98	238.66	44.34	243.23	59.66	283.54	203.37	743.93	328.16	203.53	736.74					769.38	769.38	3.97	4.41	0	0				
07/12/2018	3.3.2	Gaze Project	O4	3	M	Bilingual	G130	06/09/2018	89100	1280 x 720		Raw Data	Ord4_T5_L.avi	190	0	900	720									63514	10:16:52.535	1536226386308252															0			Unclassified	8																									7620	547	579			547	579	357	579	219.72	56.92					292.98	240.10	856.02		-34.01						887.61		5.03		0	4				
07/12/2018	3.3.2	Gaze Project	O4	3	M	Bilingual	G130	06/09/2018	89100	1280 x 720		Raw Data	Ord4_T5_L.avi	190	0	900	720									63523	10:16:52.544	1536226386316580															0	5089		Fixation	8	419	532	2.37	79.86	56.24																				7621	662	577	609	532	635	554	445	554	265.87	57.40	244.34	75.62	255.10	66.51	283.64	203.41	744.15	328.24	203.45	736.63					769.60	769.60	4.30	4.35	0	0				
07/12/2018	3.3.2	Gaze Project	O4	3	M	Bilingual	G130	06/09/2018	89100	1280 x 720		Raw Data	Ord4_T5_L.avi	190	0	900	720									63531	10:16:52.552	1536226386324936															0	5090		Fixation	8	458	519	1.25	18.49	298.63																				7622	649	626	648	519	648	572	458	572	260.50	37.85	260.10	81.09	260.30	59.47	283.67	203.42	744.23	328.16	203.54	736.59					769.69	769.69	4.29	4.33	0	0				
07/12/2018	3.3.2	Gaze Project	O4	3	M	Bilingual	G130	06/09/2018	89100	1280 x 720		Raw Data	Ord4_T5_L.avi	190	0	900	720									63539	10:16:52.560	1536226386333292															0			Unclassified	8																									7623	603	526			603	526	413	526	241.89	78.14					283.71	203.25	743.76		-34.01						769.18		3.93		0	4				
07/12/2018	3.3.2	Gaze Project	O4	3	M	Bilingual	G130	06/09/2018	89100	1280 x 720		Raw Data	Ord4_T5_L.avi	190	0	900	720									63548	10:16:52.569	1536226386341564															0	5091		Fixation	8	415	559	1.76	223.02	204.53																				7624	602	292	605	559	603	425	413	425	241.45	172.35	242.78	65.02	242.12	118.69	296.18	252.72	894.87	328.35	203.26	736.71					928.56	928.56	4.80	4.29	0	0				
07/12/2018	3.3.2	Gaze Project	O4	3	M	Bilingual	G130	06/09/2018	89100	1280 x 720		Raw Data	Ord4_T5_L.avi	190	0	900	720									63556	10:16:52.577	1536226386349908															0	5092		Fixation	8	400	571	0.57	218.75	355.73																				7625	600	536	590	571	595	553	405	553	240.90	74.02	236.88	60.14	238.89	67.08	283.78	203.10	743.41	328.36	203.46	736.62					768.81	768.81	4.23	4.38	0	0				
07/12/2018	3.3.2	Gaze Project	O4	3	M	Bilingual	G130	06/09/2018	89100	1280 x 720		Raw Data	Ord4_T5_L.avi	190	0	900	720									63564	10:16:52.585	1536226386358248															0	5093		Fixation	8	399	569	0.07	116.49	257.74																				7626	603	623	589	569	596	596	406	596	242.03	38.87	236.54	60.64	239.29	49.76	283.79	202.94	742.96	328.40	203.24	736.45					768.33	768.33	4.28	4.37	0	0				
07/12/2018	3.3.2	Gaze Project	O4	3	M	Bilingual	G130	06/09/2018	89100	1280 x 720		Raw Data	Ord4_T5_L.avi	190	0	900	720									63573	10:16:52.594	1536226386366605															0	5094		Fixation	8	384	644	2.26	258.73	142.23																				7627	623	550	574	644	598	597	408	597	249.94	68.57	230.59	30.43	240.27	49.50	283.80	203.17	743.71	328.43	203.33	736.41					769.12	769.12	4.17	4.59	0	0				
07/12/2018	3.3.2	Gaze Project	O4	3	M	Bilingual	G130	06/09/2018	89100	1280 x 720		Raw Data	Ord4_T5_L.avi	190	0	900	720									63581	10:16:52.602	1536226386374964															0	5095		Fixation	8	422	590	1.94	54.95	156.23																				7628	600	595	612	590	606	592	416	592	240.70	50.46	245.82	52.35	243.26	51.41	283.81	203.29	743.66	328.44	203.07	736.51					769.11	769.11	4.08	4.27	0	0				
07/12/2018	3.3.2	Gaze Project	O4	3	M	Bilingual	G130	06/09/2018	89100	1280 x 720		Raw Data	Ord4_T5_L.avi	190	0	900	720									63589	10:16:52.610	1536226386383230															0	5096		Fixation	8	421	582	0.24	97.10	42.15																				7629	654	614	611	582	632	598	442	598	262.48	42.55	245.32	55.69	253.90	49.12	283.84	203.17	743.80	328.49	203.33	736.98					769.20	769.20	4.43	4.38	0	0				
07/12/2018	3.3.2	Gaze Project	O4	3	M	Bilingual	G130	06/09/2018	89100	1280 x 720		Raw Data	Ord4_T5_L.avi	190	0	900	720									63598	10:16:52.619	1536226386391589															0			Unclassified	8																									7630	594	487			594	487	404	487	238.44	93.69					283.85	203.30	743.74		-34.01						769.19		4.00		0	4				
07/12/2018	3.3.2	Gaze Project	O4	3	M	Bilingual	G130	06/09/2018	89100	1280 x 720		Raw Data	Ord4_T5_L.avi	190	0	900	720									63606	10:16:52.627	1536226386399916															0	5097		Fixation	8	413	575	0.32	138.72	41.62																				7631	657	607	603	575	630	591	440	591	263.87	45.57	241.86	58.39	252.86	51.98	283.91	203.32	744.30	328.53	203.18	736.64					769.73	769.73	4.17	4.31	0	0				
07/12/2018	3.3.2	Gaze Project	O4	3	M	Bilingual	G130	06/09/2018	89100	1280 x 720		Raw Data	Ord4_T5_L.avi	190	0	900	720									63614	10:16:52.635	1536226386408274															0	5098		Fixation	8	408	549	0.80	100.85	322.13																				7632	637	612	598	549	617	580	427	580	255.51	43.58	239.90	68.81	247.71	56.19	283.93	203.16	743.81	328.56	203.20	736.76					769.22	769.22	4.38	4.33	0	0				
07/12/2018	3.3.2	Gaze Project	O4	3	M	Bilingual	G130	06/09/2018	89100	1280 x 720		Raw Data	Ord4_T5_L.avi	190	0	900	720									63623	10:16:52.644	1536226386416635															0	5099		Fixation	8	400	608	1.78	262.30	161.45																				7633	683	621	590	608	636	614	446	614	273.99	39.80	236.67	45.25	255.33	42.52	283.41	219.45	794.26	328.60	203.25	736.98					822.19	822.19	4.62	4.20	0	0				
07/12/2018	3.3.2	Gaze Project	O4	3	M	Bilingual	G130	06/09/2018	89100	1280 x 720		Raw Data	Ord4_T5_L.avi	190	0	900	720									63631	10:16:52.652	1536226386424895															0	5100		Fixation	8	414	551	1.75	76.24	173.94																				7634	582	480	604	551	593	515	403	515	233.74	96.48	242.42	68.05	238.08	82.26	283.99	202.86	742.96	328.63	203.29	737.14					768.32	768.32	3.85	4.44	0	0				
07/12/2018	3.3.2	Gaze Project	O4	3	M	Bilingual	G130	06/09/2018	89100	1280 x 720		Raw Data	Ord4_T5_L.avi	190	0	900	720									63639	10:16:52.660	1536226386433224															0	5101		Fixation	8	398	579	0.94	240.33	164.09																				7635	622	604	588	579	605	591	415	591	249.78	46.78	236.08	56.61	242.93	51.70	284.00	202.86	742.98	329.85	211.18	761.58					768.34	768.34	4.44	4.56	0	0				
07/12/2018	3.3.2	Gaze Project	O4	3	M	Bilingual	G130	06/09/2018	89100	1280 x 720		Raw Data	Ord4_T5_L.avi	190	0	900	720									63648	10:16:52.669	1536226386441591															0	5102		Fixation	8	412	563	0.62	48.91	168.57																				7636	630	542	602	563	616	552	426	552	252.71	71.59	241.73	63.16	247.22	67.37	284.00	203.09	743.70	328.67	203.14	737.20					769.10	769.10	4.14	4.21	0	0				
07/12/2018	3.3.2	Gaze Project	O4	3	M	Bilingual	G130	06/09/2018	89100	1280 x 720		Raw Data	Ord4_T5_L.avi	190	0	900	720									63656	10:16:52.677	1536226386449941															0	5103		Fixation	8	424	460	3.03	83.38	34.47																				7637	647	552	614	460	630	506	440	506	259.81	67.46	246.41	104.56	253.11	86.01	284.01	203.06	743.66	335.73	219.32	785.55					769.05	769.05	4.37	4.47	0	0				
07/12/2018	3.3.2	Gaze Project	O4	3	M	Bilingual	G130	06/09/2018	89100	1280 x 720		Raw Data	Ord4_T5_L.avi	190	0	900	720									63664	10:16:52.685	1536226386458195															0	5104		Fixation	8	417	575	3.37	266.53	183.15																				7638	616	514	607	575	611	544	421	544	247.37	83.09	243.85	58.41	245.61	70.75	288.04	218.91	791.77	328.69	203.11	736.77					819.81	819.81	4.44	4.35	0	0				
07/12/2018	3.3.2	Gaze Project	O4	3	M	Bilingual	G130	06/09/2018	89100	1280 x 720		Raw Data	Ord4_T5_L.avi	190	0	900	720									63673	10:16:52.693	1536226386466544															0	5105		Fixation	8	401	599	0.84	236.39	329.87																				7639	656	649	591	599	623	624	433	624	263.18	28.65	237.19	48.87	250.18	38.76	284.08	203.22	744.16	330.15	212.57	765.97					769.58	769.58	4.38	4.71	0	0				
07/12/2018	3.3.2	Gaze Project	O4	3	M	Bilingual	G130	06/09/2018	89100	1280 x 720		Raw Data	Ord4_T5_L.avi	190	0	900	720									63681	10:16:52.702	1536226386474904															0	5106		Fixation	8	456	436	4.56	71.41	195.02																				7640	621	615	646	436	633	525	443	525	249.26	42.23	259.39	114.28	254.33	78.25	284.14	203.35	744.11	352.13	256.76	899.26					769.57	769.57	4.32	5.32	0	0				
07/12/2018	3.3.2	Gaze Project	O4	3	M	Bilingual	G130	06/09/2018	89100	1280 x 720		Raw Data	Ord4_T5_L.avi	190	0	900	720									63689	10:16:52.710	1536226386483254															0	5107		Fixation	8	431	577	3.88	259.98	188.57																				7641	632	552	621	577	626	564	436	564	253.58	67.57	249.14	57.59	251.36	62.58	284.12	203.12	743.84	328.76	203.11	736.79					769.24	769.24	4.17	4.33	0	0				
07/12/2018	3.3.2	Gaze Project	O4	3	M	Bilingual	G130	06/09/2018	89100	1280 x 720		Raw Data	Ord4_T5_L.avi	190	0	900	720									63698	10:16:52.719	1536226386491602															0	5108		Fixation	8	449	560	0.74	43.46	143.48																				7642	653	604	639	560	646	582	456	582	261.97	46.67	256.32	64.40	259.14	55.54	284.14	203.14	743.91	328.81	203.21	737.08					769.31	769.31	4.34	4.40	0	0				
07/12/2018	3.3.2	Gaze Project	O4	3	M	Bilingual	G130	06/09/2018	89100	1280 x 720		Raw Data	Ord4_T5_L.avi	190	0	900	720									63706	10:16:52.727	1536226386499884															0	5109		Fixation	8	402	561	1.42	181.22	137.77																				7643	626	560	592	561	609	560	419	560	251.26	64.59	237.45	63.94	244.36	64.26	284.15	202.89	743.10	328.82	203.24	737.13					768.47	768.47	4.30	4.31	0	0				
07/12/2018	3.3.2	Gaze Project	O4	3	M	Bilingual	G130	06/09/2018	89100	1280 x 720		Raw Data	Ord4_T5_L.avi	190	0	900	720									63714	10:16:52.735	1536226386508212															0	5110		Fixation	8	413	593	1.02	288.91	107.69																				7644	637	639	603	593	620	616	430	616	255.63	32.78	242.03	51.28	248.83	42.03	284.18	202.89	743.04	328.83	203.13	737.17					768.41	768.41	4.40	4.27	0	0				
07/12/2018	3.3.2	Gaze Project	O4	3	M	Bilingual	G130	06/09/2018	89100	1280 x 720		Raw Data	Ord4_T5_L.avi	190	0	900	720									63723	10:16:52.744	1536226386516570															0	5111		Fixation	8	375	590	1.15	175.47	246.56																				7645	605	555	565	590	585	572	395	572	242.73	66.25	226.66	52.31	234.70	59.28	284.19	202.88	742.97	328.82	203.09	736.59					768.34	768.34	4.21	4.52	0	0				
07/12/2018	3.3.2	Gaze Project	O4	3	M	Bilingual	G130	06/09/2018	89100	1280 x 720		Raw Data	Ord4_T5_L.avi	190	0	900	720									63731	10:16:52.752	1536226386524928															0	5112		Fixation	8	366	506	2.54	96.10	280.62																				7646	630	621	556	506	593	563	403	563	253.05	39.73	223.09	86.02	238.07	62.88	284.19	202.91	743.00	328.85	203.21	736.54					768.38	768.38	4.64	4.24	0	0				
07/12/2018	3.3.2	Gaze Project	O4	3	M	Bilingual	G130	06/09/2018	89100	1280 x 720		Raw Data	Ord4_T5_L.avi	190	0	900	720									63739	10:16:52.760	1536226386533284															0	5113		Fixation	8	460	498	2.82	4.88	268.78																				7647	623	597	650	498	636	547	446	547	250.13	49.67	260.76	89.34	255.45	69.50	284.19	202.91	742.95	330.06	211.25	761.70					768.34	768.34	4.50	4.42	0	0				
07/12/2018	3.3.2	Gaze Project	O4	3	M	Bilingual	G130	06/09/2018	89100	1280 x 720		Raw Data	Ord4_T5_L.avi	190	0	900	720									63748	10:16:52.769	1536226386541550															0	5114		Fixation	8	391	581	3.18	230.35	225.47																				7648	598	516	581	581	589	548	399	548	240.15	82.17	233.25	56.16	236.70	69.16	293.76	240.38	857.24	328.79	202.97	736.12					888.88	888.88	5.02	4.45	0	0				
07/12/2018	3.3.2	Gaze Project	O4	3	M	Bilingual	G130	06/09/2018	89100	1280 x 720		Raw Data	Ord4_T5_L.avi	190	0	900	720									63756	10:16:52.777	1536226386549890															0			Unclassified	8																									7649	595	517			595	517	405	517	238.78	81.73					284.18	203.06	743.38		-34.01						768.79		4.12		0	4				
07/12/2018	3.3.2	Gaze Project	O4	3	M	Bilingual	G130	06/09/2018	89100	1280 x 720		Raw Data	Ord4_T5_L.avi	190	0	900	720									63764	10:16:52.785	1536226386558238															0	5115		Fixation	8	391	621	1.19	270.00	39.65																				7650	641	600	581	621	611	610	421	610	257.48	48.17	233.10	40.01	245.29	44.09	284.15	203.27	744.03	328.70	203.09	736.07					769.46	769.46	4.46	4.52	0	0				
07/12/2018	3.3.2	Gaze Project	O4	3	M	Bilingual	G130	06/09/2018	89100	1280 x 720		Raw Data	Ord4_T5_L.avi	190	0	900	720									63773	10:16:52.794	1536226386566596															0	5116		Fixation	8	403	551	2.08	80.30	170.30																				7651	620	533	593	551	606	542	416	542	248.70	75.25	237.96	68.09	243.33	71.67	291.29	231.32	829.51	330.06	211.51	762.47					859.64	859.64	4.72	4.37	0	0				
07/12/2018	3.3.2	Gaze Project	O4	3	M	Bilingual	G130	06/09/2018	89100	1280 x 720		Raw Data	Ord4_T5_L.avi	190	0	900	720									63781	10:16:52.802	1536226386574865															0	5117		Fixation	8	419	567	0.68	314.91	234.60																				7652	581	492	609	567	595	529	405	529	233.25	91.97	244.31	61.68	238.78	76.83	296.40	251.62	891.74	328.80	203.26	737.06					925.25	925.25	5.33	4.43	0	0				
07/12/2018	3.3.2	Gaze Project	O4	3	M	Bilingual	G130	06/09/2018	89100	1280 x 720		Raw Data	Ord4_T5_L.avi	190	0	900	720									63789	10:16:52.810	1536226386583222															0			Unclassified	8																									7653	656	493			656	493	466	493	263.34	91.46					292.73	237.47	848.46		-34.01						879.61		5.10		0	4				
07/12/2018	3.3.2	Gaze Project	O4	3	M	Bilingual	G130	06/09/2018	89100	1280 x 720		Raw Data	Ord4_T5_L.avi	190	0	900	720									63798	10:16:52.819	1536226386591552															0	5118		Fixation	8	372	530	1.73	141.70	186.79																				7654	673	623	562	530	617	576	427	576	270.07	39.11	225.63	76.38	247.85	57.74	284.11	203.58	745.16	340.35	229.69	816.98					770.64	770.64	4.44	4.85	0	0				
07/12/2018	3.3.2	Gaze Project	O4	3	M	Bilingual	G130	06/09/2018	89100	1280 x 720		Raw Data	Ord4_T5_L.avi	190	0	900	720									63806	10:16:52.827	1536226386599896															0	5119		Fixation	8	396	572	1.39	299.67	157.97																				7655	625	619	586	572	605	595	415	595	250.93	40.65	235.10	59.69	243.01	50.17	284.12	203.35	744.54	328.78	203.29	737.33					769.97	769.97	4.34	4.33	0	0				
07/12/2018	3.3.2	Gaze Project	O4	3	M	Bilingual	G130	06/09/2018	89100	1280 x 720		Raw Data	Ord4_T5_L.avi	190	0	900	720									63814	10:16:52.835	1536226386608266															0	5120		Fixation	8	395	568	0.12	103.99	164.33																				7656	648	606	585	568	616	587	426	587	260.19	45.86	234.94	61.22	247.57	53.54	284.12	203.34	744.57	328.77	203.14	736.97					770.00	770.00	4.37	4.39	0	0				
07/12/2018	3.3.2	Gaze Project	O4	3	M	Bilingual	G130	06/09/2018	89100	1280 x 720		Raw Data	Ord4_T5_L.avi	190	0	900	720									63823	10:16:52.843	1536226386616534															0	5121		Fixation	8	425	559	0.94	16.75	272.76																				7657	578	546	615	559	596	552	406	552	231.85	70.17	246.77	64.71	239.31	67.44	291.79	233.21	835.73	328.80	203.19	737.17					866.15	866.15	4.83	4.29	0	0				
07/12/2018	3.3.2	Gaze Project	O4	3	M	Bilingual	G130	06/09/2018	89100	1280 x 720		Raw Data	Ord4_T5_L.avi	190	0	900	720									63831	10:16:52.852	1536226386624867															0			Unclassified	8																									7658	647	592			647	592	457	592	259.64	51.44					284.16	203.43	744.54		-34.01						770.00		4.38		0	4				
07/12/2018	3.3.2	Gaze Project	O4	3	M	Bilingual	G130	06/09/2018	89100	1280 x 720		Raw Data	Ord4_T5_L.avi	190	0	900	720									63839	10:16:52.860	1536226386633224															0	5122		Fixation	8	387	549	1.19	165.21	148.46																				7659	647	629	577	549	612	589	422	589	259.60	36.83	231.60	68.96	245.60	52.89	284.16	203.47	745.10	328.82	203.19	737.30					770.55	770.55	4.45	4.37	0	0				
07/12/2018	3.3.2	Gaze Project	O4	3	M	Bilingual	G130	06/09/2018	89100	1280 x 720		Raw Data	Ord4_T5_L.avi	190	0	900	720									63848	10:16:52.869	1536226386641580															0	5123		Fixation	8	432	519	1.62	33.78	228.56																				7660	627	613	622	519	624	566	434	566	251.76	42.92	249.80	80.89	250.78	61.91	284.17	202.95	743.54	328.85	203.22	737.43					768.90	768.90	4.31	4.44	0	0				
07/12/2018	3.3.2	Gaze Project	O4	3	M	Bilingual	G130	06/09/2018	89100	1280 x 720		Raw Data	Ord4_T5_L.avi	190	0	900	720									63856	10:16:52.877	1536226386649943															0	5124		Fixation	8	393	594	2.52	242.60	208.83																				7661	624	653	583	594	603	623	413	623	250.41	26.94	234.10	50.65	242.25	38.80	284.17	203.08	743.49	328.85	203.06	736.92					768.89	768.89	4.47	4.40	0	0				
07/12/2018	3.3.2	Gaze Project	O4	3	M	Bilingual	G130	06/09/2018	89100	1280 x 720		Raw Data	Ord4_T5_L.avi	190	0	900	720									63864	10:16:52.885	1536226386658196															0	5125		Fixation	8	396	556	1.14	85.50	202.90																				7662	639	648	586	556	612	602	422	602	256.42	29.07	235.39	66.24	245.91	47.65	284.22	203.08	743.48	328.88	203.12	737.11					768.89	768.89	4.56	4.36	0	0				
07/12/2018	3.3.2	Gaze Project	O4	3	M	Bilingual	G130	06/09/2018	89100	1280 x 720		Raw Data	Ord4_T5_L.avi	190	0	900	720									63873	10:16:52.893	1536226386666530															0	5126		Fixation	8	425	522	1.31	49.63	324.13																				7663	591	600	615	522	603	561	413	561	237.41	48.33	246.67	79.71	242.04	64.02	284.26	203.03	743.72	330.33	212.58	766.21					769.10	769.10	4.57	4.45	0	0				
07/12/2018	3.3.2	Gaze Project	O4	3	M	Bilingual	G130	06/09/2018	89100	1280 x 720		Raw Data	Ord4_T5_L.avi	190	0	900	720									63881	10:16:52.902	1536226386674891															0	5127		Fixation	8	411	534	0.53	220.69	171.06																				7664	633	626	601	534	617	580	427	580	254.14	37.77	241.26	74.74	247.70	56.26	284.27	203.08	743.82	330.39	212.87	767.06					769.21	769.21	4.43	4.39	0	0				
07/12/2018	3.3.2	Gaze Project	O4	3	M	Bilingual	G130	06/09/2018	89100	1280 x 720		Raw Data	Ord4_T5_L.avi	190	0	900	720									63889	10:16:52.910	1536226386683253															0	5128		Fixation	8	399	594	1.79	258.73	38.03																				7665	627	567	589	594	608	580	418	580	251.51	61.69	236.29	50.83	243.90	56.26	284.28	203.34	744.57	328.95	203.29	737.46					770.00	770.00	4.33	4.41	0	0				
07/12/2018	3.3.2	Gaze Project	O4	3	M	Bilingual	G130	06/09/2018	89100	1280 x 720		Raw Data	Ord4_T5_L.avi	190	0	900	720									63898	10:16:52.918	1536226386691518															0	5129		Fixation	8	431	578	1.07	26.64	127.91																				7666	643	569	621	578	632	573	442	573	258.05	60.76	249.45	57.38	253.75	59.07	284.29	203.40	744.68	328.99	203.36	737.63					770.13	770.13	4.44	4.50	0	0				
07/12/2018	3.3.2	Gaze Project	O4	3	M	Bilingual	G130	06/09/2018	89100	1280 x 720		Raw Data	Ord4_T5_L.avi	190	0	900	720									63906	10:16:52.927	1536226386699862															0	5130		Fixation	8	405	506	2.32	109.80	83.16																				7667	609	716	595	506	602	611	412	611	244.52	1.56	238.78	86.09	241.65	43.83	284.33	203.51	744.99	328.99	203.50	737.58					770.46	770.46	4.49	4.34	0	0				
07/12/2018	3.3.2	Gaze Project	O4	3	M	Bilingual	G130	06/09/2018	89100	1280 x 720		Raw Data	Ord4_T5_L.avi	190	0	900	720									63914	10:16:52.935	1536226386708206															0	5131		Fixation	8	431	529	1.06	318.41	208.62																				7668	626	516	621	529	623	522	433	522	251.23	82.26	249.41	76.78	250.32	79.52	284.32	203.46	744.76	329.04	203.47	737.82					770.23	770.23	4.17	4.36	0	0				
07/12/2018	3.3.2	Gaze Project	O4	3	M	Bilingual	G130	06/09/2018	89100	1280 x 720		Raw Data	Ord4_T5_L.avi	190	0	900	720									63923	10:16:52.944	1536226386716562															0	5132		Fixation	8	406	526	0.77	173.14	214.72																				7669	595	560	596	526	595	543	405	543	239.00	64.25	239.22	77.94	239.11	71.10	284.35	203.54	744.96	329.07	203.60	737.77					770.45	770.45	4.46	4.35	0	0				
07/12/2018	3.3.2	Gaze Project	O4	3	M	Bilingual	G130	06/09/2018	89100	1280 x 720		Raw Data	Ord4_T5_L.avi	190	0	900	720									63931	10:16:52.952	1536226386724903															0	5133		Fixation	8	397	586	1.81	261.50	88.36																				7670	656	646	587	586	621	616	431	616	263.23	29.74	235.57	53.81	249.40	41.78	284.37	203.57	745.02	329.08	203.56	737.99					770.51	770.51	4.38	4.43	0	0				
07/12/2018	3.3.2	Gaze Project	O4	3	M	Bilingual	G130	06/09/2018	89100	1280 x 720		Raw Data	Ord4_T5_L.avi	190	0	900	720									63939	10:16:52.960	1536226386733188															0			Unclassified	8																									7671	591	608			591	608	401	608	237.08	45.29					284.38	203.41	744.49		-34.01						769.96		4.42		0	4				
07/12/2018	3.3.2	Gaze Project	O4	3	M	Bilingual	G130	06/09/2018	89100	1280 x 720		Raw Data	Ord4_T5_L.avi	190	0	900	720									63948	10:16:52.968	1536226386741520															0	5134		Fixation	8	417	568	0.80	42.08	140.58																				7672	599	573	607	568	603	570	413	570	240.61	59.32	243.75	61.35	242.18	60.34	284.41	203.14	743.66	329.12	203.54	737.85					769.08	769.08	4.37	4.37	0	0				
07/12/2018	3.3.2	Gaze Project	O4	3	M	Bilingual	G130	06/09/2018	89100	1280 x 720		Raw Data	Ord4_T5_L.avi	190	0	900	720									63956	10:16:52.977	1536226386749881															0	5135		Fixation	8	399	582	0.68	217.96	175.89																				7673	593	621	589	582	591	601	401	601	237.91	39.86	236.60	55.43	237.26	47.65	284.41	203.19	743.76	329.14	203.59	737.96					769.19	769.19	4.47	4.37	0	0				
07/12/2018	3.3.2	Gaze Project	O4	3	M	Bilingual	G130	06/09/2018	89100	1280 x 720		Raw Data	Ord4_T5_L.avi	190	0	900	720									63964	10:16:52.985	1536226386758230															0	5136		Fixation	8	410	561	0.69	62.43	204.47																				7674	610	590	600	561	605	575	415	575	244.97	52.26	240.87	64.05	242.92	58.15	284.36	203.70	745.37	330.33	211.78	763.31					770.88	770.88	4.46	4.51	0	0				
07/12/2018	3.3.2	Gaze Project	O4	3	M	Bilingual	G130	06/09/2018	89100	1280 x 720		Raw Data	Ord4_T5_L.avi	190	0	900	720									63973	10:16:52.993	1536226386766511															0			Unclassified	8																									7675																			-34.01										4	4				
07/12/2018	3.3.2	Gaze Project	O4	3	M	Bilingual	G130	06/09/2018	89100	1280 x 720		Raw Data	Ord4_T5_L.avi	190	0	900	720									63981	10:16:53.002	1536226386774851															0			Unclassified	8																									7676	463	647			463	647	273	647	185.99	29.36					284.20	203.70	745.53		-34.01						771.03		4.12		0	4				
07/12/2018	3.3.2	Gaze Project	O4	3	M	Bilingual	G130	06/09/2018	89100	1280 x 720		Raw Data	Ord4_T5_L.avi	190	0	900	720									63989	10:16:53.010	1536226386783178															0	5137		Fixation	8	225	656	5.88	207.26	144.83																				7677	440	650	415	656	427	653	237	653	176.55	28.22	166.50	25.89	171.52	27.05	288.61	221.16	798.66	329.83	210.64	760.05					827.07	827.07	4.55	4.58	0	0				
07/12/2018	3.3.2	Gaze Project	O4	3	M	Bilingual	G130	06/09/2018	89100	1280 x 720		Raw Data	Ord4_T5_L.avi	190	0	900	720									63998	10:16:53.018	1536226386791541															0	5138		Fixation	8	181	639	1.35	158.81	311.56																				7678	386	647	371	639	378	643	188	643	155.12	29.59	148.75	32.59	151.93	31.09	284.11	203.58	745.26	329.87	211.06	761.32					770.73	770.73	3.96	4.61	0	0				
07/12/2018	3.3.2	Gaze Project	O4	3	M	Bilingual	G130	06/09/2018	89100	1280 x 720		Raw Data	Ord4_T5_L.avi	190	0	900	720									64006	10:16:53.027	1536226386799903															0			Unclassified	8																									7679	334	627			334	627	144	627	133.96	37.39					284.09	203.56	745.22		-34.01						770.69		3.95		0	4				
07/12/2018	3.3.2	Gaze Project	O4	3	M	Bilingual	G130	06/09/2018	89100	1280 x 720		Raw Data	Ord4_T5_L.avi	190	0	900	720									64014	10:16:53.035	1536226386808170															0			Unclassified	8																									7680	340	608			340	608	150	608	136.51	45.20					283.84	210.43	766.71		-34.01						793.23		4.11		0	4				
07/12/2018	3.3.2	Gaze Project	O4	3	M	Bilingual	G130	06/09/2018	89100	1280 x 720		Raw Data	Ord4_T5_L.avi	190	0	900	720									64023	10:16:53.043	1536226386816513															0	5139		Fixation	8	163	647	0.55	204.03	45.22																				7681	207	614	353	647	280	630	90	630	83.28	42.86	141.76	29.40	112.52	36.13	297.96	258.76	913.89	328.70	203.43	738.02					948.56	948.56	5.24	4.41	0	0				
07/12/2018	3.3.2	Gaze Project	O4	3	M	Bilingual	G130	06/09/2018	89100	1280 x 720		Raw Data	Ord4_T5_L.avi	190	0	900	720									64031	10:16:53.052	1536226386824854															0	5140		Fixation	8	188	680	1.18	307.06	103.03																				7682			378	680	378	680	188	680			151.78	16.04						336.11	220.74	789.67						0.00		4.86	4	0				
07/12/2018	3.3.2	Gaze Project	O4	3	M	Bilingual	G130	06/09/2018	89100	1280 x 720		Raw Data	Ord4_T5_L.avi	190	0	900	720									64039	10:16:53.060	1536226386833216															0	5141		Fixation	8	175	238	12.41	91.68	144.62																				7683			365	238	365	238	175	238			146.47	194.29						333.94	215.80	774.65						0.00		3.41	4	0				
07/12/2018	3.3.2	Gaze Project	O4	3	M	Bilingual	G130	06/09/2018	89100	1280 x 720		Raw Data	Ord4_T5_L.avi	190	0	900	720									64048	10:16:53.069	1536226386841570															0	5142		Fixation	8	182	672	12.54	270.92	179.24																				7684	371	603	372	672	371	637	181	637	148.73	47.09	149.19	19.47	148.96	33.28	283.94	203.59	745.17	328.96	206.06	745.79					770.65	770.65	3.82	4.60	0	0				
07/12/2018	3.3.2	Gaze Project	O4	3	M	Bilingual	G130	06/09/2018	89100	1280 x 720		Raw Data	Ord4_T5_L.avi	190	0	900	720									64056	10:16:53.077	1536226386849829															0	5143		Fixation	8	169	708	1.06	250.20	339.28																				7685	362	735	359	708	360	721			145.20	-5.86	144.28	4.64	144.74	-0.61	284.31	205.49	750.47	329.56	206.11	745.07					776.28	776.28	4.08	4.41	0	0				
07/12/2018	3.3.2	Gaze Project	O4	3	M	Bilingual	G130	06/09/2018	89100	1280 x 720		Raw Data	Ord4_T5_L.avi	190	0	900	720									64064	10:16:53.085	1536226386858162															0	5144		Fixation	8	225	688	1.66	19.71	129.51																				7686	347	673	415	688	381	680	191	680	139.32	19.03	166.45	12.93	152.89	15.98	283.86	203.64	745.25	328.51	203.69	738.06					770.73	770.73	3.94	4.58	0	0				
07/12/2018	3.3.2	Gaze Project	O4	3	M	Bilingual	G130	06/09/2018	89100	1280 x 720		Raw Data	Ord4_T5_L.avi	190	0	900	720									64073	10:16:53.093	1536226386866525															0			Unclassified	8																									7687	385	756			385	756			154.54	-14.49					284.78	207.60	756.87		-34.01						783.03		4.24		0	4				
07/12/2018	3.3.2	Gaze Project	O4	3	M	Bilingual	G130	06/09/2018	89100	1280 x 720		Raw Data	Ord4_T5_L.avi	190	0	900	720									64081	10:16:53.102	1536226386874883															0	5145		Fixation	8	224	671	0.49	93.36	73.64																				7688	319	680	414	671	366	675	176	675	128.03	16.22	166.31	19.77	147.17	18.00	283.75	204.71	748.89	328.73	205.57	744.00					774.52	774.52	4.13	4.69	0	0				
07/12/2018	3.3.2	Gaze Project	O4	3	M	Bilingual	G130	06/09/2018	89100	1280 x 720		Raw Data	Ord4_T5_L.avi	190	0	900	720									64089	10:16:53.110	1536226386883162															0			Unclassified	8																									7689	360	636			360	636	170	636	144.53	33.81					284.48	206.72	754.09		-34.01						780.10		3.98		0	4				
07/12/2018	3.3.2	Gaze Project	O4	3	M	Bilingual	G130	06/09/2018	89100	1280 x 720		Raw Data	Ord4_T5_L.avi	190	0	900	720									64098	10:16:53.118	1536226386891499															0	5146		Fixation	8	199	632	1.36	122.58	29.22																				7690			389	632	389	632	199	632			156.09	35.62						329.51	206.52	745.85						0.00		4.42	4	0				
07/12/2018	3.3.2	Gaze Project	O4	3	M	Bilingual	G130	06/09/2018	89100	1280 x 720		Raw Data	Ord4_T5_L.avi	190	0	900	720									64106	10:16:53.127	1536226386899836															0	5147		Fixation	8	245	667	1.70	322.64	200.07																				7691	271	560	435	667	353	613	163	613	108.95	64.35	174.56	21.53	141.76	42.94	283.69	204.97	749.52	329.26	206.00	744.20					775.19	775.19	4.02	4.62	0	0				
07/12/2018	3.3.2	Gaze Project	O4	3	M	Bilingual	G130	06/09/2018	89100	1280 x 720		Raw Data	Ord4_T5_L.avi	190	0	900	720									64114	10:16:53.135	1536226386908199															0			Unclassified	8																									7692																			-34.01										4	4				
07/12/2018	3.3.2	Gaze Project	O4	3	M	Bilingual	G130	06/09/2018	89100	1280 x 720		Raw Data	Ord4_T5_L.avi	190	0	900	720									64123	10:16:53.144	1536226386916554															0	5148		Fixation	8	167	636	2.45	158.26	195.62																				7693	386	699	357	636	371	667	181	667	155.10	8.29	143.38	33.79	149.24	21.04	283.73	203.84	745.51	328.62	205.28	742.64					771.03	771.03	4.14	4.29	0	0				
07/12/2018	3.3.2	Gaze Project	O4	3	M	Bilingual	G130	06/09/2018	89100	1280 x 720		Raw Data	Ord4_T5_L.avi	190	0	900	720									64131	10:16:53.152	1536226386924821															0	5149		Fixation	8	192	653	0.87	325.70	167.44																				7694	353	683	382	653	367	668	177	668	141.50	14.88	153.29	27.16	147.39	21.02	283.74	203.86	745.52	329.69	212.54	764.55					771.05	771.05	4.23	4.72	0	0				
07/12/2018	3.3.2	Gaze Project	O4	3	M	Bilingual	G130	06/09/2018	89100	1280 x 720		Raw Data	Ord4_T5_L.avi	190	0	900	720									64139	10:16:53.160	1536226386933164															0	5150		Fixation	8	161	652	0.85	178.15	212.45																				7695	363	690	351	652	357	671	167	671	145.88	12.06	141.09	27.50	143.48	19.78	283.74	203.87	745.49	330.47	217.66	779.99					771.02	771.02	4.20	4.78	0	0				
07/12/2018	3.3.2	Gaze Project	O4	3	M	Bilingual	G130	06/09/2018	89100	1280 x 720		Raw Data	Ord4_T5_L.avi	190	0	900	720									64148	10:16:53.168	1536226386941508															0	5151		Fixation	8	172	654	0.31	349.66	171.52																				7696	356	637	362	654	359	645	169	645	142.77	33.38	145.51	26.55	144.14	29.97	283.77	204.00	745.79	330.50	217.77	780.25					771.36	771.36	4.14	4.82	0	0				
07/12/2018	3.3.2	Gaze Project	O4	3	M	Bilingual	G130	06/09/2018	89100	1280 x 720		Raw Data	Ord4_T5_L.avi	190	0	900	720									64156	10:16:53.177	1536226386949864															0	5152		Fixation	8	171	629	0.69	92.28	102.62																				7697	371	702	361	629	366	665	176	665	148.73	7.36	144.96	36.54	146.84	21.95	283.79	203.90	745.84	329.63	211.73	761.82					771.36	771.36	4.28	4.52	0	0				
07/12/2018	3.3.2	Gaze Project	O4	3	M	Bilingual	G130	06/09/2018	89100	1280 x 720		Raw Data	Ord4_T5_L.avi	190	0	900	720									64164	10:16:53.185	1536226386958221															0	5153		Fixation	8	168	634	0.16	239.12	146.83																				7698	373	676	358	634	365	655	175	655	149.74	17.70	143.72	34.56	146.73	26.13	283.80	204.06	745.77	329.49	210.65	758.45					771.36	771.36	4.23	4.58	0	0				
07/12/2018	3.3.2	Gaze Project	O4	3	M	Bilingual	G130	06/09/2018	89100	1280 x 720		Raw Data	Ord4_T5_L.avi	190	0	900	720									64173	10:16:53.193	1536226386966494															0			Unclassified	8																									7699	429	655			429	655	239	655	172.17	26.33					283.81	203.95	745.82		-34.01						771.36		4.14		0	4				
07/12/2018	3.3.2	Gaze Project	O4	3	M	Bilingual	G130	06/09/2018	89100	1280 x 720		Raw Data	Ord4_T5_L.avi	190	0	900	720									64181	10:16:53.202	1536226386974820															0	5154		Fixation	8	131	588	1.57	128.72	249.60																				7700	349	623	321	588	335	605	145	605	140.24	39.18	128.95	53.15	134.60	46.17	291.06	232.62	832.56	349.76	253.04	885.85					862.93	862.93	4.83	5.52	0	0				
07/12/2018	3.3.2	Gaze Project	O4	3	M	Bilingual	G130	06/09/2018	89100	1280 x 720		Raw Data	Ord4_T5_L.avi	190	0	900	720									64189	10:16:53.210	1536226386983179															0	5155		Fixation	8	198	641	2.26	321.56	192.84																				7701	324	676	388	641	356	658	166	658	130.22	17.65	155.84	31.81	143.03	24.73	283.59	211.79	769.70	329.68	211.59	761.09					796.48	796.48	4.30	4.62	0	0				
07/12/2018	3.3.2	Gaze Project	O4	3	M	Bilingual	G130	06/09/2018	89100	1280 x 720		Raw Data	Ord4_T5_L.avi	190	0	900	720									64198	10:16:53.218	1536226386991535															0			Unclassified	8																									7702	379	625			379	625	189	625	152.19	38.35					283.87	204.12	745.72		-34.01						771.33		4.13		0	4				
07/12/2018	3.3.2	Gaze Project	O4	3	M	Bilingual	G130	06/09/2018	89100	1280 x 720		Raw Data	Ord4_T5_L.avi	190	0	900	720									64206	10:16:53.227	1536226386999813															0	5156		Fixation	8	245	645	1.31	355.12	33.56																				7703			435	645	435	645	245	645			174.52	30.20						335.75	220.81	788.11						0.00		4.99	4	0				
07/12/2018	3.3.2	Gaze Project	O4	3	M	Bilingual	G130	06/09/2018	89100	1280 x 720		Raw Data	Ord4_T5_L.avi	190	0	900	720									64214	10:16:53.235	1536226387008152															0	5157		Fixation	8	148	640	2.68	177.04	181.92																				7704			338	640	338	640	148	640			135.63	32.33						329.76	211.91	761.96						0.00		4.65	4	0				
07/12/2018	3.3.2	Gaze Project	O4	3	M	Bilingual	G130	06/09/2018	89100	1280 x 720		Raw Data	Ord4_T5_L.avi	190	0	900	720									64223	10:16:53.243	1536226387016493															0			Unclassified	8																									7705	397	707			397	707	207	707	159.27	5.07					284.40	206.24	751.66		-34.01						777.64		4.28		0	4				
07/12/2018	3.3.2	Gaze Project	O4	3	M	Bilingual	G130	06/09/2018	89100	1280 x 720		Raw Data	Ord4_T5_L.avi	190	0	900	720									64231	10:16:53.252	1536226387024848															0			Unclassified	8																									7706																			-34.01										4	4				
07/12/2018	3.3.2	Gaze Project	O4	3	M	Bilingual	G130	06/09/2018	89100	1280 x 720		Raw Data	Ord4_T5_L.avi	190	0	900	720									64239	10:16:53.260	1536226387033193															0	5158		Fixation	8	184	473	4.88	77.87	260.83																				7707	346	689	374	473	360	581	170	581	138.86	12.52	150.23	99.55	144.54	56.04	283.89	204.07	745.50	328.57	203.95	737.45					771.10	771.10	4.12	3.88	0	0				
07/12/2018	3.3.2	Gaze Project	O4	3	M	Bilingual	G130	06/09/2018	89100	1280 x 720		Raw Data	Ord4_T5_L.avi	190	0	900	720									64248	10:16:53.268	1536226387041468															0			Unclassified	8																									7708	344	670			344	670	154	670	138.18	20.30					283.88	204.05	745.43		-34.01						771.03		4.00		0	4				
07/12/2018	3.3.2	Gaze Project	O4	3	M	Bilingual	G130	06/09/2018	89100	1280 x 720		Raw Data	Ord4_T5_L.avi	190	0	900	720									64256	10:16:53.277	1536226387049804															0			Unclassified	8																									7709	344	688			344	688	154	688	137.95	12.96					283.87	204.08	745.51		-34.01						771.11		4.13		0	4				
07/12/2018	3.3.2	Gaze Project	O4	3	M	Bilingual	G130	06/09/2018	89100	1280 x 720		Raw Data	Ord4_T5_L.avi	190	0	900	720									64264	10:16:53.285	1536226387058165															0	5159		Fixation	8	203	652	5.31	276.04	198.17																				7710	319	666	393	652	356	659	166	659	128.13	21.89	157.80	27.27	142.97	24.58	283.86	204.09	745.53	328.58	204.27	738.32					771.14	771.14	4.08	4.38	0	0				
07/12/2018	3.3.2	Gaze Project	O4	3	M	Bilingual	G130	06/09/2018	89100	1280 x 720		Raw Data	Ord4_T5_L.avi	190	0	900	720									64273	10:16:53.293	1536226387066516															0	5160		Fixation	8	154	673	1.49	203.27	287.23																				7711	399	694	344	673	371	683	181	683	160.27	10.54	138.25	18.81	149.26	14.68	283.84	204.09	745.49	328.86	206.12	744.27					771.09	771.09	4.25	4.66	0	0				
07/12/2018	3.3.2	Gaze Project	O4	3	M	Bilingual	G130	06/09/2018	89100	1280 x 720		Raw Data	Ord4_T5_L.avi	190	0	900	720									64281	10:16:53.302	1536226387074876															0	5161		Fixation	8	220	665	1.87	6.93	163.67																				7712	331	628	410	665	370	646	180	646	133.06	37.15	164.57	22.06	148.81	29.61	283.83	204.07	745.39	330.13	208.05	749.22					771.00	771.00	4.11	4.27	0	0				
07/12/2018	3.3.2	Gaze Project	O4	3	M	Bilingual	G130	06/09/2018	89100	1280 x 720		Raw Data	Ord4_T5_L.avi	190	0	900	720									64289	10:16:53.310	1536226387083132															0			Unclassified	8																									7713	379	681			379	681	189	681	152.12	15.53					283.82	204.12	745.47		-34.01						771.09		4.26		0	4				
07/12/2018	3.3.2	Gaze Project	O4	3	M	Bilingual	G130	06/09/2018	89100	1280 x 720		Raw Data	Ord4_T5_L.avi	190	0	900	720									64298	10:16:53.318	1536226387091470															0			Unclassified	8																									7714	344	728			344	728			138.24	-3.41					283.80	204.10	745.38		-34.01						770.99		4.22		0	4				
07/12/2018	3.3.2	Gaze Project	O4	3	M	Bilingual	G130	06/09/2018	89100	1280 x 720		Raw Data	Ord4_T5_L.avi	190	0	900	720									64306	10:16:53.327	1536226387099828															0	5162		Fixation	8	164	665	1.59	180.00	173.07																				7715			354	665	354	665	164	665			141.99	22.30						328.85	206.61	745.40						0.00		4.49	4	0				
07/12/2018	3.3.2	Gaze Project	O4	3	M	Bilingual	G130	06/09/2018	89100	1280 x 720		Raw Data	Ord4_T5_L.avi	190	0	900	720									64314	10:16:53.335	1536226387108190															0	5163		Fixation	8	190	223	12.80	86.64	266.64																				7716	320	648	380	223	350	435	160	435	128.46	29.18	152.48	200.28	140.47	114.73	283.77	204.02	745.41	333.39	215.71	772.03					771.00	771.00	4.30	3.23	0	0				
07/12/2018	3.3.2	Gaze Project	O4	3	M	Bilingual	G130	06/09/2018	89100	1280 x 720		Raw Data	Ord4_T5_L.avi	190	0	900	720									64323	10:16:53.343	1536226387116465															0	5164		Fixation	8	176	371	4.38	264.61	177.97																				7717	356	646	366	371	361	508	171	508	143.08	29.90	146.89	140.46	144.98	85.18	283.74	204.18	745.39	328.70	205.94	743.18					771.02	771.02	4.20	3.65	0	0				
07/12/2018	3.3.2	Gaze Project	O4	3	M	Bilingual	G130	06/09/2018	89100	1280 x 720		Raw Data	Ord4_T5_L.avi	190	0	900	720									64331	10:16:53.352	1536226387124799															0	5165		Fixation	8	192	480	3.29	278.32	13.71																				7718	352	691	382	480	367	585	177	585	141.37	11.59	153.29	96.79	147.33	54.19	284.43	207.12	753.85	328.70	206.08	743.51					780.00	780.00	4.07	4.03	0	0				
07/12/2018	3.3.2	Gaze Project	O4	3	M	Bilingual	G130	06/09/2018	89100	1280 x 720		Raw Data	Ord4_T5_L.avi	190	0	900	720									64339	10:16:53.360	1536226387133140															0	5166		Fixation	8	195	649	4.92	271.01	352.69																				7719	350	675	385	649	367	662	177	662	140.56	18.20	154.64	28.39	147.60	23.30	283.71	204.20	745.35	329.92	208.04	748.54					770.99	770.99	4.13	4.33	0	0				
07/12/2018	3.3.2	Gaze Project	O4	3	M	Bilingual	G130	06/09/2018	89100	1280 x 720		Raw Data	Ord4_T5_L.avi	190	0	900	720									64348	10:16:53.368	1536226387141486															0	5167		Fixation	8	192	534	3.31	91.49	180.48																				7720	417	724	382	534	399	629	209	629	167.36	-1.63	153.53	75.08	160.44	36.72	284.12	206.03	750.41	330.10	208.51	749.89					776.38	776.38	4.25	3.89	0	0				
07/12/2018	3.3.2	Gaze Project	O4	3	M	Bilingual	G130	06/09/2018	89100	1280 x 720		Raw Data	Ord4_T5_L.avi	190	0	900	720									64356	10:16:53.377	1536226387149857															0	5168		Fixation	8	199	544	0.36	304.91	213.42																				7721	357	726	389	544	373	635	183	635	143.37	-2.23	156.08	70.76	149.72	34.26	284.11	206.06	750.43	330.04	208.44	749.59					776.41	776.41	4.00	4.13	0	0				
07/12/2018	3.3.2	Gaze Project	O4	3	M	Bilingual	G130	06/09/2018	89100	1280 x 720		Raw Data	Ord4_T5_L.avi	190	0	900	720									64364	10:16:53.385	1536226387158111															0	5169		Fixation	8			5.50	259.70	314.80																				7722	354	665	354	736	354	700	164	700	142.17	22.10	142.02	-6.47	142.09	7.82	283.95	205.47	748.60	329.67	207.61	747.05					774.48	774.48	4.14	4.61	0	0				
07/12/2018	3.3.2	Gaze Project	O4	3	M	Bilingual	G130	06/09/2018	89100	1280 x 720		Raw Data	Ord4_T5_L.avi	190	0	900	720									64373	10:16:53.393	1536226387166451															0	5170		Fixation	8	193	713	1.01	38.51	138.81																				7723	368	695	383	713	375	704	185	704	147.82	9.92	153.81	2.90	150.82	6.41	283.65	204.19	745.11	328.37	204.55	738.14					770.76	770.76	4.18	4.59	0	0				
07/12/2018	3.3.2	Gaze Project	O4	3	M	Bilingual	G130	06/09/2018	89100	1280 x 720		Raw Data	Ord4_T5_L.avi	190	0	900	720									64381	10:16:53.402	1536226387174814															0	5171		Fixation	8	195	687	0.73	85.62	47.11																				7724	334	711	385	687	359	699	169	699	134.10	3.53	154.46	13.19	144.28	8.36	284.36	207.20	753.83	330.18	208.86	750.74					780.00	780.00	4.16	4.61	0	0				
07/12/2018	3.3.2	Gaze Project	O4	3	M	Bilingual	G130	06/09/2018	89100	1280 x 720		Raw Data	Ord4_T5_L.avi	190	0	900	720									64389	10:16:53.410	1536226387183168															0			Unclassified	8																									7725	352	675			352	675	162	675	141.45	18.16					284.18	206.52	751.70		-34.01						777.76		4.11		0	4				
07/12/2018	3.3.2	Gaze Project	O4	3	M	Bilingual	G130	06/09/2018	89100	1280 x 720		Raw Data	Ord4_T5_L.avi	190	0	900	720									64398	10:16:53.418	1536226387191528															0	5172		Fixation	8	217	641	1.42	64.51	338.90																				7726	403	692	407	641	405	666	215	666	161.71	11.34	163.33	31.69	162.52	21.51	283.64	204.08	745.16	329.63	207.59	746.86					770.77	770.77	4.25	4.26	0	0				
07/12/2018	3.3.2	Gaze Project	O4	3	M	Bilingual	G130	06/09/2018	89100	1280 x 720		Raw Data	Ord4_T5_L.avi	190	0	900	720									64406	10:16:53.427	1536226387199775															0	5173		Fixation	8	185	711	2.15	245.50	180.99																				7727			375	711	375	711	185	711			150.45	3.54						328.36	204.63	738.30						0.00		4.41	4	0				
07/12/2018	3.3.2	Gaze Project	O4	3	M	Bilingual	G130	06/09/2018	89100	1280 x 720		Raw Data	Ord4_T5_L.avi	190	0	900	720									64414	10:16:53.435	1536226387208111															0	5174		Fixation	8	240	670	1.92	36.79	151.29																				7728	383	656	430	670	406	663	216	663	153.68	25.59	172.59	20.28	163.13	22.93	283.38	211.39	767.56	328.36	204.63	738.30					794.31	794.31	4.71	4.58	0	0				
07/12/2018	3.3.2	Gaze Project	O4	3	M	Bilingual	G130	06/09/2018	89100	1280 x 720		Raw Data	Ord4_T5_L.avi	190	0	900	720									64423	10:16:53.443	1536226387216485															0	5175		Fixation	8	241	639	0.90	88.16	51.37																				7729			431	639	431	639	241	639			172.88	32.61						328.34	204.75	738.25						0.00		4.62	4	0				
07/12/2018	3.3.2	Gaze Project	O4	3	M	Bilingual	G130	06/09/2018	89100	1280 x 720		Raw Data	Ord4_T5_L.avi	190	0	900	720									64431	10:16:53.452	1536226387224841															0	5176		Fixation	8	240	638	0.04	134.91	46.75																				7730	379	649	430	638	404	643	214	643	152.08	28.64	172.69	33.18	162.39	30.91	283.63	204.54	746.18	328.34	204.73	738.26					771.89	771.89	4.23	4.55	0	0				
07/12/2018	3.3.2	Gaze Project	O4	3	M	Bilingual	G130	06/09/2018	89100	1280 x 720		Raw Data	Ord4_T5_L.avi	190	0	900	720									64439	10:16:53.460	1536226387233110															0	5177		Fixation	8	180	626	1.79	168.65	33.75																				7731	493	675	370	626	431	650	241	650	197.82	18.09	148.63	37.81	173.22	27.95	283.60	204.67	746.13	328.37	204.49	738.36					771.88	771.88	4.45	4.49	0	0				
07/12/2018	3.3.2	Gaze Project	O4	3	M	Bilingual	G130	06/09/2018	89100	1280 x 720		Raw Data	Ord4_T5_L.avi	190	0	900	720									64448	10:16:53.468	1536226387241444															0	5178		Fixation	8	157	674	1.50	244.47	75.82																				7732	201	496	347	674	274	585	84	585	80.81	90.09	139.30	18.51	110.06	54.30	296.01	252.98	893.81	328.50	204.71	738.27					927.62	927.62	5.25	4.63	0	0				
07/12/2018	3.3.2	Gaze Project	O4	3	M	Bilingual	G130	06/09/2018	89100	1280 x 720		Raw Data	Ord4_T5_L.avi	190	0	900	720									64456	10:16:53.477	1536226387249796															0	5179		Fixation	8	205	685	1.43	347.05	102.58																				7733	343	635	395	685	369	660	179	660	137.65	34.24	158.59	14.04	148.12	24.14	283.67	204.05	744.73	328.34	204.14	736.99					770.35	770.35	4.15	4.52	0	0				
07/12/2018	3.3.2	Gaze Project	O4	3	M	Bilingual	G130	06/09/2018	89100	1280 x 720		Raw Data	Ord4_T5_L.avi	190	0	900	720									64464	10:16:53.485	1536226387258150															0	5180		Fixation	8	202	693	0.24	249.50	262.45																				7734	328	651	392	693	360	672	170	672	131.83	27.71	157.46	10.73	144.65	19.22	283.68	204.05	744.75	328.37	204.08	736.85					770.38	770.38	4.26	4.53	0	0				
07/12/2018	3.3.2	Gaze Project	O4	3	M	Bilingual	G130	06/09/2018	89100	1280 x 720		Raw Data	Ord4_T5_L.avi	190	0	900	720									64473	10:16:53.493	1536226387266508															0	5181		Fixation	8	238	670	1.17	32.66	143.15																				7735	406	612	428	670	417	641	227	641	163.12	43.58	171.89	20.24	167.50	31.91	287.83	220.44	794.41	335.06	219.62	783.48					822.79	822.79	4.57	4.61	0	0				
07/12/2018	3.3.2	Gaze Project	O4	3	M	Bilingual	G130	06/09/2018	89100	1280 x 720		Raw Data	Ord4_T5_L.avi	190	0	900	720									64481	10:16:53.502	1536226387274779															0			Unclassified	8																									7736	343	637			343	637	153	637	137.61	33.62					288.35	221.84	798.56		-34.01						827.18		4.67		0	4				
07/12/2018	3.3.2	Gaze Project	O4	3	M	Bilingual	G130	06/09/2018	89100	1280 x 720		Raw Data	Ord4_T5_L.avi	190	0	900	720									64489	10:16:53.510	1536226387283111															0	5182		Fixation	8	333	607	3.18	33.64	0.98																				7737	495	589	523	607	509	598	319	598	198.88	52.82	210.05	45.37	204.46	49.09	283.55	217.70	786.65	328.66	204.01	736.88					814.41	814.41	4.52	4.51	0	0				
07/12/2018	3.3.2	Gaze Project	O4	3	M	Bilingual	G130	06/09/2018	89100	1280 x 720		Raw Data	Ord4_T5_L.avi	190	0	900	720									64498	10:16:53.518	1536226387291463															0	5183		Fixation	8	350	566	1.31	67.54	33.91																				7738	555	524	540	566	547	545	357	545	222.77	79.08	216.57	61.84	219.67	70.46	284.19	204.25	744.92	328.83	204.23	737.04					770.62	770.62	4.17	4.37	0	0				
07/12/2018	3.3.2	Gaze Project	O4	3	M	Bilingual	G130	06/09/2018	89100	1280 x 720		Raw Data	Ord4_T5_L.avi	190	0	900	720									64506	10:16:53.527	1536226387299822															0	5184		Fixation	8	386	452	3.37	72.53	4.98																				7739	569	584	576	452	572	518	382	518	228.23	54.87	231.24	107.95	229.73	81.41	284.35	204.01	744.15	341.90	234.17	827.05					769.82	769.82	4.36	4.79	0	0				
07/12/2018	3.3.2	Gaze Project	O4	3	M	Bilingual	G130	06/09/2018	89100	1280 x 720		Raw Data	Ord4_T5_L.avi	190	0	900	720									64514	10:16:53.535	1536226387308090															0	5185		Fixation	8	396	431	0.65	64.61	352.08																				7740	590	513	586	431	588	472	398	472	237.01	83.29	235.14	116.45	236.07	99.87	284.47	204.14	744.10	330.38	213.04	764.11					769.81	769.81	4.24	4.31	0	0				
07/12/2018	3.3.2	Gaze Project	O4	3	M	Bilingual	G130	06/09/2018	89100	1280 x 720		Raw Data	Ord4_T5_L.avi	190	0	900	720									64523	10:16:53.543	1536226387316441															0	5186		Fixation	8	416	596	4.85	276.89	212.28																				7741	623	598	606	596	614	597	424	597	249.99	49.13	243.35	50.13	246.67	49.63	284.46	204.03	744.16	330.53	213.65	766.01					769.84	769.84	4.44	4.67	0	0				
07/12/2018	3.3.2	Gaze Project	O4	3	M	Bilingual	G130	06/09/2018	89100	1280 x 720		Raw Data	Ord4_T5_L.avi	190	0	900	720									64531	10:16:53.552	1536226387324777															0	5187		Fixation	8	401	557	1.24	110.98	194.09																				7742	627	539	591	557	609	548	419	548	251.51	73.00	237.16	65.46	244.33	69.23	284.46	204.16	744.11	329.15	204.21	737.09					769.83	769.83	4.36	4.49	0	0				
07/12/2018	3.3.2	Gaze Project	O4	3	M	Bilingual	G130	06/09/2018	89100	1280 x 720		Raw Data	Ord4_T5_L.avi	190	0	900	720									64539	10:16:53.560	1536226387333135															0	5188		Fixation	8	413	571	0.55	310.51	199.53																				7743	558	466	603	571	580	518	390	518	224.13	102.44	241.98	60.02	233.05	81.23	291.04	229.38	821.08	330.59	213.13	764.52					851.02	851.02	4.73	4.70	0	0				
07/12/2018	3.3.2	Gaze Project	O4	3	M	Bilingual	G130	06/09/2018	89100	1280 x 720		Raw Data	Ord4_T5_L.avi	190	0	900	720									64548	10:16:53.568	1536226387341489															0			Unclassified	8																									7744	617	516			617	516	427	516	247.54	82.12					284.62	204.19	744.10		-34.01						769.83		4.31		0	4				
07/12/2018	3.3.2	Gaze Project	O4	3	M	Bilingual	G130	06/09/2018	89100	1280 x 720		Raw Data	Ord4_T5_L.avi	190	0	900	720									64556	10:16:53.577	1536226387349762															0	5189		Fixation	8	438	536	1.26	54.55	104.04																				7745			628	536	628	536	438	536			252.24	74.11						329.35	204.14	736.95						0.00		4.34	4	0				
07/12/2018	3.3.2	Gaze Project	O4	3	M	Bilingual	G130	06/09/2018	89100	1280 x 720		Raw Data	Ord4_T5_L.avi	190	0	900	720									64564	10:16:53.585	1536226387358158															0	5190		Fixation	8	425	527	0.48	145.22	90.67																				7746	612	575	615	527	613	551	423	551	245.77	58.41	247.06	77.91	246.42	68.16	284.68	204.21	744.09	329.48	204.42	737.84					769.83	769.83	4.22	4.38	0	0				
07/12/2018	3.3.2	Gaze Project	O4	3	M	Bilingual	G130	06/09/2018	89100	1280 x 720		Raw Data	Ord4_T5_L.avi	190	0	900	720									64573	10:16:53.593	1536226387366448															0	5191		Fixation	8	442	574	1.51	289.83	144.61																				7747	521	378	632	574	576	476	386	476	209.28	137.92	253.62	58.86	231.45	98.39	293.16	236.17	841.62	329.55	204.30	737.89					872.72	872.72	4.64	4.54	0	0				
07/12/2018	3.3.2	Gaze Project	O4	3	M	Bilingual	G130	06/09/2018	89100	1280 x 720		Raw Data	Ord4_T5_L.avi	190	0	900	720									64581	10:16:53.602	1536226387374805															0	5192		Fixation	8	372	603	2.26	202.57	272.74																				7748	619	511	562	603	590	557	400	557	248.36	84.26	225.58	47.07	236.97	65.67	284.83	203.87	743.41	329.67	204.53	737.79					769.08	769.08	4.24	4.53	0	0				
07/12/2018	3.3.2	Gaze Project	O4	3	M	Bilingual	G130	06/09/2018	89100	1280 x 720		Raw Data	Ord4_T5_L.avi	190	0	900	720									64589	10:16:53.610	1536226387383163															0	5193		Fixation	8	434	508	3.37	56.95	214.39																				7749	597	510	624	508	610	509	420	509	239.74	84.60	250.52	85.54	245.13	85.07	284.90	203.85	743.27	329.65	204.11	736.96					768.95	768.95	4.27	4.34	0	0				
07/12/2018	3.3.2	Gaze Project	O4	3	M	Bilingual	G130	06/09/2018	89100	1280 x 720		Raw Data	Ord4_T5_L.avi	190	0	900	720									64598	10:16:53.618	1536226387391425															0	5194		Fixation	8	423	467	1.30	104.97	48.02																				7750	635	564	613	467	624	515	434	515	254.92	62.95	245.94	101.72	250.43	82.34	284.96	203.56	742.36	329.70	204.02	736.68					768.00	768.00	4.41	4.17	0	0				
07/12/2018	3.3.2	Gaze Project	O4	3	M	Bilingual	G130	06/09/2018	89100	1280 x 720		Raw Data	Ord4_T5_L.avi	190	0	900	720									64606	10:16:53.627	1536226387399757															0	5195		Fixation	8	407	591	3.77	262.67	157.70																				7751	625	534	597	591	611	562	421	562	250.86	74.76	239.55	51.93	245.21	63.35	284.94	203.71	742.30	329.78	204.10	736.92					767.99	767.99	4.29	4.46	0	0				
07/12/2018	3.3.2	Gaze Project	O4	3	M	Bilingual	G130	06/09/2018	89100	1280 x 720		Raw Data	Ord4_T5_L.avi	190	0	900	720									64614	10:16:53.635	1536226387408105															0	5196		Fixation	8	375	601	1.00	197.41	294.74																				7752	667	545	565	601	616	573	426	573	267.55	70.52	226.69	47.72	247.12	59.12	284.81	212.68	770.52	329.79	203.71	735.76					797.57	797.57	4.69	4.46	0	0				
07/12/2018	3.3.2	Gaze Project	O4	3	M	Bilingual	G130	06/09/2018	89100	1280 x 720		Raw Data	Ord4_T5_L.avi	190	0	900	720									64623	10:16:53.643	1536226387416477															0	5197		Fixation	8	382	535	1.98	83.97	246.56																				7753	550	448	572	535	561	491	371	491	220.97	109.56	229.42	74.38	225.19	91.97	285.08	203.74	742.29	329.89	203.96	736.54					767.99	767.99	4.16	4.38	0	0				
07/12/2018	3.3.2	Gaze Project	O4	3	M	Bilingual	G130	06/09/2018	89100	1280 x 720		Raw Data	Ord4_T5_L.avi	190	0	900	720									64631	10:16:53.652	1536226387424743															0			Unclassified	8																									7754	625	593			625	593	435	593	250.86	51.12					285.19	203.86	743.09		-34.01						768.79		4.38		0	4				
07/12/2018	3.3.2	Gaze Project	O4	3	M	Bilingual	G130	06/09/2018	89100	1280 x 720		Raw Data	Ord4_T5_L.avi	190	0	900	720									64639	10:16:53.660	1536226387433091															0	5198		Fixation	8	411	535	0.88	0.00	276.03																				7755	627	474	601	535	614	504	424	504	251.80	98.95	241.29	74.66	246.55	86.80	285.22	203.82	742.96	330.00	203.84	736.26					768.66	768.66	4.18	4.43	0	0				
07/12/2018	3.3.2	Gaze Project	O4	3	M	Bilingual	G130	06/09/2018	89100	1280 x 720		Raw Data	Ord4_T5_L.avi	190	0	900	720									64648	10:16:53.668	1536226387441425															0	5199		Fixation	8	397	537	0.43	188.16	188.16																				7756	650	499	587	537	618	518	428	518	261.02	89.14	235.70	73.59	248.36	81.37	285.31	203.95	742.91	330.06	203.84	736.33					768.65	768.65	4.09	4.35	0	0				
07/12/2018	3.3.2	Gaze Project	O4	3	M	Bilingual	G130	06/09/2018	89100	1280 x 720		Raw Data	Ord4_T5_L.avi	190	0	900	720									64656	10:16:53.677	1536226387449785															0	5200		Fixation	8	418	518	0.85	42.23	214.07																				7757	609	598	608	518	608	558	418	558	244.29	49.24	244.25	81.52	244.27	65.38	285.34	203.47	741.91	330.10	203.73	736.06					767.56	767.56	4.40	4.28	0	0				
07/12/2018	3.3.2	Gaze Project	O4	3	M	Bilingual	G130	06/09/2018	89100	1280 x 720		Raw Data	Ord4_T5_L.avi	190	0	900	720									64664	10:16:53.685	1536226387458141															0	5201		Fixation	8	393	545	1.10	227.29	185.07																				7758	601	436	583	545	592	490	402	490	241.28	114.36	234.04	70.57	237.66	92.47	285.32	203.59	741.86	330.17	203.67	735.95					767.55	767.55	3.89	4.48	0	0				
07/12/2018	3.3.2	Gaze Project	O4	3	M	Bilingual	G130	06/09/2018	89100	1280 x 720		Raw Data	Ord4_T5_L.avi	190	0	900	720									64673	10:16:53.693	1536226387466405															0	5202		Fixation	8	437	526	1.44	23.42	156.13																				7759	650	582	627	526	638	554	448	554	260.83	55.77	251.50	78.10	256.16	66.93	285.38	203.57	741.87	330.17	203.76	735.91					767.55	767.55	4.43	4.34	0	0				
07/12/2018	3.3.2	Gaze Project	O4	3	M	Bilingual	G130	06/09/2018	89100	1280 x 720		Raw Data	Ord4_T5_L.avi	190	0	900	720									64681	10:16:53.702	1536226387474752															0	5203		Fixation	8	450	527	0.40	355.59	332.16																				7760	659	564	640	527	649	545	459	545	264.36	62.73	256.80	77.84	260.58	70.29	285.50	203.31	741.59	330.31	203.89	736.79					767.21	767.21	4.43	4.64	0	0				
07/12/2018	3.3.2	Gaze Project	O4	3	M	Bilingual	G130	06/09/2018	89100	1280 x 720		Raw Data	Ord4_T5_L.avi	190	0	900	720									64689	10:16:53.710	1536226387483098															0	5204		Fixation	8	410	530	1.19	184.30	188.72																				7761	653	530	600	530	626	530	436	530	262.18	76.66	240.80	76.71	251.49	76.68	285.53	203.51	742.27	332.36	216.49	775.48					767.92	767.92	4.21	4.64	0	0				
07/12/2018	3.3.2	Gaze Project	O4	3	M	Bilingual	G130	06/09/2018	89100	1280 x 720		Raw Data	Ord4_T5_L.avi	190	0	900	720									64698	10:16:53.718	1536226387491455															0	5205		Fixation	8	426	535	0.50	342.59	158.29																				7762	640	558	616	535	628	546	438	546	256.73	65.28	247.10	74.52	251.92	69.90	285.57	203.52	742.37	330.39	203.53	735.92					768.02	768.02	4.24	4.41	0	0				
07/12/2018	3.3.2	Gaze Project	O4	3	M	Bilingual	G130	06/09/2018	89100	1280 x 720		Raw Data	Ord4_T5_L.avi	190	0	900	720									64706	10:16:53.727	1536226387499813															0	5206		Fixation	8	416	551	0.57	238.08	255.48																				7763	621	618	606	551	613	584	423	584	249.31	41.00	243.18	67.96	246.24	54.48	285.65	203.12	741.23	330.36	203.63	735.88					766.81	766.81	4.39	4.58	0	0				
07/12/2018	3.3.2	Gaze Project	O4	3	M	Bilingual	G130	06/09/2018	89100	1280 x 720		Raw Data	Ord4_T5_L.avi	190	0	900	720									64714	10:16:53.735	1536226387508076															0	5207		Fixation	8	425	551	0.27	0.00	121.92																				7764	625	420	615	551	620	485	430	485	250.90	120.72	246.85	68.13	248.87	94.42	285.61	203.23	741.18	330.49	203.48	735.95					766.80	766.80	3.96	4.44	0	0				
07/12/2018	3.3.2	Gaze Project	O4	3	M	Bilingual	G130	06/09/2018	89100	1280 x 720		Raw Data	Ord4_T5_L.avi	190	0	900	720									64723	10:16:53.743	1536226387516410															0	5208		Fixation	8	421	567	0.48	256.01	256.01																				7765	661	439	611	567	636	503	446	503	265.32	112.99	245.17	61.54	255.25	87.26	285.72	203.36	742.07	331.96	212.23	762.98					767.69	767.69	3.97	4.60	0	0				
07/12/2018	3.3.2	Gaze Project	O4	3	M	Bilingual	G130	06/09/2018	89100	1280 x 720		Raw Data	Ord4_T5_L.avi	190	0	900	720									64731	10:16:53.752	1536226387524768															0	5209		Fixation	8	451	674	3.26	285.61	29.61																				7766	621	493	641	674	631	583	441	583	249.19	91.36	257.29	18.69	253.24	55.02	285.77	203.25	741.77	330.59	203.56	735.92					767.37	767.37	4.29	4.79	0	0				
07/12/2018	3.3.2	Gaze Project	O4	3	M	Bilingual	G130	06/09/2018	89100	1280 x 720		Raw Data	Ord4_T5_L.avi	190	0	900	720									64739	10:16:53.760	1536226387533125															0	5210		Fixation	8	436	542	3.90	96.46	170.85																				7767	630	341	626	542	628	441	438	441	252.73	152.60	251.35	71.61	252.04	112.11	285.82	203.18	741.58	331.98	211.72	761.54					767.18	767.18	3.59	4.39	0	0				
07/12/2018	3.3.2	Gaze Project	O4	3	M	Bilingual	G130	06/09/2018	89100	1280 x 720		Raw Data	Ord4_T5_L.avi	190	0	900	720									64748	10:16:53.768	1536226387541395															0	5211		Fixation	8	404	543	0.96	181.80	85.33																				7768	638	516	594	543	616	529	426	529	256.14	82.10	238.36	71.38	247.25	76.74	285.87	203.23	741.78	330.66	203.06	734.95					767.38	767.38	4.20	4.38	0	0				
07/12/2018	3.3.2	Gaze Project	O4	3	M	Bilingual	G130	06/09/2018	89100	1280 x 720		Raw Data	Ord4_T5_L.avi	190	0	900	720									64756	10:16:53.777	1536226387549742															0	5212		Fixation	8	413	555	0.46	306.78	124.99																				7769	607	450	603	555	605	502	415	502	243.47	108.55	242.22	66.43	242.84	87.49	289.36	216.51	781.89	330.75	203.28	735.65					809.73	809.73	4.23	4.39	0	0				
07/12/2018	3.3.2	Gaze Project	O4	3	M	Bilingual	G130	06/09/2018	89100	1280 x 720		Raw Data	Ord4_T5_L.avi	190	0	900	720									64764	10:16:53.785	1536226387558081															0	5213		Fixation	8	400	562	0.43	208.38	261.60																				7770	603	275	590	562	596	418	406	418	242.09	179.00	236.86	63.59	239.47	121.30	292.51	228.16	817.49	332.03	210.94	759.36					847.29	847.29	4.46	4.62	0	0				
07/12/2018	3.3.2	Gaze Project	O4	3	M	Bilingual	G130	06/09/2018	89100	1280 x 720		Raw Data	Ord4_T5_L.avi	190	0	900	720									64773	10:16:53.793	1536226387566438															0	5214		Fixation	8	406	559	0.20	26.64	178.26																				7771	622	418	596	559	609	488	419	488	249.56	121.58	239.08	64.96	244.32	93.27	289.86	217.83	785.99	330.80	203.06	735.09					814.05	814.05	4.29	4.32	0	0				
07/12/2018	3.3.2	Gaze Project	O4	3	M	Bilingual	G130	06/09/2018	89100	1280 x 720		Raw Data	Ord4_T5_L.avi	190	0	900	720									64781	10:16:53.802	1536226387574794															0	5215		Fixation	8	439	587	1.32	319.59	292.96																				7772	599	449	629	587	614	518	424	518	240.24	109.01	252.35	53.43	246.30	81.22	289.60	216.72	782.60	330.80	203.16	735.05					810.49	810.49	4.36	4.36	0	0				
07/12/2018	3.3.2	Gaze Project	O4	3	M	Bilingual	G130	06/09/2018	89100	1280 x 720		Raw Data	Ord4_T5_L.avi	190	0	900	720									64789	10:16:53.810	1536226387583061															0	5216		Fixation	8	461	523	2.03	71.09	111.49																				7773	659	541	651	523	655	532	465	532	264.42	72.17	261.45	79.34	262.94	75.76	286.10	203.34	741.74	330.83	203.15	735.05					767.38	767.38	4.18	4.35	0	0				
07/12/2018	3.3.2	Gaze Project	O4	3	M	Bilingual	G130	06/09/2018	89100	1280 x 720		Raw Data	Ord4_T5_L.avi	190	0	900	720									64798	10:16:53.818	1536226387591405															0	5217		Fixation	8	466	533	0.34	296.49	225.41																				7774	619	437	656	533	637	485	447	485	248.43	114.07	263.52	75.18	255.97	94.62	292.41	226.93	813.83	330.85	203.13	735.06					843.43	843.43	5.24	4.27	0	0				
07/12/2018	3.3.2	Gaze Project	O4	3	M	Bilingual	G130	06/09/2018	89100	1280 x 720		Raw Data	Ord4_T5_L.avi	190	0	900	720									64806	10:16:53.827	1536226387599750															0	5218		Fixation	8	408	603	2.72	230.45	293.96																				7775	581	566	598	603	589	584	399	584	233.25	61.91	239.89	47.05	236.57	54.48	289.78	216.70	782.62	331.00	202.94	734.99					810.50	810.50	4.52	4.44	0	0				
07/12/2018	3.3.2	Gaze Project	O4	3	M	Bilingual	G130	06/09/2018	89100	1280 x 720		Raw Data	Ord4_T5_L.avi	190	0	900	720									64814	10:16:53.835	1536226387608108															0	5219		Fixation	8	397	639	1.07	253.06	22.61																				7776	610	547	587	639	598	593	408	593	244.84	69.73	235.51	32.63	240.17	51.18	285.90	215.76	780.71	338.04	218.64	782.26					808.25	808.25	4.81	4.96	0	0				
07/12/2018	3.3.2	Gaze Project	O4	3	M	Bilingual	G130	06/09/2018	89100	1280 x 720		Raw Data	Ord4_T5_L.avi	190	0	900	720									64823	10:16:53.843	1536226387616464															0	5220		Fixation	8	403	564	2.17	85.44	192.38																				7777	660	570	593	564	626	567	436	567	264.91	60.47	238.14	62.72	251.53	61.60	286.05	211.73	768.42	331.11	202.91	735.06					795.33	795.33	4.62	4.31	0	0				
07/12/2018	3.3.2	Gaze Project	O4	3	M	Bilingual	G130	06/09/2018	89100	1280 x 720		Raw Data	Ord4_T5_L.avi	190	0	900	720									64831	10:16:53.852	1536226387624727															0	5221		Fixation	8	407	560	0.17	45.09	319.65																				7778	516	34	597	560	556	297	366	297	207.13	276.38	239.75	64.55	223.44	170.47	299.06	250.81	887.00	331.14	202.79	734.80					920.61	920.61	4.51	4.41	0	0				
07/12/2018	3.3.2	Gaze Project	O4	3	M	Bilingual	G130	06/09/2018	89100	1280 x 720		Raw Data	Ord4_T5_L.avi	190	0	900	720									64839	10:16:53.860	1536226387633062															0	5222		Fixation	8	421	511	1.51	74.10	29.01																				7779	615	522	611	511	613	516	423	516	246.70	79.58	245.36	84.06	246.03	81.82	286.36	202.60	740.18	332.47	210.62	759.06					765.68	765.68	4.23	4.42	0	0				
07/12/2018	3.3.2	Gaze Project	O4	3	M	Bilingual	G130	06/09/2018	89100	1280 x 720		Raw Data	Ord4_T5_L.avi	190	0	900	720									64848	10:16:53.868	1536226387641402															0	5223		Fixation	8	433	548	1.17	287.92	213.81																				7780	678	596	623	548	650	572	460	572	272.10	49.74	250.13	69.40	261.11	59.57	286.39	202.83	740.91	331.29	202.91	735.34					766.45	766.45	4.62	4.38	0	0				
07/12/2018	3.3.2	Gaze Project	O4	3	M	Bilingual	G130	06/09/2018	89100	1280 x 720		Raw Data	Ord4_T5_L.avi	190	0	900	720									64856	10:16:53.877	1536226387649777															0	5224		Fixation	8	412	587	1.32	241.78	313.86																				7781	597	366	602	587	599	476	409	476	239.69	142.45	241.60	53.56	240.64	98.00	286.42	202.94	740.86	331.35	203.05	735.86					766.44	766.44	3.72	4.38	0	0				
07/12/2018	3.3.2	Gaze Project	O4	3	M	Bilingual	G130	06/09/2018	89100	1280 x 720		Raw Data	Ord4_T5_L.avi	190	0	900	720									64864	10:16:53.885	1536226387658045															0	5225		Fixation	8	455	567	1.42	25.01	143.24																				7782	584	507	645	567	614	537	424	537	234.53	85.96	258.80	61.45	246.67	73.71	293.30	228.52	819.12	331.34	203.15	735.82					848.99	848.99	4.72	4.46	0	0				
07/12/2018	3.3.2	Gaze Project	O4	3	M	Bilingual	G130	06/09/2018	89100	1280 x 720		Raw Data	Ord4_T5_L.avi	190	0	900	720									64873	10:16:53.893	1536226387666397															0	5226		Fixation	8	377	569	2.36	181.47	156.46																				7783	604	460	567	569	585	514	395	514	242.36	104.85	227.75	60.67	235.06	82.76	286.53	202.69	740.68	331.37	202.62	734.76					766.19	766.19	3.91	4.46	0	0				
07/12/2018	3.3.2	Gaze Project	O4	3	M	Bilingual	G130	06/09/2018	89100	1280 x 720		Raw Data	Ord4_T5_L.avi	190	0	900	720									64881	10:16:53.902	1536226387674732															0	5227		Fixation	8	409	527	1.58	52.78	231.31																				7784	635	504	599	527	617	515	427	515	254.71	87.12	240.45	77.87	247.58	82.49	286.55	202.79	740.63	331.45	202.88	735.63					766.18	766.18	4.04	4.33	0	0				
07/12/2018	3.3.2	Gaze Project	O4	3	M	Bilingual	G130	06/09/2018	89100	1280 x 720		Raw Data	Ord4_T5_L.avi	190	0	900	720									64889	10:16:53.910	1536226387683076															0			Unclassified	8																									7785	651	627			651	627	461	627	261.34	37.45					286.59	202.67	740.74		-34.01						766.24		4.51		0	4				
07/12/2018	3.3.2	Gaze Project	O4	3	M	Bilingual	G130	06/09/2018	89100	1280 x 720		Raw Data	Ord4_T5_L.avi	190	0	900	720									64898	10:16:53.918	1536226387691446															0	5228		Fixation	8	432	420	3.16	77.91	25.12																				7786	606	463	622	420	614	441	424	441	243.42	103.51	249.60	120.71	246.51	112.11	286.62	202.70	740.88	343.11	228.48	813.04					766.39	766.39	4.15	4.85	0	0				
07/12/2018	3.3.2	Gaze Project	O4	3	M	Bilingual	G130	06/09/2018	89100	1280 x 720		Raw Data	Ord4_T5_L.avi	190	0	900	720									64906	10:16:53.927	1536226387699713															0	5229		Fixation	8	410	530	3.24	258.73	180.82																				7787	618	569	600	530	609	549	419	549	248.19	60.94	240.83	76.42	244.51	68.68	286.65	202.81	740.84	331.49	202.40	734.44					766.38	766.38	4.24	4.27	0	0				
07/12/2018	3.3.2	Gaze Project	O4	3	M	Bilingual	G130	06/09/2018	89100	1280 x 720		Raw Data	Ord4_T5_L.avi	190	0	900	720									64914	10:16:53.935	1536226387708041															0	5230		Fixation	8	370	534	1.22	185.73	287.00																				7788			560	534	560	534	370	534			224.79	74.81						331.51	202.40	734.52						0.00		4.29	4	0				
07/12/2018	3.3.2	Gaze Project	O4	3	M	Bilingual	G130	06/09/2018	89100	1280 x 720		Raw Data	Ord4_T5_L.avi	190	0	900	720									64923	10:16:53.943	1536226387716396															0	5231		Fixation	8	380	516	0.62	61.02	235.29																				7789	602	516	570	516	586	516	396	516	241.63	81.96	228.68	82.02	235.15	81.99	286.78	202.78	740.85	331.53	202.38	734.53					766.39	766.39	4.18	4.29	0	0				
07/12/2018	3.3.2	Gaze Project	O4	3	M	Bilingual	G130	06/09/2018	89100	1280 x 720		Raw Data	Ord4_T5_L.avi	190	0	900	720									64931	10:16:53.952	1536226387724760															0			Unclassified	8																									7790	620	526			620	526	430	526	248.99	77.95					286.70	202.20	739.56		-34.01						764.99		4.22		0	4				
07/12/2018	3.3.2	Gaze Project	O4	3	M	Bilingual	G130	06/09/2018	89100	1280 x 720		Raw Data	Ord4_T5_L.avi	190	0	900	720									64939	10:16:53.960	1536226387733038															0	5232		Fixation	8	398	583	2.10	284.99	223.97																				7791	652	521	588	583	620	552	430	552	261.63	79.94	236.22	55.17	248.92	67.56	286.71	202.19	739.59	331.55	202.34	734.54					765.01	765.01	4.07	4.37	0	0				
07/12/2018	3.3.2	Gaze Project	O4	3	M	Bilingual	G130	06/09/2018	89100	1280 x 720		Raw Data	Ord4_T5_L.avi	190	0	900	720									64948	10:16:53.968	1536226387741355															0	5233		Fixation	8	397	550	0.99	91.73	166.74																				7792	585	470	587	550	586	510	396	510	234.88	100.61	235.50	68.40	235.19	84.51	286.71	202.17	739.59	331.54	202.19	734.17					765.00	765.00	4.00	4.39	0	0				
07/12/2018	3.3.2	Gaze Project	O4	3	M	Bilingual	G130	06/09/2018	89100	1280 x 720		Raw Data	Ord4_T5_L.avi	190	0	900	720									64956	10:16:53.977	1536226387749713															0	5234		Fixation	8	389	597	1.43	260.37	168.64																				7793	650	658	579	597	614	627	424	627	261.07	24.79	232.31	49.51	246.69	37.15	286.64	202.28	739.54	331.57	202.32	734.63					764.99	764.99	4.29	4.47	0	0				
07/12/2018	3.3.2	Gaze Project	O4	3	M	Bilingual	G130	06/09/2018	89100	1280 x 720		Raw Data	Ord4_T5_L.avi	190	0	900	720									64964	10:16:53.985	1536226387758078															0	5235		Fixation	8	399	569	0.88	70.40	170.03																				7794	645	594	589	569	617	581	427	581	258.75	50.74	236.54	60.97	247.65	55.85	286.71	202.38	740.33	331.54	202.14	734.14					765.77	765.77	4.42	4.34	0	0				
07/12/2018	3.3.2	Gaze Project	O4	3	M	Bilingual	G130	06/09/2018	89100	1280 x 720		Raw Data	Ord4_T5_L.avi	190	0	900	720									64973	10:16:53.993	1536226387766431															0	5236		Fixation	8	385	573	0.44	195.99	125.59																				7795			575	573	575	573	385	573			230.72	59.17						331.54	202.12	734.13						0.00		4.41	4	0				
07/12/2018	3.3.2	Gaze Project	O4	3	M	Bilingual	G130	06/09/2018	89100	1280 x 720		Raw Data	Ord4_T5_L.avi	190	0	900	720									64981	10:16:54.002	1536226387774674															0	5237		Fixation	8	397	512	1.87	78.91	242.91																				7796	621	449	587	512	604	480	414	480	249.45	109.17	235.45	83.80	242.45	96.49	286.70	202.32	740.23	331.53	202.10	734.11					765.66	765.66	4.03	4.23	0	0				
07/12/2018	3.3.2	Gaze Project	O4	3	M	Bilingual	G130	06/09/2018	89100	1280 x 720		Raw Data	Ord4_T5_L.avi	190	0	900	720									64989	10:16:54.010	1536226387783041															0	5238		Fixation	8	372	566	1.78	245.23	166.32																				7797	631	468	562	566	596	517	406	517	253.40	101.35	225.58	61.89	239.49	81.62	290.56	216.90	784.43	331.44	202.22	734.06					812.31	812.31	4.46	4.30	0	0				
07/12/2018	3.3.2	Gaze Project	O4	3	M	Bilingual	G130	06/09/2018	89100	1280 x 720		Raw Data	Ord4_T5_L.avi	190	0	900	720									64998	10:16:54.018	1536226387791386															0	5239		Fixation	8	378	599	1.01	280.27	35.04																				7798	538	252	568	599	553	425	363	425	216.04	188.63	228.10	48.67	222.07	118.65	295.57	235.39	841.06	331.51	202.05	734.00					872.05	872.05	4.36	4.50	0	0				
07/12/2018	3.3.2	Gaze Project	O4	3	M	Bilingual	G130	06/09/2018	89100	1280 x 720		Raw Data	Ord4_T5_L.avi	190	0	900	720									65006	10:16:54.027	1536226387799743															0	5240		Fixation	8	375	498	3.00	91.70	171.42																				7799	608	584	565	498	586	541	396	541	243.92	54.70	226.99	89.52	235.45	72.11	286.68	202.02	739.42	332.80	209.99	758.57					764.79	764.79	4.27	4.42	0	0				
07/12/2018	3.3.2	Gaze Project	O4	3	M	Bilingual	G130	06/09/2018	89100	1280 x 720		Raw Data	Ord4_T5_L.avi	190	0	900	720									65014	10:16:54.035	1536226387808102															0	5241		Fixation	8	385	599	3.01	275.64	183.94																				7800	561	421	575	599	568	510	378	510	225.24	120.29	230.94	48.57	228.09	84.43	293.01	226.32	813.36	331.50	202.18	734.42					842.82	842.82	4.45	4.49	0	0				
07/12/2018	3.3.2	Gaze Project	O4	3	M	Bilingual	G130	06/09/2018	89100	1280 x 720		Raw Data	Ord4_T5_L.avi	190	0	900	720									65023	10:16:54.043	1536226387816369															0	5242		Fixation	8	388	567	0.96	84.66	169.02																				7801	621	558	578	567	599	562	409	562	249.29	65.41	231.98	61.58	240.63	63.49	286.63	202.32	740.36	331.49	202.17	734.40					765.77	765.77	4.18	4.36	0	0				
07/12/2018	3.3.2	Gaze Project	O4	3	M	Bilingual	G130	06/09/2018	89100	1280 x 720		Raw Data	Ord4_T5_L.avi	190	0	900	720									65031	10:16:54.052	1536226387824715															0	5243		Fixation	8	448	463	3.62	60.10	335.44																				7802	657	612	638	463	647	537	457	537	263.84	43.56	256.19	103.62	260.01	73.59	286.63	202.33	740.39	331.49	202.06	734.45					765.81	765.81	4.69	4.15	0	0				
07/12/2018	3.3.2	Gaze Project	O4	3	M	Bilingual	G130	06/09/2018	89100	1280 x 720		Raw Data	Ord4_T5_L.avi	190	0	900	720									65039	10:16:54.060	1536226387833056															0	5244		Fixation	8	374	615	5.07	244.11	184.02																				7803	657	489	564	615	610	552	420	552	263.72	93.18	226.19	42.16	244.96	67.67	286.39	211.07	767.55	331.48	202.20	734.45					794.31	794.31	4.27	4.50	0	0				
07/12/2018	3.3.2	Gaze Project	O4	3	M	Bilingual	G130	06/09/2018	89100	1280 x 720		Raw Data	Ord4_T5_L.avi	190	0	900	720									65048	10:16:54.068	1536226387841413															0	5245		Fixation	8	422	525	3.04	62.00	177.89																				7804	624	474	612	525	618	499	428	499	250.39	98.96	245.64	78.53	248.02	88.74	286.59	202.25	740.09	331.49	202.37	734.93					765.50	765.50	4.04	4.31	0	0				
07/12/2018	3.3.2	Gaze Project	O4	3	M	Bilingual	G130	06/09/2018	89100	1280 x 720		Raw Data	Ord4_T5_L.avi	190	0	900	720									65056	10:16:54.077	1536226387849690															0	5246		Fixation	8	415	489	1.12	100.97	38.97																				7805	678	586	605	489	641	537	451	537	272.19	53.77	242.95	93.07	257.57	73.42	286.58	202.42	740.60	331.48	202.36	734.89					766.03	766.03	4.49	4.22	0	0				
07/12/2018	3.3.2	Gaze Project	O4	3	M	Bilingual	G130	06/09/2018	89100	1280 x 720		Raw Data	Ord4_T5_L.avi	190	0	900	720									65064	10:16:54.085	1536226387858027															0	5247		Fixation	8	411	560	2.15	266.79	165.82																				7806	639	576	601	560	620	568	430	568	256.36	58.13	241.09	64.48	248.72	61.30	286.57	202.55	740.55	331.48	202.39	734.96					766.02	766.02	4.34	4.38	0	0				
07/12/2018	3.3.2	Gaze Project	O4	3	M	Bilingual	G130	06/09/2018	89100	1280 x 720		Raw Data	Ord4_T5_L.avi	190	0	900	720									65073	10:16:54.093	1536226387866365															0	5248		Fixation	8	389	567	0.69	197.70	290.92																				7807	616	510	579	567	597	538	407	538	247.41	84.76	232.40	61.46	239.90	73.11	286.56	202.43	740.63	331.44	202.30	734.70					766.06	766.06	4.22	4.38	0	0				
07/12/2018	3.3.2	Gaze Project	O4	3	M	Bilingual	G130	06/09/2018	89100	1280 x 720		Raw Data	Ord4_T5_L.avi	190	0	900	720									65081	10:16:54.102	1536226387874723															0	5249		Fixation	8	422	506	2.08	61.66	223.96																				7808	697	597	612	506	654	551	464	551	279.73	49.41	245.74	86.31	262.74	67.86	286.54	202.43	740.63	331.41	202.18	734.75					766.06	766.06	4.68	4.32	0	0				
07/12/2018	3.3.2	Gaze Project	O4	3	M	Bilingual	G130	06/09/2018	89100	1280 x 720		Raw Data	Ord4_T5_L.avi	190	0	900	720									65089	10:16:54.110	1536226387883079															0	5250		Fixation	8	379	541	1.67	219.23	157.57																				7809	617	460	569	541	593	500	403	500	247.79	104.55	228.58	72.03	238.18	88.29	286.53	202.42	740.61	331.38	202.21	734.44					766.05	766.05	4.22	4.35	0	0				
07/12/2018	3.3.2	Gaze Project	O4	3	M	Bilingual	G130	06/09/2018	89100	1280 x 720		Raw Data	Ord4_T5_L.avi	190	0	900	720									65098	10:16:54.118	1536226387891354															0	5251		Fixation	8	396	559	0.76	313.27	94.04																				7810	640	531	586	559	613	545	423	545	256.94	75.93	235.26	64.98	246.10	70.45	286.33	210.45	765.66	331.40	202.36	734.91					792.32	792.32	4.62	4.41	0	0				
07/12/2018	3.3.2	Gaze Project	O4	3	M	Bilingual	G130	06/09/2018	89100	1280 x 720		Raw Data	Ord4_T5_L.avi	190	0	900	720									65106	10:16:54.127	1536226387899692															0	5252		Fixation	8	408	552	0.40	30.34	77.07																				7811	640	611	598	552	619	581	429	581	256.85	44.07	239.88	67.59	248.37	55.83	286.51	202.39	740.60	338.59	218.47	783.46					766.02	766.02	4.47	4.99	0	0				
07/12/2018	3.3.2	Gaze Project	O4	3	M	Bilingual	G130	06/09/2018	89100	1280 x 720		Raw Data	Ord4_T5_L.avi	190	0	900	720									65114	10:16:54.135	1536226387908036															0	5253		Fixation	8	373	573	1.18	211.05	180.71																				7812	637	586	563	573	600	579	410	579	255.74	54.05	226.03	59.31	240.88	56.68	286.49	202.50	740.98	331.33	202.17	734.39					766.42	766.42	4.51	4.55	0	0				
07/12/2018	3.3.2	Gaze Project	O4	3	M	Bilingual	G130	06/09/2018	89100	1280 x 720		Raw Data	Ord4_T5_L.avi	190	0	900	720									65123	10:16:54.143	1536226387916392															0	5254		Fixation	8	408	595	1.26	327.76	116.72																				7813	660	484	598	595	629	539	439	539	265.10	94.91	240.09	50.23	252.59	72.57	286.47	202.73	741.75	331.15	202.29	734.34					767.22	767.22	4.35	4.50	0	0				
07/12/2018	3.3.2	Gaze Project	O4	3	M	Bilingual	G130	06/09/2018	89100	1280 x 720		Raw Data	Ord4_T5_L.avi	190	0	900	720									65131	10:16:54.152	1536226387924750															0	5255		Fixation	8	395	590	0.42	158.90	191.14																				7814	648	502	585	590	616	546	426	546	260.29	87.97	234.82	52.47	247.55	70.22	286.44	202.54	741.19	332.60	210.15	759.08					766.63	766.63	4.32	4.65	0	0				
07/12/2018	3.3.2	Gaze Project	O4	3	M	Bilingual	G130	06/09/2018	89100	1280 x 720		Raw Data	Ord4_T5_L.avi	190	0	900	720									65139	10:16:54.160	1536226387933026															0	5256		Fixation	8	387	576	0.48	119.67	320.76																				7815	619	597	577	576	598	586	408	586	248.51	49.58	231.52	58.03	240.01	53.80	286.12	215.13	780.23	331.32	202.47	735.31					807.61	807.61	4.84	4.52	0	0				
07/12/2018	3.3.2	Gaze Project	O4	3	M	Bilingual	G130	06/09/2018	89100	1280 x 720		Raw Data	Ord4_T5_L.avi	190	0	900	720									65148	10:16:54.168	1536226387941344															0	5257		Fixation	8	365	602	1.01	229.85	110.19																				7816	637	608	555	602	596	605	406	605	255.61	45.03	222.73	47.44	239.17	46.23	286.42	202.39	740.79	331.30	202.43	735.21					766.19	766.19	4.41	4.49	0	0				
07/12/2018	3.3.2	Gaze Project	O4	3	M	Bilingual	G130	06/09/2018	89100	1280 x 720		Raw Data	Ord4_T5_L.avi	190	0	900	720									65156	10:16:54.177	1536226387949707															0			Unclassified	8																									7817	636	563			636	563	446	563	255.43	63.21					286.38	202.29	740.54		-34.01						765.93		4.41		0	4				
07/12/2018	3.3.2	Gaze Project	O4	3	M	Bilingual	G130	06/09/2018	89100	1280 x 720		Raw Data	Ord4_T5_L.avi	190	0	900	720									65164	10:16:54.185	1536226387958065															0	5258		Fixation	8	386	602	0.63	0.00	130.15																				7818	604	524	576	602	590	563	400	563	242.64	78.76	231.28	47.64	236.96	63.20	286.37	202.26	740.45	331.25	202.40	735.10					765.83	765.83	4.44	4.55	0	0				
07/12/2018	3.3.2	Gaze Project	O4	3	M	Bilingual	G130	06/09/2018	89100	1280 x 720		Raw Data	Ord4_T5_L.avi	190	0	900	720									65173	10:16:54.193	1536226387966340															0	5259		Fixation	8	415	516	2.71	71.42	71.42																				7819	601	603	605	516	603	559	413	559	241.18	47.11	242.99	81.97	242.08	64.54	286.25	202.38	740.40	331.22	202.52	735.41					765.82	765.82	4.23	4.33	0	0				
07/12/2018	3.3.2	Gaze Project	O4	3	M	Bilingual	G130	06/09/2018	89100	1280 x 720		Raw Data	Ord4_T5_L.avi	190	0	900	720									65181	10:16:54.202	1536226387974689															0	5260		Fixation	8	431	530	0.65	318.72	247.30																				7820	577	439	621	530	599	484	409	484	231.81	113.04	249.41	76.52	240.61	94.78	293.17	228.53	820.48	331.20	202.48	735.29					850.27	850.27	4.53	4.36	0	0				
07/12/2018	3.3.2	Gaze Project	O4	3	M	Bilingual	G130	06/09/2018	89100	1280 x 720		Raw Data	Ord4_T5_L.avi	190	0	900	720									65189	10:16:54.210	1536226387983022															0	5261		Fixation	8	409	568	1.31	240.01	281.29																				7821	628	420	599	568	613	494	423	494	252.16	120.96	240.49	61.28	246.33	91.12	286.15	202.37	740.40	331.21	202.69	735.92					765.81	765.81	4.02	4.48	0	0				
07/12/2018	3.3.2	Gaze Project	O4	3	M	Bilingual	G130	06/09/2018	89100	1280 x 720		Raw Data	Ord4_T5_L.avi	190	0	900	720									65198	10:16:54.218	1536226387991377															0	5262		Fixation	8	423	532	1.16	68.81	188.80																				7822	599	570	613	532	606	551	416	551	240.34	60.21	246.21	75.61	243.28	67.91	286.12	209.80	764.09	331.14	202.81	735.87					790.62	790.62	4.69	4.45	0	0				
07/12/2018	3.3.2	Gaze Project	O4	3	M	Bilingual	G130	06/09/2018	89100	1280 x 720		Raw Data	Ord4_T5_L.avi	190	0	900	720									65206	10:16:54.227	1536226387999733															0	5263		Fixation	8	384	552	1.29	207.22	138.41																				7823	625	424	574	552	599	488	409	488	250.82	119.39	230.21	67.62	240.51	93.51	289.99	216.90	784.97	332.54	211.09	761.87					812.81	812.81	4.48	4.72	0	0				
07/12/2018	3.3.2	Gaze Project	O4	3	M	Bilingual	G130	06/09/2018	89100	1280 x 720		Raw Data	Ord4_T5_L.avi	190	0	900	720									65214	10:16:54.235	1536226388008000															0	5264		Fixation	8	405	555	0.63	351.84	144.62																				7824	609	490	595	555	602	522	412	522	244.41	92.57	239.00	66.25	241.71	79.41	286.27	202.79	742.21	331.19	202.87	736.47					767.66	767.66	4.22	4.57	0	0				
07/12/2018	3.3.2	Gaze Project	O4	3	M	Bilingual	G130	06/09/2018	89100	1280 x 720		Raw Data	Ord4_T5_L.avi	190	0	900	720									65223	10:16:54.243	1536226388016332															0			Unclassified	8																									7825	600	568			600	568	410	568	241.04	61.37					286.26	202.81	742.30		-34.01						767.76		4.39		0	4				
07/12/2018	3.3.2	Gaze Project	O4	3	M	Bilingual	G130	06/09/2018	89100	1280 x 720		Raw Data	Ord4_T5_L.avi	190	0	900	720									65231	10:16:54.252	1536226388024689															0	5265		Fixation	8	424	553	0.57	6.03	14.18																				7826			614	553	614	553	424	553			246.50	67.38						332.54	206.17	746.13						0.00		4.33	4	0				
07/12/2018	3.3.2	Gaze Project	O4	3	M	Bilingual	G130	06/09/2018	89100	1280 x 720		Raw Data	Ord4_T5_L.avi	190	0	900	720									65239	10:16:54.260	1536226388033048															0	5266		Fixation	8	482	286	8.29	77.78	71.75																				7827	633	424	672	286	652	355	462	355	254.25	119.37	269.84	174.89	262.05	147.13	286.22	202.67	742.36	331.47	204.90	743.14					767.77	767.77	3.83	3.50	0	0				
07/12/2018	3.3.2	Gaze Project	O4	3	M	Bilingual	G130	06/09/2018	89100	1280 x 720		Raw Data	Ord4_T5_L.avi	190	0	900	720									65248	10:16:54.268	1536226388041408															0	5267		Fixation	8	403	520	7.51	251.40	173.62																				7828	651	249	593	520	622	384	432	384	261.18	189.77	237.94	80.58	249.56	135.17	286.21	202.92	742.78	332.05	205.19	743.21					768.25	768.25	3.34	4.28	0	0				
07/12/2018	3.3.2	Gaze Project	O4	3	M	Bilingual	G130	06/09/2018	89100	1280 x 720		Raw Data	Ord4_T5_L.avi	190	0	900	720									65256	10:16:54.277	1536226388049665															0	5268		Fixation	8	364	668	4.49	255.28	3.88																				7829	611	513	554	668	582	590	392	590	245.16	83.19	222.29	21.03	233.72	52.11	286.20	202.93	742.86	332.00	205.11	743.01					768.33	768.33	4.06	4.69	0	0				
07/12/2018	3.3.2	Gaze Project	O4	3	M	Bilingual	G130	06/09/2018	89100	1280 x 720		Raw Data	Ord4_T5_L.avi	190	0	900	720									65264	10:16:54.285	1536226388057997															0	5269		Fixation	8	453	365	9.45	73.68	178.40																				7830	620	336	643	365	631	350	441	350	248.88	154.58	258.25	142.90	253.56	148.74	286.19	202.96	743.01	331.12	203.06	737.25					768.48	768.48	3.84	3.73	0	0				
07/12/2018	3.3.2	Gaze Project	O4	3	M	Bilingual	G130	06/09/2018	89100	1280 x 720		Raw Data	Ord4_T5_L.avi	190	0	900	720									65273	10:16:54.293	1536226388066357															0	5270		Fixation	8	396	652	8.76	258.80	185.12																				7831	622	570	586	652	604	611	414	611	249.63	60.55	235.14	27.44	242.38	44.00	286.16	203.07	742.95	332.74	206.90	748.54					768.46	768.46	4.52	4.67	0	0				
07/12/2018	3.3.2	Gaze Project	O4	3	M	Bilingual	G130	06/09/2018	89100	1280 x 720		Raw Data	Ord4_T5_L.avi	190	0	900	720									65281	10:16:54.302	1536226388074718															0	5271		Fixation	8	445	509	4.42	71.14	172.34																				7832			635	509	635	509	445	509			254.90	84.84						332.97	207.46	750.30						0.00		4.37	4	0				
07/12/2018	3.3.2	Gaze Project	O4	3	M	Bilingual	G130	06/09/2018	89100	1280 x 720		Raw Data	Ord4_T5_L.avi	190	0	900	720									65289	10:16:54.310	1536226388082992															0	5272		Fixation	8	424	543	1.19	238.38	167.24																				7833	650	483	614	543	632	513	442	513	261.06	95.41	246.43	71.47	253.75	83.44	286.15	203.04	743.41	331.09	203.17	737.73					768.87	768.87	4.35	4.23	0	0				
07/12/2018	3.3.2	Gaze Project	O4	3	M	Bilingual	G130	06/09/2018	89100	1280 x 720		Raw Data	Ord4_T5_L.avi	190	0	900	720									65298	10:16:54.318	1536226388091331															0	5273		Fixation	8	441	511	1.09	62.10	183.72																				7834	626	528	631	511	628	519	438	519	251.19	77.34	253.13	84.31	252.16	80.82	286.14	203.03	743.42	331.07	203.17	737.78					768.88	768.88	4.38	4.23	0	0				
07/12/2018	3.3.2	Gaze Project	O4	3	M	Bilingual	G130	06/09/2018	89100	1280 x 720		Raw Data	Ord4_T5_L.avi	190	0	900	720									65306	10:16:54.327	1536226388099666															0	5274		Fixation	8	431	533	0.73	245.63	183.53																				7835			621	533	621	533	431	533			249.22	75.37						331.06	203.19	737.93						0.00		4.28	4	0				
07/12/2018	3.3.2	Gaze Project	O4	3	M	Bilingual	G130	06/09/2018	89100	1280 x 720		Raw Data	Ord4_T5_L.avi	190	0	900	720									65314	10:16:54.335	1536226388108027															0	5275		Fixation	8	379	667	4.24	248.85	3.23																				7836	612	495	569	667	590	581	400	581	245.85	90.50	228.41	21.53	237.13	56.01	286.11	203.05	743.65	331.04	203.16	737.92					769.11	769.11	4.37	4.77	0	0				
07/12/2018	3.3.2	Gaze Project	O4	3	M	Bilingual	G130	06/09/2018	89100	1280 x 720		Raw Data	Ord4_T5_L.avi	190	0	900	720									65323	10:16:54.343	1536226388116372															0	5276		Fixation	8	440	541	4.13	64.24	175.39																				7837	670	596	630	541	650	568	460	568	268.75	50.13	253.05	71.97	260.90	61.05	286.10	203.04	743.68	331.00	203.27	737.88					769.14	769.14	4.70	4.35	0	0				
07/12/2018	3.3.2	Gaze Project	O4	3	M	Bilingual	G130	06/09/2018	89100	1280 x 720		Raw Data	Ord4_T5_L.avi	190	0	900	720									65331	10:16:54.352	1536226388124656															0	5277		Fixation	8	388	536	1.54	174.49	110.25																				7838	661	479	578	536	619	507	429	507	265.41	97.21	231.87	74.04	248.64	85.62	286.08	203.17	744.12	333.16	216.53	779.11					769.59	769.59	4.33	5.01	0	0				
07/12/2018	3.3.2	Gaze Project	O4	3	M	Bilingual	G130	06/09/2018	89100	1280 x 720		Raw Data	Ord4_T5_L.avi	190	0	900	720									65339	10:16:54.360	1536226388132977															0			Unclassified	8																									7839	644	527			644	527	454	527	258.40	77.63					286.07	203.13	744.06		-34.01						769.53		4.48		0	4				
07/12/2018	3.3.2	Gaze Project	O4	3	M	Bilingual	G130	06/09/2018	89100	1280 x 720		Raw Data	Ord4_T5_L.avi	190	0	900	720									65348	10:16:54.368	1536226388141337															0	5278		Fixation	8	439	552	1.56	342.53	168.04																				7840	628	425	629	552	628	488	438	488	252.09	118.67	252.58	67.62	252.33	93.15	286.06	203.14	744.14	332.21	210.87	762.03					769.61	769.61	4.37	4.87	0	0				
07/12/2018	3.3.2	Gaze Project	O4	3	M	Bilingual	G130	06/09/2018	89100	1280 x 720		Raw Data	Ord4_T5_L.avi	190	0	900	720									65356	10:16:54.377	1536226388149697															0	5279		Fixation	8	431	551	0.24	172.85	190.32																				7841	681	510	621	551	651	530	461	530	273.17	84.73	249.08	68.19	261.12	76.46	286.04	203.13	744.13	332.24	211.20	763.07					769.59	769.59	4.50	4.81	0	0				
07/12/2018	3.3.2	Gaze Project	O4	3	M	Bilingual	G130	06/09/2018	89100	1280 x 720		Raw Data	Ord4_T5_L.avi	190	0	900	720									65364	10:16:54.385	1536226388158052															0	5280		Fixation	8	420	581	0.94	249.92	77.07																				7842	654	450	610	581	632	515	442	515	262.68	108.59	244.66	56.10	253.67	82.34	286.01	203.06	743.98	330.93	203.14	738.20					769.42	769.42	4.21	4.67	0	0				
07/12/2018	3.3.2	Gaze Project	O4	3	M	Bilingual	G130	06/09/2018	89100	1280 x 720		Raw Data	Ord4_T5_L.avi	190	0	900	720									65373	10:16:54.393	1536226388166314															0	5281		Fixation	8	420	518	1.89	90.00	200.08																				7843	578	462	610	518	594	490	404	490	231.95	103.89	244.98	81.30	238.47	92.59	294.13	233.74	837.66	330.92	203.24	738.54					868.24	868.24	4.81	4.46	0	0				
07/12/2018	3.3.2	Gaze Project	O4	3	M	Bilingual	G130	06/09/2018	89100	1280 x 720		Raw Data	Ord4_T5_L.avi	190	0	900	720									65381	10:16:54.402	1536226388174647															0	5282		Fixation	8	405	539	0.77	234.55	144.55																				7844	645	559	595	539	620	549	430	549	258.87	64.84	238.72	72.70	248.80	68.77	286.00	202.86	743.45	330.92	203.34	738.50					768.86	768.86	4.55	4.58	0	0				
07/12/2018	3.3.2	Gaze Project	O4	3	M	Bilingual	G130	06/09/2018	89100	1280 x 720		Raw Data	Ord4_T5_L.avi	190	0	900	720									65389	10:16:54.410	1536226388183013															0			Unclassified	8																									7845	627	474			627	474	437	474	251.52	99.01					285.99	202.84	743.45		-34.01						768.85		4.35		0	4				
07/12/2018	3.3.2	Gaze Project	O4	3	M	Bilingual	G130	06/09/2018	89100	1280 x 720		Raw Data	Ord4_T5_L.avi	190	0	900	720									65398	10:16:54.418	1536226388191365															0	5283		Fixation	8	468	462	2.94	50.80	176.25																				7846	596	130	658	462	627	296	437	296	239.14	237.65	263.94	103.76	251.54	170.70	299.03	253.30	897.76	332.42	212.85	768.37					931.60	931.60	4.69	4.73	0	0				
07/12/2018	3.3.2	Gaze Project	O4	3	M	Bilingual	G130	06/09/2018	89100	1280 x 720		Raw Data	Ord4_T5_L.avi	190	0	900	720									65406	10:16:54.427	1536226388199607															0			Unclassified	8																									7847	661	539			661	539	471	539	265.27	72.77					285.92	203.51	745.57		-34.01						771.07		4.46		0	4				
07/12/2018	3.3.2	Gaze Project	O4	3	M	Bilingual	G130	06/09/2018	89100	1280 x 720		Raw Data	Ord4_T5_L.avi	190	0	900	720									65414	10:16:54.435	1536226388207972															0	5284		Fixation	8	432	538	2.35	244.73	193.92																				7848	613	492	622	538	617	515	427	515	246.22	91.80	249.65	73.45	247.94	82.62	285.90	203.37	745.62	343.23	231.15	823.22					771.08	771.08	4.62	5.31	0	0				
07/12/2018	3.3.2	Gaze Project	O4	3	M	Bilingual	G130	06/09/2018	89100	1280 x 720		Raw Data	Ord4_T5_L.avi	190	0	900	720									65423	10:16:54.443	1536226388216313															0			Unclassified	8																									7849	673	546			673	546	483	546	270.28	70.26					285.88	203.37	745.62		-34.01						771.07		4.60		0	4				
07/12/2018	3.3.2	Gaze Project	O4	3	M	Bilingual	G130	06/09/2018	89100	1280 x 720		Raw Data	Ord4_T5_L.avi	190	0	900	720									65431	10:16:54.452	1536226388224679															0			Unclassified	8																									7850	639	498			639	498	449	498	256.40	89.34					285.98	203.62	745.52		-34.01						771.06		4.98		0	4				
07/12/2018	3.3.2	Gaze Project	O4	3	M	Bilingual	G130	06/09/2018	89100	1280 x 720		Raw Data	Ord4_T5_L.avi	190	0	900	720									65439	10:16:54.460	1536226388233039															0	5285		Fixation	8	427	542	0.18	218.75	334.02																				7851	656	496	617	542	636	519	446	519	263.30	90.13	247.66	71.51	255.48	80.82	285.85	203.37	745.62	331.88	210.27	760.51					771.07	771.07	4.54	4.70	0	0				
07/12/2018	3.3.2	Gaze Project	O4	3	M	Bilingual	G130	06/09/2018	89100	1280 x 720		Raw Data	Ord4_T5_L.avi	190	0	900	720									65448	10:16:54.468	1536226388241294															0	5286		Fixation	8	472	421	3.79	69.66	210.91																				7852	592	175	662	421	627	298	437	298	237.49	219.44	265.60	120.41	251.55	169.93	294.24	235.01	841.76	331.94	210.79	762.06					872.54	872.54	4.54	4.58	0	0				
07/12/2018	3.3.2	Gaze Project	O4	3	M	Bilingual	G130	06/09/2018	89100	1280 x 720		Raw Data	Ord4_T5_L.avi	190	0	900	720									65456	10:16:54.477	1536226388249636															0	5287		Fixation	8	438	417	1.02	173.27	103.61																				7853	591	518	628	417	609	467	419	467	237.24	81.15	252.04	121.96	244.64	101.56	285.43	217.97	790.37	331.96	211.05	762.80					818.09	818.09	4.82	4.58	0	0				
07/12/2018	3.3.2	Gaze Project	O4	3	M	Bilingual	G130	06/09/2018	89100	1280 x 720		Raw Data	Ord4_T5_L.avi	190	0	900	720									65464	10:16:54.485	1536226388257996															0	5288		Fixation	8	434	459	1.27	264.58	91.31																				7854	624	538	624	459	624	498	434	498	250.52	73.43	250.53	105.06	250.52	89.24	285.81	203.38	745.11	330.69	203.29	738.68					770.59	770.59	4.47	4.34	0	0				
07/12/2018	3.3.2	Gaze Project	O4	3	M	Bilingual	G130	06/09/2018	89100	1280 x 720		Raw Data	Ord4_T5_L.avi	190	0	900	720									65473	10:16:54.493	1536226388266350															0	5289		Fixation	8	414	541	2.55	256.34	351.76																				7855	651	450	604	541	627	495	437	495	261.32	108.85	242.61	71.90	251.97	90.37	285.73	203.59	745.03	330.68	203.62	739.47					770.57	770.57	4.33	4.70	0	0				
07/12/2018	3.3.2	Gaze Project	O4	3	M	Bilingual	G130	06/09/2018	89100	1280 x 720		Raw Data	Ord4_T5_L.avi	190	0	900	720									65481	10:16:54.502	1536226388274620															0			Unclassified	8																									7856	610	395			610	395	420	395	244.88	130.91					285.62	211.74	770.69		-34.01						797.48		4.78		0	4				
07/12/2018	3.3.2	Gaze Project	O4	3	M	Bilingual	G130	06/09/2018	89100	1280 x 720		Raw Data	Ord4_T5_L.avi	190	0	900	720									65489	10:16:54.510	1536226388282966															0	5290		Fixation	8	525	220	10.04	70.98	174.65																				7857	629	369	715	220	672	294	482	294	252.54	141.32	286.83	201.43	269.68	171.37	285.37	219.59	794.63	333.29	220.91	792.01					822.64	822.64	4.92	4.80	0	0				
07/12/2018	3.3.2	Gaze Project	O4	3	M	Bilingual	G130	06/09/2018	89100	1280 x 720		Raw Data	Ord4_T5_L.avi	190	0	900	720									65498	10:16:54.518	1536226388291308															0			Unclassified	8																									7858																			-34.01										4	4				
07/12/2018	3.3.2	Gaze Project	O4	3	M	Bilingual	G130	06/09/2018	89100	1280 x 720		Raw Data	Ord4_T5_L.avi	190	0	900	720									65506	10:16:54.527	1536226388299663															0			Unclassified	8																									7859	661	330			661	330	471	330	265.22	157.20					285.40	217.38	787.77		-34.01						815.44		4.72		0	4				
07/12/2018	3.3.2	Gaze Project	O4	3	M	Bilingual	G130	06/09/2018	89100	1280 x 720		Raw Data	Ord4_T5_L.avi	190	0	900	720									65514	10:16:54.535	1536226388308019															0	5291		Fixation	8	435	109	3.90	128.95	57.96																				7860	663	92	625	109	644	100	454	100	265.99	252.87	250.70	246.04	258.34	249.46	285.36	218.69	791.80	352.31	253.06	888.74					819.67	819.67	3.98	5.29	0	0				
07/12/2018	3.3.2	Gaze Project	O4	3	M	Bilingual	G130	06/09/2018	89100	1280 x 720		Raw Data	Ord4_T5_L.avi	190	0	900	720									65523	10:16:54.543	1536226388316282															0	5292		Fixation	8	419	225	3.01	262.17	133.23																				7861	607	272	609	225	608	248	418	248	243.49	180.26	244.39	199.32	243.94	189.79	285.40	216.99	786.57	352.38	253.07	888.73					814.18	814.18	4.25	5.50	0	0				
07/12/2018	3.3.2	Gaze Project	O4	3	M	Bilingual	G130	06/09/2018	89100	1280 x 720		Raw Data	Ord4_T5_L.avi	190	0	900	720									65531	10:16:54.552	1536226388324635															0			Unclassified	8																									7862	656	187			656	187	466	187	263.25	214.53					285.46	214.01	777.41		-34.01						804.56		3.77		0	4				
07/12/2018	3.3.2	Gaze Project	O4	3	M	Bilingual	G130	06/09/2018	89100	1280 x 720		Raw Data	Ord4_T5_L.avi	190	0	900	720									65539	10:16:54.560	1536226388332975															0			Unclassified	8																									7863																			-34.01										4	4				
07/12/2018	3.3.2	Gaze Project	O4	3	M	Bilingual	G130	06/09/2018	89100	1280 x 720		Raw Data	Ord4_T5_L.avi	190	0	900	720									65548	10:16:54.568	1536226388341336															0			Unclassified	8																									7864	670	145			670	145	480	145	268.96	231.54					285.46	212.89	773.98		-34.01						800.95		3.91		0	4				
07/12/2018	3.3.2	Gaze Project	O4	3	M	Bilingual	G130	06/09/2018	89100	1280 x 720		Raw Data	Ord4_T5_L.avi	190	0	900	720									65556	10:16:54.577	1536226388349689															0	5293		Fixation	8	486	85	4.13	64.50	162.33																				7865			676	85	676	85	486	85			271.53	255.84						343.99	234.32	831.70						0.00		4.94	4	0				
07/12/2018	3.3.2	Gaze Project	O4	3	M	Bilingual	G130	06/09/2018	89100	1280 x 720		Raw Data	Ord4_T5_L.avi	190	0	900	720									65564	10:16:54.585	1536226388357956															0	5294		Fixation	8	445	94	1.11	192.42	127.92																				7866	704	134	635	94	669	114	479	114	282.46	236.15	254.75	252.12	268.61	244.13	285.45	212.00	771.31	352.26	253.10	888.72					798.14	798.14	3.61	5.55	0	0				
07/12/2018	3.3.2	Gaze Project	O4	3	M	Bilingual	G130	06/09/2018	89100	1280 x 720		Raw Data	Ord4_T5_L.avi	190	0	900	720									65573	10:16:54.593	1536226388366287															0	5295		Fixation	8	438	314	5.89	268.18	75.76																				7867	614	205	628	314	621	259	431	259	246.47	207.20	252.25	163.66	249.36	185.43	285.10	222.54	803.68	342.29	230.85	821.13					832.15	832.15	4.19	5.24	0	0				
07/12/2018	3.3.2	Gaze Project	O4	3	M	Bilingual	G130	06/09/2018	89100	1280 x 720		Raw Data	Ord4_T5_L.avi	190	0	900	720									65581	10:16:54.602	1536226388374647															0			Unclassified	8																									7868	617	128			617	128	427	128	247.84	238.53					285.13	220.65	797.93		-34.01						826.10		4.06		0	4				
07/12/2018	3.3.2	Gaze Project	O4	3	M	Bilingual	G130	06/09/2018	89100	1280 x 720		Raw Data	Ord4_T5_L.avi	190	0	900	720									65589	10:16:54.610	1536226388383001															0	5296		Fixation	8	496	252	2.40	47.00	138.82																				7869	585	27	686	252	635	139	445	139	234.96	279.15	275.43	188.54	255.20	233.84	285.19	218.01	789.86	337.37	220.00	788.19					817.62	817.62	3.55	4.74	0	0				
07/12/2018	3.3.2	Gaze Project	O4	3	M	Bilingual	G130	06/09/2018	89100	1280 x 720		Raw Data	Ord4_T5_L.avi	190	0	900	720									65598	10:16:54.618	1536226388391272															0	5297		Fixation	8	372	456	7.04	238.79	191.79																				7870	603	249	562	456	582	352	392	352	242.11	189.79	225.71	106.36	233.91	148.08	285.54	204.83	749.43	331.23	206.31	746.61					775.14	775.14	4.32	4.41	0	0				
07/12/2018	3.3.2	Gaze Project	O4	3	M	Bilingual	G130	06/09/2018	89100	1280 x 720		Raw Data	Ord4_T5_L.avi	190	0	900	720									65606	10:16:54.627	1536226388399607															0	5298		Fixation	8	406	303	4.74	77.51	198.72																				7871	637	220	596	303	616	261	426	261	255.77	201.45	239.31	167.79	247.54	184.62	285.53	203.90	746.67	331.34	206.65	747.70					772.22	772.22	4.00	4.33	0	0				
07/12/2018	3.3.2	Gaze Project	O4	3	M	Bilingual	G130	06/09/2018	89100	1280 x 720		Raw Data	Ord4_T5_L.avi	190	0	900	720									65614	10:16:54.635	1536226388407949															0			Unclassified	8																									7872	637	412			637	412	447	412	255.77	123.92					285.50	204.03	747.11		-34.01						772.68		4.42		0	4				
07/12/2018	3.3.2	Gaze Project	O4	3	M	Bilingual	G130	06/09/2018	89100	1280 x 720		Raw Data	Ord4_T5_L.avi	190	0	900	720									65623	10:16:54.643	1536226388416306															0	5299		Fixation	8	402	365	1.90	266.32	188.81																				7873	608	260	592	365	600	312	410	312	244.11	185.20	237.71	143.14	240.91	164.17	282.52	192.64	711.39	330.92	205.93	745.54					735.11	735.11	3.39	4.34	0	0				
07/12/2018	3.3.2	Gaze Project	O4	3	M	Bilingual	G130	06/09/2018	89100	1280 x 720		Raw Data	Ord4_T5_L.avi	190	0	900	720									65631	10:16:54.652	1536226388424676															0	5300		Fixation	8	433	295	2.34	66.18	159.86																				7874	617	194	623	295	620	244	430	244	247.79	211.68	250.09	171.04	248.94	191.36	285.43	203.88	746.73	330.07	203.76	739.34					772.27	772.27	3.92	3.99	0	0				
07/12/2018	3.3.2	Gaze Project	O4	3	M	Bilingual	G130	06/09/2018	89100	1280 x 720		Raw Data	Ord4_T5_L.avi	190	0	900	720									65639	10:16:54.660	1536226388432939															0			Unclassified	8																									7875	630	196			630	196	440	196	252.75	210.85					285.39	204.07	747.33		-34.01						772.89		3.87		0	4				
07/12/2018	3.3.2	Gaze Project	O4	3	M	Bilingual	G130	06/09/2018	89100	1280 x 720		Raw Data	Ord4_T5_L.avi	190	0	900	720									65648	10:16:54.668	1536226388441281															0	5301		Fixation	8	464	277	1.10	30.22	324.04																				7876	636	220	654	277	645	248	455	248	255.18	201.24	262.45	178.21	258.81	189.72	285.36	204.05	747.33	330.10	204.21	740.83					772.89	772.89	3.97	3.88	0	0				
07/12/2018	3.3.2	Gaze Project	O4	3	M	Bilingual	G130	06/09/2018	89100	1280 x 720		Raw Data	Ord4_T5_L.avi	190	0	900	720									65656	10:16:54.677	1536226388449624															0			Unclassified	8																									7877	663	262			663	262	473	262	266.09	184.27					283.21	195.94	721.84		-34.01						746.08		3.43		0	4				
07/12/2018	3.3.2	Gaze Project	O4	3	M	Bilingual	G130	06/09/2018	89100	1280 x 720		Raw Data	Ord4_T5_L.avi	190	0	900	720									65664	10:16:54.685	1536226388457985															0			Unclassified	8																									7878	610	198			610	198	420	198	245.01	210.09					285.30	204.03	747.33		-34.01						772.88		3.91		0	4				
07/12/2018	3.3.2	Gaze Project	O4	3	M	Bilingual	G130	06/09/2018	89100	1280 x 720		Raw Data	Ord4_T5_L.avi	190	0	900	720									65673	10:16:54.693	1536226388466340															0	5302		Fixation	8	446	309	1.13	240.72	210.50																				7879	624	174	636	309	630	241	440	241	250.55	219.98	255.28	165.61	252.91	192.80	285.28	204.00	747.28	329.99	204.19	740.78					772.82	772.82	3.82	3.94	0	0				
07/12/2018	3.3.2	Gaze Project	O4	3	M	Bilingual	G130	06/09/2018	89100	1280 x 720		Raw Data	Ord4_T5_L.avi	190	0	900	720									65681	10:16:54.702	1536226388474604															0	5303		Fixation	8	433	265	1.42	106.41	225.69																				7880	640	196	623	265	631	230	441	230	256.72	211.05	250.14	183.38	253.43	197.22	285.26	204.01	747.38	329.96	204.22	740.85					772.92	772.92	3.91	3.87	0	0				
07/12/2018	3.3.2	Gaze Project	O4	3	M	Bilingual	G130	06/09/2018	89100	1280 x 720		Raw Data	Ord4_T5_L.avi	190	0	900	720									65689	10:16:54.710	1536226388482939															0	5304		Fixation	8	443	334	2.08	278.22	171.81																				7881			633	334	633	334	443	334			253.90	155.43						337.99	222.75	796.71						0.00		4.20	4	0				
07/12/2018	3.3.2	Gaze Project	O4	3	M	Bilingual	G130	06/09/2018	89100	1280 x 720		Raw Data	Ord4_T5_L.avi	190	0	900	720									65698	10:16:54.718	1536226388491297															0	5305		Fixation	8	390	307	1.76	152.93	234.71																				7882	624	259	580	307	602	283	412	283	250.62	185.55	232.79	166.14	241.70	175.85	285.19	203.97	747.40	329.92	204.36	740.79					772.92	772.92	4.00	4.31	0	0				
07/12/2018	3.3.2	Gaze Project	O4	3	M	Bilingual	G130	06/09/2018	89100	1280 x 720		Raw Data	Ord4_T5_L.avi	190	0	900	720									65706	10:16:54.727	1536226388499654															0	5306		Fixation	8	430	378	2.51	299.32	146.39																				7883	630	181	620	378	625	279	435	279	252.87	217.11	248.82	137.92	250.84	177.52	284.74	218.70	792.58	329.78	204.38	740.78					820.39	820.39	4.14	4.65	0	0				
07/12/2018	3.3.2	Gaze Project	O4	3	M	Bilingual	G130	06/09/2018	89100	1280 x 720		Raw Data	Ord4_T5_L.avi	190	0	900	720									65714	10:16:54.735	1536226388507916															0	5307		Fixation	8	401	377	0.89	178.02	238.70																				7884	643	247	591	377	617	312	427	312	258.05	190.46	237.28	138.03	247.66	164.24	285.22	203.98	747.39	329.83	204.40	740.78					772.92	772.92	3.82	4.56	0	0				
07/12/2018	3.3.2	Gaze Project	O4	3	M	Bilingual	G130	06/09/2018	89100	1280 x 720		Raw Data	Ord4_T5_L.avi	190	0	900	720									65723	10:16:54.743	1536226388516270															0	5308		Fixation	8	401	305	2.13	90.00	271.98																				7885			591	305	591	305	401	305			237.12	166.96						338.04	223.35	798.25						0.00		5.08	4	0				
07/12/2018	3.3.2	Gaze Project	O4	3	M	Bilingual	G130	06/09/2018	89100	1280 x 720		Raw Data	Ord4_T5_L.avi	190	0	900	720									65731	10:16:54.752	1536226388524610															0	5309		Fixation	8	463	252	2.32	40.62	310.62																				7886	652	364	653	252	652	308	462	308	261.59	143.26	262.00	188.30	261.79	165.78	284.87	212.55	773.60	337.44	222.06	794.26					800.46	800.46	4.68	4.77	0	0				
07/12/2018	3.3.2	Gaze Project	O4	3	M	Bilingual	G130	06/09/2018	89100	1280 x 720		Raw Data	Ord4_T5_L.avi	190	0	900	720									65739	10:16:54.760	1536226388532966															0	5310		Fixation	8	398	358	3.68	238.57	197.95																				7887			588	358	588	358	398	358			236.00	145.72						329.67	204.47	740.75						0.00		4.65	4	0				
07/12/2018	3.3.2	Gaze Project	O4	3	M	Bilingual	G130	06/09/2018	89100	1280 x 720		Raw Data	Ord4_T5_L.avi	190	0	900	720									65748	10:16:54.768	1536226388541322															0			Unclassified	8																									7888																			-34.01										4	4				
07/12/2018	3.3.2	Gaze Project	O4	3	M	Bilingual	G130	06/09/2018	89100	1280 x 720		Raw Data	Ord4_T5_L.avi	190	0	900	720									65756	10:16:54.777	1536226388549583															0	5311		Fixation	8	442	40	8.95	82.15	203.58																				7889	690	-38	632	40	661	1	471	1	277.02	305.30	253.82	273.90	265.42	289.60	283.71	245.72	875.26	352.48	256.40	898.30					907.30	907.30	4.02	5.52	0	0				
07/12/2018	3.3.2	Gaze Project	O4	3	M	Bilingual	G130	06/09/2018	89100	1280 x 720		Raw Data	Ord4_T5_L.avi	190	0	900	720									65764	10:16:54.785	1536226388557932															0			Unclassified	8																									7890	658	138			658	138	468	138	264.27	234.34					284.40	224.50	810.15		-34.01						838.88		3.98		0	4				
07/12/2018	3.3.2	Gaze Project	O4	3	M	Bilingual	G130	06/09/2018	89100	1280 x 720		Raw Data	Ord4_T5_L.avi	190	0	900	720									65773	10:16:54.793	1536226388566281															0			Unclassified	8																									7891	625	156			625	156	435	156	250.92	227.03					284.46	222.28	803.35		-34.01						831.73		4.24		0	4				
07/12/2018	3.3.2	Gaze Project	O4	3	M	Bilingual	G130	06/09/2018	89100	1280 x 720		Raw Data	Ord4_T5_L.avi	190	0	900	720									65781	10:16:54.802	1536226388574637															0			Unclassified	8																									7892	626	237			626	237	436	237	251.35	194.50					284.43	222.66	804.53		-34.01						832.96		4.78		0	4				
07/12/2018	3.3.2	Gaze Project	O4	3	M	Bilingual	G130	06/09/2018	89100	1280 x 720		Raw Data	Ord4_T5_L.avi	190	0	900	720									65789	10:16:54.810	1536226388582989															0	5312		Fixation	8	467	187	3.81	279.62	197.47																				7893	576	150	657	187	616	168	426	168	231.02	229.35	263.83	214.58	247.43	221.96	284.50	219.88	796.07	352.32	256.54	898.74					824.07	824.07	4.18	5.64	0	0				
07/12/2018	3.3.2	Gaze Project	O4	3	M	Bilingual	G130	06/09/2018	89100	1280 x 720		Raw Data	Ord4_T5_L.avi	190	0	900	720									65797	10:16:54.818	1536226388591253															0	5313		Fixation	8	399	139	2.11	144.70	225.07																				7894	631	158	589	139	610	148	420	148	253.28	226.46	236.37	234.08	244.83	230.27	284.50	219.76	795.80	351.95	255.70	896.22					823.78	823.78	3.93	5.48	0	0				
07/12/2018	3.3.2	Gaze Project	O4	3	M	Bilingual	G130	06/09/2018	89100	1280 x 720		Raw Data	Ord4_T5_L.avi	190	0	900	720									65806	10:16:54.827	1536226388599591															0	5314		Fixation	8	473	12	3.86	59.85	275.16																				7895	640	222	663	12	651	117	461	117	256.84	200.62	266.21	285.29	261.52	242.96	284.52	218.70	792.65	344.71	239.07	845.82					820.46	820.46	4.23	4.54	0	0				
07/12/2018	3.3.2	Gaze Project	O4	3	M	Bilingual	G130	06/09/2018	89100	1280 x 720		Raw Data	Ord4_T5_L.avi	190	0	900	720									65814	10:16:54.835	1536226388607949															0			Unclassified	8																									7896	621	178			621	178	431	178	249.30	218.36					284.50	219.02	793.70		-34.01						821.55		4.04		0	4				
07/12/2018	3.3.2	Gaze Project	O4	3	M	Bilingual	G130	06/09/2018	89100	1280 x 720		Raw Data	Ord4_T5_L.avi	190	0	900	720									65823	10:16:54.843	1536226388616305															0	5315		Fixation	8	373	129	4.04	229.57	169.72																				7897	618	309	563	129	590	219	400	219	247.92	165.49	226.01	238.15	236.96	201.82	284.48	219.48	795.23	351.56	254.80	893.76					823.15	823.15	4.96	5.41	0	0				
07/12/2018	3.3.2	Gaze Project	O4	3	M	Bilingual	G130	06/09/2018	89100	1280 x 720		Raw Data	Ord4_T5_L.avi	190	0	900	720									65831	10:16:54.852	1536226388624573															0			Unclassified	8																									7898	636	336			636	336	446	336	255.14	154.54					284.52	217.79	790.12		-34.01						817.77		4.83		0	4				
07/12/2018	3.3.2	Gaze Project	O4	3	M	Bilingual	G130	06/09/2018	89100	1280 x 720		Raw Data	Ord4_T5_L.avi	190	0	900	720									65839	10:16:54.860	1536226388632920															0	5316		Fixation	8	462	193	2.90	324.19	94.62																				7899	609	403	652	193	630	298	440	298	244.39	127.51	261.66	212.32	253.02	169.92	284.51	218.28	791.71	342.27	233.79	830.10					819.44	819.44	4.74	5.03	0	0				
07/12/2018	3.3.2	Gaze Project	O4	3	M	Bilingual	G130	06/09/2018	89100	1280 x 720		Raw Data	Ord4_T5_L.avi	190	0	900	720									65848	10:16:54.868	1536226388641268															0			Unclassified	8																									7900	633	338			633	338	443	338	254.09	153.94					284.45	219.93	796.82		-34.01						824.80		5.06		0	4				
07/12/2018	3.3.2	Gaze Project	O4	3	M	Bilingual	G130	06/09/2018	89100	1280 x 720		Raw Data	Ord4_T5_L.avi	190	0	900	720									65856	10:16:54.877	1536226388649608															0	5317		Fixation	8	584	14	5.71	55.81	91.62																				7901			774	14	774	14	584	14			310.75	284.24						354.01	260.74	912.10						0.00		5.54	4	0				
07/12/2018	3.3.2	Gaze Project	O4	3	M	Bilingual	G130	06/09/2018	89100	1280 x 720		Raw Data	Ord4_T5_L.avi	190	0	900	720									65864	10:16:54.885	1536226388657974															0	5318		Fixation	8	522	192	4.76	250.85	195.04																				7902	607	186	712	192	659	189	469	189	243.52	214.94	285.73	212.73	264.62	213.84	284.49	218.63	792.95	353.36	259.26	907.66					820.72	820.72	4.73	5.72	0	0				
07/12/2018	3.3.2	Gaze Project	O4	3	M	Bilingual	G130	06/09/2018	89100	1280 x 720		Raw Data	Ord4_T5_L.avi	190	0	900	720									65872	10:16:54.893	1536226388666230															0			Unclassified	8																									7903																			-34.01										4	4				
07/12/2018	3.3.2	Gaze Project	O4	3	M	Bilingual	G130	06/09/2018	89100	1280 x 720		Raw Data	Ord4_T5_L.avi	190	0	900	720									65881	10:16:54.902	1536226388674578															0			Unclassified	8																									7904	576	246			576	246	386	246	231.03	190.98					284.47	218.96	794.06		-34.01						821.88		4.63		0	4				
07/12/2018	3.3.2	Gaze Project	O4	3	M	Bilingual	G130	06/09/2018	89100	1280 x 720		Raw Data	Ord4_T5_L.avi	190	0	900	720									65889	10:16:54.910	1536226388682931															0			Unclassified	8																									7905																			-34.01										4	4				
07/12/2018	3.3.2	Gaze Project	O4	3	M	Bilingual	G130	06/09/2018	89100	1280 x 720		Raw Data	Ord4_T5_L.avi	190	0	900	720									65898	10:16:54.918	1536226388691286															0			Unclassified	8																									7906	644	145			644	145	454	145	258.48	231.44					284.47	218.90	793.95		-34.01						821.75		3.87		0	4				
07/12/2018	3.3.2	Gaze Project	O4	3	M	Bilingual	G130	06/09/2018	89100	1280 x 720		Raw Data	Ord4_T5_L.avi	190	0	900	720									65906	10:16:54.927	1536226388699643															0			Unclassified	8																									7907	650	668	533	103	591	385	401	385	260.90	21.08	213.87	248.43	237.39	134.75	288.06	109.00	453.76	353.55	259.18	907.70					464.83	464.83	2.41	5.60	1	3				
07/12/2018	3.3.2	Gaze Project	O4	3	M	Bilingual	G130	06/09/2018	89100	1280 x 720		Raw Data	Ord4_T5_L.avi	190	0	900	720									65914	10:16:54.935	1536226388707906															0			Unclassified	8																									7908	666	684	607	3	636	343	446	343	267.27	14.37	243.48	288.69	255.38	151.53	287.98	108.99	453.77	353.55	259.16	907.71					464.83	464.83	2.64	5.30	1	3				
07/12/2018	3.3.2	Gaze Project	O4	3	M	Bilingual	G130	06/09/2018	89100	1280 x 720		Raw Data	Ord4_T5_L.avi	190	0	900	720									65922	10:16:54.943	1536226388716238															0			Unclassified	8																									7909	661	645			661	645	471	645	265.44	30.37					287.90	108.26	454.06		-34.01						464.88		2.22		0	4				
07/12/2018	3.3.2	Gaze Project	O4	3	M	Bilingual	G130	06/09/2018	89100	1280 x 720		Raw Data	Ord4_T5_L.avi	190	0	900	720									65931	10:16:54.952	1536226388724599															0			Unclassified	8																									7910	734	668			734	668	544	668	294.56	20.98					287.53	108.25	454.07		-34.01						464.86		2.19		0	4				
07/12/2018	3.3.2	Gaze Project	O4	3	M	Bilingual	G130	06/09/2018	89100	1280 x 720		Raw Data	Ord4_T5_L.avi	190	0	900	720									65939	10:16:54.960	1536226388732955															0			Unclassified	8																									7911	659	657			659	657	469	657	264.44	25.36					288.10	109.06	454.06		-34.01						465.14		2.39		0	4				
07/12/2018	3.3.2	Gaze Project	O4	3	M	Bilingual	G130	06/09/2018	89100	1280 x 720		Raw Data	Ord4_T5_L.avi	190	0	900	720									65947	10:16:54.968	1536226388741223															0			Unclassified	8																									7912	634	673			634	673	444	673	254.56	19.08					288.22	108.93	453.67		-34.01						464.74		2.52		0	4				
07/12/2018	3.3.2	Gaze Project	O4	3	M	Bilingual	G130	06/09/2018	89100	1280 x 720		Raw Data	Ord4_T5_L.avi	190	0	900	720									65956	10:16:54.977	1536226388749572															0			Unclassified	8																									7913	642	673			642	673	452	673	257.77	18.95					288.16	108.91	453.64		-34.01						464.70		2.38		0	4				
07/12/2018	3.3.2	Gaze Project	O4	3	M	Bilingual	G130	06/09/2018	89100	1280 x 720		Raw Data	Ord4_T5_L.avi	190	0	900	720									65964	10:16:54.985	1536226388757904															0			Unclassified	8																									7914	1009	-54			1009	-54			405.02	311.60					352.16	255.77	897.79		-34.01						936.30		5.16		0	4				
07/12/2018	3.3.2	Gaze Project	O4	3	M	Bilingual	G130	06/09/2018	89100	1280 x 720		Raw Data	Ord4_T5_L.avi	190	0	900	720									65972	10:16:54.993	1536226388766258															0			Unclassified	8																									7915	960	26			960	26	770	26	385.38	279.30					352.81	257.21	902.28		-34.01						941.06		5.34		0	4				
07/12/2018	3.3.2	Gaze Project	O4	3	M	Bilingual	G130	06/09/2018	89100	1280 x 720		Raw Data	Ord4_T5_L.avi	190	0	900	720									65981	10:16:55.002	1536226388774628															0			Unclassified	8																									7916																			-34.01										4	4				
07/12/2018	3.3.2	Gaze Project	O4	3	M	Bilingual	G130	06/09/2018	89100	1280 x 720		Raw Data	Ord4_T5_L.avi	190	0	900	720									65989	10:16:55.010	1536226388782896															0			Unclassified	8																									7917	678	-57	389	172	533	57	343	57	272.01	312.81	156.34	220.73	214.17	266.77	283.52	254.38	903.43	284.72	218.17	792.11					936.75	936.75	4.43	3.88	2	2				
07/12/2018	3.3.2	Gaze Project	O4	3	M	Bilingual	G130	06/09/2018	89100	1280 x 720		Raw Data	Ord4_T5_L.avi	190	0	900	720									65997	10:16:55.018	1536226388791225															0			Unclassified	8																									7918	606	-116	364	127	485	5	295	5	243.40	336.75	146.12	238.73	194.76	287.74	283.63	254.36	903.43	284.74	218.01	791.67					936.76	936.76	4.52	3.95	2	2				
07/12/2018	3.3.2	Gaze Project	O4	3	M	Bilingual	G130	06/09/2018	89100	1280 x 720		Raw Data	Ord4_T5_L.avi	190	0	900	720									66006	10:16:55.027	1536226388799585															0			Unclassified	8																									7919	563	-125	339	105	451	-10			226.07	340.44	136.15	247.75	181.11	294.10	283.69	254.34	903.45	284.70	220.35	798.95					936.76	936.76	4.52	3.99	2	2				
07/12/2018	3.3.2	Gaze Project	O4	3	M	Bilingual	G130	06/09/2018	89100	1280 x 720		Raw Data	Ord4_T5_L.avi	190	0	900	720									66014	10:16:55.035	1536226388807938															0	5319		Fixation	8			8.69	90.84	199.99																				7920	611	133	707	-146	659	-6			245.25	236.25	283.92	348.92	264.59	292.58	284.65	222.44	805.43	336.76	248.97	878.58					833.77	833.77	4.01	3.94	0	0				
07/12/2018	3.3.2	Gaze Project	O4	3	M	Bilingual	G130	06/09/2018	89100	1280 x 720		Raw Data	Ord4_T5_L.avi	190	0	900	720									66022	10:16:55.043	1536226388816224															0	5320		Fixation	8	433	340	13.91	260.22	169.38																				7921	587	107	623	340	605	223	415	223	235.78	246.87	250.08	153.20	242.93	200.04	284.46	231.00	831.79	330.02	204.48	742.78					861.46	861.46	4.21	4.45	0	0				
07/12/2018	3.3.2	Gaze Project	O4	3	M	Bilingual	G130	06/09/2018	89100	1280 x 720		Raw Data	Ord4_T5_L.avi	190	0	900	720									66031	10:16:55.052	1536226388824563															0	5321		Fixation	8	396	346	1.14	189.24	289.02																				7922			586	346	586	346	396	346			235.26	150.44						330.06	204.24	742.14						0.00		4.44	4	0				
07/12/2018	3.3.2	Gaze Project	O4	3	M	Bilingual	G130	06/09/2018	89100	1280 x 720		Raw Data	Ord4_T5_L.avi	190	0	900	720									66039	10:16:55.060	1536226388832888															0	5322		Fixation	8	414	275	2.19	75.82	246.58																				7923	673	381	604	275	638	328	448	328	269.96	136.44	242.65	179.01	256.30	157.73	284.94	217.98	791.94	332.07	216.93	781.30					819.57	819.57	4.96	4.91	0	0				
07/12/2018	3.3.2	Gaze Project	O4	3	M	Bilingual	G130	06/09/2018	89100	1280 x 720		Raw Data	Ord4_T5_L.avi	190	0	900	720									66047	10:16:55.068	1536226388841251															0	5323		Fixation	8	473	126	4.35	68.46	352.64																				7924			663	126	663	126	473	126			266.18	239.05						353.47	257.33	903.57						0.00		5.49	4	0				
07/12/2018	3.3.2	Gaze Project	O4	3	M	Bilingual	G130	06/09/2018	89100	1280 x 720		Raw Data	Ord4_T5_L.avi	190	0	900	720									66056	10:16:55.077	1536226388849611															0	5324		Fixation	8	387	424	8.57	253.95	185.49																				7925	636	158	577	424	606	291	416	291	255.26	226.45	231.81	119.27	243.53	172.86	284.93	219.42	796.52	330.20	204.32	742.75					824.38	824.38	3.94	4.61	0	0				
07/12/2018	3.3.2	Gaze Project	O4	3	M	Bilingual	G130	06/09/2018	89100	1280 x 720		Raw Data	Ord4_T5_L.avi	190	0	900	720									66064	10:16:55.085	1536226388857894															0	5325		Fixation	8	494	181	7.82	66.30	172.35																				7926	609	129	684	181	646	155	456	155	244.30	237.82	274.47	217.20	259.39	227.51	284.86	222.71	806.74	333.26	223.76	802.52					835.10	835.10	4.02	4.83	0	0				
07/12/2018	3.3.2	Gaze Project	O4	3	M	Bilingual	G130	06/09/2018	89100	1280 x 720		Raw Data	Ord4_T5_L.avi	190	0	900	720									66072	10:16:55.093	1536226388866222															0	5326		Fixation	8	410	357	5.77	244.56	178.26																				7927	645	-85	600	357	622	136	432	136	258.83	324.25	240.82	146.21	249.82	235.23	284.13	246.69	880.60	330.17	203.86	741.58					912.69	912.69	4.17	4.49	0	0				
07/12/2018	3.3.2	Gaze Project	O4	3	M	Bilingual	G130	06/09/2018	89100	1280 x 720		Raw Data	Ord4_T5_L.avi	190	0	900	720									66081	10:16:55.102	1536226388874564															0			Unclassified	8																									7928	665	-136			665	-136			266.78	344.60					301.06	264.42	934.20		-34.01						969.75		4.99		0	4				
07/12/2018	3.3.2	Gaze Project	O4	3	M	Bilingual	G130	06/09/2018	89100	1280 x 720		Raw Data	Ord4_T5_L.avi	190	0	900	720									66089	10:16:55.110	1536226388882908															0	5327		Fixation	8	461	122	6.68	77.79	193.24																				7929	659	300	651	122	655	211	465	211	264.56	169.21	261.35	240.86	262.96	205.04	285.15	217.08	789.67	353.50	256.63	902.16					817.15	817.15	4.76	5.59	0	0				
07/12/2018	3.3.2	Gaze Project	O4	3	M	Bilingual	G130	06/09/2018	89100	1280 x 720		Raw Data	Ord4_T5_L.avi	190	0	900	720									66098	10:16:55.118	1536226388891280															0	5328		Fixation	8	506	255	3.82	288.64	210.84																				7930	622	303	696	255	659	279	469	279	249.64	168.06	279.28	187.15	264.46	177.61	285.15	217.63	791.44	332.61	218.56	787.13					819.00	819.00	4.76	4.60	0	0				
07/12/2018	3.3.2	Gaze Project	O4	3	M	Bilingual	G130	06/09/2018	89100	1280 x 720		Raw Data	Ord4_T5_L.avi	190	0	900	720									66106	10:16:55.127	1536226388899545															0			Unclassified	8																									7931	609	143			609	143	419	143	244.52	232.36					285.16	218.11	792.96		-34.01						820.59		3.85		0	4				
07/12/2018	3.3.2	Gaze Project	O4	3	M	Bilingual	G130	06/09/2018	89100	1280 x 720		Raw Data	Ord4_T5_L.avi	190	0	900	720									66114	10:16:55.135	1536226388907878															0			Unclassified	8																									7932	590	82			590	82	400	82	236.63	257.10					285.14	219.18	796.32		-34.01						824.12		3.88		0	4				
07/12/2018	3.3.2	Gaze Project	O4	3	M	Bilingual	G130	06/09/2018	89100	1280 x 720		Raw Data	Ord4_T5_L.avi	190	0	900	720									66122	10:16:55.143	1536226388916235															0	5329		Fixation	8	463	303	1.85	228.24	299.60																				7933	624	124	653	303	638	213	448	213	250.54	239.96	262.13	167.90	256.34	203.93	285.16	219.19	796.39	333.57	224.14	804.43					824.19	824.19	4.20	4.80	0	0				
07/12/2018	3.3.2	Gaze Project	O4	3	M	Bilingual	G130	06/09/2018	89100	1280 x 720		Raw Data	Ord4_T5_L.avi	190	0	900	720									66131	10:16:55.152	1536226388924595															0	5330		Fixation	8	299	26	8.46	120.55	252.31																				7934	642	6	489	26	565	16	375	16	257.70	287.38	196.19	279.60	226.95	283.49	285.15	219.87	798.52	357.80	265.22	928.90					826.42	826.42	3.50	5.64	0	0				
07/12/2018	3.3.2	Gaze Project	O4	3	M	Bilingual	G130	06/09/2018	89100	1280 x 720		Raw Data	Ord4_T5_L.avi	190	0	900	720									66139	10:16:55.160	1536226388932949															0	5331		Fixation	8	457	29	3.90	358.91	238.36																				7935	649	115	647	29	648	72	458	72	260.43	243.75	259.66	278.32	260.05	261.03	285.11	221.63	803.98	352.96	254.67	896.83					832.16	832.16	4.03	5.42	0	0				
07/12/2018	3.3.2	Gaze Project	O4	3	M	Bilingual	G130	06/09/2018	89100	1280 x 720		Raw Data	Ord4_T5_L.avi	190	0	900	720									66147	10:16:55.168	1536226388941198															0	5332		Fixation	8	434	243	6.02	263.89	264.98																				7936	627	175	624	243	625	209	435	209	251.87	219.47	250.55	192.10	251.21	205.78	285.65	204.27	750.51	330.51	203.97	742.73					775.98	775.98	3.85	3.68	0	0				
07/12/2018	3.3.2	Gaze Project	O4	3	M	Bilingual	G130	06/09/2018	89100	1280 x 720		Raw Data	Ord4_T5_L.avi	190	0	900	720									66156	10:16:55.177	1536226388949539															0	5333		Fixation	8	444	256	0.51	307.48	43.59																				7937	636	182	634	256	635	219	445	219	255.49	216.77	254.67	186.92	255.08	201.84	285.70	203.83	748.94	330.53	203.94	742.69					774.36	774.36	3.74	3.98	0	0				
07/12/2018	3.3.2	Gaze Project	O4	3	M	Bilingual	G130	06/09/2018	89100	1280 x 720		Raw Data	Ord4_T5_L.avi	190	0	900	720									66164	10:16:55.185	1536226388957903															0	5334		Fixation	8	448	308	1.61	274.38	326.90																				7938	625	191	638	308	631	249	441	249	250.80	213.03	256.16	166.04	253.48	189.53	285.71	203.61	748.29	330.55	203.92	742.64					773.68	773.68	3.89	4.13	0	0				
07/12/2018	3.3.2	Gaze Project	O4	3	M	Bilingual	G130	06/09/2018	89100	1280 x 720		Raw Data	Ord4_T5_L.avi	190	0	900	720									66173	10:16:55.193	1536226388966261															0	5335		Fixation	8	456	266	1.32	79.25	164.86																				7939	629	200	646	266	637	233	447	233	252.46	209.44	259.18	182.95	255.82	196.19	285.73	203.61	748.31	330.59	203.94	742.76					773.70	773.70	3.74	4.17	0	0				
07/12/2018	3.3.2	Gaze Project	O4	3	M	Bilingual	G130	06/09/2018	89100	1280 x 720		Raw Data	Ord4_T5_L.avi	190	0	900	720									66181	10:16:55.202	1536226388974530															0	5336		Fixation	8	429	267	0.83	182.13	102.88																				7940	613	169	619	267	616	218	426	218	245.91	221.84	248.46	182.43	247.18	202.14	285.75	203.53	748.14	330.60	203.91	742.70					773.51	773.51	3.72	4.10	0	0				
07/12/2018	3.3.2	Gaze Project	O4	3	M	Bilingual	G130	06/09/2018	89100	1280 x 720		Raw Data	Ord4_T5_L.avi	190	0	900	720									66189	10:16:55.210	1536226388982872															0	5337		Fixation	8	434	288	0.67	283.35	101.22																				7941	654	213	624	288	639	250	449	250	262.40	204.31	250.60	173.91	256.50	189.11	284.73	199.75	735.93	330.62	203.90	742.70					760.70	760.70	3.38	4.07	0	0				
07/12/2018	3.3.2	Gaze Project	O4	3	M	Bilingual	G130	06/09/2018	89100	1280 x 720		Raw Data	Ord4_T5_L.avi	190	0	900	720									66197	10:16:55.218	1536226388991221															0	5338		Fixation	8	467	259	1.35	41.40	118.05																				7942	632	190	657	259	644	224	454	224	253.67	213.59	263.68	185.71	258.68	199.65	285.78	203.52	748.16	330.62	203.78	742.40					773.52	773.52	3.85	4.00	0	0				
07/12/2018	3.3.2	Gaze Project	O4	3	M	Bilingual	G130	06/09/2018	89100	1280 x 720		Raw Data	Ord4_T5_L.avi	190	0	900	720									66206	10:16:55.227	1536226388999575															0	5339		Fixation	8	444	305	1.58	243.51	202.11																				7943	613	172	634	305	623	238	433	238	245.90	220.80	254.40	167.03	250.15	193.91	285.01	200.68	738.82	330.64	203.76	742.37					763.75	763.75	3.59	4.09	0	0				
07/12/2018	3.3.2	Gaze Project	O4	3	M	Bilingual	G130	06/09/2018	89100	1280 x 720		Raw Data	Ord4_T5_L.avi	190	0	900	720									66214	10:16:55.235	1536226389007931															0	5340		Fixation	8	472	269	1.40	52.21	168.71																				7944	623	164	662	269	642	216	452	216	250.09	224.04	265.90	181.43	257.99	202.74	285.80	203.50	748.14	330.66	203.74	742.38					773.50	773.50	3.73	4.08	0	0				
07/12/2018	3.3.2	Gaze Project	O4	3	M	Bilingual	G130	06/09/2018	89100	1280 x 720		Raw Data	Ord4_T5_L.avi	190	0	900	720									66222	10:16:55.243	1536226389016183															0	5341		Fixation	8	466	193	2.34	94.50	42.29																				7945	643	243	656	193	649	218	459	218	258.16	192.13	263.47	212.23	260.82	202.18	285.82	203.36	747.77	331.35	207.89	755.45					773.11	773.11	3.81	3.96	0	0				
07/12/2018	3.3.2	Gaze Project	O4	3	M	Bilingual	G130	06/09/2018	89100	1280 x 720		Raw Data	Ord4_T5_L.avi	190	0	900	720									66231	10:16:55.252	1536226389024526															0	5342		Fixation	8	455	209	0.59	235.58	141.08																				7946	601	267	645	209	623	238	433	238	241.39	182.38	258.84	205.67	250.12	194.03	285.84	203.39	747.87	330.69	203.67	742.26					773.22	773.22	4.17	3.75	0	0				
07/12/2018	3.3.2	Gaze Project	O4	3	M	Bilingual	G130	06/09/2018	89100	1280 x 720		Raw Data	Ord4_T5_L.avi	190	0	900	720									66239	10:16:55.260	1536226389032879															0			Unclassified	8																									7947	640	193			640	193	450	193	256.74	212.40					285.84	203.48	748.22		-34.01						773.58		3.86		0	4				
07/12/2018	3.3.2	Gaze Project	O4	3	M	Bilingual	G130	06/09/2018	89100	1280 x 720		Raw Data	Ord4_T5_L.avi	190	0	900	720									66247	10:16:55.268	1536226389041243															0	5343		Fixation	8	446	265	1.75	260.90	25.32																				7948	630	183	636	265	633	224	443	224	252.73	216.19	255.44	183.31	254.09	199.75	285.86	203.48	748.28	330.72	203.66	742.37					773.63	773.63	3.66	3.94	0	0				
07/12/2018	3.3.2	Gaze Project	O4	3	M	Bilingual	G130	06/09/2018	89100	1280 x 720		Raw Data	Ord4_T5_L.avi	190	0	900	720									66256	10:16:55.277	1536226389049520															0	5344		Fixation	8	494	167	3.35	63.98	163.08																				7949	611	196	684	167	647	181	457	181	245.26	211.12	274.46	222.67	259.86	216.89	285.87	203.32	747.81	331.21	206.55	751.61					773.14	773.14	3.91	3.89	0	0				
07/12/2018	3.3.2	Gaze Project	O4	3	M	Bilingual	G130	06/09/2018	89100	1280 x 720		Raw Data	Ord4_T5_L.avi	190	0	900	720									66264	10:16:55.285	1536226389057859															0	5345		Fixation	8	431	331	5.37	249.05	185.07																				7950	619	206	621	331	620	268	430	268	248.31	206.96	249.47	156.49	248.89	181.72	285.88	203.29	747.74	331.68	205.82	748.72					773.06	773.06	4.07	4.35	0	0				
07/12/2018	3.3.2	Gaze Project	O4	3	M	Bilingual	G130	06/09/2018	89100	1280 x 720		Raw Data	Ord4_T5_L.avi	190	0	900	720									66272	10:16:55.293	1536226389066201															0	5346		Fixation	8	441	298	1.06	73.19	184.15																				7951	626	281	631	298	628	289	438	289	251.39	176.87	253.35	170.01	252.37	173.44	285.85	204.27	750.98	330.77	203.62	742.44					776.45	776.45	4.11	4.01	0	0				
07/12/2018	3.3.2	Gaze Project	O4	3	M	Bilingual	G130	06/09/2018	89100	1280 x 720		Raw Data	Ord4_T5_L.avi	190	0	900	720									66281	10:16:55.302	1536226389074560															0			Unclassified	8																									7952	630	140			630	140	440	140	252.69	233.41					285.89	203.32	747.85		-34.01						773.17		3.69		0	4				
07/12/2018	3.3.2	Gaze Project	O4	3	M	Bilingual	G130	06/09/2018	89100	1280 x 720		Raw Data	Ord4_T5_L.avi	190	0	900	720									66289	10:16:55.310	1536226389082916															0	5347		Fixation	8	444	434	4.18	271.26	198.07																				7953	632	245	634	434	633	339	443	339	253.69	191.43	254.39	115.28	254.04	153.35	283.87	195.62	723.58	330.78	203.50	742.16					747.66	747.66	3.38	4.68	0	0				
07/12/2018	3.3.2	Gaze Project	O4	3	M	Bilingual	G130	06/09/2018	89100	1280 x 720		Raw Data	Ord4_T5_L.avi	190	0	900	720									66297	10:16:55.318	1536226389091182															0	5348		Fixation	8	438	293	4.34	92.43	181.17																				7954	639	172	628	293	633	232	443	232	256.61	220.63	252.06	171.94	254.33	196.28	285.91	203.24	747.76	330.83	203.40	742.21					773.07	773.07	3.67	4.20	0	0				
07/12/2018	3.3.2	Gaze Project	O4	3	M	Bilingual	G130	06/09/2018	89100	1280 x 720		Raw Data	Ord4_T5_L.avi	190	0	900	720									66306	10:16:55.327	1536226389099518															0	5349		Fixation	8	453	304	0.57	323.66	231.23																				7955	614	158	643	304	628	231	438	231	246.26	226.52	258.06	167.35	252.16	196.93	285.92	203.23	747.71	330.82	203.51	742.25					773.02	773.02	3.81	4.24	0	0				
07/12/2018	3.3.2	Gaze Project	O4	3	M	Bilingual	G130	06/09/2018	89100	1280 x 720		Raw Data	Ord4_T5_L.avi	190	0	900	720									66314	10:16:55.335	1536226389107867															0	5350		Fixation	8	414	393	2.98	246.40	282.75																				7956	633	196	604	393	618	294	428	294	254.07	211.10	242.34	131.64	248.21	171.37	285.92	203.27	747.83	330.86	203.40	742.29					773.14	773.14	3.70	4.40	0	0				
07/12/2018	3.3.2	Gaze Project	O4	3	M	Bilingual	G130	06/09/2018	89100	1280 x 720		Raw Data	Ord4_T5_L.avi	190	0	900	720									66322	10:16:55.343	1536226389116215															0	5351		Fixation	8	455	291	3.37	68.17	181.76																				7957	621	223	645	291	633	257	443	257	249.23	200.20	259.05	172.72	254.14	186.46	285.93	203.26	747.81	330.84	203.48	742.20					773.12	773.12	3.84	4.19	0	0				
07/12/2018	3.3.2	Gaze Project	O4	3	M	Bilingual	G130	06/09/2018	89100	1280 x 720		Raw Data	Ord4_T5_L.avi	190	0	900	720									66331	10:16:55.352	1536226389124583															0	5352		Fixation	8	430	369	2.52	252.28	184.12																				7958	658	186	620	369	639	277	449	277	264.22	214.91	248.73	141.37	256.47	178.14	285.94	203.24	747.78	330.85	203.50	742.27					773.09	773.09	3.71	4.23	0	0				
07/12/2018	3.3.2	Gaze Project	O4	3	M	Bilingual	G130	06/09/2018	89100	1280 x 720		Raw Data	Ord4_T5_L.avi	190	0	900	720									66339	10:16:55.360	1536226389132845															0	5353		Fixation	8	467	364	1.13	7.72	115.44																				7959	602	260	657	364	629	312	439	312	241.73	185.10	263.80	143.31	252.76	164.21	285.95	203.27	747.85	332.03	206.24	750.25					773.17	773.17	3.90	4.41	0	0				
07/12/2018	3.3.2	Gaze Project	O4	3	M	Bilingual	G130	06/09/2018	89100	1280 x 720		Raw Data	Ord4_T5_L.avi	190	0	900	720									66347	10:16:55.368	1536226389141178															0	5354		Fixation	8	443	314	1.70	115.57	107.85																				7960	635	157	633	314	634	235	444	235	254.75	226.61	254.02	163.37	254.38	194.99	285.96	203.27	747.85	330.89	203.54	742.38					773.17	773.17	3.66	4.25	0	0				
07/12/2018	3.3.2	Gaze Project	O4	3	M	Bilingual	G130	06/09/2018	89100	1280 x 720		Raw Data	Ord4_T5_L.avi	190	0	900	720									66356	10:16:55.377	1536226389149538															0	5355		Fixation	8	441	291	0.71	94.95	339.38																				7961	655	222	631	291	643	256	453	256	263.11	200.43	253.41	172.61	258.26	186.52	285.97	203.30	747.89	330.89	203.55	742.40					773.22	773.22	3.84	4.12	0	0				
07/12/2018	3.3.2	Gaze Project	O4	3	M	Bilingual	G130	06/09/2018	89100	1280 x 720		Raw Data	Ord4_T5_L.avi	190	0	900	720									66364	10:16:55.385	1536226389157896															0	5356		Fixation	8	467	284	0.82	15.11	280.16																				7962	623	170	657	284	640	227	450	227	250.05	221.34	263.57	175.59	256.81	198.47	285.97	203.30	747.90	331.52	205.06	746.60					773.22	773.22	3.71	4.20	0	0				
07/12/2018	3.3.2	Gaze Project	O4	3	M	Bilingual	G130	06/09/2018	89100	1280 x 720		Raw Data	Ord4_T5_L.avi	190	0	900	720									66372	10:16:55.393	1536226389166161															0	5357		Fixation	8	468	247	1.14	88.46	73.34																				7963	672	207	658	247	665	227	475	227	269.92	206.72	264.20	190.56	267.06	198.64	285.98	203.32	747.95	330.92	203.59	742.45					773.27	773.27	3.91	4.05	0	0				
07/12/2018	3.3.2	Gaze Project	O4	3	M	Bilingual	G130	06/09/2018	89100	1280 x 720		Raw Data	Ord4_T5_L.avi	190	0	900	720									66381	10:16:55.401	1536226389174515															0			Unclassified	8																									7964	614	202			614	202	424	202	246.37	208.67					285.99	203.38	748.07		-34.01						773.40		3.90		0	4				
07/12/2018	3.3.2	Gaze Project	O4	3	M	Bilingual	G130	06/09/2018	89100	1280 x 720		Raw Data	Ord4_T5_L.avi	190	0	900	720									66389	10:16:55.410	1536226389182852															0	5358		Fixation	8	465	362	3.55	268.51	180.05																				7965	656	248	655	362	655	305	465	305	263.29	190.08	262.86	144.07	263.08	167.07	285.99	203.36	747.94	330.94	203.64	742.55					773.28	773.28	3.97	4.59	0	0				
07/12/2018	3.3.2	Gaze Project	O4	3	M	Bilingual	G130	06/09/2018	89100	1280 x 720		Raw Data	Ord4_T5_L.avi	190	0	900	720									66397	10:16:55.418	1536226389191194															0	5359		Fixation	8	459	262	3.09	93.42	184.91																				7966	652	279	649	262	650	270	460	270	261.77	177.69	260.59	184.24	261.18	180.96	286.00	203.41	748.09	330.95	203.66	742.62					773.44	773.44	3.96	4.04	0	0				
07/12/2018	3.3.2	Gaze Project	O4	3	M	Bilingual	G130	06/09/2018	89100	1280 x 720		Raw Data	Ord4_T5_L.avi	190	0	900	720									66406	10:16:55.427	1536226389199564															0	5360		Fixation	8	460	334	2.22	270.79	177.37																				7967	619	191	650	334	634	262	444	262	248.60	213.19	261.07	155.63	254.84	184.41	285.99	203.40	748.05	331.67	205.42	747.54					773.39	773.39	3.77	4.25	0	0				
07/12/2018	3.3.2	Gaze Project	O4	3	M	Bilingual	G130	06/09/2018	89100	1280 x 720		Raw Data	Ord4_T5_L.avi	190	0	900	720									66414	10:16:55.435	1536226389207846															0	5361		Fixation	8	438	292	1.46	117.57	206.78																				7968	628	236	628	292	628	264	438	264	252.13	194.88	252.10	172.31	252.11	183.59	285.99	203.37	747.97	330.98	203.57	742.65					773.32	773.32	3.93	4.06	0	0				
07/12/2018	3.3.2	Gaze Project	O4	3	M	Bilingual	G130	06/09/2018	89100	1280 x 720		Raw Data	Ord4_T5_L.avi	190	0	900	720									66422	10:16:55.443	1536226389216160															0			Unclassified	8																									7969	634	160			634	160	444	160	254.56	225.52					285.59	218.28	794.12		-34.01						821.76		4.12		0	4				
07/12/2018	3.3.2	Gaze Project	O4	3	M	Bilingual	G130	06/09/2018	89100	1280 x 720		Raw Data	Ord4_T5_L.avi	190	0	900	720									66431	10:16:55.452	1536226389224524															0	5362		Fixation	8	442	262	0.90	82.43	324.86																				7970			632	262	632	262	442	262			253.50	184.40						333.70	220.80	795.35						0.00		4.94	4	0				
07/12/2018	3.3.2	Gaze Project	O4	3	M	Bilingual	G130	06/09/2018	89100	1280 x 720		Raw Data	Ord4_T5_L.avi	190	0	900	720									66439	10:16:55.460	1536226389232877															0			Unclassified	8																									7971																			-34.01										4	4				
07/12/2018	3.3.2	Gaze Project	O4	3	M	Bilingual	G130	06/09/2018	89100	1280 x 720		Raw Data	Ord4_T5_L.avi	190	0	900	720									66447	10:16:55.468	1536226389241146															0			Unclassified	8																									7972	688	319			688	319	498	319	276.13	161.36					285.99	203.29	748.01		-34.01						773.32		4.49		0	4				
07/12/2018	3.3.2	Gaze Project	O4	3	M	Bilingual	G130	06/09/2018	89100	1280 x 720		Raw Data	Ord4_T5_L.avi	190	0	900	720									66456	10:16:55.476	1536226389249485															0			Unclassified	8																									7973	609	266			609	266	419	266	244.53	182.76					285.62	217.36	791.40		-34.01						818.90		4.78		0	4				
07/12/2018	3.3.2	Gaze Project	O4	3	M	Bilingual	G130	06/09/2018	89100	1280 x 720		Raw Data	Ord4_T5_L.avi	190	0	900	720									66464	10:16:55.485	1536226389257826															0	5363		Fixation	8	413	345	2.52	250.80	168.37																				7974			603	345	603	345	413	345			241.89	151.17						333.76	221.08	796.36						0.00		5.15	4	0				
07/12/2018	3.3.2	Gaze Project	O4	3	M	Bilingual	G130	06/09/2018	89100	1280 x 720		Raw Data	Ord4_T5_L.avi	190	0	900	720									66472	10:16:55.493	1536226389266195															0	5364		Fixation	8	444	303	1.49	53.66	162.86																				7975	626	278	634	303	630	290	440	290	251.13	178.01	254.61	168.04	252.87	173.02	285.61	218.10	793.74	333.41	218.82	789.49					821.35	821.35	4.74	4.86	0	0				
07/12/2018	3.3.2	Gaze Project	O4	3	M	Bilingual	G130	06/09/2018	89100	1280 x 720		Raw Data	Ord4_T5_L.avi	190	0	900	720									66481	10:16:55.502	1536226389274547															0			Unclassified	8																									7976	623	187			623	187	433	187	249.95	214.83					285.59	218.86	796.09		-34.01						823.82		4.04		0	4				
07/12/2018	3.3.2	Gaze Project	O4	3	M	Bilingual	G130	06/09/2018	89100	1280 x 720		Raw Data	Ord4_T5_L.avi	190	0	900	720									66489	10:16:55.510	1536226389282818															0	5365		Fixation	8	436	345	1.24	259.25	205.59																				7977			626	345	626	345	436	345			251.37	150.91						333.06	216.68	783.04						0.00		4.99	4	0				
07/12/2018	3.3.2	Gaze Project	O4	3	M	Bilingual	G130	06/09/2018	89100	1280 x 720		Raw Data	Ord4_T5_L.avi	190	0	900	720									66497	10:16:55.518	1536226389291170															0	5366		Fixation	8	438	244	2.93	88.87	189.62																				7978	600	344	628	244	614	294	424	294	241.03	151.36	252.02	191.53	246.52	171.45	285.55	220.68	801.75	333.71	220.65	795.21					829.76	829.76	4.94	4.98	0	0				
07/12/2018	3.3.2	Gaze Project	O4	3	M	Bilingual	G130	06/09/2018	89100	1280 x 720		Raw Data	Ord4_T5_L.avi	190	0	900	720									66506	10:16:55.526	1536226389299504															0			Unclassified	8																									7979	619	282			619	282	429	282	248.31	176.43					285.58	219.56	798.35		-34.01						826.18		4.69		0	4				
07/12/2018	3.3.2	Gaze Project	O4	3	M	Bilingual	G130	06/09/2018	89100	1280 x 720		Raw Data	Ord4_T5_L.avi	190	0	900	720									66514	10:16:55.535	1536226389307866															0			Unclassified	8																									7980																			-34.01										4	4				
07/12/2018	3.3.2	Gaze Project	O4	3	M	Bilingual	G130	06/09/2018	89100	1280 x 720		Raw Data	Ord4_T5_L.avi	190	0	900	720									66522	10:16:55.543	1536226389316201															0	5367		Fixation	8	425	374	3.74	264.31	175.44																				7981	630	89	615	374	622	231	432	231	252.81	253.93	246.70	139.33	249.75	196.63	285.51	222.95	808.86	333.87	221.42	797.68					837.21	837.21	4.05	5.20	0	0				
07/12/2018	3.3.2	Gaze Project	O4	3	M	Bilingual	G130	06/09/2018	89100	1280 x 720		Raw Data	Ord4_T5_L.avi	190	0	900	720									66531	10:16:55.551	1536226389324474															0			Unclassified	8																									7982	679	351			679	351	489	351	272.63	148.73					285.87	212.14	775.56		-34.01						802.24		4.86		0	4				
07/12/2018	3.3.2	Gaze Project	O4	3	M	Bilingual	G130	06/09/2018	89100	1280 x 720		Raw Data	Ord4_T5_L.avi	190	0	900	720									66539	10:16:55.560	1536226389332809															0			Unclassified	8																									7983																			-34.01										4	4				
07/12/2018	3.3.2	Gaze Project	O4	3	M	Bilingual	G130	06/09/2018	89100	1280 x 720		Raw Data	Ord4_T5_L.avi	190	0	900	720									66547	10:16:55.568	1536226389341173															0	5368		Fixation	8	500	140	7.18	72.28	167.97																				7984	620	138	690	140	655	139	465	139	248.69	234.18	276.89	233.59	262.79	233.88	285.79	217.36	791.72	332.40	211.57	767.76					819.21	819.21	3.81	4.37	0	0				
07/12/2018	3.3.2	Gaze Project	O4	3	M	Bilingual	G130	06/09/2018	89100	1280 x 720		Raw Data	Ord4_T5_L.avi	190	0	900	720									66556	10:16:55.577	1536226389349530															0	5369		Fixation	8	484	245	3.18	261.36	189.08																				7985	651	364	674	245	662	304	472	304	261.51	143.54	270.42	191.33	265.97	167.43	285.78	217.77	793.04	332.34	211.14	766.48					820.59	820.59	5.10	4.42	0	0				
07/12/2018	3.3.2	Gaze Project	O4	3	M	Bilingual	G130	06/09/2018	89100	1280 x 720		Raw Data	Ord4_T5_L.avi	190	0	900	720									66564	10:16:55.585	1536226389357807															0	5370		Fixation	8	489	198	1.42	83.95	182.58																				7986			679	198	679	198	489	198			272.51	210.36						332.33	211.01	766.15						0.00		4.39	4	0				
07/12/2018	3.3.2	Gaze Project	O4	3	M	Bilingual	G130	06/09/2018	89100	1280 x 720		Raw Data	Ord4_T5_L.avi	190	0	900	720									66572	10:16:55.593	1536226389366148															0			Unclassified	8																									7987	688	290			688	290	498	290	276.33	173.26					285.80	217.52	792.39		-34.01						819.90		4.69		0	4				
07/12/2018	3.3.2	Gaze Project	O4	3	M	Bilingual	G130	06/09/2018	89100	1280 x 720		Raw Data	Ord4_T5_L.avi	190	0	900	720									66581	10:16:55.601	1536226389374478															0	5371		Fixation	8	462	128	2.25	111.03	27.08																				7988	681	302	652	128	666	215	476	215	273.23	168.52	261.88	238.47	267.56	203.50	285.77	218.63	795.87	332.37	211.15	766.71					823.54	823.54	4.92	4.11	0	0				
07/12/2018	3.3.2	Gaze Project	O4	3	M	Bilingual	G130	06/09/2018	89100	1280 x 720		Raw Data	Ord4_T5_L.avi	190	0	900	720									66589	10:16:55.610	1536226389382841															0	5372		Fixation	8	464	236	3.24	271.06	160.03																				7989			654	236	654	236	464	236			262.38	194.75						332.30	210.68	765.30						0.00		4.65	4	0				
07/12/2018	3.3.2	Gaze Project	O4	3	M	Bilingual	G130	06/09/2018	89100	1280 x 720		Raw Data	Ord4_T5_L.avi	190	0	900	720									66597	10:16:55.618	1536226389391199															0	5373		Fixation	8	459	230	0.23	129.71	218.66																				7990	638	293	649	230	643	261	453	261	255.99	172.10	260.57	197.37	258.28	184.73	285.82	217.00	790.94	333.68	219.08	791.07					818.35	818.35	4.87	4.96	0	0				
07/12/2018	3.3.2	Gaze Project	O4	3	M	Bilingual	G130	06/09/2018	89100	1280 x 720		Raw Data	Ord4_T5_L.avi	190	0	900	720									66606	10:16:55.626	1536226389399468															0	5374		Fixation	8	482	143	2.65	75.24	305.52																				7991			672	143	672	143	482	143			269.68	232.17						332.43	211.39	767.60						0.00		4.43	4	0				
07/12/2018	3.3.2	Gaze Project	O4	3	M	Bilingual	G130	06/09/2018	89100	1280 x 720		Raw Data	Ord4_T5_L.avi	190	0	900	720									66614	10:16:55.635	1536226389407826															0	5375		Fixation	8	433	312	5.26	253.88	178.64																				7992	672	376	623	312	647	344	457	344	269.55	138.56	250.25	164.44	259.90	151.50	285.77	219.34	798.25	332.39	211.13	766.84					826.02	826.02	4.94	4.76	0	0				
07/12/2018	3.3.2	Gaze Project	O4	3	M	Bilingual	G130	06/09/2018	89100	1280 x 720		Raw Data	Ord4_T5_L.avi	190	0	900	720									66622	10:16:55.643	1536226389416159															0			Unclassified	8																									7993																			-34.01										4	4				
07/12/2018	3.3.2	Gaze Project	O4	3	M	Bilingual	G130	06/09/2018	89100	1280 x 720		Raw Data	Ord4_T5_L.avi	190	0	900	720									66631	10:16:55.652	1536226389424519															0	5376		Fixation	8	443	201	3.33	84.87	190.99																				7994	670	103	633	201	651	152	461	152	269.11	248.38	253.97	208.95	261.54	228.66	285.77	219.48	798.81	332.40	211.17	767.11					826.60	826.60	3.77	4.43	0	0				
07/12/2018	3.3.2	Gaze Project	O4	3	M	Bilingual	G130	06/09/2018	89100	1280 x 720		Raw Data	Ord4_T5_L.avi	190	0	900	720									66639	10:16:55.660	1536226389432867															0			Unclassified	8																									7995	683	369			683	369	493	369	274.18	141.29					285.82	217.56	792.96		-34.01						820.45		5.13		0	4				
07/12/2018	3.3.2	Gaze Project	O4	3	M	Bilingual	G130	06/09/2018	89100	1280 x 720		Raw Data	Ord4_T5_L.avi	190	0	900	720									66647	10:16:55.668	1536226389441136															0			Unclassified	8																									7996																			-34.01										4	4				
07/12/2018	3.3.2	Gaze Project	O4	3	M	Bilingual	G130	06/09/2018	89100	1280 x 720		Raw Data	Ord4_T5_L.avi	190	0	900	720									66656	10:16:55.676	1536226389449481															0	5377		Fixation	8	485	283	2.75	297.05	212.18																				7997	665	319	675	283	670	301	480	301	266.86	161.50	271.10	175.90	268.98	168.70	285.77	219.76	799.93	332.51	211.71	768.97					827.75	827.75	4.98	4.59	0	0				
07/12/2018	3.3.2	Gaze Project	O4	3	M	Bilingual	G130	06/09/2018	89100	1280 x 720		Raw Data	Ord4_T5_L.avi	190	0	900	720									66664	10:16:55.685	1536226389457816															0			Unclassified	8																									7998	647	431			647	431	457	431	259.59	116.28					285.80	218.49	796.10		-34.01						823.72		5.04		0	4				
07/12/2018	3.3.2	Gaze Project	O4	3	M	Bilingual	G130	06/09/2018	89100	1280 x 720		Raw Data	Ord4_T5_L.avi	190	0	900	720									66672	10:16:55.693	1536226389466186															0	5378		Fixation	8	432	315	1.77	211.20	274.16																				7999			622	315	622	315	432	315			249.59	163.01						335.15	228.17	819.55						0.00		5.28	4	0				
07/12/2018	3.3.2	Gaze Project	O4	3	M	Bilingual	G130	06/09/2018	89100	1280 x 720		Raw Data	Ord4_T5_L.avi	190	0	900	720									66681	10:16:55.701	1536226389474452															0	5379		Fixation	8	451	353	1.22	296.49	85.29																				8000	643	379	641	353	642	366	452	366	258.11	137.34	257.35	147.76	257.73	142.55	285.78	219.46	799.24	332.46	211.32	768.04					827.00	827.00	5.00	4.90	0	0				
07/12/2018	3.3.2	Gaze Project	O4	3	M	Bilingual	G130	06/09/2018	89100	1280 x 720		Raw Data	Ord4_T5_L.avi	190	0	900	720									66689	10:16:55.710	1536226389482797															0	5380		Fixation	8	513	188	5.26	69.47	132.98																				8001			703	188	703	188	513	188			282.22	214.29						332.44	211.14	767.56						0.00		4.17	4	0				
07/12/2018	3.3.2	Gaze Project	O4	3	M	Bilingual	G130	06/09/2018	89100	1280 x 720		Raw Data	Ord4_T5_L.avi	190	0	900	720									66697	10:16:55.718	1536226389491135															0	5381		Fixation	8	481	202	1.04	203.70	134.23																				8002	665	177	671	202	668	189	478	189	266.87	218.77	269.32	208.55	268.10	213.66	285.81	218.49	796.43	332.51	211.48	768.71					824.04	824.04	4.86	4.68	0	0				
07/12/2018	3.3.2	Gaze Project	O4	3	M	Bilingual	G130	06/09/2018	89100	1280 x 720		Raw Data	Ord4_T5_L.avi	190	0	900	720									66706	10:16:55.726	1536226389499494															0	5382		Fixation	8	449	281	2.55	248.01	44.32																				8003	677	284	639	281	658	282	468	282	271.72	175.59	256.43	176.70	264.07	176.15	285.79	219.02	798.11	332.41	210.77	766.63					825.79	825.79	4.75	4.89	0	0				
07/12/2018	3.3.2	Gaze Project	O4	3	M	Bilingual	G130	06/09/2018	89100	1280 x 720		Raw Data	Ord4_T5_L.avi	190	0	900	720									66714	10:16:55.735	1536226389507852															0	5383		Fixation	8	448	114	4.93	90.34	202.33																				8004			638	114	638	114	448	114			256.01	244.22						333.58	217.85	788.38						0.00		4.30	4	0				
07/12/2018	3.3.2	Gaze Project	O4	3	M	Bilingual	G130	06/09/2018	89100	1280 x 720		Raw Data	Ord4_T5_L.avi	190	0	900	720									66722	10:16:55.743	1536226389516119															0			Unclassified	8																									8005																			-34.01										4	4				
07/12/2018	3.3.2	Gaze Project	O4	3	M	Bilingual	G130	06/09/2018	89100	1280 x 720		Raw Data	Ord4_T5_L.avi	190	0	900	720									66731	10:16:55.751	1536226389524462															0	5384		Fixation	8	445	323	6.09	269.18	178.84																				8006	677	124	635	323	656	223	466	223	271.65	239.82	254.79	159.78	263.22	199.80	285.78	220.45	802.68	333.39	216.59	784.66					830.57	830.57	4.26	4.93	0	0				
07/12/2018	3.3.2	Gaze Project	O4	3	M	Bilingual	G130	06/09/2018	89100	1280 x 720		Raw Data	Ord4_T5_L.avi	190	0	900	720									66739	10:16:55.760	1536226389532807															0			Unclassified	8																									8007	581	219			581	219	391	219	233.38	201.86					286.04	211.42	774.84		-34.01						801.34		4.04		0	4				
07/12/2018	3.3.2	Gaze Project	O4	3	M	Bilingual	G130	06/09/2018	89100	1280 x 720		Raw Data	Ord4_T5_L.avi	190	0	900	720									66747	10:16:55.768	1536226389541169															0	5385		Fixation	8	441	262	1.78	93.74	184.56																				8008	610	69	631	262	620	165	430	165	244.76	262.30	253.27	184.42	249.02	223.36	285.88	219.54	799.97	333.40	216.46	784.37					827.72	827.72	3.90	4.89	0	0				
07/12/2018	3.3.2	Gaze Project	O4	3	M	Bilingual	G130	06/09/2018	89100	1280 x 720		Raw Data	Ord4_T5_L.avi	190	0	900	720									66756	10:16:55.777	1536226389549520															0	5386		Fixation	8	468	228	1.26	51.64	317.90																				8009	641	227	658	228	649	227	459	227	257.17	198.37	264.30	198.08	260.74	198.22	285.92	218.56	796.96	333.48	216.89	785.76					824.56	824.56	4.70	4.99	0	0				
07/12/2018	3.3.2	Gaze Project	O4	3	M	Bilingual	G130	06/09/2018	89100	1280 x 720		Raw Data	Ord4_T5_L.avi	190	0	900	720									66764	10:16:55.785	1536226389557788															0			Unclassified	8																									8010																			-34.01										4	4				
07/12/2018	3.3.2	Gaze Project	O4	3	M	Bilingual	G130	06/09/2018	89100	1280 x 720		Raw Data	Ord4_T5_L.avi	190	0	900	720									66772	10:16:55.793	1536226389566114															0	5387		Fixation	8	529	209	1.88	17.35	325.72																				8011	628	264	719	209	673	236	483	236	252.16	183.43	288.60	205.61	270.38	194.52	285.96	217.74	794.42	332.66	211.50	769.29					821.89	821.89	4.83	4.46	0	0				
07/12/2018	3.3.2	Gaze Project	O4	3	M	Bilingual	G130	06/09/2018	89100	1280 x 720		Raw Data	Ord4_T5_L.avi	190	0	900	720									66781	10:16:55.801	1536226389574475															0	5388		Fixation	8	443	257	2.93	209.25	191.89																				8012	663	243	633	257	648	250	458	250	266.13	192.01	254.15	186.39	260.14	189.20	285.99	217.09	792.43	332.68	211.49	769.28					819.80	819.80	4.77	4.56	0	0				
07/12/2018	3.3.2	Gaze Project	O4	3	M	Bilingual	G130	06/09/2018	89100	1280 x 720		Raw Data	Ord4_T5_L.avi	190	0	900	720									66789	10:16:55.810	1536226389582834															0			Unclassified	8																									8013	628	407			628	407	438	407	252.11	126.13					286.28	204.75	754.24		-34.01						779.71		4.47		0	4				
07/12/2018	3.3.2	Gaze Project	O4	3	M	Bilingual	G130	06/09/2018	89100	1280 x 720		Raw Data	Ord4_T5_L.avi	190	0	900	720									66797	10:16:55.818	1536226389591100															0			Unclassified	8																									8014																			-34.01										4	4				
07/12/2018	3.3.2	Gaze Project	O4	3	M	Bilingual	G130	06/09/2018	89100	1280 x 720		Raw Data	Ord4_T5_L.avi	190	0	900	720									66806	10:16:55.826	1536226389599448															0			Unclassified	8																									8015																			-34.01										4	4				
07/12/2018	3.3.2	Gaze Project	O4	3	M	Bilingual	G130	06/09/2018	89100	1280 x 720		Raw Data	Ord4_T5_L.avi	190	0	900	720									66814	10:16:55.835	1536226389607788															0			Unclassified	8																									8016																			-34.01										4	4				
07/12/2018	3.3.2	Gaze Project	O4	3	M	Bilingual	G130	06/09/2018	89100	1280 x 720		Raw Data	Ord4_T5_L.avi	190	0	900	720									66822	10:16:55.843	1536226389616146															0			Unclassified	8																									8017																			-34.01										4	4				
07/12/2018	3.3.2	Gaze Project	O4	3	M	Bilingual	G130	06/09/2018	89100	1280 x 720		Raw Data	Ord4_T5_L.avi	190	0	900	720									66831	10:16:55.851	1536226389624508															0			Unclassified	8																									8018																			-34.01										4	4				
07/12/2018	3.3.2	Gaze Project	O4	3	M	Bilingual	G130	06/09/2018	89100	1280 x 720		Raw Data	Ord4_T5_L.avi	190	0	900	720									66839	10:16:55.860	1536226389632763															0			Unclassified	8																									8019																			-34.01										4	4				
07/12/2018	3.3.2	Gaze Project	O4	3	M	Bilingual	G130	06/09/2018	89100	1280 x 720		Raw Data	Ord4_T5_L.avi	190	0	900	720									66847	10:16:55.868	1536226389641168															0			Unclassified	8																									8020																			-34.01										4	4				
07/12/2018	3.3.2	Gaze Project	O4	3	M	Bilingual	G130	06/09/2018	89100	1280 x 720		Raw Data	Ord4_T5_L.avi	190	0	900	720									66856	10:16:55.876	1536226389649458															0			Unclassified	8																									8021																			-34.01										4	4				
07/12/2018	3.3.2	Gaze Project	O4	3	M	Bilingual	G130	06/09/2018	89100	1280 x 720		Raw Data	Ord4_T5_L.avi	190	0	900	720									66864	10:16:55.885	1536226389657818															0			Unclassified	8																									8022																			-34.01										4	4				
07/12/2018	3.3.2	Gaze Project	O4	3	M	Bilingual	G130	06/09/2018	89100	1280 x 720		Raw Data	Ord4_T5_L.avi	190	0	900	720									66872	10:16:55.893	1536226389666177															0			Unclassified	8																									8023																			-34.01										4	4				
07/12/2018	3.3.2	Gaze Project	O4	3	M	Bilingual	G130	06/09/2018	89100	1280 x 720		Raw Data	Ord4_T5_L.avi	190	0	900	720									66881	10:16:55.901	1536226389674435															0			Unclassified	8																									8024																			-34.01										4	4				
07/12/2018	3.3.2	Gaze Project	O4	3	M	Bilingual	G130	06/09/2018	89100	1280 x 720		Raw Data	Ord4_T5_L.avi	190	0	900	720									66889	10:16:55.910	1536226389682766															0			Unclassified	8																									8025																			-34.01										4	4				
07/12/2018	3.3.2	Gaze Project	O4	3	M	Bilingual	G130	06/09/2018	89100	1280 x 720		Raw Data	Ord4_T5_L.avi	190	0	900	720									66897	10:16:55.918	1536226389691127															0			Unclassified	8																									8026																			-34.01										4	4				
07/12/2018	3.3.2	Gaze Project	O4	3	M	Bilingual	G130	06/09/2018	89100	1280 x 720		Raw Data	Ord4_T5_L.avi	190	0	900	720									66906	10:16:55.926	1536226389699489															0			Unclassified	8																									8027																			-34.01										4	4				
07/12/2018	3.3.2	Gaze Project	O4	3	M	Bilingual	G130	06/09/2018	89100	1280 x 720		Raw Data	Ord4_T5_L.avi	190	0	900	720									66914	10:16:55.935	1536226389707752															0			Unclassified	8																									8028																			-34.01										4	4				
07/12/2018	3.3.2	Gaze Project	O4	3	M	Bilingual	G130	06/09/2018	89100	1280 x 720		Raw Data	Ord4_T5_L.avi	190	0	900	720									66922	10:16:55.943	1536226389716094															0			Unclassified	8																									8029																			-34.01										4	4				
07/12/2018	3.3.2	Gaze Project	O4	3	M	Bilingual	G130	06/09/2018	89100	1280 x 720		Raw Data	Ord4_T5_L.avi	190	0	900	720									66931	10:16:55.951	1536226389724440															0			Unclassified	8																									8030																			-34.01										4	4				
07/12/2018	3.3.2	Gaze Project	O4	3	M	Bilingual	G130	06/09/2018	89100	1280 x 720		Raw Data	Ord4_T5_L.avi	190	0	900	720									66939	10:16:55.960	1536226389732788															0			Unclassified	8																									8031																			-34.01										4	4				
07/12/2018	3.3.2	Gaze Project	O4	3	M	Bilingual	G130	06/09/2018	89100	1280 x 720		Raw Data	Ord4_T5_L.avi	190	0	900	720									66947	10:16:55.968	1536226389741157															0			Unclassified	8																									8032																			-34.01										4	4				
07/12/2018	3.3.2	Gaze Project	O4	3	M	Bilingual	G130	06/09/2018	89100	1280 x 720		Raw Data	Ord4_T5_L.avi	190	0	900	720									66956	10:16:55.976	1536226389749425															0			Unclassified	8																									8033																			-34.01										4	4				
07/12/2018	3.3.2	Gaze Project	O4	3	M	Bilingual	G130	06/09/2018	89100	1280 x 720		Raw Data	Ord4_T5_L.avi	190	0	900	720									66964	10:16:55.985	1536226389757751															0			Unclassified	8																									8034																			-34.01										4	4				
07/12/2018	3.3.2	Gaze Project	O4	3	M	Bilingual	G130	06/09/2018	89100	1280 x 720		Raw Data	Ord4_T5_L.avi	190	0	900	720									66972	10:16:55.993	1536226389766114															0			Unclassified	8																									8035																			-34.01										4	4				
07/12/2018	3.3.2	Gaze Project	O4	3	M	Bilingual	G130	06/09/2018	89100	1280 x 720		Raw Data	Ord4_T5_L.avi	190	0	900	720									66981	10:16:56.001	1536226389774467															0			Unclassified	8																									8036																			-34.01										4	4				
07/12/2018	3.3.2	Gaze Project	O4	3	M	Bilingual	G130	06/09/2018	89100	1280 x 720		Raw Data	Ord4_T5_L.avi	190	0	900	720									66989	10:16:56.010	1536226389782826															0			Unclassified	8																									8037																			-34.01										4	4				
07/12/2018	3.3.2	Gaze Project	O4	3	M	Bilingual	G130	06/09/2018	89100	1280 x 720		Raw Data	Ord4_T5_L.avi	190	0	900	720									66997	10:16:56.018	1536226389791064															0			Unclassified	8																									8038																			-34.01										4	4				
07/12/2018	3.3.2	Gaze Project	O4	3	M	Bilingual	G130	06/09/2018	89100	1280 x 720		Raw Data	Ord4_T5_L.avi	190	0	900	720									67006	10:16:56.026	1536226389799415															0			Unclassified	8																									8039																			-34.01										4	4				
07/12/2018	3.3.2	Gaze Project	O4	3	M	Bilingual	G130	06/09/2018	89100	1280 x 720		Raw Data	Ord4_T5_L.avi	190	0	900	720									67014	10:16:56.035	1536226389807783															0			Unclassified	8																									8040																			-34.01										4	4				
07/12/2018	3.3.2	Gaze Project	O4	3	M	Bilingual	G130	06/09/2018	89100	1280 x 720		Raw Data	Ord4_T5_L.avi	190	0	900	720									67022	10:16:56.043	1536226389816141															0			Unclassified	8																									8041																			-34.01										4	4				
07/12/2018	3.3.2	Gaze Project	O4	3	M	Bilingual	G130	06/09/2018	89100	1280 x 720		Raw Data	Ord4_T5_L.avi	190	0	900	720									67031	10:16:56.051	1536226389824408															0			Unclassified	8																									8042																			-34.01										4	4				
07/12/2018	3.3.2	Gaze Project	O4	3	M	Bilingual	G130	06/09/2018	89100	1280 x 720		Raw Data	Ord4_T5_L.avi	190	0	900	720									67039	10:16:56.060	1536226389832752															0			Unclassified	8																									8043																			-34.01										4	4				
07/12/2018	3.3.2	Gaze Project	O4	3	M	Bilingual	G130	06/09/2018	89100	1280 x 720		Raw Data	Ord4_T5_L.avi	190	0	900	720									67047	10:16:56.068	1536226389841097															0			Unclassified	8																									8044																			-34.01										4	4				
07/12/2018	3.3.2	Gaze Project	O4	3	M	Bilingual	G130	06/09/2018	89100	1280 x 720		Raw Data	Ord4_T5_L.avi	190	0	900	720									67056	10:16:56.076	1536226389849444															0			Unclassified	8																									8045																			-34.01										4	4				
07/12/2018	3.3.2	Gaze Project	O4	3	M	Bilingual	G130	06/09/2018	89100	1280 x 720		Raw Data	Ord4_T5_L.avi	190	0	900	720									67064	10:16:56.085	1536226389857806															0			Unclassified	8																									8046																			-34.01										4	4				
07/12/2018	3.3.2	Gaze Project	O4	3	M	Bilingual	G130	06/09/2018	89100	1280 x 720		Raw Data	Ord4_T5_L.avi	190	0	900	720									67072	10:16:56.093	1536226389866076															0			Unclassified	8																									8047	731	183	485	183	608	183	418	183	293.58	216.30	194.57	216.27	244.08	216.29	287.06	206.77	759.50	287.08	206.23	757.83					785.36	785.36	3.86	3.87	2	2				
07/12/2018	3.3.2	Gaze Project	O4	3	M	Bilingual	G130	06/09/2018	89100	1280 x 720		Raw Data	Ord4_T5_L.avi	190	0	900	720									67081	10:16:56.101	1536226389874410															0			Unclassified	8																									8048																			-34.01										4	4				
07/12/2018	3.3.2	Gaze Project	O4	3	M	Bilingual	G130	06/09/2018	89100	1280 x 720		Raw Data	Ord4_T5_L.avi	190	0	900	720									67089	10:16:56.110	1536226389882766															0			Unclassified	8																									8049																			-34.01										4	4				
07/12/2018	3.3.2	Gaze Project	O4	3	M	Bilingual	G130	06/09/2018	89100	1280 x 720		Raw Data	Ord4_T5_L.avi	190	0	900	720									67097	10:16:56.118	1536226389891119															0			Unclassified	8																									8050	671	185	427	182	549	183	359	183	269.43	215.48	171.33	216.79	220.38	216.14	287.19	206.05	757.29	287.21	205.51	755.62					783.05	783.05	3.66	3.67	2	2				
07/12/2018	3.3.2	Gaze Project	O4	3	M	Bilingual	G130	06/09/2018	89100	1280 x 720		Raw Data	Ord4_T5_L.avi	190	0	900	720									67106	10:16:56.126	1536226389899401															0	5389		Fixation	8	473	353	3.02	287.30	78.06																				8051	721	225	663	353	692	289	502	289	289.46	199.47	266.03	147.71	277.74	173.59	287.29	203.75	749.86	333.85	206.66	755.00					775.28	775.28	3.74	4.36	0	0				
07/12/2018	3.3.2	Gaze Project	O4	3	M	Bilingual	G130	06/09/2018	89100	1280 x 720		Raw Data	Ord4_T5_L.avi	190	0	900	720									67114	10:16:56.135	1536226389907736															0	5390		Fixation	8	444	148	6.29	98.03	170.72																				8052	659	292	634	148	646	220	456	220	264.56	172.52	254.61	230.25	259.59	201.38	287.32	203.77	749.90	332.90	206.17	754.36					775.32	775.32	4.29	3.92	0	0				
07/12/2018	3.3.2	Gaze Project	O4	3	M	Bilingual	G130	06/09/2018	89100	1280 x 720		Raw Data	Ord4_T5_L.avi	190	0	900	720									67122	10:16:56.143	1536226389916072															0	5391		Fixation	8	497	360	6.69	283.99	185.97																				8053	703	150	687	360	695	255	505	255	282.38	229.58	275.84	145.06	279.11	187.32	288.09	206.64	758.33	332.44	203.29	745.19					784.25	784.25	3.60	4.59	0	0				
07/12/2018	3.3.2	Gaze Project	O4	3	M	Bilingual	G130	06/09/2018	89100	1280 x 720		Raw Data	Ord4_T5_L.avi	190	0	900	720									67131	10:16:56.151	1536226389924436															0	5392		Fixation	8	486	301	1.84	100.53	176.53																				8054	683	190	676	301	679	245	489	245	274.35	213.42	271.41	168.78	272.88	191.10	287.38	203.77	749.92	333.46	205.64	752.04					775.34	775.34	3.74	4.24	0	0				
07/12/2018	3.3.2	Gaze Project	O4	3	M	Bilingual	G130	06/09/2018	89100	1280 x 720		Raw Data	Ord4_T5_L.avi	190	0	900	720									67139	10:16:56.160	1536226389932790															0	5393		Fixation	8	480	327	0.81	257.05	156.52																				8055	690	251	670	327	680	289	490	289	276.94	188.80	268.95	158.42	272.95	173.61	287.40	203.80	750.02	333.56	205.79	752.55					775.44	775.44	3.88	4.50	0	0				
07/12/2018	3.3.2	Gaze Project	O4	3	M	Bilingual	G130	06/09/2018	89100	1280 x 720		Raw Data	Ord4_T5_L.avi	190	0	900	720									67147	10:16:56.168	1536226389941056															0	5394		Fixation	8	457	297	1.16	127.39	230.34																				8056	736	197	647	297	691	247	501	247	295.51	210.77	259.71	170.20	277.61	190.48	287.73	205.10	753.55	332.50	203.29	745.33					779.22	779.22	3.74	4.20	0	0				
07/12/2018	3.3.2	Gaze Project	O4	3	M	Bilingual	G130	06/09/2018	89100	1280 x 720		Raw Data	Ord4_T5_L.avi	190	0	900	720									67156	10:16:56.176	1536226389949467															0	5395		Fixation	8	552	81	7.05	66.33	298.94																				8057	711	255	742	81	726	168	536	168	285.21	187.22	297.77	257.24	291.49	222.23	287.40	203.88	750.22	334.99	218.08	791.17					775.66	775.66	4.17	4.00	0	0				
07/12/2018	3.3.2	Gaze Project	O4	3	M	Bilingual	G130	06/09/2018	89100	1280 x 720		Raw Data	Ord4_T5_L.avi	190	0	900	720									67164	10:16:56.185	1536226389957742															0			Unclassified	8																									8058	678	351			678	351	488	351	271.96	148.52					287.44	203.83	750.06		-34.01						775.49		4.62		0	4				
07/12/2018	3.3.2	Gaze Project	O4	3	M	Bilingual	G130	06/09/2018	89100	1280 x 720		Raw Data	Ord4_T5_L.avi	190	0	900	720									67172	10:16:56.193	1536226389966101															0	5396		Fixation	8	530	247	4.87	262.47	196.15																				8059	653	489	720	247	686	368	496	368	262.05	92.97	288.89	190.28	275.47	141.63	287.51	203.96	750.01	335.03	218.33	791.98					775.49	775.49	5.00	4.88	0	0				
07/12/2018	3.3.2	Gaze Project	O4	3	M	Bilingual	G130	06/09/2018	89100	1280 x 720		Raw Data	Ord4_T5_L.avi	190	0	900	720									67181	10:16:56.201	1536226389974458															0			Unclassified	8																									8060	672	249			672	249	482	249	269.67	189.51					287.28	212.53	777.26		-34.01						804.02		4.45		0	4				
07/12/2018	3.3.2	Gaze Project	O4	3	M	Bilingual	G130	06/09/2018	89100	1280 x 720		Raw Data	Ord4_T5_L.avi	190	0	900	720									67189	10:16:56.210	1536226389982725															0	5397		Fixation	8	488	238	1.24	167.87	265.39																				8061	715	249	678	238	696	243	506	243	286.99	189.78	272.06	194.16	279.53	191.97	287.45	203.82	749.99	335.19	219.33	795.00					775.42	775.42	4.05	4.86	0	0				
07/12/2018	3.3.2	Gaze Project	O4	3	M	Bilingual	G130	06/09/2018	89100	1280 x 720		Raw Data	Ord4_T5_L.avi	190	0	900	720									67197	10:16:56.218	1536226389991058															0			Unclassified	8																									8062	705	305			705	305	515	305	282.99	167.12					287.45	203.81	749.93		-34.01						775.36		4.23		0	4				
07/12/2018	3.3.2	Gaze Project	O4	3	M	Bilingual	G130	06/09/2018	89100	1280 x 720		Raw Data	Ord4_T5_L.avi	190	0	900	720									67206	10:16:56.226	1536226389999413															0	5398		Fixation	8	484	424	5.52	268.77	100.90																				8063	710	190	674	424	692	307	502	307	284.87	213.37	270.50	119.29	277.69	166.33	287.44	203.81	749.89	332.48	203.55	746.04					775.33	775.33	3.88	4.82	0	0				
07/12/2018	3.3.2	Gaze Project	O4	3	M	Bilingual	G130	06/09/2018	89100	1280 x 720		Raw Data	Ord4_T5_L.avi	190	0	900	720									67214	10:16:56.235	1536226390007773															0	5399		Fixation	8	504	375	1.61	67.86	159.09																				8064			694	375	694	375	504	375			278.57	138.76						332.47	203.55	745.97						0.00		4.67	4	0				
07/12/2018	3.3.2	Gaze Project	O4	3	M	Bilingual	G130	06/09/2018	89100	1280 x 720		Raw Data	Ord4_T5_L.avi	190	0	900	720									67222	10:16:56.243	1536226390016049															0	5400		Fixation	8	485	371	0.59	168.07	100.21																				8065	668	286	675	371	671	328	481	328	267.96	174.92	270.91	140.47	269.43	157.69	287.48	203.94	750.26	332.43	203.52	745.83					775.72	775.72	4.36	4.69	0	0				
07/12/2018	3.3.2	Gaze Project	O4	3	M	Bilingual	G130	06/09/2018	89100	1280 x 720		Raw Data	Ord4_T5_L.avi	190	0	900	720									67231	10:16:56.251	1536226390024391															0	5401		Fixation	8	530	417	1.97	314.28	146.20																				8066	689	408	720	417	704	412	514	412	276.74	125.61	288.85	121.96	282.79	123.78	287.44	203.85	749.96	332.35	203.65	745.77					775.41	775.41	4.55	4.73	0	0				
07/12/2018	3.3.2	Gaze Project	O4	3	M	Bilingual	G130	06/09/2018	89100	1280 x 720		Raw Data	Ord4_T5_L.avi	190	0	900	720									67239	10:16:56.260	1536226390032727															0	5402		Fixation	8	489	229	5.92	102.26	147.99																				8067	651	312	679	229	665	270	475	270	261.15	164.19	272.65	197.56	266.90	180.88	287.46	203.74	750.01	332.44	203.46	745.56					775.42	775.42	4.47	4.36	0	0				
07/12/2018	3.3.2	Gaze Project	O4	3	M	Bilingual	G130	06/09/2018	89100	1280 x 720		Raw Data	Ord4_T5_L.avi	190	0	900	720									67247	10:16:56.268	1536226390041072															0	5403		Fixation	8	490	290	1.80	270.94	168.67																				8068	691	394	680	290	685	342	495	342	277.38	131.39	273.06	173.18	275.22	152.28	287.37	204.05	750.54	342.01	224.75	810.43					776.01	776.01	4.85	5.27	0	0				
07/12/2018	3.3.2	Gaze Project	O4	3	M	Bilingual	G130	06/09/2018	89100	1280 x 720		Raw Data	Ord4_T5_L.avi	190	0	900	720									67256	10:16:56.276	1536226390049442															0	5404		Fixation	8	630	76	6.73	56.89	145.96																				8069	688	249	820	76	754	162	564	162	276.30	189.69	329.13	259.37	302.72	224.53	287.36	204.04	750.51	359.97	264.79	933.19					775.98	775.98	4.07	5.95	0	0				
07/12/2018	3.3.2	Gaze Project	O4	3	M	Bilingual	G130	06/09/2018	89100	1280 x 720		Raw Data	Ord4_T5_L.avi	190	0	900	720									67264	10:16:56.285	1536226390057707															0	5405		Fixation	8	483	273	6.54	233.36	176.47																				8070	701	310	673	273	687	291	497	291	281.50	165.19	270.21	180.03	275.85	172.61	287.35	204.04	750.50	334.79	218.11	790.87					775.98	775.98	4.30	4.87	0	0				
07/12/2018	3.3.2	Gaze Project	O4	3	M	Bilingual	G130	06/09/2018	89100	1280 x 720		Raw Data	Ord4_T5_L.avi	190	0	900	720									67272	10:16:56.293	1536226390066057															0	5406		Fixation	8	500	402	3.88	277.48	44.13																				8071	705	298	690	402	697	350	507	350	283.04	170.14	276.91	128.02	279.98	149.08	287.33	204.22	751.08	332.23	203.62	745.95					776.58	776.58	4.26	4.67	0	0				
07/12/2018	3.3.2	Gaze Project	O4	3	M	Bilingual	G130	06/09/2018	89100	1280 x 720		Raw Data	Ord4_T5_L.avi	190	0	900	720									67281	10:16:56.301	1536226390074395															0	5407		Fixation	8	473	381	1.05	142.04	224.55																				8072			663	381	663	381	473	381			266.06	136.55						332.37	203.70	746.22						0.00		4.70	4	0				
07/12/2018	3.3.2	Gaze Project	O4	3	M	Bilingual	G130	06/09/2018	89100	1280 x 720		Raw Data	Ord4_T5_L.avi	190	0	900	720									67289	10:16:56.310	1536226390082757															0	5408		Fixation	8	459	294	2.70	99.11	317.08																				8073	654	209	649	294	651	251	461	251	262.60	205.75	260.63	171.44	261.62	188.60	287.05	213.93	781.51	332.34	203.67	746.13					808.49	808.49	4.41	4.27	0	0				
07/12/2018	3.3.2	Gaze Project	O4	3	M	Bilingual	G130	06/09/2018	89100	1280 x 720		Raw Data	Ord4_T5_L.avi	190	0	900	720									67297	10:16:56.318	1536226390091109															0	5409		Fixation	8	499	317	1.41	330.02	230.91																				8074	621	284	689	317	655	300	465	300	249.30	175.47	276.60	162.46	262.95	168.96	287.28	203.61	749.24	332.28	203.55	746.18					774.64	774.64	4.18	4.44	0	0				
07/12/2018	3.3.2	Gaze Project	O4	3	M	Bilingual	G130	06/09/2018	89100	1280 x 720		Raw Data	Ord4_T5_L.avi	190	0	900	720									67306	10:16:56.326	1536226390099372															0			Unclassified	8																									8075	654	239			654	239	464	239	262.58	193.61					287.18	203.99	750.45		-34.01						775.91		4.22		0	4				
07/12/2018	3.3.2	Gaze Project	O4	3	M	Bilingual	G130	06/09/2018	89100	1280 x 720		Raw Data	Ord4_T5_L.avi	190	0	900	720									67314	10:16:56.335	1536226390107705															0			Unclassified	8																									8076	691	139			691	139	501	139	277.54	233.79					287.25	204.12	750.40		-34.01						775.90		3.65		0	4				
07/12/2018	3.3.2	Gaze Project	O4	3	M	Bilingual	G130	06/09/2018	89100	1280 x 720		Raw Data	Ord4_T5_L.avi	190	0	900	720									67322	10:16:56.343	1536226390116067															0	5410		Fixation	8	519	208	3.31	79.64	109.61																				8077	723	227	709	208	716	217	526	217	290.25	198.49	284.41	206.07	287.33	202.28	287.15	203.99	750.51	334.61	218.33	791.62					775.96	775.96	4.06	4.81	0	0				
07/12/2018	3.3.2	Gaze Project	O4	3	M	Bilingual	G130	06/09/2018	89100	1280 x 720		Raw Data	Ord4_T5_L.avi	190	0	900	720									67331	10:16:56.351	1536226390124412															0	5411		Fixation	8	471	261	2.07	227.93	148.29																				8078	577	75	661	261	619	168	429	168	231.72	259.72	265.46	185.03	248.59	222.38	287.16	204.11	750.46	334.65	218.61	792.50					775.95	775.95	3.18	5.00	0	0				
07/12/2018	3.3.2	Gaze Project	O4	3	M	Bilingual	G130	06/09/2018	89100	1280 x 720		Raw Data	Ord4_T5_L.avi	190	0	900	720									67339	10:16:56.360	1536226390132691															0	5412		Fixation	8	487	412	4.51	276.03	48.10																				8079	662	286	677	412	669	349	479	349	265.89	174.66	271.74	123.96	268.82	149.31	287.09	204.03	750.71	332.18	203.75	746.50					776.16	776.16	4.30	4.72	0	0				
07/12/2018	3.3.2	Gaze Project	O4	3	M	Bilingual	G130	06/09/2018	89100	1280 x 720		Raw Data	Ord4_T5_L.avi	190	0	900	720									67347	10:16:56.368	1536226390141046															0	5413		Fixation	8	517	471	2.02	296.88	20.85																				8080	682	303	707	471	694	387	504	387	273.82	167.99	283.60	100.41	278.71	134.20	287.08	203.75	749.90	332.05	203.86	746.46					775.31	775.31	4.28	4.70	0	0				
07/12/2018	3.3.2	Gaze Project	O4	3	M	Bilingual	G130	06/09/2018	89100	1280 x 720		Raw Data	Ord4_T5_L.avi	190	0	900	720									67356	10:16:56.376	1536226390149381															0	5414		Fixation	8	548	208	7.30	83.30	146.42																				8081			738	208	738	208	548	208			296.17	206.38						355.75	256.06	906.63						0.00		5.98	4	0				
07/12/2018	3.3.2	Gaze Project	O4	3	M	Bilingual	G130	06/09/2018	89100	1280 x 720		Raw Data	Ord4_T5_L.avi	190	0	900	720									67364	10:16:56.385	1536226390157733															0	5415		Fixation	8	518	166	1.31	125.45	42.15																				8082	713	169	708	166	710	167	520	167	286.40	221.92	284.10	223.10	285.25	222.51	287.09	204.18	751.30	355.53	255.56	905.11					776.77	776.77	4.02	5.84	0	0				
07/12/2018	3.3.2	Gaze Project	O4	3	M	Bilingual	G130	06/09/2018	89100	1280 x 720		Raw Data	Ord4_T5_L.avi	190	0	900	720									67372	10:16:56.393	1536226390166095															0	5416		Fixation	8	511	363	5.47	267.97	142.52																				8083	652	260	701	363	676	311	486	311	261.86	185.06	281.20	143.65	271.53	164.36	287.06	204.04	751.36	332.11	203.59	746.57					776.78	776.78	4.56	4.52	0	0				
07/12/2018	3.3.2	Gaze Project	O4	3	M	Bilingual	G130	06/09/2018	89100	1280 x 720		Raw Data	Ord4_T5_L.avi	190	0	900	720									67381	10:16:56.401	1536226390174363															0	5417		Fixation	8	541	215	4.17	78.58	170.61																				8084	604	191	731	215	667	203	477	203	242.34	213.02	293.56	203.31	267.95	208.16	287.23	204.28	751.26	356.08	256.74	908.89					776.77	776.77	4.04	5.93	0	0				
07/12/2018	3.3.2	Gaze Project	O4	3	M	Bilingual	G130	06/09/2018	89100	1280 x 720		Raw Data	Ord4_T5_L.avi	190	0	900	720									67389	10:16:56.410	1536226390182696															0	5418		Fixation	8	487	331	3.48	245.11	166.53																				8085	659	283	677	331	668	307	478	307	264.40	176.18	271.79	156.79	268.09	166.49	287.06	203.97	750.79	333.47	211.94	772.34					776.22	776.22	4.28	4.82	0	0				
07/12/2018	3.3.2	Gaze Project	O4	3	M	Bilingual	G130	06/09/2018	89100	1280 x 720		Raw Data	Ord4_T5_L.avi	190	0	900	720									67397	10:16:56.418	1536226390191046															0	5419		Fixation	8	487	205	3.74	90.00	204.89																				8086			677	205	677	205	487	205			271.79	207.23						333.54	212.32	773.56						0.00		4.55	4	0				
07/12/2018	3.3.2	Gaze Project	O4	3	M	Bilingual	G130	06/09/2018	89100	1280 x 720		Raw Data	Ord4_T5_L.avi	190	0	900	720									67406	10:16:56.426	1536226390199409															0			Unclassified	8																									8087	667	254			667	254	477	254	267.94	187.69					286.84	212.58	777.92		-34.01						804.65		4.55		0	4				
07/12/2018	3.3.2	Gaze Project	O4	3	M	Bilingual	G130	06/09/2018	89100	1280 x 720		Raw Data	Ord4_T5_L.avi	190	0	900	720									67414	10:16:56.435	1536226390207761															0	5420		Fixation	8	466	325	3.46	260.11	170.11																				8088	601	133	656	325	628	229	438	229	241.06	236.35	263.47	159.02	252.26	197.68	287.17	204.02	750.77	345.72	233.50	837.90					776.22	776.22	3.59	5.38	0	0				
07/12/2018	3.3.2	Gaze Project	O4	3	M	Bilingual	G130	06/09/2018	89100	1280 x 720		Raw Data	Ord4_T5_L.avi	190	0	900	720									67422	10:16:56.443	1536226390216023															0			Unclassified	8																									8089	663	304			663	304	473	304	265.98	167.61					287.05	203.72	750.36		-34.01						775.73		4.49		0	4				
07/12/2018	3.3.2	Gaze Project	O4	3	M	Bilingual	G130	06/09/2018	89100	1280 x 720		Raw Data	Ord4_T5_L.avi	190	0	900	720									67431	10:16:56.451	1536226390224361															0			Unclassified	8																									8090																			-34.01										4	4				
07/12/2018	3.3.2	Gaze Project	O4	3	M	Bilingual	G130	06/09/2018	89100	1280 x 720		Raw Data	Ord4_T5_L.avi	190	0	900	720									67439	10:16:56.460	1536226390232714															0	5421		Fixation	8	468	236	2.50	88.72	188.61																				8091	625	190	658	236	641	213	451	213	250.70	213.41	264.26	194.72	257.48	204.06	286.89	213.07	779.86	334.56	217.74	790.72					806.65	806.65	4.55	4.85	0	0				
07/12/2018	3.3.2	Gaze Project	O4	3	M	Bilingual	G130	06/09/2018	89100	1280 x 720		Raw Data	Ord4_T5_L.avi	190	0	900	720									67447	10:16:56.468	1536226390241075															0	5422		Fixation	8	465	334	2.84	268.25	179.54																				8092	663	276	655	334	659	305	469	305	266.07	178.75	262.89	155.52	264.48	167.13	286.81	219.07	798.49	334.56	217.62	790.45					826.20	826.20	4.93	4.92	0	0				
07/12/2018	3.3.2	Gaze Project	O4	3	M	Bilingual	G130	06/09/2018	89100	1280 x 720		Raw Data	Ord4_T5_L.avi	190	0	900	720									67456	10:16:56.476	1536226390249348															0	5423		Fixation	8	471	263	2.09	85.19	176.93																				8093	669	288	661	263	665	275	475	275	268.40	173.80	265.47	184.10	266.93	178.95	286.85	217.79	794.67	333.67	211.90	772.99					822.18	822.18	4.58	4.71	0	0				
07/12/2018	3.3.2	Gaze Project	O4	3	M	Bilingual	G130	06/09/2018	89100	1280 x 720		Raw Data	Ord4_T5_L.avi	190	0	900	720									67464	10:16:56.485	1536226390257689															0	5424		Fixation	8	487	308	1.44	289.51	204.33																				8094	651	299	677	308	664	303	474	303	261.40	169.73	271.61	165.78	266.50	167.76	286.86	217.87	795.01	332.21	202.86	744.91					822.53	822.53	4.72	4.35	0	0				
07/12/2018	3.3.2	Gaze Project	O4	3	M	Bilingual	G130	06/09/2018	89100	1280 x 720		Raw Data	Ord4_T5_L.avi	190	0	900	720									67472	10:16:56.493	1536226390266028															0	5425		Fixation	8	475	156	4.25	94.50	164.98																				8095	700	304	665	156	682	230	492	230	280.82	167.72	266.87	227.14	273.85	197.43	287.18	203.26	749.59	355.49	254.07	901.96					774.86	774.86	4.25	5.63	0	0				
07/12/2018	3.3.2	Gaze Project	O4	3	M	Bilingual	G130	06/09/2018	89100	1280 x 720		Raw Data	Ord4_T5_L.avi	190	0	900	720									67481	10:16:56.501	1536226390274389															0	5426		Fixation	8	474	379	6.20	269.74	175.24																				8096	665	256	664	379	664	317	474	317	267.10	187.02	266.53	137.27	266.81	162.15	287.24	203.13	749.29	332.31	202.79	744.93					774.54	774.54	4.00	4.65	0	0				
07/12/2018	3.3.2	Gaze Project	O4	3	M	Bilingual	G130	06/09/2018	89100	1280 x 720		Raw Data	Ord4_T5_L.avi	190	0	900	720									67489	10:16:56.510	1536226390282745															0	5427		Fixation	8	510	228	4.63	76.63	166.89																				8097	664	214	700	228	682	221	492	221	266.36	203.68	281.06	198.24	273.71	200.96	287.27	202.95	748.86	334.75	217.32	790.17					774.08	774.08	4.11	4.88	0	0				
07/12/2018	3.3.2	Gaze Project	O4	3	M	Bilingual	G130	06/09/2018	89100	1280 x 720		Raw Data	Ord4_T5_L.avi	190	0	900	720									67497	10:16:56.518	1536226390291008															0	5428		Fixation	8	460	342	3.72	246.39	169.75																				8098	654	185	650	342	652	263	462	263	262.52	215.36	261.01	152.33	261.77	183.85	287.34	203.25	749.83	332.33	202.36	743.87					775.10	775.10	3.70	4.49	0	0				
07/12/2018	3.3.2	Gaze Project	O4	3	M	Bilingual	G130	06/09/2018	89100	1280 x 720		Raw Data	Ord4_T5_L.avi	190	0	900	720									67506	10:16:56.526	1536226390299340															0	5429		Fixation	8	456	379	1.14	263.85	17.46																				8099	689	286	646	379	667	332	477	332	276.64	174.66	259.42	137.45	268.03	156.05	287.37	202.85	748.74	332.40	202.21	743.93					773.94	773.94	4.32	4.66	0	0				
07/12/2018	3.3.2	Gaze Project	O4	3	M	Bilingual	G130	06/09/2018	89100	1280 x 720		Raw Data	Ord4_T5_L.avi	190	0	900	720									67514	10:16:56.535	1536226390307685															0	5430		Fixation	8	442	388	0.51	212.82	308.97																				8100	661	290	632	388	646	339	456	339	265.30	173.12	253.84	133.72	259.57	153.42	287.37	202.53	747.85	332.42	202.39	744.20					773.00	773.00	3.94	4.68	0	0				
07/12/2018	3.3.2	Gaze Project	O4	3	M	Bilingual	G130	06/09/2018	89100	1280 x 720		Raw Data	Ord4_T5_L.avi	190	0	900	720									67522	10:16:56.543	1536226390316044															0	5431		Fixation	8	428	319	2.16	101.43	248.61																				8101			618	319	618	319	428	319			248.01	161.63						332.39	202.25	744.11						0.00		4.03	4	0				
07/12/2018	3.3.2	Gaze Project	O4	3	M	Bilingual	G130	06/09/2018	89100	1280 x 720		Raw Data	Ord4_T5_L.avi	190	0	900	720									67531	10:16:56.551	1536226390324403															0			Unclassified	8																									8102																			-34.01										4	4				
07/12/2018	3.3.2	Gaze Project	O4	3	M	Bilingual	G130	06/09/2018	89100	1280 x 720		Raw Data	Ord4_T5_L.avi	190	0	900	720									67539	10:16:56.560	1536226390332677															0	5432		Fixation	8	427	527	6.28	269.73	168.29																				8103			617	527	617	527	427	527			247.61	77.75						333.87	205.33	753.87						0.00		4.52	4	0				
07/12/2018	3.3.2	Gaze Project	O4	3	M	Bilingual	G130	06/09/2018	89100	1280 x 720		Raw Data	Ord4_T5_L.avi	190	0	900	720									67547	10:16:56.568	1536226390341012															0	5433		Fixation	8	435	621	2.76	274.85	5.12																				8104	613	495	625	621	619	558	429	558	246.03	90.43	250.77	39.76	248.40	65.09	287.53	202.08	748.04	334.68	206.91	758.93					773.04	773.04	4.16	4.52	0	0				
07/12/2018	3.3.2	Gaze Project	O4	3	M	Bilingual	G130	06/09/2018	89100	1280 x 720		Raw Data	Ord4_T5_L.avi	190	0	900	720									67556	10:16:56.576	1536226390349357															0			Unclassified	8																									8105	587	295			587	295	397	295	235.71	171.18					287.58	202.04	747.69		-34.01						772.70		3.53		0	4				
07/12/2018	3.3.2	Gaze Project	O4	3	M	Bilingual	G130	06/09/2018	89100	1280 x 720		Raw Data	Ord4_T5_L.avi	190	0	900	720									67564	10:16:56.585	1536226390357730															0	5434		Fixation	8	453	304	9.50	86.76	171.91																				8106	610	158	643	304	626	231	436	231	244.72	226.28	257.96	167.55	251.34	196.91	293.38	223.18	812.63	332.63	201.82	744.28					841.18	841.18	3.18	3.42	0	0				
07/12/2018	3.3.2	Gaze Project	O4	3	M	Bilingual	G130	06/09/2018	89100	1280 x 720		Raw Data	Ord4_T5_L.avi	190	0	900	720									67572	10:16:56.593	1536226390365967															0	5435		Fixation	8	444	595	8.83	268.23	181.47																				8107	587	609	634	595	610	602	420	602	235.61	44.78	254.33	50.45	244.97	47.61	287.61	204.50	755.69	332.63	201.56	743.15					781.06	781.06	4.49	4.22	0	0				
07/12/2018	3.3.2	Gaze Project	O4	3	M	Bilingual	G130	06/09/2018	89100	1280 x 720		Raw Data	Ord4_T5_L.avi	190	0	900	720									67581	10:16:56.601	1536226390374342															0	5436		Fixation	8	400	627	1.60	216.12	307.88																				8108	599	442	590	627	594	534	404	534	240.57	112.12	236.70	37.39	238.63	74.75	287.71	201.96	747.48	332.69	201.51	743.06					772.48	772.48	3.85	4.52	0	0				
07/12/2018	3.3.2	Gaze Project	O4	3	M	Bilingual	G130	06/09/2018	89100	1280 x 720		Raw Data	Ord4_T5_L.avi	190	0	900	720									67589	10:16:56.610	1536226390382683															0			Unclassified	8																									8109	621	154			621	154	431	154	249.40	227.75					294.26	225.68	820.46		-34.01						849.42		3.63		0	4				
07/12/2018	3.3.2	Gaze Project	O4	3	M	Bilingual	G130	06/09/2018	89100	1280 x 720		Raw Data	Ord4_T5_L.avi	190	0	900	720									67597	10:16:56.618	1536226390391040															0	5437		Fixation	8	389	650	0.74	244.51	28.40																				8110	592	648	579	650	585	649	395	649	237.77	29.14	232.43	28.27	235.10	28.71	287.81	201.87	747.23	332.79	201.31	742.60					772.22	772.22	4.34	4.44	0	0				
07/12/2018	3.3.2	Gaze Project	O4	3	M	Bilingual	G130	06/09/2018	89100	1280 x 720		Raw Data	Ord4_T5_L.avi	190	0	900	720									67606	10:16:56.626	1536226390399396															0	5438		Fixation	8	382	574	2.26	95.25	210.73																				8111			572	574	572	574	382	574			229.75	58.81						332.86	201.26	742.49						0.00		4.30	4	0				
07/12/2018	3.3.2	Gaze Project	O4	3	M	Bilingual	G130	06/09/2018	89100	1280 x 720		Raw Data	Ord4_T5_L.avi	190	0	900	720									67614	10:16:56.635	1536226390407665															0	5439		Fixation	8	414	589	1.04	334.81	239.57																				8112			604	589	604	589	414	589			242.40	52.77						334.50	210.49	771.48						0.00		4.84	4	0				
07/12/2018	3.3.2	Gaze Project	O4	3	M	Bilingual	G130	06/09/2018	89100	1280 x 720		Raw Data	Ord4_T5_L.avi	190	0	900	720									67622	10:16:56.643	1536226390415994															0	5440		Fixation	8	435	617	1.01	306.78	331.97																				8113	554	616	625	617	589	616	399	616	222.27	41.84	250.77	41.53	236.52	41.69	288.10	201.99	747.18	334.59	210.39	771.22					772.22	772.22	4.25	4.78	0	0				
07/12/2018	3.3.2	Gaze Project	O4	3	M	Bilingual	G130	06/09/2018	89100	1280 x 720		Raw Data	Ord4_T5_L.avi	190	0	900	720									67631	10:16:56.651	1536226390424352															0			Unclassified	8																									8114	551	649			551	649	361	649	221.02	28.47					288.24	201.98	747.18		-34.01						772.23		4.46		0	4				
07/12/2018	3.3.2	Gaze Project	O4	3	M	Bilingual	G130	06/09/2018	89100	1280 x 720		Raw Data	Ord4_T5_L.avi	190	0	900	720									67639	10:16:56.660	1536226390432710															0			Unclassified	8																									8115																			-34.01										4	4				
07/12/2018	3.3.2	Gaze Project	O4	3	M	Bilingual	G130	06/09/2018	89100	1280 x 720		Raw Data	Ord4_T5_L.avi	190	0	900	720									67647	10:16:56.668	1536226390440977															0	5441		Fixation	8	411	611	0.71	165.92	219.14																				8116	601	638	601	611	601	624	411	624	241.36	33.08	241.19	43.94	241.28	38.51	288.37	201.98	747.18	334.97	210.89	772.96					772.23	772.23	4.48	4.86	0	0				
07/12/2018	3.3.2	Gaze Project	O4	3	M	Bilingual	G130	06/09/2018	89100	1280 x 720		Raw Data	Ord4_T5_L.avi	190	0	900	720									67656	10:16:56.676	1536226390449328															0			Unclassified	8																									8117	612	619			612	619	422	619	245.57	40.49					293.44	220.20	803.52		-34.01						831.60		4.94		0	4				
07/12/2018	3.3.2	Gaze Project	O4	3	M	Bilingual	G130	06/09/2018	89100	1280 x 720		Raw Data	Ord4_T5_L.avi	190	0	900	720									67664	10:16:56.685	1536226390457670															0	5442		Fixation	8	422	599	0.46	47.58	241.66																				8118	601	683	612	599	606	641	416	641	241.30	14.84	245.75	48.81	243.52	31.82	288.57	201.98	747.18	335.03	210.01	770.38					772.24	772.24	4.44	4.78	0	0				
07/12/2018	3.3.2	Gaze Project	O4	3	M	Bilingual	G130	06/09/2018	89100	1280 x 720		Raw Data	Ord4_T5_L.avi	190	0	900	720									67672	10:16:56.693	1536226390466023															0			Unclassified	8																									8119	570	484			570	484	380	484	228.79	94.88					288.72	201.99	747.18		-34.01						772.24		4.28		0	4				
07/12/2018	3.3.2	Gaze Project	O4	3	M	Bilingual	G130	06/09/2018	89100	1280 x 720		Raw Data	Ord4_T5_L.avi	190	0	900	720									67681	10:16:56.701	1536226390474380															0			Unclassified	8																									8120	612	590			612	590	422	590	245.68	52.46					296.80	231.20	837.57		-34.01						867.50		5.07		0	4				
07/12/2018	3.3.2	Gaze Project	O4	3	M	Bilingual	G130	06/09/2018	89100	1280 x 720		Raw Data	Ord4_T5_L.avi	190	0	900	720									67689	10:16:56.710	1536226390482650															0			Unclassified	8																									8121																			-34.01										4	4				
07/12/2018	3.3.2	Gaze Project	O4	3	M	Bilingual	G130	06/09/2018	89100	1280 x 720		Raw Data	Ord4_T5_L.avi	190	0	900	720									67697	10:16:56.718	1536226390491006															0	5443		Fixation	8	402	619	0.80	225.09	177.51																				8122			592	619	592	619	402	619			237.56	40.60						335.27	208.99	767.42						0.00		4.90	4	0				
07/12/2018	3.3.2	Gaze Project	O4	3	M	Bilingual	G130	06/09/2018	89100	1280 x 720		Raw Data	Ord4_T5_L.avi	190	0	900	720									67706	10:16:56.726	1536226390499339															0			Unclassified	8																									8123	595	675			595	675	405	675	238.64	18.21					298.09	234.41	847.44		-34.01						877.93		4.97		0	4				
07/12/2018	3.3.2	Gaze Project	O4	3	M	Bilingual	G130	06/09/2018	89100	1280 x 720		Raw Data	Ord4_T5_L.avi	190	0	900	720									67714	10:16:56.735	1536226390507692															0			Unclassified	8																									8124																			-34.01										4	4				
07/12/2018	3.3.2	Gaze Project	O4	3	M	Bilingual	G130	06/09/2018	89100	1280 x 720		Raw Data	Ord4_T5_L.avi	190	0	900	720									67722	10:16:56.743	1536226390516048															0			Unclassified	8																									8125	596	572			596	572	406	572	239.05	59.41					299.07	237.17	855.95		-34.01						886.91		5.14		0	4				
07/12/2018	3.3.2	Gaze Project	O4	3	M	Bilingual	G130	06/09/2018	89100	1280 x 720		Raw Data	Ord4_T5_L.avi	190	0	900	720									67731	10:16:56.751	1536226390524311															0			Unclassified	8																									8126																			-34.01										4	4				
07/12/2018	3.3.2	Gaze Project	O4	3	M	Bilingual	G130	06/09/2018	89100	1280 x 720		Raw Data	Ord4_T5_L.avi	190	0	900	720									67739	10:16:56.760	1536226390532647															0			Unclassified	8																									8127	563	593			563	593	373	593	225.90	51.15					297.51	231.30	837.75		-34.01						867.73		4.94		0	4				
07/12/2018	3.3.2	Gaze Project	O4	3	M	Bilingual	G130	06/09/2018	89100	1280 x 720		Raw Data	Ord4_T5_L.avi	190	0	900	720									67747	10:16:56.768	1536226390540995															0			Unclassified	8																									8128																			-34.01										4	4				
07/12/2018	3.3.2	Gaze Project	O4	3	M	Bilingual	G130	06/09/2018	89100	1280 x 720		Raw Data	Ord4_T5_L.avi	190	0	900	720									67756	10:16:56.776	1536226390549362															0	5444		Fixation	8	391	629	0.42	222.37	357.27																				8129	623	473	581	629	602	551	412	551	250.16	99.43	233.38	36.63	241.77	68.03	294.13	218.72	798.75	335.71	208.22	765.32					826.64	826.64	4.39	4.81	0	0				
07/12/2018	3.3.2	Gaze Project	O4	3	M	Bilingual	G130	06/09/2018	89100	1280 x 720		Raw Data	Ord4_T5_L.avi	190	0	900	720									67764	10:16:56.785	1536226390557626															0	5445		Fixation	8	413	622	0.66	17.70	155.34																				8130	545	247	603	622	574	434	384	434	218.93	190.36	241.89	39.41	230.41	114.88	304.49	255.18	911.47	335.58	207.19	762.16					945.47	945.47	4.80	4.78	0	0				
07/12/2018	3.3.2	Gaze Project	O4	3	M	Bilingual	G130	06/09/2018	89100	1280 x 720		Raw Data	Ord4_T5_L.avi	190	0	900	720									67772	10:16:56.793	1536226390565987															0			Unclassified	8																									8131	509	318			509	318	319	318	204.48	161.96					299.59	237.42	856.49		-34.01						887.53		4.45		0	4				
07/12/2018	3.3.2	Gaze Project	O4	3	M	Bilingual	G130	06/09/2018	89100	1280 x 720		Raw Data	Ord4_T5_L.avi	190	0	900	720									67781	10:16:56.801	1536226390574385															0			Unclassified	8																									8132	614	524			614	524	424	524	246.64	78.98					294.30	218.66	798.41		-34.01						826.31		4.46		0	4				
07/12/2018	3.3.2	Gaze Project	O4	3	M	Bilingual	G130	06/09/2018	89100	1280 x 720		Raw Data	Ord4_T5_L.avi	190	0	900	720									67789	10:16:56.810	1536226390582673															0	5446		Fixation	8	389	613	0.75	159.38	141.68																				8133	672	534	579	613	625	573	435	573	269.73	74.95	232.32	43.16	251.02	59.06	294.46	219.16	799.91	335.88	208.00	764.71					827.90	827.90	4.60	4.81	0	0				
07/12/2018	3.3.2	Gaze Project	O4	3	M	Bilingual	G130	06/09/2018	89100	1280 x 720		Raw Data	Ord4_T5_L.avi	190	0	900	720									67797	10:16:56.818	1536226390591031															0			Unclassified	8																									8134	599	518			599	518	409	518	240.57	81.33					303.77	252.45	902.80		-34.01						936.36		5.45		0	4				
07/12/2018	3.3.2	Gaze Project	O4	3	M	Bilingual	G130	06/09/2018	89100	1280 x 720		Raw Data	Ord4_T5_L.avi	190	0	900	720									67806	10:16:56.826	1536226390599300															0			Unclassified	8																									8135	673	575			673	575	483	575	270.16	58.39					297.35	229.12	830.63		-34.01						860.29		4.94		0	4				
07/12/2018	3.3.2	Gaze Project	O4	3	M	Bilingual	G130	06/09/2018	89100	1280 x 720		Raw Data	Ord4_T5_L.avi	190	0	900	720									67814	10:16:56.835	1536226390607629															0			Unclassified	8																									8136																			-34.01										4	4				
07/12/2018	3.3.2	Gaze Project	O4	3	M	Bilingual	G130	06/09/2018	89100	1280 x 720		Raw Data	Ord4_T5_L.avi	190	0	900	720									67822	10:16:56.843	1536226390615986															0	5447		Fixation	8	402	626	0.53	314.91	155.52																				8137	652	230	592	626	622	428	432	428	261.56	197.48	237.71	37.82	249.64	117.65	294.58	218.93	799.07	336.84	212.58	778.97					827.03	827.03	3.73	5.00	0	0				
07/12/2018	3.3.2	Gaze Project	O4	3	M	Bilingual	G130	06/09/2018	89100	1280 x 720		Raw Data	Ord4_T5_L.avi	190	0	900	720									67831	10:16:56.851	1536226390624333															0			Unclassified	8																									8138																			-34.01										4	4				
07/12/2018	3.3.2	Gaze Project	O4	3	M	Bilingual	G130	06/09/2018	89100	1280 x 720		Raw Data	Ord4_T5_L.avi	190	0	900	720									67839	10:16:56.860	1536226390632702															0			Unclassified	8																									8139	603	556	350	524	476	540	286	540	242.12	66.18	140.42	78.79	191.27	72.48	289.41	207.27	763.93	289.35	212.18	779.13					789.82	789.82	4.18	4.29	1	3				
07/12/2018	3.3.2	Gaze Project	O4	3	M	Bilingual	G130	06/09/2018	89100	1280 x 720		Raw Data	Ord4_T5_L.avi	190	0	900	720									67847	10:16:56.868	1536226390640962															0			Unclassified	8																									8140																			-34.01										4	4				
07/12/2018	3.3.2	Gaze Project	O4	3	M	Bilingual	G130	06/09/2018	89100	1280 x 720		Raw Data	Ord4_T5_L.avi	190	0	900	720									67856	10:16:56.876	1536226390649300															0			Unclassified	8																									8141	618	635	365	646	491	640	301	640	247.91	34.31	146.70	29.66	197.31	31.99	297.28	228.12	827.60	292.86	212.41	779.03					857.10	857.10	4.83	4.58	1	3				
07/12/2018	3.3.2	Gaze Project	O4	3	M	Bilingual	G130	06/09/2018	89100	1280 x 720		Raw Data	Ord4_T5_L.avi	190	0	900	720									67864	10:16:56.885	1536226390657658															0	5448		Fixation	8	405	646	0.57	278.50	323.60																				8142	588	627	595	646	591	636	401	636	235.95	37.47	238.98	29.94	237.46	33.70	289.44	206.52	761.73	335.99	207.11	762.45					787.50	787.50	4.33	4.84	0	0				
07/12/2018	3.3.2	Gaze Project	O4	3	M	Bilingual	G130	06/09/2018	89100	1280 x 720		Raw Data	Ord4_T5_L.avi	190	0	900	720									67872	10:16:56.893	1536226390666016															0			Unclassified	8																									8143	565	332	336	413	450	372	260	372	226.82	156.17	134.69	123.53	180.76	139.85	297.89	230.23	834.23	291.36	207.03	762.48					864.07	864.07	4.34	3.99	1	3				
07/12/2018	3.3.2	Gaze Project	O4	3	M	Bilingual	G130	06/09/2018	89100	1280 x 720		Raw Data	Ord4_T5_L.avi	190	0	900	720									67881	10:16:56.901	1536226390674271															0	5449		Fixation	8	406	662	0.46	273.56	355.06																				8144	579	631	596	662	587	646	397	646	232.59	35.86	239.08	23.46	235.84	29.66	299.57	235.72	851.29	334.63	199.41	738.41					882.06	882.06	5.17	4.59	0	0				
07/12/2018	3.3.2	Gaze Project	O4	3	M	Bilingual	G130	06/09/2018	89100	1280 x 720		Raw Data	Ord4_T5_L.avi	190	0	900	720									67889	10:16:56.910	1536226390682631															0	5450		Fixation	8	415	683	0.67	293.13	19.57																				8145	586	617	605	683	595	650	405	650	235.23	41.57	242.70	15.00	238.97	28.28	289.51	201.63	746.73	335.10	201.91	746.61					771.74	771.74	4.45	4.47	0	0				
07/12/2018	3.3.2	Gaze Project	O4	3	M	Bilingual	G130	06/09/2018	89100	1280 x 720		Raw Data	Ord4_T5_L.avi	190	0	900	720									67897	10:16:56.918	1536226390690970															0	5451		Fixation	8	411	666	0.51	103.20	170.07																				8146	602	663	601	666	601	664	411	664	241.47	22.78	241.05	21.68	241.26	22.23	289.52	201.37	745.97	334.63	199.22	737.96					770.94	770.94	4.48	4.41	0	0				
07/12/2018	3.3.2	Gaze Project	O4	3	M	Bilingual	G130	06/09/2018	89100	1280 x 720		Raw Data	Ord4_T5_L.avi	190	0	900	720									67906	10:16:56.926	1536226390699314															0			Unclassified	8																									8147	606	678			606	678	416	678	243.15	16.79					289.54	200.16	741.86		-34.01						766.66		4.49		0	4				
07/12/2018	3.3.2	Gaze Project	O4	3	M	Bilingual	G130	06/09/2018	89100	1280 x 720		Raw Data	Ord4_T5_L.avi	190	0	900	720									67914	10:16:56.935	1536226390707679															0	5452		Fixation	8	434	651	0.80	33.20	290.00																				8148	587	422	624	651	605	536	415	536	235.76	120.02	250.54	27.92	243.15	73.97	289.56	200.03	741.91	335.00	201.02	744.06					766.67	766.67	3.98	4.45	0	0				
07/12/2018	3.3.2	Gaze Project	O4	3	M	Bilingual	G130	06/09/2018	89100	1280 x 720		Raw Data	Ord4_T5_L.avi	190	0	900	720									67922	10:16:56.943	1536226390715948															0	5453		Fixation	8	423	605	1.41	103.41	70.21																				8149	630	662	613	605	621	633	431	633	252.91	23.37	245.93	46.16	249.42	34.76	289.57	204.09	754.44	334.68	199.11	737.81					779.83	779.83	4.64	4.26	0	0				
07/12/2018	3.3.2	Gaze Project	O4	3	M	Bilingual	G130	06/09/2018	89100	1280 x 720		Raw Data	Ord4_T5_L.avi	190	0	900	720									67931	10:16:56.951	1536226390724279															0	5454		Fixation	8	502	573	2.55	22.12	278.71																				8150			692	573	692	573	502	573			277.66	59.20						335.45	200.74	742.46						0.00		4.29	4	0				
07/12/2018	3.3.2	Gaze Project	O4	3	M	Bilingual	G130	06/09/2018	89100	1280 x 720		Raw Data	Ord4_T5_L.avi	190	0	900	720									67939	10:16:56.960	1536226390732636															0	5455		Fixation	8	456	648	2.61	238.56	216.44																				8151			646	648	646	648	456	648			259.23	29.16						334.72	198.98	737.49						0.00		4.39	4	0				
07/12/2018	3.3.2	Gaze Project	O4	3	M	Bilingual	G130	06/09/2018	89100	1280 x 720		Raw Data	Ord4_T5_L.avi	190	0	900	720									67947	10:16:56.968	1536226390740995															0	5456		Fixation	8	470	643	0.44	19.71	141.15																				8152			660	643	660	643	470	643			264.81	31.00						334.73	198.85	737.54						0.00		4.42	4	0				
07/12/2018	3.3.2	Gaze Project	O4	3	M	Bilingual	G130	06/09/2018	89100	1280 x 720		Raw Data	Ord4_T5_L.avi	190	0	900	720									67956	10:16:56.976	1536226390749278															0	5457		Fixation	8	437	672	1.29	221.40	201.69																				8153			627	672	627	672	437	672			251.55	19.13						334.75	198.94	737.47						0.00		4.48	4	0				
07/12/2018	3.3.2	Gaze Project	O4	3	M	Bilingual	G130	06/09/2018	89100	1280 x 720		Raw Data	Ord4_T5_L.avi	190	0	900	720									67964	10:16:56.985	1536226390757614															0			Unclassified	8																									8154	669	342			669	342	479	342	268.71	152.07					289.73	200.10	741.86		-34.01						766.65		3.55		0	4				
07/12/2018	3.3.2	Gaze Project	O4	3	M	Bilingual	G130	06/09/2018	89100	1280 x 720		Raw Data	Ord4_T5_L.avi	190	0	900	720									67972	10:16:56.993	1536226390765943															0			Unclassified	8																									8155	633	489			633	489	443	489	254.25	93.22					290.55	203.04	750.51		-34.01						775.81		3.81		0	4				
07/12/2018	3.3.2	Gaze Project	O4	3	M	Bilingual	G130	06/09/2018	89100	1280 x 720		Raw Data	Ord4_T5_L.avi	190	0	900	720									67981	10:16:57.001	1536226390774310															0			Unclassified	8																									8156	633	489			633	489	443	489	254.25	93.22					294.26	216.09	790.91		-34.01						818.38		3.81		0	4				
07/12/2018	3.3.2	Gaze Project	O4	3	M	Bilingual	G130	06/09/2018	89100	1280 x 720		Raw Data	Ord4_T5_L.avi	190	0	900	720									67989	10:16:57.010	1536226390782664															0	5458		Fixation	8	454	627	1.39	69.37	207.97																				8157	655	643	644	627	649	635	459	635	262.73	31.20	258.58	37.51	260.66	34.35	289.72	199.83	741.04	336.35	207.43	764.23					765.79	765.79	4.44	4.79	0	0				
07/12/2018	3.3.2	Gaze Project	O4	3	M	Bilingual	G130	06/09/2018	89100	1280 x 720		Raw Data	Ord4_T5_L.avi	190	0	900	720									67997	10:16:57.018	1536226390790907															0			Unclassified	8																									8158	631	670			631	670	441	670	253.46	20.13					289.81	199.95	740.99		-34.01						765.78		4.62		0	4				
07/12/2018	3.3.2	Gaze Project	O4	3	M	Bilingual	G130	06/09/2018	89100	1280 x 720		Raw Data	Ord4_T5_L.avi	190	0	900	720									68006	10:16:57.026	1536226390799286															0			Unclassified	8																									8159																			-34.01										4	4				
07/12/2018	3.3.2	Gaze Project	O4	3	M	Bilingual	G130	06/09/2018	89100	1280 x 720		Raw Data	Ord4_T5_L.avi	190	0	900	720									68014	10:16:57.035	1536226390807620															0	5459		Fixation	8	433	666	1.24	241.78	172.41																				8160	647	634	623	666	635	650	445	650	259.74	34.67	249.95	21.70	254.84	28.18	289.76	199.71	740.69	337.20	211.91	778.16					765.42	765.42	4.48	4.92	0	0				
07/12/2018	3.3.2	Gaze Project	O4	3	M	Bilingual	G130	06/09/2018	89100	1280 x 720		Raw Data	Ord4_T5_L.avi	190	0	900	720									68022	10:16:57.043	1536226390815982															0	5460		Fixation	8	393	650	1.24	158.13	276.36																				8161	654	674	583	650	618	662	428	662	262.39	18.50	234.17	28.29	248.28	23.39	289.80	199.83	740.64	336.47	207.65	765.02					765.41	765.41	4.47	4.88	0	0				
07/12/2018	3.3.2	Gaze Project	O4	3	M	Bilingual	G130	06/09/2018	89100	1280 x 720		Raw Data	Ord4_T5_L.avi	190	0	900	720									68031	10:16:57.051	1536226390824336															0			Unclassified	8																									8162	639	626			639	626	449	626	256.55	37.77					289.69	205.83	760.11		-34.01						785.76		4.77		0	4				
07/12/2018	3.3.2	Gaze Project	O4	3	M	Bilingual	G130	06/09/2018	89100	1280 x 720		Raw Data	Ord4_T5_L.avi	190	0	900	720									68039	10:16:57.060	1536226390832604															0	5461		Fixation	8	461	621	2.10	23.16	225.03																				8163	654	709	651	621	652	665	462	665	262.40	4.31	261.13	39.85	261.77	22.08	289.76	199.43	739.87	337.22	211.96	778.42					764.56	764.56	4.65	4.85	0	0				
07/12/2018	3.3.2	Gaze Project	O4	3	M	Bilingual	G130	06/09/2018	89100	1280 x 720		Raw Data	Ord4_T5_L.avi	190	0	900	720									68047	10:16:57.068	1536226390840931															0	5462		Fixation	8	472	631	0.43	317.63	294.47																				8164			662	631	662	631	472	631			265.69	35.83						337.21	211.90	778.24						0.00		4.94	4	0				
07/12/2018	3.3.2	Gaze Project	O4	3	M	Bilingual	G130	06/09/2018	89100	1280 x 720		Raw Data	Ord4_T5_L.avi	190	0	900	720									68056	10:16:57.076	1536226390849294															0			Unclassified	8																									8165																			-34.01										4	4				
07/12/2018	3.3.2	Gaze Project	O4	3	M	Bilingual	G130	06/09/2018	89100	1280 x 720		Raw Data	Ord4_T5_L.avi	190	0	900	720									68064	10:16:57.085	1536226390857652															0			Unclassified	8																									8166	622	634			622	634	432	634	249.55	34.50					289.65	206.40	761.91		-34.01						787.65		4.63		0	4				
07/12/2018	3.3.2	Gaze Project	O4	3	M	Bilingual	G130	06/09/2018	89100	1280 x 720		Raw Data	Ord4_T5_L.avi	190	0	900	720									68072	10:16:57.093	1536226390865927															0	5463		Fixation	8	445	635	0.78	188.45	230.82																				8167	639	647	635	635	637	641	447	641	256.33	29.36	255.02	34.39	255.68	31.88	289.71	199.53	740.18	336.35	207.33	764.09					764.88	764.88	4.36	4.76	0	0				
07/12/2018	3.3.2	Gaze Project	O4	3	M	Bilingual	G130	06/09/2018	89100	1280 x 720		Raw Data	Ord4_T5_L.avi	190	0	900	720									68081	10:16:57.101	1536226390874266															0	5464		Fixation	8	430	635	0.44	180.00	351.55																				8168	612	670	620	635	616	652	426	652	245.48	20.07	248.93	34.38	247.20	27.23	289.69	199.49	740.04	336.26	206.92	762.81					764.73	764.73	4.42	4.74	0	0				
07/12/2018	3.3.2	Gaze Project	O4	3	M	Bilingual	G130	06/09/2018	89100	1280 x 720		Raw Data	Ord4_T5_L.avi	190	0	900	720									68089	10:16:57.110	1536226390882671															0	5465		Fixation	8	456	659	1.03	317.20	137.20																				8169			646	659	646	659	456	659			259.19	24.66						336.18	206.65	761.93						0.00		4.77	4	0				
07/12/2018	3.3.2	Gaze Project	O4	3	M	Bilingual	G130	06/09/2018	89100	1280 x 720		Raw Data	Ord4_T5_L.avi	190	0	900	720									68097	10:16:57.118	1536226390890959															0	5466		Fixation	8	441	660	0.44	183.83	226.63																				8170			631	660	631	660	441	660			253.23	24.08						336.01	205.85	759.40						0.00		4.87	4	0				
07/12/2018	3.3.2	Gaze Project	O4	3	M	Bilingual	G130	06/09/2018	89100	1280 x 720		Raw Data	Ord4_T5_L.avi	190	0	900	720									68106	10:16:57.126	1536226390899315															0	5467		Fixation	8	460	693	1.10	299.85	116.03																				8171	621	654	650	693	635	673	445	673	249.29	26.72	261.09	10.70	255.19	18.71	289.59	199.63	739.98	335.92	205.52	758.31					764.72	764.72	4.31	4.82	0	0				
07/12/2018	3.3.2	Gaze Project	O4	3	M	Bilingual	G130	06/09/2018	89100	1280 x 720		Raw Data	Ord4_T5_L.avi	190	0	900	720									68114	10:16:57.135	1536226390907590															0			Unclassified	8																									8172	673	576			673	576	483	576	270.07	57.86					289.56	199.65	740.42		-34.01						765.14		4.20		0	4				
07/12/2018	3.3.2	Gaze Project	O4	3	M	Bilingual	G130	06/09/2018	89100	1280 x 720		Raw Data	Ord4_T5_L.avi	190	0	900	720									68122	10:16:57.143	1536226390915939															0	5468		Fixation	8	443	655	1.20	114.03	174.18																				8173	637	489	633	655	635	572	445	572	255.78	92.89	254.20	26.28	254.99	59.58	289.53	199.59	740.19	336.15	207.36	763.83					764.90	764.90	3.95	4.85	0	0				
07/12/2018	3.3.2	Gaze Project	O4	3	M	Bilingual	G130	06/09/2018	89100	1280 x 720		Raw Data	Ord4_T5_L.avi	190	0	900	720									68131	10:16:57.151	1536226390924273															0	5469		Fixation	8	454	669	0.52	308.07	194.03																				8174	609	553	644	669	626	611	436	611	244.57	67.42	258.47	20.53	251.52	43.98	289.49	199.69	740.41	336.02	206.87	762.19					765.14	765.14	4.20	4.85	0	0				
07/12/2018	3.3.2	Gaze Project	O4	3	M	Bilingual	G130	06/09/2018	89100	1280 x 720		Raw Data	Ord4_T5_L.avi	190	0	900	720									68139	10:16:57.160	1536226390932631															0			Unclassified	8																									8175	647	613			647	613	457	613	259.66	43.17					289.47	199.84	740.35		-34.01						765.12		4.28		0	4				
07/12/2018	3.3.2	Gaze Project	O4	3	M	Bilingual	G130	06/09/2018	89100	1280 x 720		Raw Data	Ord4_T5_L.avi	190	0	900	720									68147	10:16:57.168	1536226390940987															0	5470		Fixation	8	447	628	1.19	99.66	151.59																				8176	627	677	637	628	632	652	442	652	251.73	17.13	255.78	37.18	253.75	27.16	289.40	199.61	740.44	335.84	206.42	760.48					765.14	765.14	4.56	4.76	0	0				
07/12/2018	3.3.2	Gaze Project	O4	3	M	Bilingual	G130	06/09/2018	89100	1280 x 720		Raw Data	Ord4_T5_L.avi	190	0	900	720									68156	10:16:57.176	1536226390949241															0			Unclassified	8																									8177	665	682			665	682	475	682	267.08	15.18					289.36	199.77	740.40		-34.01						765.14		4.48		0	4				
07/12/2018	3.3.2	Gaze Project	O4	3	M	Bilingual	G130	06/09/2018	89100	1280 x 720		Raw Data	Ord4_T5_L.avi	190	0	900	720									68164	10:16:57.185	1536226390957581															0			Unclassified	8																									8178	633	584			633	584	443	584	254.21	54.64					289.32	199.72	740.12		-34.01						764.86		4.16		0	4				
07/12/2018	3.3.2	Gaze Project	O4	3	M	Bilingual	G130	06/09/2018	89100	1280 x 720		Raw Data	Ord4_T5_L.avi	190	0	900	720									68172	10:16:57.193	1536226390965943															0	5471		Fixation	8	401	622	1.36	172.54	72.89																				8179			591	622	591	622	401	622			237.41	39.27						335.71	206.69	760.78						0.00		4.66	4	0				
07/12/2018	3.3.2	Gaze Project	O4	3	M	Bilingual	G130	06/09/2018	89100	1280 x 720		Raw Data	Ord4_T5_L.avi	190	0	900	720									68181	10:16:57.201	1536226390974300															0	5472		Fixation	8	413	627	0.38	337.31	164.77																				8180	620	626	603	627	611	626	421	626	248.98	37.70	242.13	37.48	245.56	37.59	289.23	199.83	740.17	335.60	206.38	759.60					764.93	764.93	4.36	4.82	0	0				
07/12/2018	3.3.2	Gaze Project	O4	3	M	Bilingual	G130	06/09/2018	89100	1280 x 720		Raw Data	Ord4_T5_L.avi	190	0	900	720									68189	10:16:57.210	1536226390982580															0			Unclassified	8																									8181	643	634			643	634	453	634	258.19	34.60					289.18	199.82	739.98		-34.01						764.75		4.46		0	4				
07/12/2018	3.3.2	Gaze Project	O4	3	M	Bilingual	G130	06/09/2018	89100	1280 x 720		Raw Data	Ord4_T5_L.avi	190	0	900	720									68197	10:16:57.218	1536226390990919															0			Unclassified	8																									8182	657	634			657	634	467	634	263.58	34.65					289.11	199.99	739.91		-34.01						764.74		4.32		0	4				
07/12/2018	3.3.2	Gaze Project	O4	3	M	Bilingual	G130	06/09/2018	89100	1280 x 720		Raw Data	Ord4_T5_L.avi	190	0	900	720									68206	10:16:57.226	1536226390999253															0	5473		Fixation	8	450	617	1.11	15.17	37.86																				8183	641	629	640	617	640	623	450	623	257.31	36.74	256.74	41.31	257.03	39.03	289.10	200.11	740.58	335.52	207.00	760.79					765.41	765.41	4.38	4.87	0	0				
07/12/2018	3.3.2	Gaze Project	O4	3	M	Bilingual	G130	06/09/2018	89100	1280 x 720		Raw Data	Ord4_T5_L.avi	190	0	900	720									68214	10:16:57.235	1536226391007611															0	5474		Fixation	8	426	601	0.85	146.22	131.05																				8184	646	642	616	601	631	621	441	621	259.25	31.54	247.16	47.73	253.21	39.63	288.98	206.35	760.11	335.38	206.51	759.03					785.89	785.89	4.55	4.77	0	0				
07/12/2018	3.3.2	Gaze Project	O4	3	M	Bilingual	G130	06/09/2018	89100	1280 x 720		Raw Data	Ord4_T5_L.avi	190	0	900	720									68222	10:16:57.243	1536226391015970															0			Unclassified	8																									8185	675	700			675	700	485	700	270.81	8.09					288.97	200.35	740.48		-34.01						765.38		4.49		0	4				
07/12/2018	3.3.2	Gaze Project	O4	3	M	Bilingual	G130	06/09/2018	89100	1280 x 720		Raw Data	Ord4_T5_L.avi	190	0	900	720									68231	10:16:57.251	1536226391024240															0			Unclassified	8																									8186	660	650			660	650	470	650	265.06	28.32					288.96	200.41	740.46		-34.01						765.38		4.43		0	4				
07/12/2018	3.3.2	Gaze Project	O4	3	M	Bilingual	G130	06/09/2018	89100	1280 x 720		Raw Data	Ord4_T5_L.avi	190	0	900	720									68239	10:16:57.260	1536226391032565															0	5475		Fixation	8	421	658	1.64	265.00	118.78																				8187	637	592	611	658	624	625	434	625	255.53	51.68	245.31	25.10	250.42	38.39	288.94	200.27	740.29	335.43	207.83	762.26					765.17	765.17	4.33	4.76	0	0				
07/12/2018	3.3.2	Gaze Project	O4	3	M	Bilingual	G130	06/09/2018	89100	1280 x 720		Raw Data	Ord4_T5_L.avi	190	0	900	720									68247	10:16:57.268	1536226391040929															0	5476		Fixation	8	427	641	0.51	70.62	165.61																				8188	616	639	617	641	616	640	426	640	247.32	32.45	247.73	31.75	247.52	32.10	288.94	200.21	740.31	335.34	207.65	761.44					765.18	765.18	4.49	4.88	0	0				
07/12/2018	3.3.2	Gaze Project	O4	3	M	Bilingual	G130	06/09/2018	89100	1280 x 720		Raw Data	Ord4_T5_L.avi	190	0	900	720									68256	10:16:57.276	1536226391049285															0			Unclassified	8																									8189	585	490			585	490	395	490	234.72	92.73					293.44	217.06	791.25		-34.01						818.97		4.60		0	4				
07/12/2018	3.3.2	Gaze Project	O4	3	M	Bilingual	G130	06/09/2018	89100	1280 x 720		Raw Data	Ord4_T5_L.avi	190	0	900	720									68264	10:16:57.285	1536226391057637															0	5477		Fixation	8	417	633	0.37	141.25	70.63																				8190	637	588	607	633	622	610	432	610	255.54	53.06	243.78	34.88	249.66	43.97	296.47	228.30	825.69	336.15	212.98	777.30					855.30	855.30	4.93	4.93	0	0				
07/12/2018	3.3.2	Gaze Project	O4	3	M	Bilingual	G130	06/09/2018	89100	1280 x 720		Raw Data	Ord4_T5_L.avi	190	0	900	720									68272	10:16:57.293	1536226391065903															0	5478		Fixation	8	421	615	0.50	77.51	296.26																				8191	611	593	611	615	611	604	421	604	245.45	51.22	245.26	42.19	245.35	46.70	288.79	200.66	740.72	347.87	230.42	829.81					765.70	765.70	4.28	5.25	0	0				
07/12/2018	3.3.2	Gaze Project	O4	3	M	Bilingual	G130	06/09/2018	89100	1280 x 720		Raw Data	Ord4_T5_L.avi	190	0	900	720									68281	10:16:57.301	1536226391074233															0			Unclassified	8																									8192	668	645			668	645	478	645	268.11	30.08					288.72	200.84	740.65		-34.01						765.68		4.48		0	4				
07/12/2018	3.3.2	Gaze Project	O4	3	M	Bilingual	G130	06/09/2018	89100	1280 x 720		Raw Data	Ord4_T5_L.avi	190	0	900	720									68289	10:16:57.310	1536226391082597															0	5479		Fixation	8	391	673	1.79	242.73	165.22																				8193			581	673	581	673	391	673			233.13	18.98						333.79	200.38	737.35						0.00		4.70	4	0				
07/12/2018	3.3.2	Gaze Project	O4	3	M	Bilingual	G130	06/09/2018	89100	1280 x 720		Raw Data	Ord4_T5_L.avi	190	0	900	720									68297	10:16:57.318	1536226391090949															0	5480		Fixation	8	420	618	1.79	62.27	179.55																				8194			610	618	610	618	420	618			244.71	40.98						335.20	208.70	763.09						0.00		4.80	4	0				
07/12/2018	3.3.2	Gaze Project	O4	3	M	Bilingual	G130	06/09/2018	89100	1280 x 720		Raw Data	Ord4_T5_L.avi	190	0	900	720									68305	10:16:57.326	1536226391099221															0	5481		Fixation	8	443	605	0.77	29.55	327.28																				8195	632	562	633	605	632	583	442	583	253.55	63.63	254.16	46.21	253.85	54.92	288.68	201.18	741.60	333.62	200.64	737.24					766.69	766.69	4.19	4.63	0	0				
07/12/2018	3.3.2	Gaze Project	O4	3	M	Bilingual	G130	06/09/2018	89100	1280 x 720		Raw Data	Ord4_T5_L.avi	190	0	900	720									68314	10:16:57.335	1536226391107578															0	5482		Fixation	8	453	640	1.09	285.90	256.34																				8196	663	677	643	640	653	658	463	658	266.09	17.26	258.25	32.23	262.17	24.75	288.61	201.35	741.53	333.66	200.48	737.31					766.67	766.67	4.54	4.69	0	0				
07/12/2018	3.3.2	Gaze Project	O4	3	M	Bilingual	G130	06/09/2018	89100	1280 x 720		Raw Data	Ord4_T5_L.avi	190	0	900	720									68322	10:16:57.343	1536226391115910															0	5483		Fixation	8	383	648	2.11	186.54	260.64																				8197	630	661	573	648	601	654	411	654	252.71	23.95	229.98	28.98	241.34	26.47	288.64	201.44	742.10	333.58	200.77	737.19					767.25	767.25	4.44	4.68	0	0				
07/12/2018	3.3.2	Gaze Project	O4	3	M	Bilingual	G130	06/09/2018	89100	1280 x 720		Raw Data	Ord4_T5_L.avi	190	0	900	720									68331	10:16:57.351	1536226391124249															0			Unclassified	8																									8198	621	446			621	446	431	446	249.25	110.16					288.65	201.61	742.04		-34.01						767.23		3.91		0	4				
07/12/2018	3.3.2	Gaze Project	O4	3	M	Bilingual	G130	06/09/2018	89100	1280 x 720		Raw Data	Ord4_T5_L.avi	190	0	900	720									68339	10:16:57.360	1536226391132624															0			Unclassified	8																									8199	632	713			632	713	442	713	253.87	3.01					288.59	201.65	742.02		-34.01						767.23		4.48		0	4				
07/12/2018	3.3.2	Gaze Project	O4	3	M	Bilingual	G130	06/09/2018	89100	1280 x 720		Raw Data	Ord4_T5_L.avi	190	0	900	720									68347	10:16:57.368	1536226391140884															0			Unclassified	8																									8200	630	565			630	565	440	565	252.80	62.36					288.52	201.70	742.00		-34.01						767.22		4.19		0	4				
07/12/2018	3.3.2	Gaze Project	O4	3	M	Bilingual	G130	06/09/2018	89100	1280 x 720		Raw Data	Ord4_T5_L.avi	190	0	900	720									68355	10:16:57.376	1536226391149219															0	5484		Fixation	8	429	628	1.46	23.57	197.03																				8201	616	429	619	628	617	528	427	528	247.26	117.38	248.42	37.06	247.84	77.22	288.49	201.73	741.99	335.15	210.20	766.12					767.22	767.22	3.89	4.73	0	0				
07/12/2018	3.3.2	Gaze Project	O4	3	M	Bilingual	G130	06/09/2018	89100	1280 x 720		Raw Data	Ord4_T5_L.avi	190	0	900	720									68364	10:16:57.385	1536226391157580															0	5485		Fixation	8	425	618	0.31	111.74	88.17																				8202	641	683	615	618	628	650	438	650	257.18	15.03	246.97	41.05	252.07	28.04	288.44	201.75	741.98	335.89	214.78	780.01					767.21	767.21	4.42	4.90	0	0				
07/12/2018	3.3.2	Gaze Project	O4	3	M	Bilingual	G130	06/09/2018	89100	1280 x 720		Raw Data	Ord4_T5_L.avi	190	0	900	720									68372	10:16:57.393	1536226391165937															0	5486		Fixation	8	416	653	1.03	255.62	143.89																				8203	589	606	606	653	597	629	407	629	236.55	45.96	243.40	27.10	239.97	36.53	288.42	201.79	741.97	333.26	201.10	737.05					767.21	767.21	4.43	4.66	0	0				
07/12/2018	3.3.2	Gaze Project	O4	3	M	Bilingual	G130	06/09/2018	89100	1280 x 720		Raw Data	Ord4_T5_L.avi	190	0	900	720									68381	10:16:57.401	1536226391174288															0			Unclassified	8																									8204	586	623			586	623	396	623	235.13	38.94					288.40	201.82	741.95		-34.01						767.21		4.46		0	4				
07/12/2018	3.3.2	Gaze Project	O4	3	M	Bilingual	G130	06/09/2018	89100	1280 x 720		Raw Data	Ord4_T5_L.avi	190	0	900	720									68389	10:16:57.410	1536226391182551															0	5487		Fixation	8	438	622	1.08	54.72	159.10																				8205	616	651	628	622	622	636	432	636	247.28	27.61	252.22	39.33	249.75	33.47	288.47	202.22	743.53	340.84	217.82	787.96					768.84	768.84	4.46	5.09	0	0				
07/12/2018	3.3.2	Gaze Project	O4	3	M	Bilingual	G130	06/09/2018	89100	1280 x 720		Raw Data	Ord4_T5_L.avi	190	0	900	720									68397	10:16:57.418	1536226391190883															0	5488		Fixation	8	424	661	1.17	250.31	195.59																				8206			614	661	614	661	424	661			246.43	23.78						333.54	201.97	739.69						0.00		4.73	4	0				
07/12/2018	3.3.2	Gaze Project	O4	3	M	Bilingual	G130	06/09/2018	89100	1280 x 720		Raw Data	Ord4_T5_L.avi	190	0	900	720									68406	10:16:57.426	1536226391199243															0	5489		Fixation	8	432	671	0.38	308.57	58.26																				8207	676	678	622	671	649	674	459	674	271.28	17.08	249.60	19.62	260.44	18.35	288.40	202.40	743.46	333.54	202.15	740.11					768.82	768.82	4.58	4.70	0	0				
07/12/2018	3.3.2	Gaze Project	O4	3	M	Bilingual	G130	06/09/2018	89100	1280 x 720		Raw Data	Ord4_T5_L.avi	190	0	900	720									68414	10:16:57.435	1536226391207591															0			Unclassified	8																									8208	675	651			675	651	485	651	271.02	27.94					288.41	202.46	743.97		-34.01						769.33		4.50		0	4				
07/12/2018	3.3.2	Gaze Project	O4	3	M	Bilingual	G130	06/09/2018	89100	1280 x 720		Raw Data	Ord4_T5_L.avi	190	0	900	720									68422	10:16:57.443	1536226391215851															0			Unclassified	8																									8209	617	689			617	689	427	689	247.85	12.45					288.48	202.60	743.92		-34.01						769.32		4.46		0	4				
07/12/2018	3.3.2	Gaze Project	O4	3	M	Bilingual	G130	06/09/2018	89100	1280 x 720		Raw Data	Ord4_T5_L.avi	190	0	900	720									68430	10:16:57.451	1536226391224214															0	5490		Fixation	8	469	630	1.57	48.03	99.46																				8210	585	496	659	630	622	563	432	563	234.85	90.15	264.68	36.33	249.77	63.24	288.43	202.63	743.90	335.91	216.57	784.25					769.31	769.31	4.03	4.95	0	0				
07/12/2018	3.3.2	Gaze Project	O4	3	M	Bilingual	G130	06/09/2018	89100	1280 x 720		Raw Data	Ord4_T5_L.avi	190	0	900	720									68439	10:16:57.460	1536226391232561															0			Unclassified	8																									8211	560	487			560	487	370	487	224.62	93.86					302.98	255.90	907.48		-34.01						941.82		3.93		0	4				
07/12/2018	3.3.2	Gaze Project	O4	3	M	Bilingual	G130	06/09/2018	89100	1280 x 720		Raw Data	Ord4_T5_L.avi	190	0	900	720									68447	10:16:57.468	1536226391240917															0	5491		Fixation	8	456	576	1.58	103.49	55.47																				8212	680	677	646	576	663	626	473	626	272.88	17.31	259.30	58.09	266.09	37.70	288.41	203.14	745.69	335.16	212.54	771.67					771.17	771.17	4.53	4.85	0	0				
07/12/2018	3.3.2	Gaze Project	O4	3	M	Bilingual	G130	06/09/2018	89100	1280 x 720		Raw Data	Ord4_T5_L.avi	190	0	900	720									68456	10:16:57.476	1536226391249277															0			Unclassified	8																									8213	633	602			633	602	443	602	254.06	47.63					288.34	202.96	745.07		-34.01						770.52		4.31		0	4				
07/12/2018	3.3.2	Gaze Project	O4	3	M	Bilingual	G130	06/09/2018	89100	1280 x 720		Raw Data	Ord4_T5_L.avi	190	0	900	720									68464	10:16:57.485	1536226391257541															0			Unclassified	8																									8214	652	566			652	566	462	566	261.80	61.88					288.34	203.04	745.23		-34.01						770.69		4.39		0	4				
07/12/2018	3.3.2	Gaze Project	O4	3	M	Bilingual	G130	06/09/2018	89100	1280 x 720		Raw Data	Ord4_T5_L.avi	190	0	900	720									68472	10:16:57.493	1536226391265880															0			Unclassified	8																									8215	630	443			630	443	440	443	252.69	111.61					288.32	203.19	745.17		-34.01						770.68		4.00		0	4				
07/12/2018	3.3.2	Gaze Project	O4	3	M	Bilingual	G130	06/09/2018	89100	1280 x 720		Raw Data	Ord4_T5_L.avi	190	0	900	720									68480	10:16:57.501	1536226391274229															0	5492		Fixation	8	557	527	2.92	25.95	282.46																				8216	568	427	747	527	657	477	467	477	227.88	118.09	300.00	77.73	263.94	97.91	298.07	238.73	854.21	362.17	266.32	934.64					885.69	885.69	4.69	6.02	0	0				
07/12/2018	3.3.2	Gaze Project	O4	3	M	Bilingual	G130	06/09/2018	89100	1280 x 720		Raw Data	Ord4_T5_L.avi	190	0	900	720									68489	10:16:57.510	1536226391282587															0	5493		Fixation	8	405	622	4.64	212.09	186.14																				8217	579	411	595	622	587	516	397	516	232.49	124.58	238.64	39.29	235.57	81.93	299.32	243.37	868.39	334.79	211.13	766.74					900.65	900.65	4.74	4.73	0	0				
07/12/2018	3.3.2	Gaze Project	O4	3	M	Bilingual	G130	06/09/2018	89100	1280 x 720		Raw Data	Ord4_T5_L.avi	190	0	900	720									68497	10:16:57.518	1536226391290855															0	5494		Fixation	8	429	638	0.82	326.22	114.14																				8218	538	488	619	638	578	563	388	563	215.82	93.32	248.28	33.09	232.05	63.20	302.84	256.52	908.68	336.15	219.46	792.11					943.16	943.16	5.35	4.91	0	0				
07/12/2018	3.3.2	Gaze Project	O4	3	M	Bilingual	G130	06/09/2018	89100	1280 x 720		Raw Data	Ord4_T5_L.avi	190	0	900	720									68505	10:16:57.526	1536226391299201															0	5495		Fixation	8	430	623	0.41	86.20	119.97																				8219	633	503	620	623	626	563	436	563	254.00	87.50	248.93	39.09	251.46	63.30	296.85	234.98	842.44	335.99	218.55	789.24					873.29	873.29	4.75	4.91	0	0				
07/12/2018	3.3.2	Gaze Project	O4	3	M	Bilingual	G130	06/09/2018	89100	1280 x 720		Raw Data	Ord4_T5_L.avi	190	0	900	720									68514	10:16:57.535	1536226391307535															0	5496		Fixation	8	426	600	0.65	99.83	13.64																				8220	666	624	616	600	641	612	451	612	267.40	38.48	247.18	48.27	257.29	43.37	293.86	224.24	809.45	335.85	217.90	787.14					838.50	838.50	4.82	4.92	0	0				
07/12/2018	3.3.2	Gaze Project	O4	3	M	Bilingual	G130	06/09/2018	89100	1280 x 720		Raw Data	Ord4_T5_L.avi	190	0	900	720									68522	10:16:57.543	1536226391315897															0			Unclassified	8																									8221	593	623			593	623	403	623	238.08	38.90					293.44	222.78	804.90		-34.01						833.71		4.68		0	4				
07/12/2018	3.3.2	Gaze Project	O4	3	M	Bilingual	G130	06/09/2018	89100	1280 x 720		Raw Data	Ord4_T5_L.avi	190	0	900	720									68531	10:16:57.551	1536226391324257															0	5497		Fixation	8	443	427	5.04	84.41	344.57																				8222			633	427	633	427	443	427			254.15	118.15						333.77	205.90	750.29						0.00		4.03	4	0				
07/12/2018	3.3.2	Gaze Project	O4	3	M	Bilingual	G130	06/09/2018	89100	1280 x 720		Raw Data	Ord4_T5_L.avi	190	0	900	720									68539	10:16:57.560	1536226391332524															0	5498		Fixation	8	432	608	5.39	266.53	182.13																				8223			622	608	622	608	432	608			249.51	45.24						333.74	205.82	749.97						0.00		4.34	4	0				
07/12/2018	3.3.2	Gaze Project	O4	3	M	Bilingual	G130	06/09/2018	89100	1280 x 720		Raw Data	Ord4_T5_L.avi	190	0	900	720									68547	10:16:57.568	1536226391340865															0	5499		Fixation	8	490	571	2.02	32.62	126.09																				8224			680	571	680	571	490	571			272.99	59.91						333.81	206.35	751.53						0.00		4.39	4	0				
07/12/2018	3.3.2	Gaze Project	O4	3	M	Bilingual	G130	06/09/2018	89100	1280 x 720		Raw Data	Ord4_T5_L.avi	190	0	900	720									68555	10:16:57.576	1536226391349213															0			Unclassified	8																									8225	651	182			651	182	461	182	261.13	216.67					293.57	223.44	806.69		-34.01						835.61		3.22		0	4				
07/12/2018	3.3.2	Gaze Project	O4	3	M	Bilingual	G130	06/09/2018	89100	1280 x 720		Raw Data	Ord4_T5_L.avi	190	0	900	720									68564	10:16:57.585	1536226391357571															0	5500		Fixation	8	457	637	2.15	243.51	210.89																				8226	629	644	647	637	638	640	448	640	252.36	30.61	259.60	33.32	255.98	31.96	288.17	206.95	756.90	333.75	206.21	750.98					782.98	782.98	4.37	4.51	0	0				
07/12/2018	3.3.2	Gaze Project	O4	3	M	Bilingual	G130	06/09/2018	89100	1280 x 720		Raw Data	Ord4_T5_L.avi	190	0	900	720									68572	10:16:57.593	1536226391365935															0	5501		Fixation	8	480	633	0.69	9.90	126.39																				8227	662	657	670	633	666	645	476	645	265.70	25.55	268.82	34.86	267.26	30.20	288.16	206.77	756.33	333.89	207.07	753.58					782.39	782.39	4.49	4.62	0	0				
07/12/2018	3.3.2	Gaze Project	O4	3	M	Bilingual	G130	06/09/2018	89100	1280 x 720		Raw Data	Ord4_T5_L.avi	190	0	900	720									68580	10:16:57.601	1536226391374191															0			Unclassified	8																									8228																			-34.01										4	4				
07/12/2018	3.3.2	Gaze Project	O4	3	M	Bilingual	G130	06/09/2018	89100	1280 x 720		Raw Data	Ord4_T5_L.avi	190	0	900	720									68589	10:16:57.610	1536226391382526															0	5502		Fixation	8	473	626	0.29	134.91	125.01																				8229	675	455	663	626	669	540	479	540	271.06	106.53	266.02	37.91	268.54	72.22	288.21	203.99	747.36	333.79	206.65	752.20					773.01	773.01	3.65	5.08	0	0				
07/12/2018	3.3.2	Gaze Project	O4	3	M	Bilingual	G130	06/09/2018	89100	1280 x 720		Raw Data	Ord4_T5_L.avi	190	0	900	720									68597	10:16:57.618	1536226391390881															0	5503		Fixation	8	465	612	0.48	119.67	344.76																				8230	691	704	655	612	673	658	483	658	277.20	6.43	262.86	43.51	270.03	24.97	288.16	206.61	755.75	333.79	206.70	752.29					781.79	781.79	4.46	4.46	0	0				
07/12/2018	3.3.2	Gaze Project	O4	3	M	Bilingual	G130	06/09/2018	89100	1280 x 720		Raw Data	Ord4_T5_L.avi	190	0	900	720									68606	10:16:57.626	1536226391399238															0			Unclassified	8																									8231	670	639			670	639	480	639	268.86	32.66					288.22	203.90	747.40		-34.01						773.02		4.43		0	4				
07/12/2018	3.3.2	Gaze Project	O4	3	M	Bilingual	G130	06/09/2018	89100	1280 x 720		Raw Data	Ord4_T5_L.avi	190	0	900	720									68614	10:16:57.635	1536226391407517															0	5504		Fixation	8	447	662	1.53	250.26	130.59																				8232	657	633	637	662	647	647	457	647	263.87	35.18	255.64	23.32	259.75	29.25	288.16	206.38	755.01	333.82	207.02	753.20					781.02	781.02	4.34	4.56	0	0				
07/12/2018	3.3.2	Gaze Project	O4	3	M	Bilingual	G130	06/09/2018	89100	1280 x 720		Raw Data	Ord4_T5_L.avi	190	0	900	720									68622	10:16:57.643	1536226391415856															0	5505		Fixation	8	445	594	1.93	91.68	201.42																				8233	683	600	635	594	659	597	469	597	274.32	48.30	254.79	50.91	264.56	49.60	293.73	224.80	810.62	335.75	218.58	788.49					839.78	839.78	4.96	4.92	0	0				
07/12/2018	3.3.2	Gaze Project	O4	3	M	Bilingual	G130	06/09/2018	89100	1280 x 720		Raw Data	Ord4_T5_L.avi	190	0	900	720									68630	10:16:57.651	1536226391424193															0	5506		Fixation	8	446	604	0.28	275.69	184.01																				8234			636	604	636	604	446	604			255.36	46.61						336.05	220.36	793.87						0.00		4.91	4	0				
07/12/2018	3.3.2	Gaze Project	O4	3	M	Bilingual	G130	06/09/2018	89100	1280 x 720		Raw Data	Ord4_T5_L.avi	190	0	900	720									68639	10:16:57.660	1536226391432549															0			Unclassified	8																									8235	644	615			644	615	454	615	258.31	42.39					293.37	223.53	806.65		-34.01						835.60		4.75		0	4				
07/12/2018	3.3.2	Gaze Project	O4	3	M	Bilingual	G130	06/09/2018	89100	1280 x 720		Raw Data	Ord4_T5_L.avi	190	0	900	720									68647	10:16:57.668	1536226391440908															0	5507		Fixation	8	425	611	0.61	198.49	282.80																				8236	697	667	615	611	656	639	466	639	279.91	21.38	246.75	44.01	263.33	32.69	293.76	224.96	811.01	335.96	219.90	792.38					840.19	840.19	4.88	4.92	0	0				
07/12/2018	3.3.2	Gaze Project	O4	3	M	Bilingual	G130	06/09/2018	89100	1280 x 720		Raw Data	Ord4_T5_L.avi	190	0	900	720									68655	10:16:57.676	1536226391449177															0	5508		Fixation	8	426	598	0.36	85.62	247.12																				8237	602	590	616	598	609	594	419	594	241.51	52.40	247.19	48.93	244.35	50.66	298.34	241.65	862.14	336.03	220.34	793.65					894.14	894.14	5.16	4.91	0	0				
07/12/2018	3.3.2	Gaze Project	O4	3	M	Bilingual	G130	06/09/2018	89100	1280 x 720		Raw Data	Ord4_T5_L.avi	190	0	900	720									68664	10:16:57.685	1536226391457532															0			Unclassified	8																									8238	595	441			595	441	405	441	238.95	112.40					298.27	241.44	861.40		-34.01						893.37		4.62		0	4				
07/12/2018	3.3.2	Gaze Project	O4	3	M	Bilingual	G130	06/09/2018	89100	1280 x 720		Raw Data	Ord4_T5_L.avi	190	0	900	720									68672	10:16:57.693	1536226391465863															0	5509		Fixation	8	488	309	8.35	77.93	352.31																				8239	596	553	678	309	637	431	447	431	239.09	67.21	272.16	165.41	255.62	116.31	298.52	242.38	864.20	335.98	220.10	792.74					896.32	896.32	5.13	3.60	0	0				
07/12/2018	3.3.2	Gaze Project	O4	3	M	Bilingual	G130	06/09/2018	89100	1280 x 720		Raw Data	Ord4_T5_L.avi	190	0	900	720									68680	10:16:57.701	1536226391474222															0			Unclassified	8																									8240	603	646			603	646	413	646	242.20	29.60					293.70	224.92	810.58		-34.01						839.77		4.64		0	4				
07/12/2018	3.3.2	Gaze Project	O4	3	M	Bilingual	G130	06/09/2018	89100	1280 x 720		Raw Data	Ord4_T5_L.avi	190	0	900	720									68689	10:16:57.710	1536226391482575															0			Unclassified	8																									8241	600	605			600	605	410	605	241.00	46.40					293.76	225.17	811.25		-34.01						840.49		4.81		0	4				
07/12/2018	3.3.2	Gaze Project	O4	3	M	Bilingual	G130	06/09/2018	89100	1280 x 720		Raw Data	Ord4_T5_L.avi	190	0	900	720									68697	10:16:57.718	1536226391490839															0	5510		Fixation	8	148	588	12.09	219.46	141.53																				8242	724	646	338	588	531	617	341	617	290.62	29.76	135.64	53.19	213.13	41.47	287.97	217.91	789.81	294.11	226.50	815.25					817.64	817.64	4.89	4.79	0	0				
07/12/2018	3.3.2	Gaze Project	O4	3	M	Bilingual	G130	06/09/2018	89100	1280 x 720		Raw Data	Ord4_T5_L.avi	190	0	900	720									68705	10:16:57.726	1536226391499173															0	5511		Fixation	8	456	617	8.50	354.60	135.14																				8243			646	617	646	617	456	617			259.18	41.42						335.82	219.27	789.89						0.00		4.97	4	0				
07/12/2018	3.3.2	Gaze Project	O4	3	M	Bilingual	G130	06/09/2018	89100	1280 x 720		Raw Data	Ord4_T5_L.avi	190	0	900	720									68714	10:16:57.735	1536226391507535															0	5512		Fixation	8	119	453	10.06	153.98	159.37																				8244			309	453	309	453	119	453			124.16	107.52						299.01	244.39	869.99						0.00		5.04	4	0				
07/12/2018	3.3.2	Gaze Project	O4	3	M	Bilingual	G130	06/09/2018	89100	1280 x 720		Raw Data	Ord4_T5_L.avi	190	0	900	720									68722	10:16:57.743	1536226391515891															0			Unclassified	8																									8245	663	627			663	627	473	627	265.94	37.42					288.20	204.42	747.90		-34.01						773.65		4.38		0	4				
07/12/2018	3.3.2	Gaze Project	O4	3	M	Bilingual	G130	06/09/2018	89100	1280 x 720		Raw Data	Ord4_T5_L.avi	190	0	900	720									68730	10:16:57.751	1536226391524160															0			Unclassified	8																									8246	588	583			588	583	398	583	236.21	55.06					288.19	204.58	748.39		-34.01						774.16		4.42		0	4				
07/12/2018	3.3.2	Gaze Project	O4	3	M	Bilingual	G130	06/09/2018	89100	1280 x 720		Raw Data	Ord4_T5_L.avi	190	0	900	720									68739	10:16:57.760	1536226391532507															0	5513		Fixation	8	447	599	9.62	335.94	181.96																				8247			637	599	637	599	447	599			255.56	48.78						335.94	220.10	792.37						0.00		4.86	4	0				
07/12/2018	3.3.2	Gaze Project	O4	3	M	Bilingual	G130	06/09/2018	89100	1280 x 720		Raw Data	Ord4_T5_L.avi	190	0	900	720									68747	10:16:57.768	1536226391540849															0			Unclassified	8																									8248	610	616			610	616	420	616	244.96	42.04					287.95	219.47	794.50		-34.01						822.58		4.93		0	4				
07/12/2018	3.3.2	Gaze Project	O4	3	M	Bilingual	G130	06/09/2018	89100	1280 x 720		Raw Data	Ord4_T5_L.avi	190	0	900	720									68755	10:16:57.776	1536226391549202															0			Unclassified	8																									8249	636	670			636	670	446	670	255.27	20.06					288.23	204.58	748.44		-34.01						774.22		4.52		0	4				
07/12/2018	3.3.2	Gaze Project	O4	3	M	Bilingual	G130	06/09/2018	89100	1280 x 720		Raw Data	Ord4_T5_L.avi	190	0	900	720									68764	10:16:57.785	1536226391557558															0			Unclassified	8																									8250	579	607			579	607	389	607	232.61	45.60					303.14	259.85	917.45		-34.01						952.52		5.41		0	4				
07/12/2018	3.3.2	Gaze Project	O4	3	M	Bilingual	G130	06/09/2018	89100	1280 x 720		Raw Data	Ord4_T5_L.avi	190	0	900	720									68772	10:16:57.793	1536226391565832															0	5514		Fixation	8	421	591	0.77	162.85	186.91																				8251			611	591	611	591	421	591			245.32	51.81						336.09	220.91	794.96						0.00		5.04	4	0				
07/12/2018	3.3.2	Gaze Project	O4	3	M	Bilingual	G130	06/09/2018	89100	1280 x 720		Raw Data	Ord4_T5_L.avi	190	0	900	720									68780	10:16:57.801	1536226391574159															0	5515		Fixation	8	399	602	0.68	206.64	43.79																				8252	649	679	589	602	619	640	429	640	260.63	16.58	236.39	47.61	248.51	32.10	288.16	204.68	748.40	335.99	220.28	793.09					774.21	774.21	4.42	5.07	0	0				
07/12/2018	3.3.2	Gaze Project	O4	3	M	Bilingual	G130	06/09/2018	89100	1280 x 720		Raw Data	Ord4_T5_L.avi	190	0	900	720									68789	10:16:57.810	1536226391582514															0	5516		Fixation	8	461	547	2.29	41.67	195.03																				8253	626	508	651	547	638	527	448	527	251.25	85.30	261.37	69.82	256.31	77.56	288.19	204.67	748.40	336.13	221.12	795.68					774.21	774.21	4.22	5.04	0	0				
07/12/2018	3.3.2	Gaze Project	O4	3	M	Bilingual	G130	06/09/2018	89100	1280 x 720		Raw Data	Ord4_T5_L.avi	190	0	900	720									68797	10:16:57.818	1536226391590873															0			Unclassified	8																									8254	652	643			652	643	462	643	261.78	30.86					287.98	218.81	792.64		-34.01						820.60		4.71		0	4				
07/12/2018	3.3.2	Gaze Project	O4	3	M	Bilingual	G130	06/09/2018	89100	1280 x 720		Raw Data	Ord4_T5_L.avi	190	0	900	720									68806	10:16:57.826	1536226391599228															0			Unclassified	8																									8255	671	639			671	639	481	639	269.20	32.77					288.22	204.84	749.39		-34.01						775.20		4.44		0	4				
07/12/2018	3.3.2	Gaze Project	O4	3	M	Bilingual	G130	06/09/2018	89100	1280 x 720		Raw Data	Ord4_T5_L.avi	190	0	900	720									68814	10:16:57.835	1536226391607487															0	5517		Fixation	8	431	635	2.55	251.23	209.56																				8256	555	552	621	635	588	593	398	593	222.96	67.54	249.43	34.16	236.20	50.85	288.37	204.96	749.34	336.22	221.59	797.15					775.19	775.19	4.09	5.05	0	0				
07/12/2018	3.3.2	Gaze Project	O4	3	M	Bilingual	G130	06/09/2018	89100	1280 x 720		Raw Data	Ord4_T5_L.avi	190	0	900	720									68822	10:16:57.843	1536226391615816															0	5518		Fixation	8	429	603	0.88	93.56	202.33																				8257			619	603	619	603	429	603			248.39	47.23						336.22	221.47	796.86						0.00		5.12	4	0				
07/12/2018	3.3.2	Gaze Project	O4	3	M	Bilingual	G130	06/09/2018	89100	1280 x 720		Raw Data	Ord4_T5_L.avi	190	0	900	720									68830	10:16:57.851	1536226391624186															0			Unclassified	8																									8258	636	585			636	585	446	585	255.14	54.35					293.88	225.58	812.64		-34.01						841.94		4.73		0	4				
07/12/2018	3.3.2	Gaze Project	O4	3	M	Bilingual	G130	06/09/2018	89100	1280 x 720		Raw Data	Ord4_T5_L.avi	190	0	900	720									68839	10:16:57.860	1536226391632547															0	5519		Fixation	8	467	608	1.07	352.48	258.92																				8259	652	614	657	608	654	611	464	611	261.77	42.60	263.57	45.01	262.67	43.80	288.02	223.71	807.87	336.49	222.99	801.62					836.60	836.60	5.00	5.00	0	0				
07/12/2018	3.3.2	Gaze Project	O4	3	M	Bilingual	G130	06/09/2018	89100	1280 x 720		Raw Data	Ord4_T5_L.avi	190	0	900	720									68847	10:16:57.868	1536226391640821															0	5520		Fixation	8	408	624	1.71	195.22	202.74																				8260	557	507	598	624	577	565	387	565	223.70	85.69	240.14	38.53	231.92	62.11	293.50	224.11	808.25	335.09	214.33	775.24					837.31	837.31	4.63	4.75	0	0				
07/12/2018	3.3.2	Gaze Project	O4	3	M	Bilingual	G130	06/09/2018	89100	1280 x 720		Raw Data	Ord4_T5_L.avi	190	0	900	720									68855	10:16:57.876	1536226391649157															0	5521		Fixation	8	396	599	0.79	115.57	280.35																				8261	651	663	586	599	618	631	428	631	261.42	22.80	235.28	48.88	248.35	35.84	293.82	225.20	811.65	335.22	214.99	777.34					840.89	840.89	4.90	4.83	0	0				
07/12/2018	3.3.2	Gaze Project	O4	3	M	Bilingual	G130	06/09/2018	89100	1280 x 720		Raw Data	Ord4_T5_L.avi	190	0	900	720									68864	10:16:57.885	1536226391657495															0			Unclassified	8																									8262	627	646			627	646	437	646	251.64	29.74					293.46	223.79	807.43		-34.01						836.42		4.88		0	4				
07/12/2018	3.3.2	Gaze Project	O4	3	M	Bilingual	G130	06/09/2018	89100	1280 x 720		Raw Data	Ord4_T5_L.avi	190	0	900	720									68872	10:16:57.893	1536226391665854															0	5522		Fixation	8	463	604	1.92	355.72	240.15																				8263	631	394	653	604	642	499	452	499	253.20	131.33	261.98	46.78	257.59	89.06	293.61	224.28	809.02	335.39	215.70	779.71					838.09	838.09	4.30	4.93	0	0				
07/12/2018	3.3.2	Gaze Project	O4	3	M	Bilingual	G130	06/09/2018	89100	1280 x 720		Raw Data	Ord4_T5_L.avi	190	0	900	720									68880	10:16:57.901	1536226391674210															0			Unclassified	8																									8264	616	619			616	619	426	619	247.14	40.80					297.31	237.67	850.17		-34.01						881.49		5.12		0	4				
07/12/2018	3.3.2	Gaze Project	O4	3	M	Bilingual	G130	06/09/2018	89100	1280 x 720		Raw Data	Ord4_T5_L.avi	190	0	900	720									68889	10:16:57.909	1536226391682473															0			Unclassified	8																									8265	656	620			656	620	466	620	263.34	40.38					288.43	204.98	750.38		-34.01						776.19		4.47		0	4				
07/12/2018	3.3.2	Gaze Project	O4	3	M	Bilingual	G130	06/09/2018	89100	1280 x 720		Raw Data	Ord4_T5_L.avi	190	0	900	720									68897	10:16:57.918	1536226391690804															0	5523		Fixation	8	437	591	0.83	153.36	157.64																				8266	571	664	627	591	599	627	409	627	229.03	22.63	251.64	51.85	240.33	37.24	288.52	205.09	750.34	336.44	221.42	797.40					776.19	776.19	4.38	4.99	0	0				
07/12/2018	3.3.2	Gaze Project	O4	3	M	Bilingual	G130	06/09/2018	89100	1280 x 720		Raw Data	Ord4_T5_L.avi	190	0	900	720									68905	10:16:57.926	1536226391699164															0			Unclassified	8																									8267																			-34.01										4	4				
07/12/2018	3.3.2	Gaze Project	O4	3	M	Bilingual	G130	06/09/2018	89100	1280 x 720		Raw Data	Ord4_T5_L.avi	190	0	900	720									68914	10:16:57.935	1536226391707523															0			Unclassified	8																									8268	602	625			602	625	412	625	241.68	38.31					288.23	224.97	812.39		-34.01						841.29		5.08		0	4				
07/12/2018	3.3.2	Gaze Project	O4	3	M	Bilingual	G130	06/09/2018	89100	1280 x 720		Raw Data	Ord4_T5_L.avi	190	0	900	720									68922	10:16:57.943	1536226391715878															0			Unclassified	8																									8269	636	601			636	601	446	601	255.22	47.81					288.55	204.76	749.97		-34.01						775.74		4.49		0	4				
07/12/2018	3.3.2	Gaze Project	O4	3	M	Bilingual	G130	06/09/2018	89100	1280 x 720		Raw Data	Ord4_T5_L.avi	190	0	900	720									68930	10:16:57.951	1536226391724150															0			Unclassified	8																									8270	660	621			660	621	470	621	264.74	39.85					288.57	204.55	749.43		-34.01						775.16		4.56		0	4				
07/12/2018	3.3.2	Gaze Project	O4	3	M	Bilingual	G130	06/09/2018	89100	1280 x 720		Raw Data	Ord4_T5_L.avi	190	0	900	720									68939	10:16:57.959	1536226391732472															0			Unclassified	8																									8271	659	639			659	639	469	639	264.67	32.48					288.60	204.83	750.35		-34.01						776.12		4.51		0	4				
07/12/2018	3.3.2	Gaze Project	O4	3	M	Bilingual	G130	06/09/2018	89100	1280 x 720		Raw Data	Ord4_T5_L.avi	190	0	900	720									68947	10:16:57.968	1536226391740836															0			Unclassified	8																									8272																			-34.01										4	4				
07/12/2018	3.3.2	Gaze Project	O4	3	M	Bilingual	G130	06/09/2018	89100	1280 x 720		Raw Data	Ord4_T5_L.avi	190	0	900	720									68955	10:16:57.976	1536226391749194															0			Unclassified	8																									8273	626	571			626	571	436	571	251.15	59.82					288.63	204.30	748.99		-34.01						774.67		4.43		0	4				
07/12/2018	3.3.2	Gaze Project	O4	3	M	Bilingual	G130	06/09/2018	89100	1280 x 720		Raw Data	Ord4_T5_L.avi	190	0	900	720									68964	10:16:57.984	1536226391757461															0			Unclassified	8																									8274	687	653			687	653	497	653	275.69	26.86					288.63	204.39	748.95		-34.01						774.66		4.58		0	4				
07/12/2018	3.3.2	Gaze Project	O4	3	M	Bilingual	G130	06/09/2018	89100	1280 x 720		Raw Data	Ord4_T5_L.avi	190	0	900	720									68972	10:16:57.993	1536226391765824															0	5524		Fixation	8	519	619	2.46	341.09	187.73																				8275	620	658	709	619	664	638	474	638	248.95	24.98	284.60	40.66	266.78	32.82	288.73	204.54	749.99	335.73	215.15	779.40					775.70	775.70	4.63	5.09	0	0				
07/12/2018	3.3.2	Gaze Project	O4	3	M	Bilingual	G130	06/09/2018	89100	1280 x 720		Raw Data	Ord4_T5_L.avi	190	0	900	720									68980	10:16:58.001	1536226391774148															0			Unclassified	8																									8276	662	642			662	642	472	642	265.78	31.40					288.73	204.64	749.95		-34.01						775.69		4.52		0	4				
07/12/2018	3.3.2	Gaze Project	O4	3	M	Bilingual	G130	06/09/2018	89100	1280 x 720		Raw Data	Ord4_T5_L.avi	190	0	900	720									68989	10:16:58.010	1536226391782509															0			Unclassified	8																									8277	664	606			664	606	474	606	266.72	46.06					288.76	204.46	749.98		-34.01						775.66		4.56		0	4				
07/12/2018	3.3.2	Gaze Project	O4	3	M	Bilingual	G130	06/09/2018	89100	1280 x 720		Raw Data	Ord4_T5_L.avi	190	0	900	720									68997	10:16:58.018	1536226391790864															0	5525		Fixation	8	441	608	2.23	171.95	190.86																				8278	610	639	631	608	620	623	430	623	244.99	32.47	253.47	45.18	249.23	38.82	288.77	204.55	749.94	336.82	220.92	797.49					775.65	775.65	4.28	5.11	0	0				
07/12/2018	3.3.2	Gaze Project	O4	3	M	Bilingual	G130	06/09/2018	89100	1280 x 720		Raw Data	Ord4_T5_L.avi	190	0	900	720									69005	10:16:58.026	1536226391799132															0			Unclassified	8																									8279	637	684			637	684	447	684	255.74	14.52					288.82	204.52	749.95		-34.01						775.66		4.57		0	4				
07/12/2018	3.3.2	Gaze Project	O4	3	M	Bilingual	G130	06/09/2018	89100	1280 x 720		Raw Data	Ord4_T5_L.avi	190	0	900	720									69014	10:16:58.034	1536226391807460															0			Unclassified	8																									8280																			-34.01										4	4				
07/12/2018	3.3.2	Gaze Project	O4	3	M	Bilingual	G130	06/09/2018	89100	1280 x 720		Raw Data	Ord4_T5_L.avi	190	0	900	720									69022	10:16:58.043	1536226391815817															0			Unclassified	8																									8281	643	580			643	580	453	580	257.97	56.55					288.80	204.21	749.59		-34.01						775.22		4.55		0	4				
07/12/2018	3.3.2	Gaze Project	O4	3	M	Bilingual	G130	06/09/2018	89100	1280 x 720		Raw Data	Ord4_T5_L.avi	190	0	900	720									69030	10:16:58.051	1536226391824160															0	5526		Fixation	8	440	616	0.22	262.90	90.95																				8282			630	616	630	616	440	616			253.04	41.89						336.95	221.28	798.99						0.00		5.10	4	0				
07/12/2018	3.3.2	Gaze Project	O4	3	M	Bilingual	G130	06/09/2018	89100	1280 x 720		Raw Data	Ord4_T5_L.avi	190	0	900	720									69039	10:16:58.059	1536226391832453															0			Unclassified	8																									8283	625	429			625	429	435	429	250.85	117.33					288.92	204.31	749.55		-34.01						775.22		3.95		0	4				
07/12/2018	3.3.2	Gaze Project	O4	3	M	Bilingual	G130	06/09/2018	89100	1280 x 720		Raw Data	Ord4_T5_L.avi	190	0	900	720									69047	10:16:58.068	1536226391840797															0			Unclassified	8																									8284	638	563			638	563	448	563	256.27	63.34					288.83	203.79	748.43		-34.01						773.99		4.58		0	4				
07/12/2018	3.3.2	Gaze Project	O4	3	M	Bilingual	G130	06/09/2018	89100	1280 x 720		Raw Data	Ord4_T5_L.avi	190	0	900	720									69055	10:16:58.076	1536226391849134															0			Unclassified	8																									8285	651	420			651	420	461	420	261.41	120.93					288.78	203.91	748.38		-34.01						773.97		4.02		0	4				
07/12/2018	3.3.2	Gaze Project	O4	3	M	Bilingual	G130	06/09/2018	89100	1280 x 720		Raw Data	Ord4_T5_L.avi	190	0	900	720									69064	10:16:58.085	1536226391857487															0			Unclassified	8																									8286	632	613			632	613	442	613	253.81	43.05					288.83	203.92	748.37		-34.01						773.98		4.55		0	4				
07/12/2018	3.3.2	Gaze Project	O4	3	M	Bilingual	G130	06/09/2018	89100	1280 x 720		Raw Data	Ord4_T5_L.avi	190	0	900	720									69072	10:16:58.093	1536226391865850															0	5527		Fixation	8	462	612	0.63	10.34	107.44																				8287	626	645	652	612	639	628	449	628	251.38	30.28	261.90	43.33	256.64	36.80	288.78	203.93	748.37	335.82	214.20	777.41					773.97	773.97	4.56	5.04	0	0				
07/12/2018	3.3.2	Gaze Project	O4	3	M	Bilingual	G130	06/09/2018	89100	1280 x 720		Raw Data	Ord4_T5_L.avi	190	0	900	720									69080	10:16:58.101	1536226391874116															0	5528		Fixation	8	439	633	0.87	222.49	212.15																				8288			629	633	629	633	439	633			252.44	35.13						335.92	214.76	779.11						0.00		4.99	4	0				
07/12/2018	3.3.2	Gaze Project	O4	3	M	Bilingual	G130	06/09/2018	89100	1280 x 720		Raw Data	Ord4_T5_L.avi	190	0	900	720									69089	10:16:58.109	1536226391882468															0			Unclassified	8																									8289	618	694			618	694	428	694	248.02	10.47					288.85	203.94	748.37		-34.01						773.97		4.53		0	4				
07/12/2018	3.3.2	Gaze Project	O4	3	M	Bilingual	G130	06/09/2018	89100	1280 x 720		Raw Data	Ord4_T5_L.avi	190	0	900	720									69097	10:16:58.118	1536226391890800															0			Unclassified	8																									8290																			-34.01										4	4				
07/12/2018	3.3.2	Gaze Project	O4	3	M	Bilingual	G130	06/09/2018	89100	1280 x 720		Raw Data	Ord4_T5_L.avi	190	0	900	720									69105	10:16:58.126	1536226391899162															0			Unclassified	8																									8291	607	495			607	495	417	495	243.80	90.79					288.82	203.81	748.42		-34.01						773.98		4.65		0	4				
07/12/2018	3.3.2	Gaze Project	O4	3	M	Bilingual	G130	06/09/2018	89100	1280 x 720		Raw Data	Ord4_T5_L.avi	190	0	900	720									69114	10:16:58.135	1536226391907513															0	5529		Fixation	8	393	478	4.64	106.48	243.99																				8292	609	495	583	478	596	486	406	486	244.50	90.54	233.84	97.48	239.17	94.01	288.58	219.20	795.44	335.44	213.14	773.38					823.41	823.41	5.17	5.03	0	0				
07/12/2018	3.3.2	Gaze Project	O4	3	M	Bilingual	G130	06/09/2018	89100	1280 x 720		Raw Data	Ord4_T5_L.avi	190	0	900	720									69122	10:16:58.143	1536226391915778															0	5530		Fixation	8	366	396	2.52	108.17	1.69																				8293	571	456	556	396	563	426	373	426	229.29	106.38	223.26	130.32	226.27	118.35	288.82	204.76	750.39	335.43	213.49	774.20					776.15	776.15	4.38	4.88	0	0				
07/12/2018	3.3.2	Gaze Project	O4	3	M	Bilingual	G130	06/09/2018	89100	1280 x 720		Raw Data	Ord4_T5_L.avi	190	0	900	720									69130	10:16:58.151	1536226391924111															0			Unclassified	8																									8294	548	357			548	357	358	357	220.07	146.20					288.55	219.45	795.95		-34.01						823.97		4.79		0	4				
07/12/2018	3.3.2	Gaze Project	O4	3	M	Bilingual	G130	06/09/2018	89100	1280 x 720		Raw Data	Ord4_T5_L.avi	190	0	900	720									69139	10:16:58.159	1536226391932470															0	5531		Fixation	8	435	309	3.29	51.67	303.50																				8295	553	446	625	309	589	377	399	377	221.92	110.30	250.97	165.42	236.45	137.86	288.73	204.65	750.44	333.70	204.65	746.58					776.16	776.16	4.56	4.40	0	0				
07/12/2018	3.3.2	Gaze Project	O4	3	M	Bilingual	G130	06/09/2018	89100	1280 x 720		Raw Data	Ord4_T5_L.avi	190	0	900	720									69147	10:16:58.168	1536226391940827															0	5532		Fixation	8	370	256	2.40	140.72	89.04																				8296	545	438	560	256	552	347	362	347	218.96	113.54	224.82	186.86	221.89	150.20	288.56	212.04	773.17	339.24	236.95	845.73					800.03	800.03	4.72	5.48	0	0				
07/12/2018	3.3.2	Gaze Project	O4	3	M	Bilingual	G130	06/09/2018	89100	1280 x 720		Raw Data	Ord4_T5_L.avi	190	0	900	720									69155	10:16:58.176	1536226391949109															0			Unclassified	8																									8297	551	428			551	428	361	428	221.29	117.50					288.67	204.65	750.43		-34.01						776.15		4.74		0	4				
07/12/2018	3.3.2	Gaze Project	O4	3	M	Bilingual	G130	06/09/2018	89100	1280 x 720		Raw Data	Ord4_T5_L.avi	190	0	900	720									69164	10:16:58.184	1536226391957441															0			Unclassified	8																									8298	596	415			596	415	406	415	239.11	122.97					288.58	204.52	749.61		-34.01						775.33		4.80		0	4				
07/12/2018	3.3.2	Gaze Project	O4	3	M	Bilingual	G130	06/09/2018	89100	1280 x 720		Raw Data	Ord4_T5_L.avi	190	0	900	720									69172	10:16:58.193	1536226391965780															0			Unclassified	8																									8299	512	379			512	379	322	379	205.69	137.26					288.33	219.43	795.81		-34.01						823.82		4.84		0	4				
07/12/2018	3.3.2	Gaze Project	O4	3	M	Bilingual	G130	06/09/2018	89100	1280 x 720		Raw Data	Ord4_T5_L.avi	190	0	900	720									69180	10:16:58.201	1536226391974126															0			Unclassified	8																									8300	549	261			549	261	359	261	220.48	184.80					288.58	204.67	749.55		-34.01						775.32		3.93		0	4				
07/12/2018	3.3.2	Gaze Project	O4	3	M	Bilingual	G130	06/09/2018	89100	1280 x 720		Raw Data	Ord4_T5_L.avi	190	0	900	720									69189	10:16:58.210	1536226391982498															0			Unclassified	8																									8301	570	422			570	422	380	422	228.83	120.17					288.19	219.22	795.10		-34.01						823.08		4.93		0	4				
07/12/2018	3.3.2	Gaze Project	O4	3	M	Bilingual	G130	06/09/2018	89100	1280 x 720		Raw Data	Ord4_T5_L.avi	190	0	900	720									69197	10:16:58.218	1536226391990767															0			Unclassified	8																									8302	610	456			610	456	420	456	245.04	106.34					288.17	218.13	791.74		-34.01						819.55		5.01		0	4				
07/12/2018	3.3.2	Gaze Project	O4	3	M	Bilingual	G130	06/09/2018	89100	1280 x 720		Raw Data	Ord4_T5_L.avi	190	0	900	720									69205	10:16:58.226	1536226391999118															0			Unclassified	8																									8303																			-34.01										4	4				
07/12/2018	3.3.2	Gaze Project	O4	3	M	Bilingual	G130	06/09/2018	89100	1280 x 720		Raw Data	Ord4_T5_L.avi	190	0	900	720									69214	10:16:58.234	1536226392007452															0			Unclassified	8																									8304																			-34.01										4	4				
07/12/2018	3.3.2	Gaze Project	O4	3	M	Bilingual	G130	06/09/2018	89100	1280 x 720		Raw Data	Ord4_T5_L.avi	190	0	900	720									69222	10:16:58.243	1536226392015792															0			Unclassified	8																									8305																			-34.01										4	4				
07/12/2018	3.3.2	Gaze Project	O4	3	M	Bilingual	G130	06/09/2018	89100	1280 x 720		Raw Data	Ord4_T5_L.avi	190	0	900	720									69230	10:16:58.251	1536226392024168															0	5533		Fixation	8	407	364	3.17	288.85	148.14																				8306	570	419	597	364	583	391	393	391	228.73	121.12	239.53	143.18	234.13	132.15	287.97	218.57	793.10	336.18	221.22	797.04					820.97	820.97	4.88	5.05	0	0				
07/12/2018	3.3.2	Gaze Project	O4	3	M	Bilingual	G130	06/09/2018	89100	1280 x 720		Raw Data	Ord4_T5_L.avi	190	0	900	720									69239	10:16:58.259	1536226392032431															0	5534		Fixation	8	319	408	2.74	206.64	277.78																				8307	566	448	509	408	537	428	347	428	227.26	109.46	204.47	125.46	215.87	117.46	288.18	204.61	749.79	341.96	223.73	803.80					775.51	775.51	4.56	5.30	0	0				
07/12/2018	3.3.2	Gaze Project	O4	3	M	Bilingual	G130	06/09/2018	89100	1280 x 720		Raw Data	Ord4_T5_L.avi	190	0	900	720									69247	10:16:58.268	1536226392040761															0			Unclassified	8																									8308	579	353			579	353	389	353	232.60	147.79					288.16	204.75	750.22		-34.01						775.96		4.46		0	4				
07/12/2018	3.3.2	Gaze Project	O4	3	M	Bilingual	G130	06/09/2018	89100	1280 x 720		Raw Data	Ord4_T5_L.avi	190	0	900	720									69255	10:16:58.276	1536226392049125															0	5535		Fixation	8			11.69	69.96	223.32																				8309	590	299	662	-10	626	144	436	144	236.64	169.54	265.57	293.84	251.10	231.69	288.11	204.62	749.83	359.71	263.27	924.42					775.54	775.54	4.35	5.94	0	0				
07/12/2018	3.3.2	Gaze Project	O4	3	M	Bilingual	G130	06/09/2018	89100	1280 x 720		Raw Data	Ord4_T5_L.avi	190	0	900	720									69264	10:16:58.285	1536226392057479															0	5536		Fixation	8	366	432	12.39	256.56	186.60																				8310			556	432	556	432	366	432			223.16	115.80						333.20	204.62	745.69						0.00		4.79	4	0				
07/12/2018	3.3.2	Gaze Project	O4	3	M	Bilingual	G130	06/09/2018	89100	1280 x 720		Raw Data	Ord4_T5_L.avi	190	0	900	720									69272	10:16:58.293	1536226392065749															0	5537		Fixation	8	400	410	1.21	32.99	136.43																				8311			590	410	590	410	400	410			236.95	124.66						333.12	204.53	745.72						0.00		4.78	4	0				
07/12/2018	3.3.2	Gaze Project	O4	3	M	Bilingual	G130	06/09/2018	89100	1280 x 720		Raw Data	Ord4_T5_L.avi	190	0	900	720									69280	10:16:58.301	1536226392074095															0	5538		Fixation	8	380	373	1.28	118.32	85.33																				8312	608	504	570	373	589	438	399	438	243.93	86.94	228.82	139.78	236.38	113.36	288.07	204.54	749.86	333.19	204.86	746.27					775.55	775.55	4.69	4.63	0	0				
07/12/2018	3.3.2	Gaze Project	O4	3	M	Bilingual	G130	06/09/2018	89100	1280 x 720		Raw Data	Ord4_T5_L.avi	190	0	900	720									69289	10:16:58.309	1536226392082432															0	5539		Fixation	8	356	489	3.56	258.35	140.03																				8313	595	435	546	489	570	462	380	462	238.91	114.92	219.11	92.93	229.01	103.93	287.99	204.69	749.88	333.12	204.73	745.80					775.61	775.61	4.40	4.80	0	0				
07/12/2018	3.3.2	Gaze Project	O4	3	M	Bilingual	G130	06/09/2018	89100	1280 x 720		Raw Data	Ord4_T5_L.avi	190	0	900	720									69297	10:16:58.318	1536226392090792															0			Unclassified	8																									8314	599	367			599	367	409	367	240.33	142.10					287.96	204.87	750.38		-34.01						776.14		4.33		0	4				
07/12/2018	3.3.2	Gaze Project	O4	3	M	Bilingual	G130	06/09/2018	89100	1280 x 720		Raw Data	Ord4_T5_L.avi	190	0	900	720									69305	10:16:58.326	1536226392099148															0			Unclassified	8																									8315																			-34.01										4	4				
07/12/2018	3.3.2	Gaze Project	O4	3	M	Bilingual	G130	06/09/2018	89100	1280 x 720		Raw Data	Ord4_T5_L.avi	190	0	900	720									69314	10:16:58.334	1536226392107418															0	5540		Fixation	8	368	453	1.13	71.62	173.27																				8316	575	416	558	453	566	434	376	434	230.72	122.55	224.11	107.64	227.42	115.10	287.73	213.23	776.37	332.97	204.69	745.82					803.41	803.41	4.90	4.87	0	0				
07/12/2018	3.3.2	Gaze Project	O4	3	M	Bilingual	G130	06/09/2018	89100	1280 x 720		Raw Data	Ord4_T5_L.avi	190	0	900	720									69322	10:16:58.343	1536226392115758															0	5541		Fixation	8	427	329	4.15	64.63	353.01																				8317			617	329	617	329	427	329			247.59	157.60						332.84	204.95	745.71						0.00		4.88	4	0				
07/12/2018	3.3.2	Gaze Project	O4	3	M	Bilingual	G130	06/09/2018	89100	1280 x 720		Raw Data	Ord4_T5_L.avi	190	0	900	720									69330	10:16:58.351	1536226392124106															0			Unclassified	8																									8318																			-34.01										4	4				
07/12/2018	3.3.2	Gaze Project	O4	3	M	Bilingual	G130	06/09/2018	89100	1280 x 720		Raw Data	Ord4_T5_L.avi	190	0	900	720									69339	10:16:58.359	1536226392132449															0			Unclassified	8																									8319	596	223			596	223	406	223	239.21	200.01					292.88	224.08	808.75		-34.01						837.74		4.48		0	4				
07/12/2018	3.3.2	Gaze Project	O4	3	M	Bilingual	G130	06/09/2018	89100	1280 x 720		Raw Data	Ord4_T5_L.avi	190	0	900	720									69347	10:16:58.368	1536226392140821															0	5542		Fixation	8	410	440	3.41	261.32	196.69																				8320	531	537	600	440	565	488	375	488	213.01	73.81	240.88	112.81	226.94	93.31	287.82	204.79	750.41	332.76	204.76	745.79					776.14	776.14	4.66	4.69	0	0				
07/12/2018	3.3.2	Gaze Project	O4	3	M	Bilingual	G130	06/09/2018	89100	1280 x 720		Raw Data	Ord4_T5_L.avi	190	0	900	720									69355	10:16:58.376	1536226392149083															0	5543		Fixation	8	383	375	2.12	112.49	211.17																				8321	566	193	573	375	569	284	379	284	227.32	212.22	230.10	138.96	228.71	175.59	287.67	204.99	750.65	334.65	209.40	759.13					776.42	776.42	3.82	4.50	0	0				
07/12/2018	3.3.2	Gaze Project	O4	3	M	Bilingual	G130	06/09/2018	89100	1280 x 720		Raw Data	Ord4_T5_L.avi	190	0	900	720									69364	10:16:58.384	1536226392157414															0	5544		Fixation	8	423	318	2.07	55.03	302.54																				8322			613	318	613	318	423	318			246.07	161.70						334.75	209.73	760.14						0.00		4.57	4	0				
07/12/2018	3.3.2	Gaze Project	O4	3	M	Bilingual	G130	06/09/2018	89100	1280 x 720		Raw Data	Ord4_T5_L.avi	190	0	900	720									69372	10:16:58.393	1536226392165776															0			Unclassified	8																									8323	568	427			568	427	378	427	228.06	117.95					288.37	208.22	760.11		-34.01						786.44		4.90		0	4				
07/12/2018	3.3.2	Gaze Project	O4	3	M	Bilingual	G130	06/09/2018	89100	1280 x 720		Raw Data	Ord4_T5_L.avi	190	0	900	720									69380	10:16:58.401	1536226392174130															0			Unclassified	8																									8324	556	358			556	358	366	358	223.10	145.96					287.46	207.07	757.54		-34.01						783.60		4.31		0	4				
07/12/2018	3.3.2	Gaze Project	O4	3	M	Bilingual	G130	06/09/2018	89100	1280 x 720		Raw Data	Ord4_T5_L.avi	190	0	900	720									69389	10:16:58.409	1536226392182399															0	5545		Fixation	8	362	398	2.99	232.76	177.74																				8325	518	199	552	398	535	298	345	298	207.83	209.68	221.64	129.54	214.74	169.61	287.37	208.00	760.41	333.87	208.24	755.52					786.61	786.61	3.87	4.48	0	0				
07/12/2018	3.3.2	Gaze Project	O4	3	M	Bilingual	G130	06/09/2018	89100	1280 x 720		Raw Data	Ord4_T5_L.avi	190	0	900	720									69397	10:16:58.418	1536226392190752															0	5546		Fixation	8	311	577	5.43	254.15	21.38																				8326	575	185	501	577	538	381	348	381	230.68	215.47	200.93	57.62	215.80	136.54	287.31	207.31	758.34	334.31	209.40	759.05					784.43	784.43	3.80	4.91	0	0				
07/12/2018	3.3.2	Gaze Project	O4	3	M	Bilingual	G130	06/09/2018	89100	1280 x 720		Raw Data	Ord4_T5_L.avi	190	0	900	720									69405	10:16:58.426	1536226392199083															0	5547		Fixation	8	391	318	8.01	72.89	178.74																				8327	604	268	581	318	592	293	402	293	242.41	181.86	233.37	162.03	237.89	171.95	287.28	205.02	750.97	332.45	205.37	747.15					776.72	776.72	3.81	4.13	0	0				
07/12/2018	3.3.2	Gaze Project	O4	3	M	Bilingual	G130	06/09/2018	89100	1280 x 720		Raw Data	Ord4_T5_L.avi	190	0	900	720									69414	10:16:58.434	1536226392207434															0	5548		Fixation	8	301	553	7.44	249.11	176.22																				8328	586	278	491	553	538	415	348	415	235.08	178.08	197.18	67.42	216.13	122.75	287.19	205.00	750.99	334.12	209.41	759.04					776.73	776.73	3.90	4.88	0	0				
07/12/2018	3.3.2	Gaze Project	O4	3	M	Bilingual	G130	06/09/2018	89100	1280 x 720		Raw Data	Ord4_T5_L.avi	190	0	900	720									69422	10:16:58.443	1536226392215805															0	5549		Fixation	8	391	490	3.19	35.08	145.97																				8329	636	457	581	490	608	473	418	473	255.40	105.84	233.40	92.53	244.40	99.19	288.16	209.29	763.70	332.23	205.36	747.08					790.17	790.17	4.40	4.82	0	0				
07/12/2018	3.3.2	Gaze Project	O4	3	M	Bilingual	G130	06/09/2018	89100	1280 x 720		Raw Data	Ord4_T5_L.avi	190	0	900	720									69430	10:16:58.451	1536226392224070															0			Unclassified	8																									8330																			-34.01										4	4				
07/12/2018	3.3.2	Gaze Project	O4	3	M	Bilingual	G130	06/09/2018	89100	1280 x 720		Raw Data	Ord4_T5_L.avi	190	0	900	720									69439	10:16:58.459	1536226392232467															0			Unclassified	8																									8331	365	414			365	414	175	414	146.43	123.41					287.30	207.82	759.49		-34.01						785.68		4.08		0	4				
07/12/2018	3.3.2	Gaze Project	O4	3	M	Bilingual	G130	06/09/2018	89100	1280 x 720		Raw Data	Ord4_T5_L.avi	190	0	900	720									69447	10:16:58.468	1536226392240754															0			Unclassified	8																									8332	307	571			307	571	117	571	123.43	60.04					286.33	204.91	751.38		-34.01						777.04		4.37		0	4				
07/12/2018	3.3.2	Gaze Project	O4	3	M	Bilingual	G130	06/09/2018	89100	1280 x 720		Raw Data	Ord4_T5_L.avi	190	0	900	720									69455	10:16:58.476	1536226392249114															0			Unclassified	8																									8333	330	666			330	666	140	666	132.49	21.62					286.04	206.49	757.05		-34.01						782.91		4.28		0	4				
07/12/2018	3.3.2	Gaze Project	O4	3	M	Bilingual	G130	06/09/2018	89100	1280 x 720		Raw Data	Ord4_T5_L.avi	190	0	900	720									69464	10:16:58.484	1536226392257474															0			Unclassified	8																									8334	282	688			282	688	92	688	113.32	12.99					286.83	208.41	762.62		-34.01						788.82		4.21		0	4				
07/12/2018	3.3.2	Gaze Project	O4	3	M	Bilingual	G130	06/09/2018	89100	1280 x 720		Raw Data	Ord4_T5_L.avi	190	0	900	720									69472	10:16:58.493	1536226392265729															0	5550		Fixation	8	143	684	8.94	218.12	183.05																				8335			333	684	333	684	143	684			133.82	14.55						330.92	206.71	752.67						0.00		4.70	4	0				
07/12/2018	3.3.2	Gaze Project	O4	3	M	Bilingual	G130	06/09/2018	89100	1280 x 720		Raw Data	Ord4_T5_L.avi	190	0	900	720									69480	10:16:58.501	1536226392274067															0	5551		Fixation	8			1.08	278.94	60.82																				8336	246	757	339	722	292	739			98.65	-14.73	135.91	-0.98	117.28	-7.86	285.47	204.90	753.17	330.80	207.47	754.91					778.71	778.71	4.40	4.52	0	0				
07/12/2018	3.3.2	Gaze Project	O4	3	M	Bilingual	G130	06/09/2018	89100	1280 x 720		Raw Data	Ord4_T5_L.avi	190	0	900	720									69489	10:16:58.509	1536226392282426															0	5552		Fixation	8	115	709	1.03	159.01	240.07																				8337			305	709	305	709	115	709			122.30	4.52						330.58	207.65	755.35						0.00		4.57	4	0				
07/12/2018	3.3.2	Gaze Project	O4	3	M	Bilingual	G130	06/09/2018	89100	1280 x 720		Raw Data	Ord4_T5_L.avi	190	0	900	720									69497	10:16:58.518	1536226392290783															0			Unclassified	8																									8338																			-34.01										4	4				
07/12/2018	3.3.2	Gaze Project	O4	3	M	Bilingual	G130	06/09/2018	89100	1280 x 720		Raw Data	Ord4_T5_L.avi	190	0	900	720									69505	10:16:58.526	1536226392299052															0	5553		Fixation	8			1.41	314.91	155.89																				8339	304	720	340	744	322	732			122.12	0.17	136.36	-9.74	129.24	-4.78	284.02	221.66	805.26	329.96	207.40	754.38					833.35	833.35	4.61	4.56	0	0				
07/12/2018	3.3.2	Gaze Project	O4	3	M	Bilingual	G130	06/09/2018	89100	1280 x 720		Raw Data	Ord4_T5_L.avi	190	0	900	720									69514	10:16:58.534	1536226392307398															0	5554		Fixation	8			0.51	170.51	215.60																				8340			322	741	322	741					129.23	-8.36						329.71	207.83	755.62						0.00		4.58	4	0				
07/12/2018	3.3.2	Gaze Project	O4	3	M	Bilingual	G130	06/09/2018	89100	1280 x 720		Raw Data	Ord4_T5_L.avi	190	0	900	720									69522	10:16:58.543	1536226392315736															0			Unclassified	8																									8341																			-34.01										4	4				
07/12/2018	3.3.2	Gaze Project	O4	3	M	Bilingual	G130	06/09/2018	89100	1280 x 720		Raw Data	Ord4_T5_L.avi	190	0	900	720									69530	10:16:58.551	1536226392324083															0	5555		Fixation	8			0.39	192.13	21.62																				8342			308	744	308	744					123.71	-9.74						328.99	207.39	754.11						0.00		4.43	4	0				
07/12/2018	3.3.2	Gaze Project	O4	3	M	Bilingual	G130	06/09/2018	89100	1280 x 720		Raw Data	Ord4_T5_L.avi	190	0	900	720									69539	10:16:58.559	1536226392332445															0			Unclassified	8																									8343																			-34.01										4	4				
07/12/2018	3.3.2	Gaze Project	O4	3	M	Bilingual	G130	06/09/2018	89100	1280 x 720		Raw Data	Ord4_T5_L.avi	190	0	900	720									69547	10:16:58.568	1536226392340702															0			Unclassified	8																									8344	177	682			177	682			71.06	15.48					287.93	223.78	811.83		-34.01						840.38		4.82		0	4				
07/12/2018	3.3.2	Gaze Project	O4	3	M	Bilingual	G130	06/09/2018	89100	1280 x 720		Raw Data	Ord4_T5_L.avi	190	0	900	720									69555	10:16:58.576	1536226392349043															0	5556		Fixation	8			8.36	171.82	339.69																				8345			-6	699	-6	699					-2.57	8.41						328.89	213.44	772.41						0.00		3.82	4	0				
07/12/2018	3.3.2	Gaze Project	O4	3	M	Bilingual	G130	06/09/2018	89100	1280 x 720		Raw Data	Ord4_T5_L.avi	190	0	900	720									69564	10:16:58.584	1536226392357409															0	5557		Fixation	8			7.75	354.65	182.83																				8346			294	727	294	727					117.94	-2.86						329.41	219.22	790.03						0.00		4.81	4	0				
07/12/2018	3.3.2	Gaze Project	O4	3	M	Bilingual	G130	06/09/2018	89100	1280 x 720		Raw Data	Ord4_T5_L.avi	190	0	900	720									69572	10:16:58.593	1536226392365765															0			Unclassified	8																									8347	256	723			256	723			102.83	-1.14					286.82	222.79	809.37		-34.01						837.70		4.95		0	4				
07/12/2018	3.3.2	Gaze Project	O4	3	M	Bilingual	G130	06/09/2018	89100	1280 x 720		Raw Data	Ord4_T5_L.avi	190	0	900	720									69580	10:16:58.601	1536226392374043															0			Unclassified	8																									8348																			-34.01										4	4				
07/12/2018	3.3.2	Gaze Project	O4	3	M	Bilingual	G130	06/09/2018	89100	1280 x 720		Raw Data	Ord4_T5_L.avi	190	0	900	720									69589	10:16:58.609	1536226392382391															0			Unclassified	8																									8349																			-34.01										4	4				
07/12/2018	3.3.2	Gaze Project	O4	3	M	Bilingual	G130	06/09/2018	89100	1280 x 720		Raw Data	Ord4_T5_L.avi	190	0	900	720									69597	10:16:58.618	1536226392390715															0	5558		Fixation	8			0.28	21.87	27.21																				8350			304	723	304	723					122.06	-1.32						327.19	211.46	766.34						0.00		4.63	4	0				
07/12/2018	3.3.2	Gaze Project	O4	3	M	Bilingual	G130	06/09/2018	89100	1280 x 720		Raw Data	Ord4_T5_L.avi	190	0	900	720									69605	10:16:58.626	1536226392399084															0			Unclassified	8																									8351	243	757	191	770	217	763			97.35	-14.97	76.56	-20.10	86.96	-17.54	289.56	237.91	856.84	304.77	210.30	767.16					887.59	887.59	4.92	4.63	1	3				
07/12/2018	3.3.2	Gaze Project	O4	3	M	Bilingual	G130	06/09/2018	89100	1280 x 720		Raw Data	Ord4_T5_L.avi	190	0	900	720									69614	10:16:58.634	1536226392407434															0			Unclassified	8																									8352																			-34.01										4	4				
07/12/2018	3.3.2	Gaze Project	O4	3	M	Bilingual	G130	06/09/2018	89100	1280 x 720		Raw Data	Ord4_T5_L.avi	190	0	900	720									69622	10:16:58.643	1536226392415705															0	5559		Fixation	8			1.34	331.22	309.35																				8353			346	746	346	746					139.00	-10.64						326.49	210.65	763.92						0.00		4.75	4	0				
07/12/2018	3.3.2	Gaze Project	O4	3	M	Bilingual	G130	06/09/2018	89100	1280 x 720		Raw Data	Ord4_T5_L.avi	190	0	900	720									69630	10:16:58.651	1536226392424059															0	5560		Fixation	8			0.91	164.24	193.03																				8354			314	737	314	737					126.19	-6.90						327.14	216.43	781.59						0.00		4.81	4	0				
07/12/2018	3.3.2	Gaze Project	O4	3	M	Bilingual	G130	06/09/2018	89100	1280 x 720		Raw Data	Ord4_T5_L.avi	190	0	900	720									69639	10:16:58.659	1536226392432395															0			Unclassified	8																									8355																			-34.01										4	4				
07/12/2018	3.3.2	Gaze Project	O4	3	M	Bilingual	G130	06/09/2018	89100	1280 x 720		Raw Data	Ord4_T5_L.avi	190	0	900	720									69647	10:16:58.668	1536226392440748															0			Unclassified	8																									8356	71	647	-75	671	-2	659			28.41	29.57	-29.94	19.70	-0.76	24.64	289.89	242.06	870.44	283.07	213.68	782.70					901.80	901.80	5.06	4.57	1	3				
07/12/2018	3.3.2	Gaze Project	O4	3	M	Bilingual	G130	06/09/2018	89100	1280 x 720		Raw Data	Ord4_T5_L.avi	190	0	900	720									69655	10:16:58.676	1536226392449106															0	5561		Fixation	8			1.22	289.60	125.35																				8357			329	779	329	779					132.09	-23.66						326.00	210.34	763.10						0.00		4.78	4	0				
07/12/2018	3.3.2	Gaze Project	O4	3	M	Bilingual	G130	06/09/2018	89100	1280 x 720		Raw Data	Ord4_T5_L.avi	190	0	900	720									69664	10:16:58.684	1536226392457356															0			Unclassified	8																									8358	241	726	25	721	133	723			96.68	-2.44	9.95	-0.20	53.31	-1.32	285.11	223.23	812.44	281.39	207.62	764.20					840.69	840.69	4.75	4.50	1	3				
07/12/2018	3.3.2	Gaze Project	O4	3	M	Bilingual	G130	06/09/2018	89100	1280 x 720		Raw Data	Ord4_T5_L.avi	190	0	900	720									69672	10:16:58.693	1536226392465713															0	5562		Fixation	8			2.32	159.78	230.19																				8359			250	750	250	750					100.53	-12.06						326.02	211.46	766.63						0.00		4.79	4	0				
07/12/2018	3.3.2	Gaze Project	O4	3	M	Bilingual	G130	06/09/2018	89100	1280 x 720		Raw Data	Ord4_T5_L.avi	190	0	900	720									69680	10:16:58.701	1536226392474058															0			Unclassified	8																									8360	102	736	158	745	130	740			40.88	-6.51	63.57	-10.04	52.22	-8.28	290.29	244.61	878.90	303.69	209.31	764.89					910.65	910.65	4.94	4.54	1	3				
07/12/2018	3.3.2	Gaze Project	O4	3	M	Bilingual	G130	06/09/2018	89100	1280 x 720		Raw Data	Ord4_T5_L.avi	190	0	900	720									69689	10:16:58.709	1536226392482415															0			Unclassified	8																									8361																			-34.01										4	4				
07/12/2018	3.3.2	Gaze Project	O4	3	M	Bilingual	G130	06/09/2018	89100	1280 x 720		Raw Data	Ord4_T5_L.avi	190	0	900	720									69697	10:16:58.718	1536226392490688															0	5563		Fixation	8			0.80	3.83	204.04																				8362			280	748	280	748					112.28	-11.44						325.94	211.31	766.40						0.00		4.69	4	0				
07/12/2018	3.3.2	Gaze Project	O4	3	M	Bilingual	G130	06/09/2018	89100	1280 x 720		Raw Data	Ord4_T5_L.avi	190	0	900	720									69705	10:16:58.726	1536226392499041															0	5564		Fixation	8	129	712	1.39	42.80	38.98																				8363			319	712	319	712	129	712			128.20	3.05						325.85	210.69	764.60						0.00		4.77	4	0				
07/12/2018	3.3.2	Gaze Project	O4	3	M	Bilingual	G130	06/09/2018	89100	1280 x 720		Raw Data	Ord4_T5_L.avi	190	0	900	720									69714	10:16:58.734	1536226392507374															0			Unclassified	8																									8364																			-34.01										4	4				
07/12/2018	3.3.2	Gaze Project	O4	3	M	Bilingual	G130	06/09/2018	89100	1280 x 720		Raw Data	Ord4_T5_L.avi	190	0	900	720									69722	10:16:58.743	1536226392515728															0			Unclassified	8																									8365	237	742	29	731	133	736			95.03	-8.78	11.65	-4.28	53.34	-6.53	279.62	220.19	804.76	280.24	207.63	765.84					832.29	832.29	4.68	4.47	1	3				
07/12/2018	3.3.2	Gaze Project	O4	3	M	Bilingual	G130	06/09/2018	89100	1280 x 720		Raw Data	Ord4_T5_L.avi	190	0	900	720									69730	10:16:58.751	1536226392524087															0			Unclassified	8																									8366																			-34.01										4	4				
07/12/2018	3.3.2	Gaze Project	O4	3	M	Bilingual	G130	06/09/2018	89100	1280 x 720		Raw Data	Ord4_T5_L.avi	190	0	900	720									69739	10:16:58.759	1536226392532357															0			Unclassified	8																									8367																			-34.01										4	4				
07/12/2018	3.3.2	Gaze Project	O4	3	M	Bilingual	G130	06/09/2018	89100	1280 x 720		Raw Data	Ord4_T5_L.avi	190	0	900	720									69747	10:16:58.768	1536226392540687															0	5565		Fixation	8	193	666	2.07	35.79	352.99																				8368			383	666	383	666	193	666			153.87	21.87						327.19	221.05	796.34						0.00		4.90	4	0				
07/12/2018	3.3.2	Gaze Project	O4	3	M	Bilingual	G130	06/09/2018	89100	1280 x 720		Raw Data	Ord4_T5_L.avi	190	0	900	720									69755	10:16:58.776	1536226392549039															0	5566		Fixation	8	179	676	0.45	215.62	179.83																				8369	302	675	369	676	335	675	145	675	121.18	18.06	148.24	17.84	134.71	17.95	279.50	219.70	803.53	326.85	218.71	789.26					830.96	830.96	4.80	4.96	0	0				
07/12/2018	3.3.2	Gaze Project	O4	3	M	Bilingual	G130	06/09/2018	89100	1280 x 720		Raw Data	Ord4_T5_L.avi	190	0	900	720									69764	10:16:58.784	1536226392557411															0	5567		Fixation	8	151	661	0.87	151.74	296.12																				8370			341	661	341	661	151	661			137.06	23.68						326.73	217.91	786.86						0.00		4.94	4	0				
07/12/2018	3.3.2	Gaze Project	O4	3	M	Bilingual	G130	06/09/2018	89100	1280 x 720		Raw Data	Ord4_T5_L.avi	190	0	900	720									69772	10:16:58.793	1536226392565757															0			Unclassified	8																									8371																			-34.01										4	4				
07/12/2018	3.3.2	Gaze Project	O4	3	M	Bilingual	G130	06/09/2018	89100	1280 x 720		Raw Data	Ord4_T5_L.avi	190	0	900	720									69780	10:16:58.801	1536226392574026															0	5568		Fixation	8	165	665	0.40	344.01	192.26																				8372			355	665	355	665	165	665			142.58	22.35						326.02	213.32	772.91						0.00		4.89	4	0				
07/12/2018	3.3.2	Gaze Project	O4	3	M	Bilingual	G130	06/09/2018	89100	1280 x 720		Raw Data	Ord4_T5_L.avi	190	0	900	720									69789	10:16:58.809	1536226392582358															0	5569		Fixation	8	207	673	1.18	349.18	5.18																				8373			397	673	397	673	207	673			159.48	18.94						326.71	219.11	790.67						0.00		4.90	4	0				
07/12/2018	3.3.2	Gaze Project	O4	3	M	Bilingual	G130	06/09/2018	89100	1280 x 720		Raw Data	Ord4_T5_L.avi	190	0	900	720									69797	10:16:58.818	1536226392590714															0			Unclassified	8																									8374																			-34.01										4	4				
07/12/2018	3.3.2	Gaze Project	O4	3	M	Bilingual	G130	06/09/2018	89100	1280 x 720		Raw Data	Ord4_T5_L.avi	190	0	900	720									69805	10:16:58.826	1536226392599069															0	5570		Fixation	8	190	692	0.68	228.27	239.09																				8375			380	692	380	692	190	692			152.69	11.43						325.74	212.81	771.53						0.00		4.89	4	0				
07/12/2018	3.3.2	Gaze Project	O4	3	M	Bilingual	G130	06/09/2018	89100	1280 x 720		Raw Data	Ord4_T5_L.avi	190	0	900	720									69814	10:16:58.834	1536226392607311															0	5571		Fixation	8	202	676	0.53	53.22	184.95																				8376			392	676	392	676	202	676			157.19	17.90						326.55	219.56	792.23						0.00		4.89	4	0				
07/12/2018	3.3.2	Gaze Project	O4	3	M	Bilingual	G130	06/09/2018	89100	1280 x 720		Raw Data	Ord4_T5_L.avi	190	0	900	720									69822	10:16:58.843	1536226392615698															0	5572		Fixation	8	188	658	0.64	127.79	74.57																				8377			378	658	378	658	188	658			151.53	24.89						325.56	212.71	771.33						0.00		4.78	4	0				
07/12/2018	3.3.2	Gaze Project	O4	3	M	Bilingual	G130	06/09/2018	89100	1280 x 720		Raw Data	Ord4_T5_L.avi	190	0	900	720									69830	10:16:58.851	1536226392624025															0	5573		Fixation	8	203	682	0.79	301.92	174.14																				8378			393	682	393	682	203	682			157.79	15.43						326.43	220.21	794.32						0.00		4.86	4	0				
07/12/2018	3.3.2	Gaze Project	O4	3	M	Bilingual	G130	06/09/2018	89100	1280 x 720		Raw Data	Ord4_T5_L.avi	190	0	900	720									69839	10:16:58.859	1536226392632382															0	5574		Fixation	8	166	710	1.22	217.21	275.28																				8379	249	702	356	710	302	706	112	706	100.13	7.33	143.05	3.93	121.59	5.63	278.80	219.50	804.06	325.47	213.43	773.63					831.39	831.39	4.61	4.72	0	0				
07/12/2018	3.3.2	Gaze Project	O4	3	M	Bilingual	G130	06/09/2018	89100	1280 x 720		Raw Data	Ord4_T5_L.avi	190	0	900	720									69847	10:16:58.868	1536226392640740															0	5575		Fixation	8	201	705	0.95	8.16	150.95																				8380	152	670	391	705	271	687	81	687	61.21	20.33	156.83	6.02	109.02	13.18	278.18	229.73	835.95	326.22	220.11	794.11					864.85	864.85	4.58	4.87	0	0				
07/12/2018	3.3.2	Gaze Project	O4	3	M	Bilingual	G130	06/09/2018	89100	1280 x 720		Raw Data	Ord4_T5_L.avi	190	0	900	720									69855	10:16:58.876	1536226392649007															0			Unclassified	8																									8381																			-34.01										4	4				
07/12/2018	3.3.2	Gaze Project	O4	3	M	Bilingual	G130	06/09/2018	89100	1280 x 720		Raw Data	Ord4_T5_L.avi	190	0	900	720									69864	10:16:58.884	1536226392657338															0	5576		Fixation	8	210	692	0.41	55.39	47.24																				8382			400	692	400	692	210	692			160.59	11.33						326.16	221.16	797.40						0.00		4.88	4	0				
07/12/2018	3.3.2	Gaze Project	O4	3	M	Bilingual	G130	06/09/2018	89100	1280 x 720		Raw Data	Ord4_T5_L.avi	190	0	900	720									69872	10:16:58.893	1536226392665699															0			Unclassified	8																									8383																			-34.01										4	4				
07/12/2018	3.3.2	Gaze Project	O4	3	M	Bilingual	G130	06/09/2018	89100	1280 x 720		Raw Data	Ord4_T5_L.avi	190	0	900	720									69880	10:16:58.901	1536226392674050															0	5577		Fixation	8	205	650	1.16	96.77	41.38																				8384	251	617	395	650	323	633	133	633	100.88	41.55	158.72	28.16	129.80	34.86	278.34	219.51	804.70	324.86	212.32	770.50					831.99	831.99	4.45	4.59	0	0				
07/12/2018	3.3.2	Gaze Project	O4	3	M	Bilingual	G130	06/09/2018	89100	1280 x 720		Raw Data	Ord4_T5_L.avi	190	0	900	720									69889	10:16:58.909	1536226392682411															0			Unclassified	8																									8385	241	666			241	666	51	666	96.68	21.59					278.26	218.08	800.44		-34.01						827.49		4.48		0	4				
07/12/2018	3.3.2	Gaze Project	O4	3	M	Bilingual	G130	06/09/2018	89100	1280 x 720		Raw Data	Ord4_T5_L.avi	190	0	900	720									69897	10:16:58.918	1536226392690668															0			Unclassified	8																									8386																			-34.01										4	4				
07/12/2018	3.3.2	Gaze Project	O4	3	M	Bilingual	G130	06/09/2018	89100	1280 x 720		Raw Data	Ord4_T5_L.avi	190	0	900	720									69905	10:16:58.926	1536226392699073															0	5578		Fixation	8	176	661	0.84	200.83	104.07																				8387	304	698	366	661	335	679	145	679	121.87	8.96	147.09	23.94	134.48	16.45	278.02	218.65	802.47	325.30	218.12	788.50					829.59	829.59	4.53	4.77	0	0				
07/12/2018	3.3.2	Gaze Project	O4	3	M	Bilingual	G130	06/09/2018	89100	1280 x 720		Raw Data	Ord4_T5_L.avi	190	0	900	720									69914	10:16:58.934	1536226392707366															0	5579		Fixation	8	189	662	0.36	355.59	154.75																				8388	198	664	379	662	288	663	98	663	79.42	22.69	152.15	23.54	115.78	23.12	277.94	219.01	803.73	324.45	212.29	770.77					830.90	830.90	4.43	4.63	0	0				
07/12/2018	3.3.2	Gaze Project	O4	3	M	Bilingual	G130	06/09/2018	89100	1280 x 720		Raw Data	Ord4_T5_L.avi	190	0	900	720									69922	10:16:58.943	1536226392715725															0			Unclassified	8																									8389	303	722			303	722			121.52	-0.72					277.85	217.82	800.20		-34.01						827.18		4.40		0	4				
07/12/2018	3.3.2	Gaze Project	O4	3	M	Bilingual	G130	06/09/2018	89100	1280 x 720		Raw Data	Ord4_T5_L.avi	190	0	900	720									69930	10:16:58.951	1536226392723987															0			Unclassified	8																									8390	283	635			283	635	93	635	113.62	34.07					277.05	229.96	838.12		-34.01						866.96		4.54		0	4				
07/12/2018	3.3.2	Gaze Project	O4	3	M	Bilingual	G130	06/09/2018	89100	1280 x 720		Raw Data	Ord4_T5_L.avi	190	0	900	720									69939	10:16:58.959	1536226392732346															0	5580		Fixation	8	208	678	0.70	319.81	324.22																				8391	237	686	398	678	317	682	127	682	95.28	13.58	159.86	16.99	127.57	15.29	277.64	217.47	799.43	324.14	212.51	771.80					826.33	826.33	4.46	4.59	0	0				
07/12/2018	3.3.2	Gaze Project	O4	3	M	Bilingual	G130	06/09/2018	89100	1280 x 720		Raw Data	Ord4_T5_L.avi	190	0	900	720									69947	10:16:58.968	1536226392740679															0			Unclassified	8																									8392	280	717			280	717	90	717	112.53	1.35					277.86	211.55	781.17		-34.01						807.15		4.33		0	4				
07/12/2018	3.3.2	Gaze Project	O4	3	M	Bilingual	G130	06/09/2018	89100	1280 x 720		Raw Data	Ord4_T5_L.avi	190	0	900	720									69955	10:16:58.976	1536226392749029															0			Unclassified	8																									8393																			-34.01										4	4				
07/12/2018	3.3.2	Gaze Project	O4	3	M	Bilingual	G130	06/09/2018	89100	1280 x 720		Raw Data	Ord4_T5_L.avi	190	0	900	720									69964	10:16:58.984	1536226392757400															0	5581		Fixation	8	184	688	0.70	202.69	242.88																				8394	286	685	374	688	330	686	140	686	114.72	14.19	149.99	12.94	132.35	13.57	277.18	218.25	802.31	324.38	217.31	786.91					829.30	829.30	4.50	4.79	0	0				
07/12/2018	3.3.2	Gaze Project	O4	3	M	Bilingual	G130	06/09/2018	89100	1280 x 720		Raw Data	Ord4_T5_L.avi	190	0	900	720									69972	10:16:58.993	1536226392765657															0	5582		Fixation	8	211	670	0.86	33.78	191.09																				8395	149	697	401	670	275	683	85	683	59.93	9.13	160.82	20.12	110.38	14.63	276.41	229.14	836.33	324.22	217.42	787.38					864.99	864.99	4.45	4.75	0	0				
07/12/2018	3.3.2	Gaze Project	O4	3	M	Bilingual	G130	06/09/2018	89100	1280 x 720		Raw Data	Ord4_T5_L.avi	190	0	900	720									69980	10:16:59.001	1536226392773991															0	5583		Fixation	8	181	662	0.86	165.02	131.25																				8396	311	719	371	662	341	690	151	690	124.74	0.50	148.82	23.17	136.78	11.83	277.00	216.84	798.17	323.37	211.45	769.22					824.93	824.93	4.53	4.70	0	0				
07/12/2018	3.3.2	Gaze Project	O4	3	M	Bilingual	G130	06/09/2018	89100	1280 x 720		Raw Data	Ord4_T5_L.avi	190	0	900	720									69989	10:16:59.009	1536226392782348															0	5584		Fixation	8	193	680	0.61	303.60	138.58																				8397	341	707	383	680	362	693	172	693	136.70	5.25	153.93	15.98	145.31	10.62	276.77	217.61	800.68	323.26	211.84	770.53					827.54	827.54	4.58	4.69	0	0				
07/12/2018	3.3.2	Gaze Project	O4	3	M	Bilingual	G130	06/09/2018	89100	1280 x 720		Raw Data	Ord4_T5_L.avi	190	0	900	720									69997	10:16:59.018	1536226392790703															0	5585		Fixation	8	157	676	1.00	173.64	230.03																				8398			347	676	347	676	157	676			139.14	17.78						323.65	216.29	784.30						0.00		4.81	4	0				
07/12/2018	3.3.2	Gaze Project	O4	3	M	Bilingual	G130	06/09/2018	89100	1280 x 720		Raw Data	Ord4_T5_L.avi	190	0	900	720									70005	10:16:59.026	1536226392798973															0	5586		Fixation	8	199	668	1.15	10.82	197.18																				8399			389	668	389	668	199	668			156.12	20.90						323.44	216.11	783.89						0.00		4.87	4	0				
07/12/2018	3.3.2	Gaze Project	O4	3	M	Bilingual	G130	06/09/2018	89100	1280 x 720		Raw Data	Ord4_T5_L.avi	190	0	900	720									70014	10:16:59.034	1536226392807322															0	5587		Fixation	8	202	647	0.58	81.90	71.08																				8400			392	647	392	647	202	647			157.26	29.24						322.54	209.93	765.12						0.00		4.73	4	0				
07/12/2018	3.3.2	Gaze Project	O4	3	M	Bilingual	G130	06/09/2018	89100	1280 x 720		Raw Data	Ord4_T5_L.avi	190	0	900	720									70022	10:16:59.043	1536226392815655															0	5588		Fixation	8	228	679	1.18	309.00	227.11																				8401			418	679	418	679	228	679			167.77	16.58						322.41	210.32	766.51						0.00		4.71	4	0				
07/12/2018	3.3.2	Gaze Project	O4	3	M	Bilingual	G130	06/09/2018	89100	1280 x 720		Raw Data	Ord4_T5_L.avi	190	0	900	720									70030	10:16:59.051	1536226392824012															0	5589		Fixation	8	204	656	0.95	136.13	187.12																				8402			394	656	394	656	204	656			157.98	25.93						322.25	210.52	767.40						0.00		4.64	4	0				
07/12/2018	3.3.2	Gaze Project	O4	3	M	Bilingual	G130	06/09/2018	89100	1280 x 720		Raw Data	Ord4_T5_L.avi	190	0	900	720									70039	10:16:59.059	1536226392832374															0	5590		Fixation	8	136	675	1.93	195.66	59.53																				8403			326	675	326	675	136	675			130.99	18.28						322.00	209.99	766.06						0.00		4.61	4	0				
07/12/2018	3.3.2	Gaze Project	O4	3	M	Bilingual	G130	06/09/2018	89100	1280 x 720		Raw Data	Ord4_T5_L.avi	190	0	900	720									70047	10:16:59.068	1536226392840639															0	5591		Fixation	8	190	712	1.85	325.50	129.84																				8404	407	737	380	712	393	724			163.51	-7.03	152.54	3.29	158.03	-1.87	275.58	214.94	794.16	321.81	210.02	766.51					820.49	820.49	4.52	4.65	0	0				
07/12/2018	3.3.2	Gaze Project	O4	3	M	Bilingual	G130	06/09/2018	89100	1280 x 720		Raw Data	Ord4_T5_L.avi	190	0	900	720									70055	10:16:59.076	1536226392848974															0	5592		Fixation	8	204	675	1.07	69.34	103.84																				8405	322	648	394	675	358	661	168	661	129.13	29.16	158.18	18.16	143.65	23.66	275.32	215.40	796.03	321.58	209.80	766.20					822.41	822.41	4.53	4.59	0	0				
07/12/2018	3.3.2	Gaze Project	O4	3	M	Bilingual	G130	06/09/2018	89100	1280 x 720		Raw Data	Ord4_T5_L.avi	190	0	900	720									70064	10:16:59.084	1536226392857328															0	5593		Fixation	8	210	708	0.94	280.27	210.94																				8406	245	649	400	708	322	678	132	678	98.53	28.61	160.48	4.93	129.50	16.77	275.06	215.90	798.08	321.06	207.10	758.33					824.51	824.51	4.14	4.59	0	0				
07/12/2018	3.3.2	Gaze Project	O4	3	M	Bilingual	G130	06/09/2018	89100	1280 x 720		Raw Data	Ord4_T5_L.avi	190	0	900	720									70072	10:16:59.093	1536226392865687															0			Unclassified	8																									8407	323	723			323	723			129.48	-1.28					274.84	215.51	797.36		-34.01						823.70		4.28		0	4				
07/12/2018	3.3.2	Gaze Project	O4	3	M	Bilingual	G130	06/09/2018	89100	1280 x 720		Raw Data	Ord4_T5_L.avi	190	0	900	720									70080	10:16:59.101	1536226392874037															0	5594		Fixation	8	157	678	1.74	150.41	230.14																				8408	96	662	347	678	221	670	31	670	38.66	23.20	139.36	17.04	89.01	20.12	275.12	207.31	772.17	320.74	207.99	761.97					797.22	797.22	3.82	4.71	0	0				
07/12/2018	3.3.2	Gaze Project	O4	3	M	Bilingual	G130	06/09/2018	89100	1280 x 720		Raw Data	Ord4_T5_L.avi	190	0	900	720									70089	10:16:59.109	1536226392882307															0	5595		Fixation	8	197	703	1.33	327.91	177.50																				8409	365	759	387	703	376	731			146.31	-15.54	155.52	6.77	150.92	-4.38	274.83	207.85	774.28	321.00	212.41	775.93					799.38	799.38	4.34	4.74	0	0				
07/12/2018	3.3.2	Gaze Project	O4	3	M	Bilingual	G130	06/09/2018	89100	1280 x 720		Raw Data	Ord4_T5_L.avi	190	0	900	720									70097	10:16:59.118	1536226392890635															0	5596		Fixation	8	199	679	0.66	85.25	117.34																				8410	331	756	389	679	360	717	170	717	132.70	-14.33	156.20	16.46	144.45	1.07	274.25	212.26	788.47	320.21	207.55	761.33					814.23	814.23	4.26	4.56	0	0				
07/12/2018	3.3.2	Gaze Project	O4	3	M	Bilingual	G130	06/09/2018	89100	1280 x 720		Raw Data	Ord4_T5_L.avi	190	0	900	720									70105	10:16:59.126	1536226392898986															0	5597		Fixation	8	194	669	0.32	116.49	31.24																				8411	356	759	384	669	370	714	180	714	143.06	-15.74	153.99	20.52	148.52	2.39	274.35	206.98	772.29	319.85	206.58	758.67					797.22	797.22	4.10	4.67	0	0				
07/12/2018	3.3.2	Gaze Project	O4	3	M	Bilingual	G130	06/09/2018	89100	1280 x 720		Raw Data	Ord4_T5_L.avi	190	0	900	720									70114	10:16:59.134	1536226392907353															0	5598		Fixation	8	173	658	0.68	152.28	35.79																				8412			363	658	363	658	173	658			145.73	25.09						319.58	206.42	758.48						0.00		4.65	4	0				
07/12/2018	3.3.2	Gaze Project	O4	3	M	Bilingual	G130	06/09/2018	89100	1280 x 720		Raw Data	Ord4_T5_L.avi	190	0	900	720									70122	10:16:59.143	1536226392915636															0	5599		Fixation	8	180	715	1.62	276.98	124.70																				8413			370	715	370	715	180	715			148.37	1.92						319.21	205.84	757.05						0.00		4.54	4	0				
07/12/2018	3.3.2	Gaze Project	O4	3	M	Bilingual	G130	06/09/2018	89100	1280 x 720		Raw Data	Ord4_T5_L.avi	190	0	900	720									70130	10:16:59.151	1536226392923973															0			Unclassified	8																									8414																			-34.01										4	4				
07/12/2018	3.3.2	Gaze Project	O4	3	M	Bilingual	G130	06/09/2018	89100	1280 x 720		Raw Data	Ord4_T5_L.avi	190	0	900	720									70139	10:16:59.159	1536226392932308															0	5600		Fixation	8			9.39	219.70	302.72																				8415	139	892	86	950	112	921			55.72	-69.24	34.35	-92.64	45.04	-80.94	273.24	201.57	757.04	318.10	203.57	751.00					781.02	781.02	4.44	3.95	0	0				
07/12/2018	3.3.2	Gaze Project	O4	3	M	Bilingual	G130	06/09/2018	89100	1280 x 720		Raw Data	Ord4_T5_L.avi	190	0	900	720									70147	10:16:59.168	1536226392940666															0	5601		Fixation	8			1.16	258.96	39.27																				8416	57	905	77	996	67	950			22.77	-74.38	30.89	-111.34	26.83	-92.86	272.85	200.75	755.07	317.00	198.00	734.01					778.89	778.89	3.74	3.67	0	0				
07/12/2018	3.3.2	Gaze Project	O4	3	M	Bilingual	G130	06/09/2018	89100	1280 x 720		Raw Data	Ord4_T5_L.avi	190	0	900	720									70155	10:16:59.176	1536226392949026															0	5602		Fixation	8			4.00	240.58	341.61																				8417	-22	1037	-9	1148	-15	1092			-8.98	-127.79	-3.53	-172.46	-6.25	-150.13	272.66	197.72	745.82	316.50	197.71	734.12					769.16	769.16	3.94	3.32	0	0				
07/12/2018	3.3.2	Gaze Project	O4	3	M	Bilingual	G130	06/09/2018	89100	1280 x 720		Raw Data	Ord4_T5_L.avi	190	0	900	720									70164	10:16:59.184	1536226392957268															0	5603		Fixation	8			2.86	223.90	343.32																				8418	-128	1131	-107	1242	-117	1186			-51.28	-165.40	-43.09	-210.27	-47.18	-187.84	272.25	197.13	744.66	316.00	197.53	734.20					767.86	767.86	3.87	3.39	0	0				
07/12/2018	3.3.2	Gaze Project	O4	3	M	Bilingual	G130	06/09/2018	89100	1280 x 720		Raw Data	Ord4_T5_L.avi	190	0	900	720									70172	10:16:59.193	1536226392965647															0			Unclassified	8																									8419																			-34.01										4	4				
07/12/2018	3.3.2	Gaze Project	O4	3	M	Bilingual	G130	06/09/2018	89100	1280 x 720		Raw Data	Ord4_T5_L.avi	190	0	900	720									70180	10:16:59.201	1536226392973982															0			Unclassified	8																									8420																			-34.01										4	4				
07/12/2018	3.3.2	Gaze Project	O4	3	M	Bilingual	G130	06/09/2018	89100	1280 x 720		Raw Data	Ord4_T5_L.avi	190	0	900	720									70189	10:16:59.209	1536226392982340															0	5604		Fixation	8			5.43	227.34	3.44																				8421	-350	1398	-303	1454	-326	1426			-140.59	-272.95	-121.75	-295.62	-131.17	-284.29	270.88	196.03	743.53	314.62	197.23	734.32					766.43	766.43	4.11	3.68	0	0				
07/12/2018	3.3.2	Gaze Project	O4	3	M	Bilingual	G130	06/09/2018	89100	1280 x 720		Raw Data	Ord4_T5_L.avi	190	0	900	720									70197	10:16:59.218	1536226392990692															0			Unclassified	8																									8422	-363	1336			-363	1336			-145.64	-247.91					269.75	192.95	734.31		-34.01						756.70		4.13		0	4				
07/12/2018	3.3.2	Gaze Project	O4	3	M	Bilingual	G130	06/09/2018	89100	1280 x 720		Raw Data	Ord4_T5_L.avi	190	0	900	720									70205	10:16:59.226	1536226392998959															0			Unclassified	8																									8423																			-34.01										4	4				
07/12/2018	3.3.2	Gaze Project	O4	3	M	Bilingual	G130	06/09/2018	89100	1280 x 720		Raw Data	Ord4_T5_L.avi	190	0	900	720									70214	10:16:59.234	1536226393007291															0			Unclassified	8																									8424																			-34.01										4	4				
07/12/2018	3.3.2	Gaze Project	O4	3	M	Bilingual	G130	06/09/2018	89100	1280 x 720		Raw Data	Ord4_T5_L.avi	190	0	900	720									70222	10:16:59.243	1536226393015649															0			Unclassified	8																									8425																			-34.01										4	4				
07/12/2018	3.3.2	Gaze Project	O4	3	M	Bilingual	G130	06/09/2018	89100	1280 x 720		Raw Data	Ord4_T5_L.avi	190	0	900	720									70230	10:16:59.251	1536226393024007															0			Unclassified	8																									8426																			-34.01										4	4				
07/12/2018	3.3.2	Gaze Project	O4	3	M	Bilingual	G130	06/09/2018	89100	1280 x 720		Raw Data	Ord4_T5_L.avi	190	0	900	720									70239	10:16:59.259	1536226393032275															0			Unclassified	8																									8427																			-34.01										4	4				
07/12/2018	3.3.2	Gaze Project	O4	3	M	Bilingual	G130	06/09/2018	89100	1280 x 720		Raw Data	Ord4_T5_L.avi	190	0	900	720									70247	10:16:59.268	1536226393040625															0			Unclassified	8																									8428																			-34.01										4	4				
07/12/2018	3.3.2	Gaze Project	O4	3	M	Bilingual	G130	06/09/2018	89100	1280 x 720		Raw Data	Ord4_T5_L.avi	190	0	900	720									70255	10:16:59.276	1536226393048960															0			Unclassified	8																									8429																			-34.01										4	4				
07/12/2018	3.3.2	Gaze Project	O4	3	M	Bilingual	G130	06/09/2018	89100	1280 x 720		Raw Data	Ord4_T5_L.avi	190	0	900	720									70264	10:16:59.284	1536226393057323															0			Unclassified	8																									8430																			-34.01										4	4				
07/12/2018	3.3.2	Gaze Project	O4	3	M	Bilingual	G130	06/09/2018	89100	1280 x 720		Raw Data	Ord4_T5_L.avi	190	0	900	720									70272	10:16:59.293	1536226393065683															0			Unclassified	8																									8431	-1116	2210			-1116	2210			-448.08	-600.09					265.57	193.86	744.41		-34.01						766.54		3.72		0	4				
07/12/2018	3.3.2	Gaze Project	O4	3	M	Bilingual	G130	06/09/2018	89100	1280 x 720		Raw Data	Ord4_T5_L.avi	190	0	900	720									70280	10:16:59.301	1536226393073948															0			Unclassified	8																									8432																			-34.01										4	4				
07/12/2018	3.3.2	Gaze Project	O4	3	M	Bilingual	G130	06/09/2018	89100	1280 x 720		Raw Data	Ord4_T5_L.avi	190	0	900	720									70289	10:16:59.309	1536226393082289															0			Unclassified	8																									8433																			-34.01										4	4				
07/12/2018	3.3.2	Gaze Project	O4	3	M	Bilingual	G130	06/09/2018	89100	1280 x 720		Raw Data	Ord4_T5_L.avi	190	0	900	720									70297	10:16:59.318	1536226393090637															0			Unclassified	8																									8434																			-34.01										4	4				
07/12/2018	3.3.2	Gaze Project	O4	3	M	Bilingual	G130	06/09/2018	89100	1280 x 720		Raw Data	Ord4_T5_L.avi	190	0	900	720									70305	10:16:59.326	1536226393098990															0			Unclassified	8																									8435																			-34.01										4	4				
07/12/2018	3.3.2	Gaze Project	O4	3	M	Bilingual	G130	06/09/2018	89100	1280 x 720		Raw Data	Ord4_T5_L.avi	190	0	900	720									70314	10:16:59.334	1536226393107349															0			Unclassified	8																									8436																			-34.01										4	4				
07/12/2018	3.3.2	Gaze Project	O4	3	M	Bilingual	G130	06/09/2018	89100	1280 x 720		Raw Data	Ord4_T5_L.avi	190	0	900	720									70322	10:16:59.343	1536226393115608															0			Unclassified	8																									8437																			-34.01										4	4				
07/12/2018	3.3.2	Gaze Project	O4	3	M	Bilingual	G130	06/09/2018	89100	1280 x 720		Raw Data	Ord4_T5_L.avi	190	0	900	720									70330	10:16:59.351	1536226393123944															0			Unclassified	8																									8438																			-34.01										4	4				
07/12/2018	3.3.2	Gaze Project	O4	3	M	Bilingual	G130	06/09/2018	89100	1280 x 720		Raw Data	Ord4_T5_L.avi	190	0	900	720									70339	10:16:59.359	1536226393132303															0			Unclassified	8																									8439																			-34.01										4	4				
07/12/2018	3.3.2	Gaze Project	O4	3	M	Bilingual	G130	06/09/2018	89100	1280 x 720		Raw Data	Ord4_T5_L.avi	190	0	900	720									70347	10:16:59.368	1536226393140657															0			Unclassified	8																									8440																			-34.01										4	4				
07/12/2018	3.3.2	Gaze Project	O4	3	M	Bilingual	G130	06/09/2018	89100	1280 x 720		Raw Data	Ord4_T5_L.avi	190	0	900	720									70355	10:16:59.376	1536226393148928															0			Unclassified	8																									8441																			-34.01										4	4				
07/12/2018	3.3.2	Gaze Project	O4	3	M	Bilingual	G130	06/09/2018	89100	1280 x 720		Raw Data	Ord4_T5_L.avi	190	0	900	720									70364	10:16:59.384	1536226393157294															0			Unclassified	8																									8442																			-34.01										4	4				
07/12/2018	3.3.2	Gaze Project	O4	3	M	Bilingual	G130	06/09/2018	89100	1280 x 720		Raw Data	Ord4_T5_L.avi	190	0	900	720									70372	10:16:59.393	1536226393165616															0			Unclassified	8																									8443																			-34.01										4	4				
07/12/2018	3.3.2	Gaze Project	O4	3	M	Bilingual	G130	06/09/2018	89100	1280 x 720		Raw Data	Ord4_T5_L.avi	190	0	900	720									70380	10:16:59.401	1536226393173961															0			Unclassified	8																									8444																			-34.01										4	4				
07/12/2018	3.3.2	Gaze Project	O4	3	M	Bilingual	G130	06/09/2018	89100	1280 x 720		Raw Data	Ord4_T5_L.avi	190	0	900	720									70389	10:16:59.409	1536226393182331															0			Unclassified	8																									8445																			-34.01										4	4				
07/12/2018	3.3.2	Gaze Project	O4	3	M	Bilingual	G130	06/09/2018	89100	1280 x 720		Raw Data	Ord4_T5_L.avi	190	0	900	720									70397	10:16:59.418	1536226393190586															0			Unclassified	8																									8446																			-34.01										4	4				
07/12/2018	3.3.2	Gaze Project	O4	3	M	Bilingual	G130	06/09/2018	89100	1280 x 720		Raw Data	Ord4_T5_L.avi	190	0	900	720									70405	10:16:59.426	1536226393198924															0			Unclassified	8																									8447																			-34.01										4	4				
07/12/2018	3.3.2	Gaze Project	O4	3	M	Bilingual	G130	06/09/2018	89100	1280 x 720		Raw Data	Ord4_T5_L.avi	190	0	900	720									70414	10:16:59.434	1536226393207288															0			Unclassified	8																									8448																			-34.01										4	4				
07/12/2018	3.3.2	Gaze Project	O4	3	M	Bilingual	G130	06/09/2018	89100	1280 x 720		Raw Data	Ord4_T5_L.avi	190	0	900	720									70422	10:16:59.443	1536226393215640															0			Unclassified	8																									8449																			-34.01										4	4				
07/12/2018	3.3.2	Gaze Project	O4	3	M	Bilingual	G130	06/09/2018	89100	1280 x 720		Raw Data	Ord4_T5_L.avi	190	0	900	720									70430	10:16:59.451	1536226393223908															0			Unclassified	8																									8450																			-34.01										4	4				
07/12/2018	3.3.2	Gaze Project	O4	3	M	Bilingual	G130	06/09/2018	89100	1280 x 720		Raw Data	Ord4_T5_L.avi	190	0	900	720									70439	10:16:59.459	1536226393232259															0			Unclassified	8																									8451																			-34.01										4	4				
07/12/2018	3.3.2	Gaze Project	O4	3	M	Bilingual	G130	06/09/2018	89100	1280 x 720		Raw Data	Ord4_T5_L.avi	190	0	900	720									70447	10:16:59.468	1536226393240593															0			Unclassified	8																									8452																			-34.01										4	4				
07/12/2018	3.3.2	Gaze Project	O4	3	M	Bilingual	G130	06/09/2018	89100	1280 x 720		Raw Data	Ord4_T5_L.avi	190	0	900	720									70455	10:16:59.476	1536226393248943															0			Unclassified	8																									8453																			-34.01										4	4				
07/12/2018	3.3.2	Gaze Project	O4	3	M	Bilingual	G130	06/09/2018	89100	1280 x 720		Raw Data	Ord4_T5_L.avi	190	0	900	720									70464	10:16:59.484	1536226393257311															0			Unclassified	8																									8454																			-34.01										4	4				
07/12/2018	3.3.2	Gaze Project	O4	3	M	Bilingual	G130	06/09/2018	89100	1280 x 720		Raw Data	Ord4_T5_L.avi	190	0	900	720									70472	10:16:59.493	1536226393265575															0			Unclassified	8																									8455																			-34.01										4	4				
07/12/2018	3.3.2	Gaze Project	O4	3	M	Bilingual	G130	06/09/2018	89100	1280 x 720		Raw Data	Ord4_T5_L.avi	190	0	900	720									70480	10:16:59.501	1536226393273937															0			Unclassified	8																									8456																			-34.01										4	4				
07/12/2018	3.3.2	Gaze Project	O4	3	M	Bilingual	G130	06/09/2018	89100	1280 x 720		Raw Data	Ord4_T5_L.avi	190	0	900	720									70489	10:16:59.509	1536226393282268															0			Unclassified	8																									8457																			-34.01										4	4				
07/12/2018	3.3.2	Gaze Project	O4	3	M	Bilingual	G130	06/09/2018	89100	1280 x 720		Raw Data	Ord4_T5_L.avi	190	0	900	720									70497	10:16:59.518	1536226393290630															0			Unclassified	8																									8458																			-34.01										4	4				
07/12/2018	3.3.2	Gaze Project	O4	3	M	Bilingual	G130	06/09/2018	89100	1280 x 720		Raw Data	Ord4_T5_L.avi	190	0	900	720									70505	10:16:59.526	1536226393298980															0			Unclassified	8																									8459																			-34.01										4	4				
07/12/2018	3.3.2	Gaze Project	O4	3	M	Bilingual	G130	06/09/2018	89100	1280 x 720		Raw Data	Ord4_T5_L.avi	190	0	900	720									70514	10:16:59.534	1536226393307248															0			Unclassified	8																									8460																			-34.01										4	4				
07/12/2018	3.3.2	Gaze Project	O4	3	M	Bilingual	G130	06/09/2018	89100	1280 x 720		Raw Data	Ord4_T5_L.avi	190	0	900	720									70522	10:16:59.543	1536226393315581															0			Unclassified	8																									8461																			-34.01										4	4				
07/12/2018	3.3.2	Gaze Project	O4	3	M	Bilingual	G130	06/09/2018	89100	1280 x 720		Raw Data	Ord4_T5_L.avi	190	0	900	720									70530	10:16:59.551	1536226393323931															0			Unclassified	8																									8462																			-34.01										4	4				
07/12/2018	3.3.2	Gaze Project	O4	3	M	Bilingual	G130	06/09/2018	89100	1280 x 720		Raw Data	Ord4_T5_L.avi	190	0	900	720									70539	10:16:59.559	1536226393332295															0			Unclassified	8																									8463																			-34.01										4	4				
07/12/2018	3.3.2	Gaze Project	O4	3	M	Bilingual	G130	06/09/2018	89100	1280 x 720		Raw Data	Ord4_T5_L.avi	190	0	900	720									70547	10:16:59.568	1536226393340573															0			Unclassified	8																									8464																			-34.01										4	4				
07/12/2018	3.3.2	Gaze Project	O4	3	M	Bilingual	G130	06/09/2018	89100	1280 x 720		Raw Data	Ord4_T5_L.avi	190	0	900	720									70555	10:16:59.576	1536226393348909															0			Unclassified	8																									8465																			-34.01										4	4				
07/12/2018	3.3.2	Gaze Project	O4	3	M	Bilingual	G130	06/09/2018	89100	1280 x 720		Raw Data	Ord4_T5_L.avi	190	0	900	720									70564	10:16:59.584	1536226393357251															0			Unclassified	8																									8466																			-34.01										4	4				
07/12/2018	3.3.2	Gaze Project	O4	3	M	Bilingual	G130	06/09/2018	89100	1280 x 720		Raw Data	Ord4_T5_L.avi	190	0	900	720									70572	10:16:59.593	1536226393365606															0			Unclassified	8																									8467																			-34.01										4	4				
07/12/2018	3.3.2	Gaze Project	O4	3	M	Bilingual	G130	06/09/2018	89100	1280 x 720		Raw Data	Ord4_T5_L.avi	190	0	900	720									70580	10:16:59.601	1536226393373960															0			Unclassified	8																									8468																			-34.01										4	4				
07/12/2018	3.3.2	Gaze Project	O4	3	M	Bilingual	G130	06/09/2018	89100	1280 x 720		Raw Data	Ord4_T5_L.avi	190	0	900	720									70589	10:16:59.609	1536226393382225															0			Unclassified	8																									8469																			-34.01										4	4				
07/12/2018	3.3.2	Gaze Project	O4	3	M	Bilingual	G130	06/09/2018	89100	1280 x 720		Raw Data	Ord4_T5_L.avi	190	0	900	720									70597	10:16:59.618	1536226393390586															0			Unclassified	8																									8470																			-34.01										4	4				
07/12/2018	3.3.2	Gaze Project	O4	3	M	Bilingual	G130	06/09/2018	89100	1280 x 720		Raw Data	Ord4_T5_L.avi	190	0	900	720									70605	10:16:59.626	1536226393398918															0			Unclassified	8																									8471																			-34.01										4	4				
07/12/2018	3.3.2	Gaze Project	O4	3	M	Bilingual	G130	06/09/2018	89100	1280 x 720		Raw Data	Ord4_T5_L.avi	190	0	900	720									70614	10:16:59.634	1536226393407278															0			Unclassified	8																									8472																			-34.01										4	4				
07/12/2018	3.3.2	Gaze Project	O4	3	M	Bilingual	G130	06/09/2018	89100	1280 x 720		Raw Data	Ord4_T5_L.avi	190	0	900	720									70622	10:16:59.643	1536226393415631															0			Unclassified	8																									8473																			-34.01										4	4				
07/12/2018	3.3.2	Gaze Project	O4	3	M	Bilingual	G130	06/09/2018	89100	1280 x 720		Raw Data	Ord4_T5_L.avi	190	0	900	720									70630	10:16:59.651	1536226393423900															0			Unclassified	8																									8474																			-34.01										4	4				
07/12/2018	3.3.2	Gaze Project	O4	3	M	Bilingual	G130	06/09/2018	89100	1280 x 720		Raw Data	Ord4_T5_L.avi	190	0	900	720									70639	10:16:59.659	1536226393432226															0			Unclassified	8																									8475																			-34.01										4	4				
07/12/2018	3.3.2	Gaze Project	O4	3	M	Bilingual	G130	06/09/2018	89100	1280 x 720		Raw Data	Ord4_T5_L.avi	190	0	900	720									70647	10:16:59.668	1536226393440577															0			Unclassified	8																									8476																			-34.01										4	4				
07/12/2018	3.3.2	Gaze Project	O4	3	M	Bilingual	G130	06/09/2018	89100	1280 x 720		Raw Data	Ord4_T5_L.avi	190	0	900	720									70655	10:16:59.676	1536226393448947															0			Unclassified	8																									8477																			-34.01										4	4				
07/12/2018	3.3.2	Gaze Project	O4	3	M	Bilingual	G130	06/09/2018	89100	1280 x 720		Raw Data	Ord4_T5_L.avi	190	0	900	720									70664	10:16:59.684	1536226393457221															0			Unclassified	8																									8478																			-34.01										4	4				
07/12/2018	3.3.2	Gaze Project	O4	3	M	Bilingual	G130	06/09/2018	89100	1280 x 720		Raw Data	Ord4_T5_L.avi	190	0	900	720									70672	10:16:59.693	1536226393465563															0			Unclassified	8																									8479																			-34.01										4	4				
07/12/2018	3.3.2	Gaze Project	O4	3	M	Bilingual	G130	06/09/2018	89100	1280 x 720		Raw Data	Ord4_T5_L.avi	190	0	900	720									70680	10:16:59.701	1536226393473902															0			Unclassified	8																									8480																			-34.01										4	4				
07/12/2018	3.3.2	Gaze Project	O4	3	M	Bilingual	G130	06/09/2018	89100	1280 x 720		Raw Data	Ord4_T5_L.avi	190	0	900	720									70689	10:16:59.709	1536226393482256															0			Unclassified	8																									8481																			-34.01										4	4				
07/12/2018	3.3.2	Gaze Project	O4	3	M	Bilingual	G130	06/09/2018	89100	1280 x 720		Raw Data	Ord4_T5_L.avi	190	0	900	720									70697	10:16:59.718	1536226393490616															0			Unclassified	8																									8482																			-34.01										4	4				
07/12/2018	3.3.2	Gaze Project	O4	3	M	Bilingual	G130	06/09/2018	89100	1280 x 720		Raw Data	Ord4_T5_L.avi	190	0	900	720									70705	10:16:59.726	1536226393498883															0			Unclassified	8																									8483																			-34.01										4	4				
07/12/2018	3.3.2	Gaze Project	O4	3	M	Bilingual	G130	06/09/2018	89100	1280 x 720		Raw Data	Ord4_T5_L.avi	190	0	900	720									70714	10:16:59.734	1536226393507237															0			Unclassified	8																									8484																			-34.01										4	4				
07/12/2018	3.3.2	Gaze Project	O4	3	M	Bilingual	G130	06/09/2018	89100	1280 x 720		Raw Data	Ord4_T5_L.avi	190	0	900	720									70722	10:16:59.743	1536226393515573															0			Unclassified	8																									8485																			-34.01										4	4				
07/12/2018	3.3.2	Gaze Project	O4	3	M	Bilingual	G130	06/09/2018	89100	1280 x 720		Raw Data	Ord4_T5_L.avi	190	0	900	720									70730	10:16:59.751	1536226393523928															0			Unclassified	8																									8486																			-34.01										4	4				
07/12/2018	3.3.2	Gaze Project	O4	3	M	Bilingual	G130	06/09/2018	89100	1280 x 720		Raw Data	Ord4_T5_L.avi	190	0	900	720									70739	10:16:59.759	1536226393532284															0			Unclassified	8																									8487																			-34.01										4	4				
07/12/2018	3.3.2	Gaze Project	O4	3	M	Bilingual	G130	06/09/2018	89100	1280 x 720		Raw Data	Ord4_T5_L.avi	190	0	900	720									70747	10:16:59.768	1536226393540552															0			Unclassified	8																									8488																			-34.01										4	4				
07/12/2018	3.3.2	Gaze Project	O4	3	M	Bilingual	G130	06/09/2018	89100	1280 x 720		Raw Data	Ord4_T5_L.avi	190	0	900	720									70755	10:16:59.776	1536226393548882															0			Unclassified	8																									8489																			-34.01										4	4				
07/12/2018	3.3.2	Gaze Project	O4	3	M	Bilingual	G130	06/09/2018	89100	1280 x 720		Raw Data	Ord4_T5_L.avi	190	0	900	720									70764	10:16:59.784	1536226393557241															0			Unclassified	8																									8490																			-34.01										4	4				
07/12/2018	3.3.2	Gaze Project	O4	3	M	Bilingual	G130	06/09/2018	89100	1280 x 720		Raw Data	Ord4_T5_L.avi	190	0	900	720									70772	10:16:59.793	1536226393565598															0			Unclassified	8																									8491																			-34.01										4	4				
07/12/2018	3.3.2	Gaze Project	O4	3	M	Bilingual	G130	06/09/2018	89100	1280 x 720		Raw Data	Ord4_T5_L.avi	190	0	900	720									70780	10:16:59.801	1536226393573888															0			Unclassified	8																									8492																			-34.01										4	4				
07/12/2018	3.3.2	Gaze Project	O4	3	M	Bilingual	G130	06/09/2018	89100	1280 x 720		Raw Data	Ord4_T5_L.avi	190	0	900	720									70789	10:16:59.809	1536226393582217															0			Unclassified	8																									8493																			-34.01										4	4				
07/12/2018	3.3.2	Gaze Project	O4	3	M	Bilingual	G130	06/09/2018	89100	1280 x 720		Raw Data	Ord4_T5_L.avi	190	0	900	720									70797	10:16:59.818	1536226393590553															0			Unclassified	8																									8494																			-34.01										4	4				
07/12/2018	3.3.2	Gaze Project	O4	3	M	Bilingual	G130	06/09/2018	89100	1280 x 720		Raw Data	Ord4_T5_L.avi	190	0	900	720									70805	10:16:59.826	1536226393598913															0			Unclassified	8																									8495																			-34.01										4	4				
07/12/2018	3.3.2	Gaze Project	O4	3	M	Bilingual	G130	06/09/2018	89100	1280 x 720		Raw Data	Ord4_T5_L.avi	190	0	900	720									70814	10:16:59.834	1536226393607267															0			Unclassified	8																									8496																			-34.01										4	4				
07/12/2018	3.3.2	Gaze Project	O4	3	M	Bilingual	G130	06/09/2018	89100	1280 x 720		Raw Data	Ord4_T5_L.avi	190	0	900	720									70822	10:16:59.843	1536226393615535															0			Unclassified	8																									8497																			-34.01										4	4				
07/12/2018	3.3.2	Gaze Project	O4	3	M	Bilingual	G130	06/09/2018	89100	1280 x 720		Raw Data	Ord4_T5_L.avi	190	0	900	720									70830	10:16:59.851	1536226393623878															0			Unclassified	8																									8498																			-34.01										4	4				
07/12/2018	3.3.2	Gaze Project	O4	3	M	Bilingual	G130	06/09/2018	89100	1280 x 720		Raw Data	Ord4_T5_L.avi	190	0	900	720									70839	10:16:59.859	1536226393632216															0			Unclassified	8																									8499																			-34.01										4	4				
07/12/2018	3.3.2	Gaze Project	O4	3	M	Bilingual	G130	06/09/2018	89100	1280 x 720		Raw Data	Ord4_T5_L.avi	190	0	900	720									70847	10:16:59.868	1536226393640579															0			Unclassified	8																									8500																			-34.01										4	4				
07/12/2018	3.3.2	Gaze Project	O4	3	M	Bilingual	G130	06/09/2018	89100	1280 x 720		Raw Data	Ord4_T5_L.avi	190	0	900	720									70855	10:16:59.876	1536226393648935															0			Unclassified	8																									8501																			-34.01										4	4				
07/12/2018	3.3.2	Gaze Project	O4	3	M	Bilingual	G130	06/09/2018	89100	1280 x 720		Raw Data	Ord4_T5_L.avi	190	0	900	720									70864	10:16:59.884	1536226393657199															0			Unclassified	8																									8502																			-34.01										4	4				
07/12/2018	3.3.2	Gaze Project	O4	3	M	Bilingual	G130	06/09/2018	89100	1280 x 720		Raw Data	Ord4_T5_L.avi	190	0	900	720									70872	10:16:59.893	1536226393665528															0			Unclassified	8																									8503																			-34.01										4	4				
07/12/2018	3.3.2	Gaze Project	O4	3	M	Bilingual	G130	06/09/2018	89100	1280 x 720		Raw Data	Ord4_T5_L.avi	190	0	900	720									70880	10:16:59.901	1536226393673893															0			Unclassified	8																									8504																			-34.01										4	4				
07/12/2018	3.3.2	Gaze Project	O4	3	M	Bilingual	G130	06/09/2018	89100	1280 x 720		Raw Data	Ord4_T5_L.avi	190	0	900	720									70889	10:16:59.909	1536226393682249															0			Unclassified	8																									8505																			-34.01										4	4				
07/12/2018	3.3.2	Gaze Project	O4	3	M	Bilingual	G130	06/09/2018	89100	1280 x 720		Raw Data	Ord4_T5_L.avi	190	0	900	720									70897	10:16:59.918	1536226393690519															0			Unclassified	8																									8506																			-34.01										4	4				
07/12/2018	3.3.2	Gaze Project	O4	3	M	Bilingual	G130	06/09/2018	89100	1280 x 720		Raw Data	Ord4_T5_L.avi	190	0	900	720									70905	10:16:59.926	1536226393698884															0			Unclassified	8																									8507																			-34.01										4	4				
07/12/2018	3.3.2	Gaze Project	O4	3	M	Bilingual	G130	06/09/2018	89100	1280 x 720		Raw Data	Ord4_T5_L.avi	190	0	900	720									70914	10:16:59.934	1536226393707204															0			Unclassified	8																									8508																			-34.01										4	4				
07/12/2018	3.3.2	Gaze Project	O4	3	M	Bilingual	G130	06/09/2018	89100	1280 x 720		Raw Data	Ord4_T5_L.avi	190	0	900	720									70922	10:16:59.943	1536226393715551															0			Unclassified	8																									8509																			-34.01										4	4				
07/12/2018	3.3.2	Gaze Project	O4	3	M	Bilingual	G130	06/09/2018	89100	1280 x 720		Raw Data	Ord4_T5_L.avi	190	0	900	720									70930	10:16:59.951	1536226393723917															0			Unclassified	8																									8510																			-34.01										4	4				
07/12/2018	3.3.2	Gaze Project	O4	3	M	Bilingual	G130	06/09/2018	89100	1280 x 720		Raw Data	Ord4_T5_L.avi	190	0	900	720									70938	10:16:59.959	1536226393732177															0			Unclassified	8																									8511																			-34.01										4	4				
07/12/2018	3.3.2	Gaze Project	O4	3	M	Bilingual	G130	06/09/2018	89100	1280 x 720		Raw Data	Ord4_T5_L.avi	190	0	900	720									70947	10:16:59.968	1536226393740516															0			Unclassified	8																									8512																			-34.01										4	4				
07/12/2018	3.3.2	Gaze Project	O4	3	M	Bilingual	G130	06/09/2018	89100	1280 x 720		Raw Data	Ord4_T5_L.avi	190	0	900	720									70955	10:16:59.976	1536226393748877															0			Unclassified	8																									8513																			-34.01										4	4				
07/12/2018	3.3.2	Gaze Project	O4	3	M	Bilingual	G130	06/09/2018	89100	1280 x 720		Raw Data	Ord4_T5_L.avi	190	0	900	720									70964	10:16:59.984	1536226393757230															0			Unclassified	8																									8514																			-34.01										4	4				
07/12/2018	3.3.2	Gaze Project	O4	3	M	Bilingual	G130	06/09/2018	89100	1280 x 720		Raw Data	Ord4_T5_L.avi	190	0	900	720									70972	10:16:59.993	1536226393765512															0			Unclassified	8																									8515																			-34.01										4	4				
07/12/2018	3.3.2	Gaze Project	O4	3	M	Bilingual	G130	06/09/2018	89100	1280 x 720		Raw Data	Ord4_T5_L.avi	190	0	900	720									70980	10:17:00.001	1536226393773854															0			Unclassified	8																									8516																			-34.01										4	4				
07/12/2018	3.3.2	Gaze Project	O4	3	M	Bilingual	G130	06/09/2018	89100	1280 x 720		Raw Data	Ord4_T5_L.avi	190	0	900	720									70988	10:17:00.009	1536226393782174															0			Unclassified	8																									8517																			-34.01										4	4				
07/12/2018	3.3.2	Gaze Project	O4	3	M	Bilingual	G130	06/09/2018	89100	1280 x 720		Raw Data	Ord4_T5_L.avi	190	0	900	720									70997	10:17:00.018	1536226393790534															0			Unclassified	8																									8518																			-34.01										4	4				
07/12/2018	3.3.2	Gaze Project	O4	3	M	Bilingual	G130	06/09/2018	89100	1280 x 720		Raw Data	Ord4_T5_L.avi	190	0	900	720									71005	10:17:00.026	1536226393798906															0			Unclassified	8																									8519																			-34.01										4	4				
07/12/2018	3.3.2	Gaze Project	O4	3	M	Bilingual	G130	06/09/2018	89100	1280 x 720		Raw Data	Ord4_T5_L.avi	190	0	900	720									71013	10:17:00.034	1536226393807173															0			Unclassified	8																									8520																			-34.01										4	4				
07/12/2018	3.3.2	Gaze Project	O4	3	M	Bilingual	G130	06/09/2018	89100	1280 x 720		Raw Data	Ord4_T5_L.avi	190	0	900	720									71022	10:17:00.043	1536226393815515															0			Unclassified	8																									8521																			-34.01										4	4				
07/12/2018	3.3.2	Gaze Project	O4	3	M	Bilingual	G130	06/09/2018	89100	1280 x 720		Raw Data	Ord4_T5_L.avi	190	0	900	720									71030	10:17:00.051	1536226393823855															0			Unclassified	8																									8522																			-34.01										4	4				
07/12/2018	3.3.2	Gaze Project	O4	3	M	Bilingual	G130	06/09/2018	89100	1280 x 720		Raw Data	Ord4_T5_L.avi	190	0	900	720									71039	10:17:00.059	1536226393832217															0			Unclassified	8																									8523																			-34.01										4	4				
07/12/2018	3.3.2	Gaze Project	O4	3	M	Bilingual	G130	06/09/2018	89100	1280 x 720		Raw Data	Ord4_T5_L.avi	190	0	900	720									71047	10:17:00.068	1536226393840572															0			Unclassified	8																									8524																			-34.01										4	4				
07/12/2018	3.3.2	Gaze Project	O4	3	M	Bilingual	G130	06/09/2018	89100	1280 x 720		Raw Data	Ord4_T5_L.avi	190	0	900	720									71055	10:17:00.076	1536226393848835															0			Unclassified	8																									8525																			-34.01										4	4				
07/12/2018	3.3.2	Gaze Project	O4	3	M	Bilingual	G130	06/09/2018	89100	1280 x 720		Raw Data	Ord4_T5_L.avi	190	0	900	720									71063	10:17:00.084	1536226393857175															0			Unclassified	8																									8526																			-34.01										4	4				
07/12/2018	3.3.2	Gaze Project	O4	3	M	Bilingual	G130	06/09/2018	89100	1280 x 720		Raw Data	Ord4_T5_L.avi	190	0	900	720									71072	10:17:00.093	1536226393865526															0			Unclassified	8																									8527																			-34.01										4	4				
07/12/2018	3.3.2	Gaze Project	O4	3	M	Bilingual	G130	06/09/2018	89100	1280 x 720		Raw Data	Ord4_T5_L.avi	190	0	900	720									71080	10:17:00.101	1536226393873888															0			Unclassified	8																									8528																			-34.01										4	4				
07/12/2018	3.3.2	Gaze Project	O4	3	M	Bilingual	G130	06/09/2018	89100	1280 x 720		Raw Data	Ord4_T5_L.avi	190	0	900	720									71088	10:17:00.109	1536226393882155															0			Unclassified	8																									8529																			-34.01										4	4				
07/12/2018	3.3.2	Gaze Project	O4	3	M	Bilingual	G130	06/09/2018	89100	1280 x 720		Raw Data	Ord4_T5_L.avi	190	0	900	720									71097	10:17:00.118	1536226393890499															0			Unclassified	8																									8530																			-34.01										4	4				
07/12/2018	3.3.2	Gaze Project	O4	3	M	Bilingual	G130	06/09/2018	89100	1280 x 720		Raw Data	Ord4_T5_L.avi	190	0	900	720									71105	10:17:00.126	1536226393898838															0			Unclassified	8																									8531																			-34.01										4	4				
07/12/2018	3.3.2	Gaze Project	O4	3	M	Bilingual	G130	06/09/2018	89100	1280 x 720		Raw Data	Ord4_T5_L.avi	190	0	900	720									71114	10:17:00.134	1536226393907196															0			Unclassified	8																									8532																			-34.01										4	4				
07/12/2018	3.3.2	Gaze Project	O4	3	M	Bilingual	G130	06/09/2018	89100	1280 x 720		Raw Data	Ord4_T5_L.avi	190	0	900	720									71122	10:17:00.143	1536226393915553															0			Unclassified	8																									8533																			-34.01										4	4				
07/12/2018	3.3.2	Gaze Project	O4	3	M	Bilingual	G130	06/09/2018	89100	1280 x 720		Raw Data	Ord4_T5_L.avi	190	0	900	720									71130	10:17:00.151	1536226393923826															0			Unclassified	8																									8534																			-34.01										4	4				
07/12/2018	3.3.2	Gaze Project	O4	3	M	Bilingual	G130	06/09/2018	89100	1280 x 720		Raw Data	Ord4_T5_L.avi	190	0	900	720									71138	10:17:00.159	1536226393932175															0			Unclassified	8																									8535																			-34.01										4	4				
07/12/2018	3.3.2	Gaze Project	O4	3	M	Bilingual	G130	06/09/2018	89100	1280 x 720		Raw Data	Ord4_T5_L.avi	190	0	900	720									71147	10:17:00.168	1536226393940504															0			Unclassified	8																									8536																			-34.01										4	4				
07/12/2018	3.3.2	Gaze Project	O4	3	M	Bilingual	G130	06/09/2018	89100	1280 x 720		Raw Data	Ord4_T5_L.avi	190	0	900	720									71155	10:17:00.176	1536226393948866															0			Unclassified	8																									8537																			-34.01										4	4				
07/12/2018	3.3.2	Gaze Project	O4	3	M	Bilingual	G130	06/09/2018	89100	1280 x 720		Raw Data	Ord4_T5_L.avi	190	0	900	720									71164	10:17:00.184	1536226393957222															0			Unclassified	8																									8538																			-34.01										4	4				
07/12/2018	3.3.2	Gaze Project	O4	3	M	Bilingual	G130	06/09/2018	89100	1280 x 720		Raw Data	Ord4_T5_L.avi	190	0	900	720									71172	10:17:00.193	1536226393965478															0			Unclassified	8																									8539																			-34.01										4	4				
07/12/2018	3.3.2	Gaze Project	O4	3	M	Bilingual	G130	06/09/2018	89100	1280 x 720		Raw Data	Ord4_T5_L.avi	190	0	900	720									71180	10:17:00.201	1536226393973812															0			Unclassified	8																									8540																			-34.01										4	4				
07/12/2018	3.3.2	Gaze Project	O4	3	M	Bilingual	G130	06/09/2018	89100	1280 x 720		Raw Data	Ord4_T5_L.avi	190	0	900	720									71188	10:17:00.209	1536226393982180															0			Unclassified	8																									8541																			-34.01										4	4				
07/12/2018	3.3.2	Gaze Project	O4	3	M	Bilingual	G130	06/09/2018	89100	1280 x 720		Raw Data	Ord4_T5_L.avi	190	0	900	720									71197	10:17:00.218	1536226393990535															0			Unclassified	8																									8542																			-34.01										4	4				
07/12/2018	3.3.2	Gaze Project	O4	3	M	Bilingual	G130	06/09/2018	89100	1280 x 720		Raw Data	Ord4_T5_L.avi	190	0	900	720									71205	10:17:00.226	1536226393998813															0			Unclassified	8																									8543																			-34.01										4	4				
07/12/2018	3.3.2	Gaze Project	O4	3	M	Bilingual	G130	06/09/2018	89100	1280 x 720		Raw Data	Ord4_T5_L.avi	190	0	900	720									71213	10:17:00.234	1536226394007153															0			Unclassified	8																									8544																			-34.01										4	4				
07/12/2018	3.3.2	Gaze Project	O4	3	M	Bilingual	G130	06/09/2018	89100	1280 x 720		Raw Data	Ord4_T5_L.avi	190	0	900	720									71222	10:17:00.243	1536226394015484															0			Unclassified	8																									8545																			-34.01										4	4				
07/12/2018	3.3.2	Gaze Project	O4	3	M	Bilingual	G130	06/09/2018	89100	1280 x 720		Raw Data	Ord4_T5_L.avi	190	0	900	720									71230	10:17:00.251	1536226394023848															0			Unclassified	8																									8546																			-34.01										4	4				
07/12/2018	3.3.2	Gaze Project	O4	3	M	Bilingual	G130	06/09/2018	89100	1280 x 720		Raw Data	Ord4_T5_L.avi	190	0	900	720									71239	10:17:00.259	1536226394032204															0			Unclassified	8																									8547																			-34.01										4	4				
07/12/2018	3.3.2	Gaze Project	O4	3	M	Bilingual	G130	06/09/2018	89100	1280 x 720		Raw Data	Ord4_T5_L.avi	190	0	900	720									71247	10:17:00.268	1536226394040479															0			Unclassified	8																									8548																			-34.01										4	4				
07/12/2018	3.3.2	Gaze Project	O4	3	M	Bilingual	G130	06/09/2018	89100	1280 x 720		Raw Data	Ord4_T5_L.avi	190	0	900	720									71255	10:17:00.276	1536226394048811															0			Unclassified	8																									8549																			-34.01										4	4				
07/12/2018	3.3.2	Gaze Project	O4	3	M	Bilingual	G130	06/09/2018	89100	1280 x 720		Raw Data	Ord4_T5_L.avi	190	0	900	720									71263	10:17:00.284	1536226394057147															0			Unclassified	8																									8550																			-34.01										4	4				
07/12/2018	3.3.2	Gaze Project	O4	3	M	Bilingual	G130	06/09/2018	89100	1280 x 720		Raw Data	Ord4_T5_L.avi	190	0	900	720									71272	10:17:00.293	1536226394065516															0			Unclassified	8																									8551																			-34.01										4	4				
07/12/2018	3.3.2	Gaze Project	O4	3	M	Bilingual	G130	06/09/2018	89100	1280 x 720		Raw Data	Ord4_T5_L.avi	190	0	900	720									71280	10:17:00.301	1536226394073884															0			Unclassified	8																									8552																			-34.01										4	4				
07/12/2018	3.3.2	Gaze Project	O4	3	M	Bilingual	G130	06/09/2018	89100	1280 x 720		Raw Data	Ord4_T5_L.avi	190	0	900	720									71288	10:17:00.309	1536226394082129															0			Unclassified	8																									8553																			-34.01										4	4				
07/12/2018	3.3.2	Gaze Project	O4	3	M	Bilingual	G130	06/09/2018	89100	1280 x 720		Raw Data	Ord4_T5_L.avi	190	0	900	720									71297	10:17:00.318	1536226394090479															0			Unclassified	8																									8554																			-34.01										4	4				
07/12/2018	3.3.2	Gaze Project	O4	3	M	Bilingual	G130	06/09/2018	89100	1280 x 720		Raw Data	Ord4_T5_L.avi	190	0	900	720									71305	10:17:00.326	1536226394098835															0			Unclassified	8																									8555																			-34.01										4	4				
07/12/2018	3.3.2	Gaze Project	O4	3	M	Bilingual	G130	06/09/2018	89100	1280 x 720		Raw Data	Ord4_T5_L.avi	190	0	900	720									71313	10:17:00.334	1536226394107190															0			Unclassified	8																									8556																			-34.01										4	4				
07/12/2018	3.3.2	Gaze Project	O4	3	M	Bilingual	G130	06/09/2018	89100	1280 x 720		Raw Data	Ord4_T5_L.avi	190	0	900	720									71322	10:17:00.343	1536226394115460															0			Unclassified	8																									8557																			-34.01										4	4				
07/12/2018	3.3.2	Gaze Project	O4	3	M	Bilingual	G130	06/09/2018	89100	1280 x 720		Raw Data	Ord4_T5_L.avi	190	0	900	720									71330	10:17:00.351	1536226394123806															0			Unclassified	8																									8558																			-34.01										4	4				
07/12/2018	3.3.2	Gaze Project	O4	3	M	Bilingual	G130	06/09/2018	89100	1280 x 720		Raw Data	Ord4_T5_L.avi	190	0	900	720									71338	10:17:00.359	1536226394132144															0			Unclassified	8																									8559																			-34.01										4	4				
07/12/2018	3.3.2	Gaze Project	O4	3	M	Bilingual	G130	06/09/2018	89100	1280 x 720		Raw Data	Ord4_T5_L.avi	190	0	900	720									71347	10:17:00.368	1536226394140497															0			Unclassified	8																									8560																			-34.01										4	4				
07/12/2018	3.3.2	Gaze Project	O4	3	M	Bilingual	G130	06/09/2018	89100	1280 x 720		Raw Data	Ord4_T5_L.avi	190	0	900	720									71355	10:17:00.376	1536226394148856															0			Unclassified	8																									8561																			-34.01										4	4				
07/12/2018	3.3.2	Gaze Project	O4	3	M	Bilingual	G130	06/09/2018	89100	1280 x 720		Raw Data	Ord4_T5_L.avi	190	0	900	720									71363	10:17:00.384	1536226394157133															0			Unclassified	8																									8562																			-34.01										4	4				
07/12/2018	3.3.2	Gaze Project	O4	3	M	Bilingual	G130	06/09/2018	89100	1280 x 720		Raw Data	Ord4_T5_L.avi	190	0	900	720									71372	10:17:00.393	1536226394165459															0			Unclassified	8																									8563																			-34.01										4	4				
07/12/2018	3.3.2	Gaze Project	O4	3	M	Bilingual	G130	06/09/2018	89100	1280 x 720		Raw Data	Ord4_T5_L.avi	190	0	900	720									71380	10:17:00.401	1536226394173811															0			Unclassified	8																									8564																			-34.01										4	4				
07/12/2018	3.3.2	Gaze Project	O4	3	M	Bilingual	G130	06/09/2018	89100	1280 x 720		Raw Data	Ord4_T5_L.avi	190	0	900	720									71388	10:17:00.409	1536226394182174															0			Unclassified	8																									8565																			-34.01										4	4				
07/12/2018	3.3.2	Gaze Project	O4	3	M	Bilingual	G130	06/09/2018	89100	1280 x 720		Raw Data	Ord4_T5_L.avi	190	0	900	720									71397	10:17:00.418	1536226394190524															0			Unclassified	8																									8566																			-34.01										4	4				
07/12/2018	3.3.2	Gaze Project	O4	3	M	Bilingual	G130	06/09/2018	89100	1280 x 720		Raw Data	Ord4_T5_L.avi	190	0	900	720									71405	10:17:00.426	1536226394198785															0			Unclassified	8																									8567																			-34.01										4	4				
07/12/2018	3.3.2	Gaze Project	O4	3	M	Bilingual	G130	06/09/2018	89100	1280 x 720		Raw Data	Ord4_T5_L.avi	190	0	900	720									71413	10:17:00.434	1536226394207122															0			Unclassified	8																									8568																			-34.01										4	4				
07/12/2018	3.3.2	Gaze Project	O4	3	M	Bilingual	G130	06/09/2018	89100	1280 x 720		Raw Data	Ord4_T5_L.avi	190	0	900	720									71422	10:17:00.443	1536226394215468															0			Unclassified	8																									8569																			-34.01										4	4				
07/12/2018	3.3.2	Gaze Project	O4	3	M	Bilingual	G130	06/09/2018	89100	1280 x 720		Raw Data	Ord4_T5_L.avi	190	0	900	720									71430	10:17:00.451	1536226394223838															0			Unclassified	8																									8570																			-34.01										4	4				
07/12/2018	3.3.2	Gaze Project	O4	3	M	Bilingual	G130	06/09/2018	89100	1280 x 720		Raw Data	Ord4_T5_L.avi	190	0	900	720									71438	10:17:00.459	1536226394232112															0			Unclassified	8																									8571																			-34.01										4	4				
07/12/2018	3.3.2	Gaze Project	O4	3	M	Bilingual	G130	06/09/2018	89100	1280 x 720		Raw Data	Ord4_T5_L.avi	190	0	900	720									71447	10:17:00.468	1536226394240455															0			Unclassified	8																									8572																			-34.01										4	4				
07/12/2018	3.3.2	Gaze Project	O4	3	M	Bilingual	G130	06/09/2018	89100	1280 x 720		Raw Data	Ord4_T5_L.avi	190	0	900	720									71455	10:17:00.476	1536226394248800															0			Unclassified	8																									8573																			-34.01										4	4				
07/12/2018	3.3.2	Gaze Project	O4	3	M	Bilingual	G130	06/09/2018	89100	1280 x 720		Raw Data	Ord4_T5_L.avi	190	0	900	720									71463	10:17:00.484	1536226394257141															0			Unclassified	8																									8574																			-34.01										4	4				
07/12/2018	3.3.2	Gaze Project	O4	3	M	Bilingual	G130	06/09/2018	89100	1280 x 720		Raw Data	Ord4_T5_L.avi	190	0	900	720									71472	10:17:00.493	1536226394265509															0			Unclassified	8																									8575																			-34.01										4	4				
07/12/2018	3.3.2	Gaze Project	O4	3	M	Bilingual	G130	06/09/2018	89100	1280 x 720		Raw Data	Ord4_T5_L.avi	190	0	900	720									71480	10:17:00.501	1536226394273781															0			Unclassified	8																									8576																			-34.01										4	4				
07/12/2018	3.3.2	Gaze Project	O4	3	M	Bilingual	G130	06/09/2018	89100	1280 x 720		Raw Data	Ord4_T5_L.avi	190	0	900	720									71488	10:17:00.509	1536226394282113															0			Unclassified	8																									8577																			-34.01										4	4				
07/12/2018	3.3.2	Gaze Project	O4	3	M	Bilingual	G130	06/09/2018	89100	1280 x 720		Raw Data	Ord4_T5_L.avi	190	0	900	720									71497	10:17:00.518	1536226394290465															0			Unclassified	8																									8578																			-34.01										4	4				
07/12/2018	3.3.2	Gaze Project	O4	3	M	Bilingual	G130	06/09/2018	89100	1280 x 720		Raw Data	Ord4_T5_L.avi	190	0	900	720									71505	10:17:00.526	1536226394298822															0			Unclassified	8																									8579																			-34.01										4	4				
07/12/2018	3.3.2	Gaze Project	O4	3	M	Bilingual	G130	06/09/2018	89100	1280 x 720		Raw Data	Ord4_T5_L.avi	190	0	900	720									71513	10:17:00.534	1536226394307094															0			Unclassified	8																									8580																			-34.01										4	4				
07/12/2018	3.3.2	Gaze Project	O4	3	M	Bilingual	G130	06/09/2018	89100	1280 x 720		Raw Data	Ord4_T5_L.avi	190	0	900	720									71522	10:17:00.542	1536226394315443															0			Unclassified	8																									8581																			-34.01										4	4				
07/12/2018	3.3.2	Gaze Project	O4	3	M	Bilingual	G130	06/09/2018	89100	1280 x 720		Raw Data	Ord4_T5_L.avi	190	0	900	720									71530	10:17:00.551	1536226394323773															0			Unclassified	8																									8582																			-34.01										4	4				
07/12/2018	3.3.2	Gaze Project	O4	3	M	Bilingual	G130	06/09/2018	89100	1280 x 720		Raw Data	Ord4_T5_L.avi	190	0	900	720									71538	10:17:00.559	1536226394332134															0			Unclassified	8																									8583																			-34.01										4	4				
07/12/2018	3.3.2	Gaze Project	O4	3	M	Bilingual	G130	06/09/2018	89100	1280 x 720		Raw Data	Ord4_T5_L.avi	190	0	900	720									71547	10:17:00.568	1536226394340489															0			Unclassified	8																									8584																			-34.01										4	4				
07/12/2018	3.3.2	Gaze Project	O4	3	M	Bilingual	G130	06/09/2018	89100	1280 x 720		Raw Data	Ord4_T5_L.avi	190	0	900	720									71555	10:17:00.576	1536226394348761															0			Unclassified	8																									8585																			-34.01										4	4				
07/12/2018	3.3.2	Gaze Project	O4	3	M	Bilingual	G130	06/09/2018	89100	1280 x 720		Raw Data	Ord4_T5_L.avi	190	0	900	720									71563	10:17:00.584	1536226394357124															0			Unclassified	8																									8586																			-34.01										4	4				
07/12/2018	3.3.2	Gaze Project	O4	3	M	Bilingual	G130	06/09/2018	89100	1280 x 720		Raw Data	Ord4_T5_L.avi	190	0	900	720									71572	10:17:00.592	1536226394365448															0			Unclassified	8																									8587																			-34.01										4	4				
07/12/2018	3.3.2	Gaze Project	O4	3	M	Bilingual	G130	06/09/2018	89100	1280 x 720		Raw Data	Ord4_T5_L.avi	190	0	900	720									71580	10:17:00.601	1536226394373789															0			Unclassified	8																									8588																			-34.01										4	4				
07/12/2018	3.3.2	Gaze Project	O4	3	M	Bilingual	G130	06/09/2018	89100	1280 x 720		Raw Data	Ord4_T5_L.avi	190	0	900	720									71588	10:17:00.609	1536226394382160															0			Unclassified	8																									8589																			-34.01										4	4				
07/12/2018	3.3.2	Gaze Project	O4	3	M	Bilingual	G130	06/09/2018	89100	1280 x 720		Raw Data	Ord4_T5_L.avi	190	0	900	720									71597	10:17:00.617	1536226394390430															0			Unclassified	8																									8590																			-34.01										4	4				
07/12/2018	3.3.2	Gaze Project	O4	3	M	Bilingual	G130	06/09/2018	89100	1280 x 720		Raw Data	Ord4_T5_L.avi	190	0	900	720									71605	10:17:00.626	1536226394398755															0			Unclassified	8																									8591																			-34.01										4	4				
07/12/2018	3.3.2	Gaze Project	O4	3	M	Bilingual	G130	06/09/2018	89100	1280 x 720		Raw Data	Ord4_T5_L.avi	190	0	900	720									71613	10:17:00.634	1536226394407119															0			Unclassified	8																									8592																			-34.01										4	4				
07/12/2018	3.3.2	Gaze Project	O4	3	M	Bilingual	G130	06/09/2018	89100	1280 x 720		Raw Data	Ord4_T5_L.avi	190	0	900	720									71622	10:17:00.643	1536226394415473															0			Unclassified	8																									8593																			-34.01										4	4				
07/12/2018	3.3.2	Gaze Project	O4	3	M	Bilingual	G130	06/09/2018	89100	1280 x 720		Raw Data	Ord4_T5_L.avi	190	0	900	720									71630	10:17:00.651	1536226394423754															0			Unclassified	8																									8594																			-34.01										4	4				
07/12/2018	3.3.2	Gaze Project	O4	3	M	Bilingual	G130	06/09/2018	89100	1280 x 720		Raw Data	Ord4_T5_L.avi	190	0	900	720									71638	10:17:00.659	1536226394432086															0			Unclassified	8																									8595																			-34.01										4	4				
07/12/2018	3.3.2	Gaze Project	O4	3	M	Bilingual	G130	06/09/2018	89100	1280 x 720		Raw Data	Ord4_T5_L.avi	190	0	900	720									71647	10:17:00.667	1536226394440423															0			Unclassified	8																									8596																			-34.01										4	4				
07/12/2018	3.3.2	Gaze Project	O4	3	M	Bilingual	G130	06/09/2018	89100	1280 x 720		Raw Data	Ord4_T5_L.avi	190	0	900	720									71655	10:17:00.676	1536226394448782															0			Unclassified	8																									8597																			-34.01										4	4				
07/12/2018	3.3.2	Gaze Project	O4	3	M	Bilingual	G130	06/09/2018	89100	1280 x 720		Raw Data	Ord4_T5_L.avi	190	0	900	720									71663	10:17:00.684	1536226394457143															0			Unclassified	8																									8598																			-34.01										4	4				
07/12/2018	3.3.2	Gaze Project	O4	3	M	Bilingual	G130	06/09/2018	89100	1280 x 720		Raw Data	Ord4_T5_L.avi	190	0	900	720									71672	10:17:00.692	1536226394465406															0			Unclassified	8																									8599																			-34.01										4	4				
07/12/2018	3.3.2	Gaze Project	O4	3	M	Bilingual	G130	06/09/2018	89100	1280 x 720		Raw Data	Ord4_T5_L.avi	190	0	900	720									71680	10:17:00.701	1536226394473753															0			Unclassified	8																									8600																			-34.01										4	4				
07/12/2018	3.3.2	Gaze Project	O4	3	M	Bilingual	G130	06/09/2018	89100	1280 x 720		Raw Data	Ord4_T5_L.avi	190	0	900	720									71688	10:17:00.709	1536226394482097															0			Unclassified	8																									8601																			-34.01										4	4				
07/12/2018	3.3.2	Gaze Project	O4	3	M	Bilingual	G130	06/09/2018	89100	1280 x 720		Raw Data	Ord4_T5_L.avi	190	0	900	720									71697	10:17:00.718	1536226394490455															0			Unclassified	8																									8602																			-34.01										4	4				
07/12/2018	3.3.2	Gaze Project	O4	3	M	Bilingual	G130	06/09/2018	89100	1280 x 720		Raw Data	Ord4_T5_L.avi	190	0	900	720									71705	10:17:00.726	1536226394498811															0			Unclassified	8																									8603																			-34.01										4	4				
07/12/2018	3.3.2	Gaze Project	O4	3	M	Bilingual	G130	06/09/2018	89100	1280 x 720		Raw Data	Ord4_T5_L.avi	190	0	900	720									71713	10:17:00.734	1536226394507077															0			Unclassified	8																									8604																			-34.01										4	4				
07/12/2018	3.3.2	Gaze Project	O4	3	M	Bilingual	G130	06/09/2018	89100	1280 x 720		Raw Data	Ord4_T5_L.avi	190	0	900	720									71722	10:17:00.742	1536226394515409															0			Unclassified	8																									8605																			-34.01										4	4				
07/12/2018	3.3.2	Gaze Project	O4	3	M	Bilingual	G130	06/09/2018	89100	1280 x 720		Raw Data	Ord4_T5_L.avi	190	0	900	720									71730	10:17:00.751	1536226394523769															0			Unclassified	8																									8606																			-34.01										4	4				
07/12/2018	3.3.2	Gaze Project	O4	3	M	Bilingual	G130	06/09/2018	89100	1280 x 720		Raw Data	Ord4_T5_L.avi	190	0	900	720									71738	10:17:00.759	1536226394532125															0			Unclassified	8																									8607																			-34.01										4	4				
07/12/2018	3.3.2	Gaze Project	O4	3	M	Bilingual	G130	06/09/2018	89100	1280 x 720		Raw Data	Ord4_T5_L.avi	190	0	900	720									71747	10:17:00.767	1536226394540403															0			Unclassified	8																									8608																			-34.01										4	4				
07/12/2018	3.3.2	Gaze Project	O4	3	M	Bilingual	G130	06/09/2018	89100	1280 x 720		Raw Data	Ord4_T5_L.avi	190	0	900	720									71755	10:17:00.776	1536226394548742															0			Unclassified	8																									8609																			-34.01										4	4				
07/12/2018	3.3.2	Gaze Project	O4	3	M	Bilingual	G130	06/09/2018	89100	1280 x 720		Raw Data	Ord4_T5_L.avi	190	0	900	720									71763	10:17:00.784	1536226394557075															0			Unclassified	8																									8610																			-34.01										4	4				
07/12/2018	3.3.2	Gaze Project	O4	3	M	Bilingual	G130	06/09/2018	89100	1280 x 720		Raw Data	Ord4_T5_L.avi	190	0	900	720									71772	10:17:00.792	1536226394565427															0			Unclassified	8																									8611																			-34.01										4	4				
07/12/2018	3.3.2	Gaze Project	O4	3	M	Bilingual	G130	06/09/2018	89100	1280 x 720		Raw Data	Ord4_T5_L.avi	190	0	900	720									71780	10:17:00.801	1536226394573798															0			Unclassified	8																									8612																			-34.01										4	4				
07/12/2018	3.3.2	Gaze Project	O4	3	M	Bilingual	G130	06/09/2018	89100	1280 x 720		Raw Data	Ord4_T5_L.avi	190	0	900	720									71788	10:17:00.809	1536226394582058															0			Unclassified	8																									8613																			-34.01										4	4				
07/12/2018	3.3.2	Gaze Project	O4	3	M	Bilingual	G130	06/09/2018	89100	1280 x 720		Raw Data	Ord4_T5_L.avi	190	0	900	720									71797	10:17:00.817	1536226394590389															0			Unclassified	8																									8614																			-34.01										4	4				
07/12/2018	3.3.2	Gaze Project	O4	3	M	Bilingual	G130	06/09/2018	89100	1280 x 720		Raw Data	Ord4_T5_L.avi	190	0	900	720									71805	10:17:00.826	1536226394598751															0			Unclassified	8																									8615																			-34.01										4	4				
07/12/2018	3.3.2	Gaze Project	O4	3	M	Bilingual	G130	06/09/2018	89100	1280 x 720		Raw Data	Ord4_T5_L.avi	190	0	900	720									71813	10:17:00.834	1536226394607112															0			Unclassified	8																									8616																			-34.01										4	4				
07/12/2018	3.3.2	Gaze Project	O4	3	M	Bilingual	G130	06/09/2018	89100	1280 x 720		Raw Data	Ord4_T5_L.avi	190	0	900	720									71822	10:17:00.843	1536226394615464															0			Unclassified	8																									8617																			-34.01										4	4				
07/12/2018	3.3.2	Gaze Project	O4	3	M	Bilingual	G130	06/09/2018	89100	1280 x 720		Raw Data	Ord4_T5_L.avi	190	0	900	720									71830	10:17:00.851	1536226394623730															0			Unclassified	8																									8618																			-34.01										4	4				
07/12/2018	3.3.2	Gaze Project	O4	3	M	Bilingual	G130	06/09/2018	89100	1280 x 720		Raw Data	Ord4_T5_L.avi	190	0	900	720									71838	10:17:00.859	1536226394632057															0			Unclassified	8																									8619																			-34.01										4	4				
07/12/2018	3.3.2	Gaze Project	O4	3	M	Bilingual	G130	06/09/2018	89100	1280 x 720		Raw Data	Ord4_T5_L.avi	190	0	900	720									71847	10:17:00.867	1536226394640412															0			Unclassified	8																									8620																			-34.01										4	4				
07/12/2018	3.3.2	Gaze Project	O4	3	M	Bilingual	G130	06/09/2018	89100	1280 x 720		Raw Data	Ord4_T5_L.avi	190	0	900	720									71855	10:17:00.876	1536226394648779															0			Unclassified	8																									8621																			-34.01										4	4				
07/12/2018	3.3.2	Gaze Project	O4	3	M	Bilingual	G130	06/09/2018	89100	1280 x 720		Raw Data	Ord4_T5_L.avi	190	0	900	720									71863	10:17:00.884	1536226394657046															0			Unclassified	8																									8622																			-34.01										4	4				
07/12/2018	3.3.2	Gaze Project	O4	3	M	Bilingual	G130	06/09/2018	89100	1280 x 720		Raw Data	Ord4_T5_L.avi	190	0	900	720									71872	10:17:00.892	1536226394665403															0			Unclassified	8																									8623																			-34.01										4	4				
07/12/2018	3.3.2	Gaze Project	O4	3	M	Bilingual	G130	06/09/2018	89100	1280 x 720		Raw Data	Ord4_T5_L.avi	190	0	900	720									71880	10:17:00.901	1536226394673731															0			Unclassified	8																									8624																			-34.01										4	4				
07/12/2018	3.3.2	Gaze Project	O4	3	M	Bilingual	G130	06/09/2018	89100	1280 x 720		Raw Data	Ord4_T5_L.avi	190	0	900	720									71888	10:17:00.909	1536226394682076															0			Unclassified	8																									8625																			-34.01										4	4				
07/12/2018	3.3.2	Gaze Project	O4	3	M	Bilingual	G130	06/09/2018	89100	1280 x 720		Raw Data	Ord4_T5_L.avi	190	0	900	720									71897	10:17:00.918	1536226394690447															0			Unclassified	8																									8626																			-34.01										4	4				
07/12/2018	3.3.2	Gaze Project	O4	3	M	Bilingual	G130	06/09/2018	89100	1280 x 720		Raw Data	Ord4_T5_L.avi	190	0	900	720									71905	10:17:00.926	1536226394698720															0			Unclassified	8																									8627																			-34.01										4	4				
07/12/2018	3.3.2	Gaze Project	O4	3	M	Bilingual	G130	06/09/2018	89100	1280 x 720		Raw Data	Ord4_T5_L.avi	190	0	900	720									71913	10:17:00.934	1536226394707053															0			Unclassified	8																									8628																			-34.01										4	4				
07/12/2018	3.3.2	Gaze Project	O4	3	M	Bilingual	G130	06/09/2018	89100	1280 x 720		Raw Data	Ord4_T5_L.avi	190	0	900	720									71922	10:17:00.942	1536226394715408															0			Unclassified	8																									8629																			-34.01										4	4				
07/12/2018	3.3.2	Gaze Project	O4	3	M	Bilingual	G130	06/09/2018	89100	1280 x 720		Raw Data	Ord4_T5_L.avi	190	0	900	720									71930	10:17:00.951	1536226394723759															0			Unclassified	8																									8630																			-34.01										4	4				
07/12/2018	3.3.2	Gaze Project	O4	3	M	Bilingual	G130	06/09/2018	89100	1280 x 720		Raw Data	Ord4_T5_L.avi	190	0	900	720									71938	10:17:00.959	1536226394732117															0			Unclassified	8																									8631																			-34.01										4	4				
07/12/2018	3.3.2	Gaze Project	O4	3	M	Bilingual	G130	06/09/2018	89100	1280 x 720		Raw Data	Ord4_T5_L.avi	190	0	900	720									71947	10:17:00.967	1536226394740382															0			Unclassified	8																									8632																			-34.01										4	4				
07/12/2018	3.3.2	Gaze Project	O4	3	M	Bilingual	G130	06/09/2018	89100	1280 x 720		Raw Data	Ord4_T5_L.avi	190	0	900	720									71955	10:17:00.976	1536226394748709															0			Unclassified	8																									8633																			-34.01										4	4				
07/12/2018	3.3.2	Gaze Project	O4	3	M	Bilingual	G130	06/09/2018	89100	1280 x 720		Raw Data	Ord4_T5_L.avi	190	0	900	720									71963	10:17:00.984	1536226394757064															0			Unclassified	8																									8634																			-34.01										4	4				
07/12/2018	3.3.2	Gaze Project	O4	3	M	Bilingual	G130	06/09/2018	89100	1280 x 720		Raw Data	Ord4_T5_L.avi	190	0	900	720									71972	10:17:00.992	1536226394765421															0			Unclassified	8																									8635																			-34.01										4	4				
07/12/2018	3.3.2	Gaze Project	O4	3	M	Bilingual	G130	06/09/2018	89100	1280 x 720		Raw Data	Ord4_T5_L.avi	190	0	900	720									71980	10:17:01.001	1536226394773701															0			Unclassified	8																									8636																			-34.01										4	4				
07/12/2018	3.3.2	Gaze Project	O4	3	M	Bilingual	G130	06/09/2018	89100	1280 x 720		Raw Data	Ord4_T5_L.avi	190	0	900	720									71988	10:17:01.009	1536226394782060															0			Unclassified	8																									8637																			-34.01										4	4				
07/12/2018	3.3.2	Gaze Project	O4	3	M	Bilingual	G130	06/09/2018	89100	1280 x 720		Raw Data	Ord4_T5_L.avi	190	0	900	720									71997	10:17:01.017	1536226394790390															0			Unclassified	8																									8638																			-34.01										4	4				
07/12/2018	3.3.2	Gaze Project	O4	3	M	Bilingual	G130	06/09/2018	89100	1280 x 720		Raw Data	Ord4_T5_L.avi	190	0	900	720									72005	10:17:01.026	1536226394798741															0			Unclassified	8																									8639																			-34.01										4	4				
07/12/2018	3.3.2	Gaze Project	O4	3	M	Bilingual	G130	06/09/2018	89100	1280 x 720		Raw Data	Ord4_T5_L.avi	190	0	900	720									72013	10:17:01.034	1536226394807102															0			Unclassified	8																									8640																			-34.01										4	4				
07/12/2018	3.3.2	Gaze Project	O4	3	M	Bilingual	G130	06/09/2018	89100	1280 x 720		Raw Data	Ord4_T5_L.avi	190	0	900	720									72022	10:17:01.042	1536226394815367															0			Unclassified	8																									8641																			-34.01										4	4				
07/12/2018	3.3.2	Gaze Project	O4	3	M	Bilingual	G130	06/09/2018	89100	1280 x 720		Raw Data	Ord4_T5_L.avi	190	0	900	720									72030	10:17:01.051	1536226394823700															0			Unclassified	8																									8642																			-34.01										4	4				
07/12/2018	3.3.2	Gaze Project	O4	3	M	Bilingual	G130	06/09/2018	89100	1280 x 720		Raw Data	Ord4_T5_L.avi	190	0	900	720									72038	10:17:01.059	1536226394832055															0			Unclassified	8																									8643																			-34.01										4	4				
07/12/2018	3.3.2	Gaze Project	O4	3	M	Bilingual	G130	06/09/2018	89100	1280 x 720		Raw Data	Ord4_T5_L.avi	190	0	900	720									72047	10:17:01.067	1536226394840413															0			Unclassified	8																									8644																			-34.01										4	4				
07/12/2018	3.3.2	Gaze Project	O4	3	M	Bilingual	G130	06/09/2018	89100	1280 x 720		Raw Data	Ord4_T5_L.avi	190	0	900	720									72055	10:17:01.076	1536226394848692															0			Unclassified	8																									8645																			-34.01										4	4				
07/12/2018	3.3.2	Gaze Project	O4	3	M	Bilingual	G130	06/09/2018	89100	1280 x 720		Raw Data	Ord4_T5_L.avi	190	0	900	720									72063	10:17:01.084	1536226394857033															0			Unclassified	8																									8646																			-34.01										4	4				
07/12/2018	3.3.2	Gaze Project	O4	3	M	Bilingual	G130	06/09/2018	89100	1280 x 720		Raw Data	Ord4_T5_L.avi	190	0	900	720									72072	10:17:01.092	1536226394865367															0			Unclassified	8																									8647																			-34.01										4	4				
07/12/2018	3.3.2	Gaze Project	O4	3	M	Bilingual	G130	06/09/2018	89100	1280 x 720		Raw Data	Ord4_T5_L.avi	190	0	900	720									72080	10:17:01.101	1536226394873722															0			Unclassified	8																									8648																			-34.01										4	4				
07/12/2018	3.3.2	Gaze Project	O4	3	M	Bilingual	G130	06/09/2018	89100	1280 x 720		Raw Data	Ord4_T5_L.avi	190	0	900	720									72088	10:17:01.109	1536226394882082															0			Unclassified	8																									8649																			-34.01										4	4				
07/12/2018	3.3.2	Gaze Project	O4	3	M	Bilingual	G130	06/09/2018	89100	1280 x 720		Raw Data	Ord4_T5_L.avi	190	0	900	720									72097	10:17:01.117	1536226394890351															0			Unclassified	8																									8650																			-34.01										4	4				
07/12/2018	3.3.2	Gaze Project	O4	3	M	Bilingual	G130	06/09/2018	89100	1280 x 720		Raw Data	Ord4_T5_L.avi	190	0	900	720									72105	10:17:01.126	1536226394898711															0			Unclassified	8																									8651																			-34.01										4	4				
07/12/2018	3.3.2	Gaze Project	O4	3	M	Bilingual	G130	06/09/2018	89100	1280 x 720		Raw Data	Ord4_T5_L.avi	190	0	900	720									72113	10:17:01.134	1536226394907035															0			Unclassified	8																									8652																			-34.01										4	4				
07/12/2018	3.3.2	Gaze Project	O4	3	M	Bilingual	G130	06/09/2018	89100	1280 x 720		Raw Data	Ord4_T5_L.avi	190	0	900	720									72122	10:17:01.142	1536226394915398															0			Unclassified	8																									8653																			-34.01										4	4				
07/12/2018	3.3.2	Gaze Project	O4	3	M	Bilingual	G130	06/09/2018	89100	1280 x 720		Raw Data	Ord4_T5_L.avi	190	0	900	720									72130	10:17:01.151	1536226394923750															0			Unclassified	8																									8654																			-34.01										4	4				
07/12/2018	3.3.2	Gaze Project	O4	3	M	Bilingual	G130	06/09/2018	89100	1280 x 720		Raw Data	Ord4_T5_L.avi	190	0	900	720									72138	10:17:01.159	1536226394932005															0			Unclassified	8																									8655																			-34.01										4	4				
07/12/2018	3.3.2	Gaze Project	O4	3	M	Bilingual	G130	06/09/2018	89100	1280 x 720		Raw Data	Ord4_T5_L.avi	190	0	900	720									72147	10:17:01.167	1536226394940354															0			Unclassified	8																									8656																			-34.01										4	4				
07/12/2018	3.3.2	Gaze Project	O4	3	M	Bilingual	G130	06/09/2018	89100	1280 x 720		Raw Data	Ord4_T5_L.avi	190	0	900	720									72155	10:17:01.176	1536226394948705															0			Unclassified	8																									8657																			-34.01										4	4				
07/12/2018	3.3.2	Gaze Project	O4	3	M	Bilingual	G130	06/09/2018	89100	1280 x 720		Raw Data	Ord4_T5_L.avi	190	0	900	720									72163	10:17:01.184	1536226394957063															0			Unclassified	8																									8658																			-34.01										4	4				
07/12/2018	3.3.2	Gaze Project	O4	3	M	Bilingual	G130	06/09/2018	89100	1280 x 720		Raw Data	Ord4_T5_L.avi	190	0	900	720									72172	10:17:01.192	1536226394965334															0			Unclassified	8																									8659																			-34.01										4	4				
07/12/2018	3.3.2	Gaze Project	O4	3	M	Bilingual	G130	06/09/2018	89100	1280 x 720		Raw Data	Ord4_T5_L.avi	190	0	900	720									72180	10:17:01.201	1536226394973688															0			Unclassified	8																									8660																			-34.01										4	4				
07/12/2018	3.3.2	Gaze Project	O4	3	M	Bilingual	G130	06/09/2018	89100	1280 x 720		Raw Data	Ord4_T5_L.avi	190	0	900	720									72188	10:17:01.209	1536226394982014															0			Unclassified	8																									8661																			-34.01										4	4				
07/12/2018	3.3.2	Gaze Project	O4	3	M	Bilingual	G130	06/09/2018	89100	1280 x 720		Raw Data	Ord4_T5_L.avi	190	0	900	720									72197	10:17:01.217	1536226394990379															0			Unclassified	8																									8662																			-34.01										4	4				
07/12/2018	3.3.2	Gaze Project	O4	3	M	Bilingual	G130	06/09/2018	89100	1280 x 720		Raw Data	Ord4_T5_L.avi	190	0	900	720									72205	10:17:01.226	1536226394998737															0			Unclassified	8																									8663																			-34.01										4	4				
07/12/2018	3.3.2	Gaze Project	O4	3	M	Bilingual	G130	06/09/2018	89100	1280 x 720		Raw Data	Ord4_T5_L.avi	190	0	900	720									72213	10:17:01.234	1536226395007004															0			Unclassified	8																									8664																			-34.01										4	4				
07/12/2018	3.3.2	Gaze Project	O4	3	M	Bilingual	G130	06/09/2018	89100	1280 x 720		Raw Data	Ord4_T5_L.avi	190	0	900	720									72222	10:17:01.242	1536226395015355															0			Unclassified	8																									8665																			-34.01										4	4				
07/12/2018	3.3.2	Gaze Project	O4	3	M	Bilingual	G130	06/09/2018	89100	1280 x 720		Raw Data	Ord4_T5_L.avi	190	0	900	720									72230	10:17:01.251	1536226395023688															0			Unclassified	8																									8666																			-34.01										4	4				
07/12/2018	3.3.2	Gaze Project	O4	3	M	Bilingual	G130	06/09/2018	89100	1280 x 720		Raw Data	Ord4_T5_L.avi	190	0	900	720									72238	10:17:01.259	1536226395032045															0			Unclassified	8																									8667																			-34.01										4	4				
07/12/2018	3.3.2	Gaze Project	O4	3	M	Bilingual	G130	06/09/2018	89100	1280 x 720		Raw Data	Ord4_T5_L.avi	190	0	900	720									72247	10:17:01.267	1536226395040406															0			Unclassified	8																									8668																			-34.01										4	4				
07/12/2018	3.3.2	Gaze Project	O4	3	M	Bilingual	G130	06/09/2018	89100	1280 x 720		Raw Data	Ord4_T5_L.avi	190	0	900	720									72255	10:17:01.276	1536226395048666															0			Unclassified	8																									8669																			-34.01										4	4				
07/12/2018	3.3.2	Gaze Project	O4	3	M	Bilingual	G130	06/09/2018	89100	1280 x 720		Raw Data	Ord4_T5_L.avi	190	0	900	720									72263	10:17:01.284	1536226395057001															0			Unclassified	8																									8670																			-34.01										4	4				
07/12/2018	3.3.2	Gaze Project	O4	3	M	Bilingual	G130	06/09/2018	89100	1280 x 720		Raw Data	Ord4_T5_L.avi	190	0	900	720									72272	10:17:01.292	1536226395065347															0			Unclassified	8																									8671																			-34.01										4	4				
07/12/2018	3.3.2	Gaze Project	O4	3	M	Bilingual	G130	06/09/2018	89100	1280 x 720		Raw Data	Ord4_T5_L.avi	190	0	900	720									72280	10:17:01.301	1536226395073714															0			Unclassified	8																									8672																			-34.01										4	4				
07/12/2018	3.3.2	Gaze Project	O4	3	M	Bilingual	G130	06/09/2018	89100	1280 x 720		Raw Data	Ord4_T5_L.avi	190	0	900	720									72288	10:17:01.309	1536226395081985															0			Unclassified	8																									8673																			-34.01										4	4				
07/12/2018	3.3.2	Gaze Project	O4	3	M	Bilingual	G130	06/09/2018	89100	1280 x 720		Raw Data	Ord4_T5_L.avi	190	0	900	720									72297	10:17:01.317	1536226395090334															0			Unclassified	8																									8674																			-34.01										4	4				
07/12/2018	3.3.2	Gaze Project	O4	3	M	Bilingual	G130	06/09/2018	89100	1280 x 720		Raw Data	Ord4_T5_L.avi	190	0	900	720									72305	10:17:01.326	1536226395098669															0			Unclassified	8																									8675																			-34.01										4	4				
07/12/2018	3.3.2	Gaze Project	O4	3	M	Bilingual	G130	06/09/2018	89100	1280 x 720		Raw Data	Ord4_T5_L.avi	190	0	900	720									72313	10:17:01.334	1536226395107036															0			Unclassified	8																									8676																			-34.01										4	4				
07/12/2018	3.3.2	Gaze Project	O4	3	M	Bilingual	G130	06/09/2018	89100	1280 x 720		Raw Data	Ord4_T5_L.avi	190	0	900	720									72322	10:17:01.342	1536226395115386															0			Unclassified	8																									8677																			-34.01										4	4				
07/12/2018	3.3.2	Gaze Project	O4	3	M	Bilingual	G130	06/09/2018	89100	1280 x 720		Raw Data	Ord4_T5_L.avi	190	0	900	720									72330	10:17:01.351	1536226395123655															0			Unclassified	8																									8678																			-34.01										4	4				
07/12/2018	3.3.2	Gaze Project	O4	3	M	Bilingual	G130	06/09/2018	89100	1280 x 720		Raw Data	Ord4_T5_L.avi	190	0	900	720									72338	10:17:01.359	1536226395131984															0			Unclassified	8																									8679																			-34.01										4	4				
07/12/2018	3.3.2	Gaze Project	O4	3	M	Bilingual	G130	06/09/2018	89100	1280 x 720		Raw Data	Ord4_T5_L.avi	190	0	900	720									72347	10:17:01.367	1536226395140348															0			Unclassified	8																									8680																			-34.01										4	4				
07/12/2018	3.3.2	Gaze Project	O4	3	M	Bilingual	G130	06/09/2018	89100	1280 x 720		Raw Data	Ord4_T5_L.avi	190	0	900	720									72355	10:17:01.376	1536226395148697															0			Unclassified	8																									8681																			-34.01										4	4				
07/12/2018	3.3.2	Gaze Project	O4	3	M	Bilingual	G130	06/09/2018	89100	1280 x 720		Raw Data	Ord4_T5_L.avi	190	0	900	720									72363	10:17:01.384	1536226395157054															0			Unclassified	8																									8682																			-34.01										4	4				
07/12/2018	3.3.2	Gaze Project	O4	3	M	Bilingual	G130	06/09/2018	89100	1280 x 720		Raw Data	Ord4_T5_L.avi	190	0	900	720									72372	10:17:01.392	1536226395165307															0			Unclassified	8																									8683																			-34.01										4	4				
07/12/2018	3.3.2	Gaze Project	O4	3	M	Bilingual	G130	06/09/2018	89100	1280 x 720		Raw Data	Ord4_T5_L.avi	190	0	900	720									72380	10:17:01.401	1536226395173649															0			Unclassified	8																									8684																			-34.01										4	4				
07/12/2018	3.3.2	Gaze Project	O4	3	M	Bilingual	G130	06/09/2018	89100	1280 x 720		Raw Data	Ord4_T5_L.avi	190	0	900	720									72388	10:17:01.409	1536226395182009															0			Unclassified	8																									8685																			-34.01										4	4				
07/12/2018	3.3.2	Gaze Project	O4	3	M	Bilingual	G130	06/09/2018	89100	1280 x 720		Raw Data	Ord4_T5_L.avi	190	0	900	720									72397	10:17:01.417	1536226395190365															0			Unclassified	8																									8686																			-34.01										4	4				
07/12/2018	3.3.2	Gaze Project	O4	3	M	Bilingual	G130	06/09/2018	89100	1280 x 720		Raw Data	Ord4_T5_L.avi	190	0	900	720									72405	10:17:01.426	1536226395198638															0			Unclassified	8																									8687																			-34.01										4	4				
07/12/2018	3.3.2	Gaze Project	O4	3	M	Bilingual	G130	06/09/2018	89100	1280 x 720		Raw Data	Ord4_T5_L.avi	190	0	900	720									72413	10:17:01.434	1536226395206979															0			Unclassified	8																									8688																			-34.01										4	4				
07/12/2018	3.3.2	Gaze Project	O4	3	M	Bilingual	G130	06/09/2018	89100	1280 x 720		Raw Data	Ord4_T5_L.avi	190	0	900	720									72422	10:17:01.442	1536226395215325															0			Unclassified	8																									8689																			-34.01										4	4				
07/12/2018	3.3.2	Gaze Project	O4	3	M	Bilingual	G130	06/09/2018	89100	1280 x 720		Raw Data	Ord4_T5_L.avi	190	0	900	720									72430	10:17:01.451	1536226395223668															0			Unclassified	8																									8690																			-34.01										4	4				
07/12/2018	3.3.2	Gaze Project	O4	3	M	Bilingual	G130	06/09/2018	89100	1280 x 720		Raw Data	Ord4_T5_L.avi	190	0	900	720									72438	10:17:01.459	1536226395232036															0			Unclassified	8																									8691																			-34.01										4	4				
07/12/2018	3.3.2	Gaze Project	O4	3	M	Bilingual	G130	06/09/2018	89100	1280 x 720		Raw Data	Ord4_T5_L.avi	190	0	900	720									72447	10:17:01.467	1536226395240297															0			Unclassified	8																									8692																			-34.01										4	4				
07/12/2018	3.3.2	Gaze Project	O4	3	M	Bilingual	G130	06/09/2018	89100	1280 x 720		Raw Data	Ord4_T5_L.avi	190	0	900	720									72455	10:17:01.476	1536226395248635															0			Unclassified	8																									8693																			-34.01										4	4				
07/12/2018	3.3.2	Gaze Project	O4	3	M	Bilingual	G130	06/09/2018	89100	1280 x 720		Raw Data	Ord4_T5_L.avi	190	0	900	720									72463	10:17:01.484	1536226395256993															0			Unclassified	8																									8694																			-34.01										4	4				
07/12/2018	3.3.2	Gaze Project	O4	3	M	Bilingual	G130	06/09/2018	89100	1280 x 720		Raw Data	Ord4_T5_L.avi	190	0	900	720									72472	10:17:01.492	1536226395265341															0			Unclassified	8																									8695																			-34.01										4	4				
07/12/2018	3.3.2	Gaze Project	O4	3	M	Bilingual	G130	06/09/2018	89100	1280 x 720		Raw Data	Ord4_T5_L.avi	190	0	900	720									72480	10:17:01.501	1536226395273634															0			Unclassified	8																									8696																			-34.01										4	4				
07/12/2018	3.3.2	Gaze Project	O4	3	M	Bilingual	G130	06/09/2018	89100	1280 x 720		Raw Data	Ord4_T5_L.avi	190	0	900	720									72488	10:17:01.509	1536226395281973															0			Unclassified	8																									8697																			-34.01										4	4				
07/12/2018	3.3.2	Gaze Project	O4	3	M	Bilingual	G130	06/09/2018	89100	1280 x 720		Raw Data	Ord4_T5_L.avi	190	0	900	720									72497	10:17:01.517	1536226395290301															0			Unclassified	8																									8698																			-34.01										4	4				
07/12/2018	3.3.2	Gaze Project	O4	3	M	Bilingual	G130	06/09/2018	89100	1280 x 720		Raw Data	Ord4_T5_L.avi	190	0	900	720									72505	10:17:01.526	1536226395298668															0			Unclassified	8																									8699																			-34.01										4	4				
07/12/2018	3.3.2	Gaze Project	O4	3	M	Bilingual	G130	06/09/2018	89100	1280 x 720		Raw Data	Ord4_T5_L.avi	190	0	900	720									72513	10:17:01.534	1536226395307020															0			Unclassified	8																									8700																			-34.01										4	4				
07/12/2018	3.3.2	Gaze Project	O4	3	M	Bilingual	G130	06/09/2018	89100	1280 x 720		Raw Data	Ord4_T5_L.avi	190	0	900	720									72522	10:17:01.542	1536226395315289															0			Unclassified	8																									8701																			-34.01										4	4				
07/12/2018	3.3.2	Gaze Project	O4	3	M	Bilingual	G130	06/09/2018	89100	1280 x 720		Raw Data	Ord4_T5_L.avi	190	0	900	720									72530	10:17:01.551	1536226395323636															0			Unclassified	8																									8702																			-34.01										4	4				
07/12/2018	3.3.2	Gaze Project	O4	3	M	Bilingual	G130	06/09/2018	89100	1280 x 720		Raw Data	Ord4_T5_L.avi	190	0	900	720									72538	10:17:01.559	1536226395331975															0			Unclassified	8																									8703																			-34.01										4	4				
07/12/2018	3.3.2	Gaze Project	O4	3	M	Bilingual	G130	06/09/2018	89100	1280 x 720		Raw Data	Ord4_T5_L.avi	190	0	900	720									72547	10:17:01.567	1536226395340334															0			Unclassified	8																									8704																			-34.01										4	4				
07/12/2018	3.3.2	Gaze Project	O4	3	M	Bilingual	G130	06/09/2018	89100	1280 x 720		Raw Data	Ord4_T5_L.avi	190	0	900	720									72555	10:17:01.576	1536226395348688															0			Unclassified	8																									8705																			-34.01										4	4				
07/12/2018	3.3.2	Gaze Project	O4	3	M	Bilingual	G130	06/09/2018	89100	1280 x 720		Raw Data	Ord4_T5_L.avi	190	0	900	720									72563	10:17:01.584	1536226395356956															0			Unclassified	8																									8706																			-34.01										4	4				
07/12/2018	3.3.2	Gaze Project	O4	3	M	Bilingual	G130	06/09/2018	89100	1280 x 720		Raw Data	Ord4_T5_L.avi	190	0	900	720									72572	10:17:01.592	1536226395365285															0			Unclassified	8																									8707																			-34.01										4	4				
07/12/2018	3.3.2	Gaze Project	O4	3	M	Bilingual	G130	06/09/2018	89100	1280 x 720		Raw Data	Ord4_T5_L.avi	190	0	900	720									72580	10:17:01.601	1536226395373644															0			Unclassified	8																									8708																			-34.01										4	4				
07/12/2018	3.3.2	Gaze Project	O4	3	M	Bilingual	G130	06/09/2018	89100	1280 x 720		Raw Data	Ord4_T5_L.avi	190	0	900	720									72588	10:17:01.609	1536226395382002															0			Unclassified	8																									8709																			-34.01										4	4				
07/12/2018	3.3.2	Gaze Project	O4	3	M	Bilingual	G130	06/09/2018	89100	1280 x 720		Raw Data	Ord4_T5_L.avi	190	0	900	720									72597	10:17:01.617	1536226395390284															0			Unclassified	8																									8710																			-34.01										4	4				
07/12/2018	3.3.2	Gaze Project	O4	3	M	Bilingual	G130	06/09/2018	89100	1280 x 720		Raw Data	Ord4_T5_L.avi	190	0	900	720									72605	10:17:01.626	1536226395398629															0			Unclassified	8																									8711																			-34.01										4	4				
07/12/2018	3.3.2	Gaze Project	O4	3	M	Bilingual	G130	06/09/2018	89100	1280 x 720		Raw Data	Ord4_T5_L.avi	190	0	900	720									72613	10:17:01.634	1536226395406953															0			Unclassified	8																									8712																			-34.01										4	4				
07/12/2018	3.3.2	Gaze Project	O4	3	M	Bilingual	G130	06/09/2018	89100	1280 x 720		Raw Data	Ord4_T5_L.avi	190	0	900	720									72622	10:17:01.642	1536226395415301															0			Unclassified	8																									8713																			-34.01										4	4				
07/12/2018	3.3.2	Gaze Project	O4	3	M	Bilingual	G130	06/09/2018	89100	1280 x 720		Raw Data	Ord4_T5_L.avi	190	0	900	720									72630	10:17:01.651	1536226395423671															0			Unclassified	8																									8714																			-34.01										4	4				
07/12/2018	3.3.2	Gaze Project	O4	3	M	Bilingual	G130	06/09/2018	89100	1280 x 720		Raw Data	Ord4_T5_L.avi	190	0	900	720									72638	10:17:01.659	1536226395431943															0			Unclassified	8																									8715																			-34.01										4	4				
07/12/2018	3.3.2	Gaze Project	O4	3	M	Bilingual	G130	06/09/2018	89100	1280 x 720		Raw Data	Ord4_T5_L.avi	190	0	900	720									72647	10:17:01.667	1536226395440283															0			Unclassified	8																									8716																			-34.01										4	4				
07/12/2018	3.3.2	Gaze Project	O4	3	M	Bilingual	G130	06/09/2018	89100	1280 x 720		Raw Data	Ord4_T5_L.avi	190	0	900	720									72655	10:17:01.676	1536226395448619															0			Unclassified	8																									8717																			-34.01										4	4				
07/12/2018	3.3.2	Gaze Project	O4	3	M	Bilingual	G130	06/09/2018	89100	1280 x 720		Raw Data	Ord4_T5_L.avi	190	0	900	720									72663	10:17:01.684	1536226395456981															0			Unclassified	8																									8718																			-34.01										4	4				
07/12/2018	3.3.2	Gaze Project	O4	3	M	Bilingual	G130	06/09/2018	89100	1280 x 720		Raw Data	Ord4_T5_L.avi	190	0	900	720									72672	10:17:01.692	1536226395465341															0			Unclassified	8																									8719																			-34.01										4	4				
07/12/2018	3.3.2	Gaze Project	O4	3	M	Bilingual	G130	06/09/2018	89100	1280 x 720		Raw Data	Ord4_T5_L.avi	190	0	900	720									72680	10:17:01.701	1536226395473606															0			Unclassified	8																									8720																			-34.01										4	4				
07/12/2018	3.3.2	Gaze Project	O4	3	M	Bilingual	G130	06/09/2018	89100	1280 x 720		Raw Data	Ord4_T5_L.avi	190	0	900	720									72688	10:17:01.709	1536226395481952															0			Unclassified	8																									8721																			-34.01										4	4				
07/12/2018	3.3.2	Gaze Project	O4	3	M	Bilingual	G130	06/09/2018	89100	1280 x 720		Raw Data	Ord4_T5_L.avi	190	0	900	720									72697	10:17:01.717	1536226395490295															0			Unclassified	8																									8722																			-34.01										4	4				
07/12/2018	3.3.2	Gaze Project	O4	3	M	Bilingual	G130	06/09/2018	89100	1280 x 720		Raw Data	Ord4_T5_L.avi	190	0	900	720									72705	10:17:01.726	1536226395498655															0			Unclassified	8																									8723																			-34.01										4	4				
07/12/2018	3.3.2	Gaze Project	O4	3	M	Bilingual	G130	06/09/2018	89100	1280 x 720		Raw Data	Ord4_T5_L.avi	190	0	900	720									72713	10:17:01.734	1536226395506926															0			Unclassified	8																									8724																			-34.01										4	4				
07/12/2018	3.3.2	Gaze Project	O4	3	M	Bilingual	G130	06/09/2018	89100	1280 x 720		Raw Data	Ord4_T5_L.avi	190	0	900	720									72722	10:17:01.742	1536226395515271															0			Unclassified	8																									8725																			-34.01										4	4				
07/12/2018	3.3.2	Gaze Project	O4	3	M	Bilingual	G130	06/09/2018	89100	1280 x 720		Raw Data	Ord4_T5_L.avi	190	0	900	720									72730	10:17:01.751	1536226395523603															0			Unclassified	8																									8726																			-34.01										4	4				
07/12/2018	3.3.2	Gaze Project	O4	3	M	Bilingual	G130	06/09/2018	89100	1280 x 720		Raw Data	Ord4_T5_L.avi	190	0	900	720									72738	10:17:01.759	1536226395531965															0			Unclassified	8																									8727																			-34.01										4	4				
07/12/2018	3.3.2	Gaze Project	O4	3	M	Bilingual	G130	06/09/2018	89100	1280 x 720		Raw Data	Ord4_T5_L.avi	190	0	900	720									72747	10:17:01.767	1536226395540321															0			Unclassified	8																									8728																			-34.01										4	4				
07/12/2018	3.3.2	Gaze Project	O4	3	M	Bilingual	G130	06/09/2018	89100	1280 x 720		Raw Data	Ord4_T5_L.avi	190	0	900	720									72755	10:17:01.776	1536226395548559															0			Unclassified	8																									8729																			-34.01										4	4				
07/12/2018	3.3.2	Gaze Project	O4	3	M	Bilingual	G130	06/09/2018	89100	1280 x 720		Raw Data	Ord4_T5_L.avi	190	0	900	720									72763	10:17:01.784	1536226395556925															0			Unclassified	8																									8730																			-34.01										4	4				
07/12/2018	3.3.2	Gaze Project	O4	3	M	Bilingual	G130	06/09/2018	89100	1280 x 720		Raw Data	Ord4_T5_L.avi	190	0	900	720									72772	10:17:01.792	1536226395565278															0			Unclassified	8																									8731																			-34.01										4	4				
07/12/2018	3.3.2	Gaze Project	O4	3	M	Bilingual	G130	06/09/2018	89100	1280 x 720		Raw Data	Ord4_T5_L.avi	190	0	900	720									72780	10:17:01.801	1536226395573640															0			Unclassified	8																									8732																			-34.01										4	4				
07/12/2018	3.3.2	Gaze Project	O4	3	M	Bilingual	G130	06/09/2018	89100	1280 x 720		Raw Data	Ord4_T5_L.avi	190	0	900	720									72788	10:17:01.809	1536226395581992															0			Unclassified	8																									8733																			-34.01										4	4				
07/12/2018	3.3.2	Gaze Project	O4	3	M	Bilingual	G130	06/09/2018	89100	1280 x 720		Raw Data	Ord4_T5_L.avi	190	0	900	720									72797	10:17:01.817	1536226395590246															0			Unclassified	8																									8734																			-34.01										4	4				
07/12/2018	3.3.2	Gaze Project	O4	3	M	Bilingual	G130	06/09/2018	89100	1280 x 720		Raw Data	Ord4_T5_L.avi	190	0	900	720									72805	10:17:01.826	1536226395598587															0			Unclassified	8																									8735																			-34.01										4	4				
07/12/2018	3.3.2	Gaze Project	O4	3	M	Bilingual	G130	06/09/2018	89100	1280 x 720		Raw Data	Ord4_T5_L.avi	190	0	900	720									72813	10:17:01.834	1536226395606950															0			Unclassified	8																									8736																			-34.01										4	4				
07/12/2018	3.3.2	Gaze Project	O4	3	M	Bilingual	G130	06/09/2018	89100	1280 x 720		Raw Data	Ord4_T5_L.avi	190	0	900	720									72822	10:17:01.842	1536226395615306															0			Unclassified	8																									8737																			-34.01										4	4				
07/12/2018	3.3.2	Gaze Project	O4	3	M	Bilingual	G130	06/09/2018	89100	1280 x 720		Raw Data	Ord4_T5_L.avi	190	0	900	720									72830	10:17:01.851	1536226395623578															0			Unclassified	8																									8738																			-34.01										4	4				
07/12/2018	3.3.2	Gaze Project	O4	3	M	Bilingual	G130	06/09/2018	89100	1280 x 720		Raw Data	Ord4_T5_L.avi	190	0	900	720									72838	10:17:01.859	1536226395631920															0			Unclassified	8																									8739																			-34.01										4	4				
07/12/2018	3.3.2	Gaze Project	O4	3	M	Bilingual	G130	06/09/2018	89100	1280 x 720		Raw Data	Ord4_T5_L.avi	190	0	900	720									72847	10:17:01.867	1536226395640263															0			Unclassified	8																									8740																			-34.01										4	4				
07/12/2018	3.3.2	Gaze Project	O4	3	M	Bilingual	G130	06/09/2018	89100	1280 x 720		Raw Data	Ord4_T5_L.avi	190	0	900	720									72855	10:17:01.876	1536226395648603															0			Unclassified	8																									8741																			-34.01										4	4				
07/12/2018	3.3.2	Gaze Project	O4	3	M	Bilingual	G130	06/09/2018	89100	1280 x 720		Raw Data	Ord4_T5_L.avi	190	0	900	720									72863	10:17:01.884	1536226395656973															0			Unclassified	8																									8742																			-34.01										4	4				
07/12/2018	3.3.2	Gaze Project	O4	3	M	Bilingual	G130	06/09/2018	89100	1280 x 720		Raw Data	Ord4_T5_L.avi	190	0	900	720									72872	10:17:01.892	1536226395665242															0			Unclassified	8																									8743																			-34.01										4	4				
07/12/2018	3.3.2	Gaze Project	O4	3	M	Bilingual	G130	06/09/2018	89100	1280 x 720		Raw Data	Ord4_T5_L.avi	190	0	900	720									72880	10:17:01.901	1536226395673580															0			Unclassified	8																									8744																			-34.01										4	4				
07/12/2018	3.3.2	Gaze Project	O4	3	M	Bilingual	G130	06/09/2018	89100	1280 x 720		Raw Data	Ord4_T5_L.avi	190	0	900	720									72888	10:17:01.909	1536226395681938															0			Unclassified	8																									8745																			-34.01										4	4				
07/12/2018	3.3.2	Gaze Project	O4	3	M	Bilingual	G130	06/09/2018	89100	1280 x 720		Raw Data	Ord4_T5_L.avi	190	0	900	720									72897	10:17:01.917	1536226395690289															0			Unclassified	8																									8746																			-34.01										4	4				
07/12/2018	3.3.2	Gaze Project	O4	3	M	Bilingual	G130	06/09/2018	89100	1280 x 720		Raw Data	Ord4_T5_L.avi	190	0	900	720									72897	10:17:01.918										30	MovieEnd	Ord4_T5_L.avi							Unclassified	8																																																											
07/12/2018	3.3.2	Gaze Project	O4	3	M	Bilingual	G130	06/09/2018	89100	1280 x 720		Raw Data														72905	10:17:01.926	1536226395698645															0			Unclassified	8																									8747																			-34.01										4	4				
07/12/2018	3.3.2	Gaze Project	O4	3	M	Bilingual	G130	06/09/2018	89100	1280 x 720		Raw Data														72913	10:17:01.934	1536226395706898															0			Unclassified	8																									8748																			-34.01										4	4				
07/12/2018	3.3.2	Gaze Project	O4	3	M	Bilingual	G130	06/09/2018	89100	1280 x 720		Raw Data														72922	10:17:01.942	1536226395715239															0			Unclassified	8																									8749																			-34.01										4	4				
07/12/2018	3.3.2	Gaze Project	O4	3	M	Bilingual	G130	06/09/2018	89100	1280 x 720		Raw Data														72930	10:17:01.951	1536226395723599															0			Unclassified	8																									8750																			-34.01										4	4				
07/12/2018	3.3.2	Gaze Project	O4	3	M	Bilingual	G130	06/09/2018	89100	1280 x 720		Raw Data														72938	10:17:01.959	1536226395731947															0			Unclassified	8																									8751																			-34.01										4	4				
07/12/2018	3.3.2	Gaze Project	O4	3	M	Bilingual	G130	06/09/2018	89100	1280 x 720		Raw Data														72947	10:17:01.967	1536226395740237															0			Unclassified	8																									8752																			-34.01										4	4				
07/12/2018	3.3.2	Gaze Project	O4	3	M	Bilingual	G130	06/09/2018	89100	1280 x 720		Raw Data														72955	10:17:01.976	1536226395748570															0			Unclassified	8																									8753																			-34.01										4	4				
07/12/2018	3.3.2	Gaze Project	O4	3	M	Bilingual	G130	06/09/2018	89100	1280 x 720		Raw Data														72963	10:17:01.984	1536226395756915															0			Unclassified	8																									8754																			-34.01										4	4				
07/12/2018	3.3.2	Gaze Project	O4	3	M	Bilingual	G130	06/09/2018	89100	1280 x 720		Raw Data														72972	10:17:01.992	1536226395765273															0			Unclassified	8																									8755																			-34.01										4	4				
07/12/2018	3.3.2	Gaze Project	O4	3	M	Bilingual	G130	06/09/2018	89100	1280 x 720		Raw Data														72980	10:17:02.001	1536226395773629															0			Unclassified	8																									8756																			-34.01										4	4				
07/12/2018	3.3.2	Gaze Project	O4	3	M	Bilingual	G130	06/09/2018	89100	1280 x 720		Raw Data														72988	10:17:02.009	1536226395781903															0			Unclassified	8																									8757																			-34.01										4	4				
07/12/2018	3.3.2	Gaze Project	O4	3	M	Bilingual	G130	06/09/2018	89100	1280 x 720		Raw Data														72997	10:17:02.017	1536226395790221															0			Unclassified	8																									8758																			-34.01										4	4				
07/12/2018	3.3.2	Gaze Project	O4	3	M	Bilingual	G130	06/09/2018	89100	1280 x 720		Raw Data														73005	10:17:02.026	1536226395798573															0			Unclassified	8																									8759																			-34.01										4	4				
07/12/2018	3.3.2	Gaze Project	O4	3	M	Bilingual	G130	06/09/2018	89100	1280 x 720		Raw Data														73013	10:17:02.034	1536226395806942															0			Unclassified	8																									8760																			-34.01										4	4				
07/12/2018	3.3.2	Gaze Project	O4	3	M	Bilingual	G130	06/09/2018	89100	1280 x 720		Raw Data														73022	10:17:02.042	1536226395815220															0			Unclassified	8																									8761																			-34.01										4	4				
07/12/2018	3.3.2	Gaze Project	O4	3	M	Bilingual	G130	06/09/2018	89100	1280 x 720		Raw Data														73030	10:17:02.051	1536226395823562															0			Unclassified	8																									8762																			-34.01										4	4				
07/12/2018	3.3.2	Gaze Project	O4	3	M	Bilingual	G130	06/09/2018	89100	1280 x 720		Raw Data														73038	10:17:02.059	1536226395831892															0			Unclassified	8																									8763																			-34.01										4	4				
07/12/2018	3.3.2	Gaze Project	O4	3	M	Bilingual	G130	06/09/2018	89100	1280 x 720		Raw Data														73047	10:17:02.067	1536226395840251															0			Unclassified	8																									8764																			-34.01										4	4				
07/12/2018	3.3.2	Gaze Project	O4	3	M	Bilingual	G130	06/09/2018	89100	1280 x 720		Raw Data														73055	10:17:02.076	1536226395848611															0			Unclassified	8																									8765																			-34.01										4	4				
07/12/2018	3.3.2	Gaze Project	O4	3	M	Bilingual	G130	06/09/2018	89100	1280 x 720		Raw Data														73063	10:17:02.084	1536226395856873															0			Unclassified	8																									8766																			-34.01										4	4				
07/12/2018	3.3.2	Gaze Project	O4	3	M	Bilingual	G130	06/09/2018	89100	1280 x 720		Raw Data														73072	10:17:02.092	1536226395865222															0			Unclassified	8																									8767																			-34.01										4	4				
07/12/2018	3.3.2	Gaze Project	O4	3	M	Bilingual	G130	06/09/2018	89100	1280 x 720		Raw Data														73080	10:17:02.101	1536226395873565															0			Unclassified	8																									8768																			-34.01										4	4				
07/12/2018	3.3.2	Gaze Project	O4	3	M	Bilingual	G130	06/09/2018	89100	1280 x 720		Raw Data														73088	10:17:02.109	1536226395881928															0			Unclassified	8																									8769																			-34.01										4	4				
07/12/2018	3.3.2	Gaze Project	O4	3	M	Bilingual	G130	06/09/2018	89100	1280 x 720		Raw Data														73097	10:17:02.117	1536226395890279															0			Unclassified	8																									8770																			-34.01										4	4				
07/12/2018	3.3.2	Gaze Project	O4	3	M	Bilingual	G130	06/09/2018	89100	1280 x 720		Raw Data														73105	10:17:02.126	1536226395898547															0			Unclassified	8																									8771																			-34.01										4	4				
07/12/2018	3.3.2	Gaze Project	O4	3	M	Bilingual	G130	06/09/2018	89100	1280 x 720		Raw Data														73113	10:17:02.134	1536226395906870															0			Unclassified	8																									8772																			-34.01										4	4				
07/12/2018	3.3.2	Gaze Project	O4	3	M	Bilingual	G130	06/09/2018	89100	1280 x 720		Raw Data														73122	10:17:02.142	1536226395915235															0			Unclassified	8																									8773																			-34.01										4	4				
07/12/2018	3.3.2	Gaze Project	O4	3	M	Bilingual	G130	06/09/2018	89100	1280 x 720		Raw Data														73130	10:17:02.151	1536226395923593															0			Unclassified	8																									8774																			-34.01										4	4				
07/12/2018	3.3.2	Gaze Project	O4	3	M	Bilingual	G130	06/09/2018	89100	1280 x 720		Raw Data														73138	10:17:02.159	1536226395931865															0			Unclassified	8																									8775																			-34.01										4	4				
07/12/2018	3.3.2	Gaze Project	O4	3	M	Bilingual	G130	06/09/2018	89100	1280 x 720		Raw Data														73147	10:17:02.167	1536226395940198															0			Unclassified	8																									8776																			-34.01										4	4				
07/12/2018	3.3.2	Gaze Project	O4	3	M	Bilingual	G130	06/09/2018	89100	1280 x 720		Raw Data														73155	10:17:02.176	1536226395948541															0			Unclassified	8																									8777																			-34.01										4	4				
07/12/2018	3.3.2	Gaze Project	O4	3	M	Bilingual	G130	06/09/2018	89100	1280 x 720		Raw Data														73163	10:17:02.184	1536226395956904															0			Unclassified	8																									8778																			-34.01										4	4				
07/12/2018	3.3.2	Gaze Project	O4	3	M	Bilingual	G130	06/09/2018	89100	1280 x 720		Raw Data														73172	10:17:02.192	1536226395965251															0			Unclassified	8																									8779																			-34.01										4	4				
07/12/2018	3.3.2	Gaze Project	O4	3	M	Bilingual	G130	06/09/2018	89100	1280 x 720		Raw Data														73180	10:17:02.201	1536226395973532															0			Unclassified	8																									8780																			-34.01										4	4				
07/12/2018	3.3.2	Gaze Project	O4	3	M	Bilingual	G130	06/09/2018	89100	1280 x 720		Raw Data														73188	10:17:02.209	1536226395981864															0			Unclassified	8																									8781																			-34.01										4	4				
07/12/2018	3.3.2	Gaze Project	O4	3	M	Bilingual	G130	06/09/2018	89100	1280 x 720		Raw Data														73197	10:17:02.217	1536226395990214															0			Unclassified	8																									8782																			-34.01										4	4				
07/12/2018	3.3.2	Gaze Project	O4	3	M	Bilingual	G130	06/09/2018	89100	1280 x 720		Raw Data														73205	10:17:02.226	1536226395998576															0			Unclassified	8																									8783																			-34.01										4	4				
07/12/2018	3.3.2	Gaze Project	O4	3	M	Bilingual	G130	06/09/2018	89100	1280 x 720		Raw Data														73213	10:17:02.234	1536226396006929															0			Unclassified	8																									8784																			-34.01										4	4				
07/12/2018	3.3.2	Gaze Project	O4	3	M	Bilingual	G130	06/09/2018	89100	1280 x 720		Raw Data														73222	10:17:02.242	1536226396015195															0			Unclassified	8																									8785																			-34.01										4	4				
07/12/2018	3.3.2	Gaze Project	O4	3	M	Bilingual	G130	06/09/2018	89100	1280 x 720		Raw Data														73230	10:17:02.251	1536226396023530															0			Unclassified	8																									8786																			-34.01										4	4				
07/12/2018	3.3.2	Gaze Project	O4	3	M	Bilingual	G130	06/09/2018	89100	1280 x 720		Raw Data														73238	10:17:02.259	1536226396031887															0			Unclassified	8																									8787																			-34.01										4	4				
07/12/2018	3.3.2	Gaze Project	O4	3	M	Bilingual	G130	06/09/2018	89100	1280 x 720		Raw Data														73247	10:17:02.267	1536226396040242															0			Unclassified	8																									8788																			-34.01										4	4				
07/12/2018	3.3.2	Gaze Project	O4	3	M	Bilingual	G130	06/09/2018	89100	1280 x 720		Raw Data														73255	10:17:02.276	1536226396048515															0			Unclassified	8																									8789																			-34.01										4	4				
07/12/2018	3.3.2	Gaze Project	O4	3	M	Bilingual	G130	06/09/2018	89100	1280 x 720		Raw Data														73259	10:17:02.280										31	InstructionStart	Instruction Element							Unclassified	8																																																											
07/12/2018	3.3.2	Gaze Project	O4	3	M	Bilingual	G130	06/09/2018	89100	1280 x 720		Raw Data														73263	10:17:02.284	1536226396056860															0			Unclassified	8																									8790																			-34.01										4	4				
07/12/2018	3.3.2	Gaze Project	O4	3	M	Bilingual	G130	06/09/2018	89100	1280 x 720		Raw Data														73272	10:17:02.292	1536226396065199															0			Unclassified	8																									8791																			-34.01										4	4				
07/12/2018	3.3.2	Gaze Project	O4	3	M	Bilingual	G130	06/09/2018	89100	1280 x 720		Raw Data														73280	10:17:02.301	1536226396073556															0			Unclassified	8																									8792																			-34.01										4	4				
07/12/2018	3.3.2	Gaze Project	O4	3	M	Bilingual	G130	06/09/2018	89100	1280 x 720		Raw Data														73288	10:17:02.309	1536226396081923															0			Unclassified	8																									8793																			-34.01										4	4				
07/12/2018	3.3.2	Gaze Project	O4	3	M	Bilingual	G130	06/09/2018	89100	1280 x 720		Raw Data														73297	10:17:02.317	1536226396090180															0			Unclassified	8																									8794																			-34.01										4	4				
07/12/2018	3.3.2	Gaze Project	O4	3	M	Bilingual	G130	06/09/2018	89100	1280 x 720		Raw Data														73305	10:17:02.326	1536226396098519															0			Unclassified	8																									8795																			-34.01										4	4				
07/12/2018	3.3.2	Gaze Project	O4	3	M	Bilingual	G130	06/09/2018	89100	1280 x 720		Raw Data														73313	10:17:02.334	1536226396106867															0			Unclassified	8																									8796																			-34.01										4	4				
07/12/2018	3.3.2	Gaze Project	O4	3	M	Bilingual	G130	06/09/2018	89100	1280 x 720		Raw Data														73322	10:17:02.342	1536226396115226															0			Unclassified	8																									8797																			-34.01										4	4				
07/12/2018	3.3.2	Gaze Project	O4	3	M	Bilingual	G130	06/09/2018	89100	1280 x 720		Raw Data														73330	10:17:02.351	1536226396123582															0			Unclassified	8																									8798																			-34.01										4	4				
07/12/2018	3.3.2	Gaze Project	O4	3	M	Bilingual	G130	06/09/2018	89100	1280 x 720		Raw Data														73338	10:17:02.359	1536226396131846															0			Unclassified	8																									8799																			-34.01										4	4				
07/12/2018	3.3.2	Gaze Project	O4	3	M	Bilingual	G130	06/09/2018	89100	1280 x 720		Raw Data														73347	10:17:02.367	1536226396140179															0			Unclassified	8																									8800																			-34.01										4	4				
07/12/2018	3.3.2	Gaze Project	O4	3	M	Bilingual	G130	06/09/2018	89100	1280 x 720		Raw Data														73355	10:17:02.376	1536226396148537															0			Unclassified	8																									8801																			-34.01										4	4				
07/12/2018	3.3.2	Gaze Project	O4	3	M	Bilingual	G130	06/09/2018	89100	1280 x 720		Raw Data														73363	10:17:02.384	1536226396156894															0			Unclassified	8																									8802																			-34.01										4	4				
07/12/2018	3.3.2	Gaze Project	O4	3	M	Bilingual	G130	06/09/2018	89100	1280 x 720		Raw Data														73371	10:17:02.392	1536226396165166															0			Unclassified	8																									8803																			-34.01										4	4				
07/12/2018	3.3.2	Gaze Project	O4	3	M	Bilingual	G130	06/09/2018	89100	1280 x 720		Raw Data														73380	10:17:02.401	1536226396173522															0			Unclassified	8																									8804																			-34.01										4	4				
07/12/2018	3.3.2	Gaze Project	O4	3	M	Bilingual	G130	06/09/2018	89100	1280 x 720		Raw Data														73388	10:17:02.409	1536226396181837															0			Unclassified	8																									8805																			-34.01										4	4				
07/12/2018	3.3.2	Gaze Project	O4	3	M	Bilingual	G130	06/09/2018	89100	1280 x 720		Raw Data														73397	10:17:02.417	1536226396190196															0			Unclassified	8																									8806																			-34.01										4	4				
07/12/2018	3.3.2	Gaze Project	O4	3	M	Bilingual	G130	06/09/2018	89100	1280 x 720		Raw Data														73405	10:17:02.426	1536226396198567															0			Unclassified	8																									8807																			-34.01										4	4				
07/12/2018	3.3.2	Gaze Project	O4	3	M	Bilingual	G130	06/09/2018	89100	1280 x 720		Raw Data														73413	10:17:02.434	1536226396206836															0			Unclassified	8																									8808																			-34.01										4	4				
07/12/2018	3.3.2	Gaze Project	O4	3	M	Bilingual	G130	06/09/2018	89100	1280 x 720		Raw Data														73422	10:17:02.442	1536226396215167															0			Unclassified	8																									8809																			-34.01										4	4				
07/12/2018	3.3.2	Gaze Project	O4	3	M	Bilingual	G130	06/09/2018	89100	1280 x 720		Raw Data														73430	10:17:02.451	1536226396223520															0			Unclassified	8																									8810																			-34.01										4	4				
07/12/2018	3.3.2	Gaze Project	O4	3	M	Bilingual	G130	06/09/2018	89100	1280 x 720		Raw Data														73438	10:17:02.459	1536226396231879															0			Unclassified	8																									8811																			-34.01										4	4				
07/12/2018	3.3.2	Gaze Project	O4	3	M	Bilingual	G130	06/09/2018	89100	1280 x 720		Raw Data														73447	10:17:02.467	1536226396240235															0			Unclassified	8																									8812																			-34.01										4	4				
07/12/2018	3.3.2	Gaze Project	O4	3	M	Bilingual	G130	06/09/2018	89100	1280 x 720		Raw Data														73455	10:17:02.476	1536226396248495															0			Unclassified	8																									8813																			-34.01										4	4				
07/12/2018	3.3.2	Gaze Project	O4	3	M	Bilingual	G130	06/09/2018	89100	1280 x 720		Raw Data														73463	10:17:02.484	1536226396256835															0			Unclassified	8																									8814																			-34.01										4	4				
07/12/2018	3.3.2	Gaze Project	O4	3	M	Bilingual	G130	06/09/2018	89100	1280 x 720		Raw Data														73472	10:17:02.492	1536226396265192															0			Unclassified	8																									8815																			-34.01										4	4				
07/12/2018	3.3.2	Gaze Project	O4	3	M	Bilingual	G130	06/09/2018	89100	1280 x 720		Raw Data														73480	10:17:02.501	1536226396273548															0			Unclassified	8																									8816																			-34.01										4	4				
07/12/2018	3.3.2	Gaze Project	O4	3	M	Bilingual	G130	06/09/2018	89100	1280 x 720		Raw Data														73488	10:17:02.509	1536226396281813															0			Unclassified	8																									8817																			-34.01										4	4				
07/12/2018	3.3.2	Gaze Project	O4	3	M	Bilingual	G130	06/09/2018	89100	1280 x 720		Raw Data														73496	10:17:02.517	1536226396290164															0			Unclassified	8																									8818																			-34.01										4	4				
07/12/2018	3.3.2	Gaze Project	O4	3	M	Bilingual	G130	06/09/2018	89100	1280 x 720		Raw Data														73505	10:17:02.526	1536226396298506															0			Unclassified	8																									8819																			-34.01										4	4				
07/12/2018	3.3.2	Gaze Project	O4	3	M	Bilingual	G130	06/09/2018	89100	1280 x 720		Raw Data														73513	10:17:02.534	1536226396306847															0			Unclassified	8																									8820																			-34.01										4	4				
07/12/2018	3.3.2	Gaze Project	O4	3	M	Bilingual	G130	06/09/2018	89100	1280 x 720		Raw Data														73522	10:17:02.542	1536226396315215															0			Unclassified	8																									8821																			-34.01										4	4				
07/12/2018	3.3.2	Gaze Project	O4	3	M	Bilingual	G130	06/09/2018	89100	1280 x 720		Raw Data														73530	10:17:02.551	1536226396323480															0			Unclassified	8																									8822																			-34.01										4	4				
07/12/2018	3.3.2	Gaze Project	O4	3	M	Bilingual	G130	06/09/2018	89100	1280 x 720		Raw Data														73538	10:17:02.559	1536226396331823															0			Unclassified	8																									8823																			-34.01										4	4				
07/12/2018	3.3.2	Gaze Project	O4	3	M	Bilingual	G130	06/09/2018	89100	1280 x 720		Raw Data														73547	10:17:02.567	1536226396340174															0			Unclassified	8																									8824																			-34.01										4	4				
07/12/2018	3.3.2	Gaze Project	O4	3	M	Bilingual	G130	06/09/2018	89100	1280 x 720		Raw Data														73555	10:17:02.576	1536226396348532															0			Unclassified	8																									8825																			-34.01										4	4				
07/12/2018	3.3.2	Gaze Project	O4	3	M	Bilingual	G130	06/09/2018	89100	1280 x 720		Raw Data														73563	10:17:02.584	1536226396356801															0			Unclassified	8																									8826																			-34.01										4	4				
07/12/2018	3.3.2	Gaze Project	O4	3	M	Bilingual	G130	06/09/2018	89100	1280 x 720		Raw Data														73571	10:17:02.592	1536226396365149															0			Unclassified	8																									8827																			-34.01										4	4				
07/12/2018	3.3.2	Gaze Project	O4	3	M	Bilingual	G130	06/09/2018	89100	1280 x 720		Raw Data														73580	10:17:02.601	1536226396373488															0			Unclassified	8																									8828																			-34.01										4	4				
07/12/2018	3.3.2	Gaze Project	O4	3	M	Bilingual	G130	06/09/2018	89100	1280 x 720		Raw Data														73588	10:17:02.609	1536226396381834															0			Unclassified	8																									8829																			-34.01										4	4				
07/12/2018	3.3.2	Gaze Project	O4	3	M	Bilingual	G130	06/09/2018	89100	1280 x 720		Raw Data														73597	10:17:02.617	1536226396390204															0			Unclassified	8																									8830																			-34.01										4	4				
07/12/2018	3.3.2	Gaze Project	O4	3	M	Bilingual	G130	06/09/2018	89100	1280 x 720		Raw Data														73605	10:17:02.626	1536226396398481															0			Unclassified	8																									8831																			-34.01										4	4				
07/12/2018	3.3.2	Gaze Project	O4	3	M	Bilingual	G130	06/09/2018	89100	1280 x 720		Raw Data														73613	10:17:02.634	1536226396406810															0			Unclassified	8																									8832																			-34.01										4	4				
07/12/2018	3.3.2	Gaze Project	O4	3	M	Bilingual	G130	06/09/2018	89100	1280 x 720		Raw Data														73621	10:17:02.642	1536226396415152															0			Unclassified	8																									8833																			-34.01										4	4				
07/12/2018	3.3.2	Gaze Project	O4	3	M	Bilingual	G130	06/09/2018	89100	1280 x 720		Raw Data														73630	10:17:02.651	1536226396423500															0			Unclassified	8																									8834																			-34.01										4	4				
07/12/2018	3.3.2	Gaze Project	O4	3	M	Bilingual	G130	06/09/2018	89100	1280 x 720		Raw Data														73638	10:17:02.659	1536226396431868															0			Unclassified	8																									8835																			-34.01										4	4				
07/12/2018	3.3.2	Gaze Project	O4	3	M	Bilingual	G130	06/09/2018	89100	1280 x 720		Raw Data														73646	10:17:02.667	1536226396440137															0			Unclassified	8																									8836																			-34.01										4	4				
07/12/2018	3.3.2	Gaze Project	O4	3	M	Bilingual	G130	06/09/2018	89100	1280 x 720		Raw Data														73655	10:17:02.676	1536226396448469															0			Unclassified	8																									8837																			-34.01										4	4				
07/12/2018	3.3.2	Gaze Project	O4	3	M	Bilingual	G130	06/09/2018	89100	1280 x 720		Raw Data														73663	10:17:02.684	1536226396456809															0			Unclassified	8																									8838																			-34.01										4	4				
07/12/2018	3.3.2	Gaze Project	O4	3	M	Bilingual	G130	06/09/2018	89100	1280 x 720		Raw Data														73672	10:17:02.692	1536226396465179															0			Unclassified	8																									8839																			-34.01										4	4				
07/12/2018	3.3.2	Gaze Project	O4	3	M	Bilingual	G130	06/09/2018	89100	1280 x 720		Raw Data														73680	10:17:02.701	1536226396473463															0			Unclassified	8																									8840																			-34.01										4	4				
07/12/2018	3.3.2	Gaze Project	O4	3	M	Bilingual	G130	06/09/2018	89100	1280 x 720		Raw Data														73688	10:17:02.709	1536226396481801															0			Unclassified	8																									8841																			-34.01										4	4				
07/12/2018	3.3.2	Gaze Project	O4	3	M	Bilingual	G130	06/09/2018	89100	1280 x 720		Raw Data														73696	10:17:02.717	1536226396490135															0			Unclassified	8																									8842																			-34.01										4	4				
07/12/2018	3.3.2	Gaze Project	O4	3	M	Bilingual	G130	06/09/2018	89100	1280 x 720		Raw Data														73705	10:17:02.726	1536226396498496															0			Unclassified	8																									8843																			-34.01										4	4				
07/12/2018	3.3.2	Gaze Project	O4	3	M	Bilingual	G130	06/09/2018	89100	1280 x 720		Raw Data														73713	10:17:02.734	1536226396506852															0			Unclassified	8																									8844																			-34.01										4	4				
07/12/2018	3.3.2	Gaze Project	O4	3	M	Bilingual	G130	06/09/2018	89100	1280 x 720		Raw Data														73721	10:17:02.742	1536226396515124															0			Unclassified	8																									8845																			-34.01										4	4				
07/12/2018	3.3.2	Gaze Project	O4	3	M	Bilingual	G130	06/09/2018	89100	1280 x 720		Raw Data														73730	10:17:02.751	1536226396523469															0			Unclassified	8																									8846																			-34.01										4	4				
07/12/2018	3.3.2	Gaze Project	O4	3	M	Bilingual	G130	06/09/2018	89100	1280 x 720		Raw Data														73738	10:17:02.759	1536226396531807															0			Unclassified	8																									8847																			-34.01										4	4				
07/12/2018	3.3.2	Gaze Project	O4	3	M	Bilingual	G130	06/09/2018	89100	1280 x 720		Raw Data														73747	10:17:02.767	1536226396540169															0			Unclassified	8																									8848																			-34.01										4	4				
07/12/2018	3.3.2	Gaze Project	O4	3	M	Bilingual	G130	06/09/2018	89100	1280 x 720		Raw Data														73755	10:17:02.776	1536226396548521															0			Unclassified	8																									8849																			-34.01										4	4				
07/12/2018	3.3.2	Gaze Project	O4	3	M	Bilingual	G130	06/09/2018	89100	1280 x 720		Raw Data														73763	10:17:02.784	1536226396556784															0			Unclassified	8																									8850																			-34.01										4	4				
07/12/2018	3.3.2	Gaze Project	O4	3	M	Bilingual	G130	06/09/2018	89100	1280 x 720		Raw Data														73771	10:17:02.792	1536226396565120															0			Unclassified	8																									8851																			-34.01										4	4				
07/12/2018	3.3.2	Gaze Project	O4	3	M	Bilingual	G130	06/09/2018	89100	1280 x 720		Raw Data														73780	10:17:02.801	1536226396573481															0			Unclassified	8																									8852																			-34.01										4	4				
07/12/2018	3.3.2	Gaze Project	O4	3	M	Bilingual	G130	06/09/2018	89100	1280 x 720		Raw Data														73788	10:17:02.809	1536226396581832															0			Unclassified	8																									8853																			-34.01										4	4				
07/12/2018	3.3.2	Gaze Project	O4	3	M	Bilingual	G130	06/09/2018	89100	1280 x 720		Raw Data														73796	10:17:02.817	1536226396590114															0			Unclassified	8																									8854																			-34.01										4	4				
07/12/2018	3.3.2	Gaze Project	O4	3	M	Bilingual	G130	06/09/2018	89100	1280 x 720		Raw Data														73805	10:17:02.826	1536226396598445															0			Unclassified	8																									8855	783	636	549	621	666	628			314.30	33.92	220.56	39.87	267.43	36.90	335.35	207.86	679.77	335.35	207.86	679.77					714.01	714.01	4.36	4.39	1	3				
07/12/2018	3.3.2	Gaze Project	O4	3	M	Bilingual	G130	06/09/2018	89100	1280 x 720		Raw Data														73813	10:17:02.834	1536226396606784															0	5605		Fixation	8			27.82	44.75	177.41																				8856	602	552	532	629	567	590			241.46	67.69	213.64	36.77	227.55	52.23	292.30	212.69	693.18	336.08	208.54	682.26					724.80	724.80	4.18	4.42	0	0				
07/12/2018	3.3.2	Gaze Project	O4	3	M	Bilingual	G130	06/09/2018	89100	1280 x 720		Raw Data														73821	10:17:02.842	1536226396615146															0			Unclassified	8																									8857																			-34.01										4	4				
07/12/2018	3.3.2	Gaze Project	O4	3	M	Bilingual	G130	06/09/2018	89100	1280 x 720		Raw Data														73830	10:17:02.851	1536226396623506															0			Unclassified	8																									8858																			-34.01										4	4				
07/12/2018	3.3.2	Gaze Project	O4	3	M	Bilingual	G130	06/09/2018	89100	1280 x 720		Raw Data														73838	10:17:02.859	1536226396631770															0	5606		Fixation	8			0.97	13.17	328.43																				8859	588	565	562	622	575	593			235.95	62.44	225.47	39.38	230.71	50.91	292.57	210.26	688.69	336.89	207.93	682.48					719.77	719.77	4.03	4.44	0	0				
07/12/2018	3.3.2	Gaze Project	O4	3	M	Bilingual	G130	06/09/2018	89100	1280 x 720		Raw Data														73846	10:17:02.867	1536226396640109															0	5607		Fixation	8			1.43	76.01	62.83																				8860			573	578	573	578					229.97	57.28						336.19	205.55	676.87						0.00		4.36	4	0				
07/12/2018	3.3.2	Gaze Project	O4	3	M	Bilingual	G130	06/09/2018	89100	1280 x 720		Raw Data														73855	10:17:02.876	1536226396648462															0	5608		Fixation	8			1.94	69.83	353.83																				8861	561	580	594	521	577	550			225.17	56.51	238.39	80.01	231.78	68.26	293.06	209.90	688.72	336.95	208.02	684.62					719.71	719.71	4.33	4.41	0	0				
07/12/2018	3.3.2	Gaze Project	O4	3	M	Bilingual	G130	06/09/2018	89100	1280 x 720		Raw Data														73863	10:17:02.884	1536226396656814															0	5609		Fixation	8			5.19	243.66	173.83																				8862	584	636	520	670	552	653			234.22	33.84	208.54	20.29	221.38	27.06	293.34	209.74	688.74	337.77	207.51	682.98					719.68	719.68	4.34	4.46	0	0				
07/12/2018	3.3.2	Gaze Project	O4	3	M	Bilingual	G130	06/09/2018	89100	1280 x 720		Raw Data														73872	10:17:02.892	1536226396665175															0	5610		Fixation	8			2.67	46.03	162.37																				8863			580	608	580	608					232.97	45.00						337.10	205.11	677.15						0.00		4.42	4	0				
07/12/2018	3.3.2	Gaze Project	O4	3	M	Bilingual	G130	06/09/2018	89100	1280 x 720		Raw Data														73880	10:17:02.901	1536226396673436															0	5611		Fixation	8			0.53	225.09	179.06																				8864	563	572	568	620	565	596			226.03	59.60	228.06	40.20	227.04	49.90	293.97	210.67	692.51	337.45	205.01	677.27					723.58	723.58	4.36	4.44	0	0				
07/12/2018	3.3.2	Gaze Project	O4	3	M	Bilingual	G130	06/09/2018	89100	1280 x 720		Raw Data														73888	10:17:02.909	1536226396681770															0	5612		Fixation	8			0.39	355.22	130.13																				8865			580	621	580	621					232.93	40.04						337.85	204.91	677.35						0.00		4.38	4	0				
07/12/2018	3.3.2	Gaze Project	O4	3	M	Bilingual	G130	06/09/2018	89100	1280 x 720		Raw Data														73896	10:17:02.917	1536226396690131															0	5613		Fixation	8			1.69	98.72	103.50																				8866	598	608	572	569	585	588			240.01	45.19	229.47	60.79	234.74	52.99	294.69	209.14	688.69	338.27	204.84	677.46					719.50	719.50	4.31	4.34	0	0				
07/12/2018	3.3.2	Gaze Project	O4	3	M	Bilingual	G130	06/09/2018	89100	1280 x 720		Raw Data														73905	10:17:02.926	1536226396698488															0	5614		Fixation	8			1.55	275.93	177.21																				8867	580	611	577	617	578	614			232.94	43.97	231.74	41.47	232.34	42.72	295.09	208.91	688.78	338.71	204.78	677.51					719.53	719.53	4.47	4.45	0	0				
07/12/2018	3.3.2	Gaze Project	O4	3	M	Bilingual	G130	06/09/2018	89100	1280 x 720		Raw Data														73913	10:17:02.934	1536226396706752															0	5615		Fixation	8			0.69	169.18	253.25																				8868			556	613	556	613					223.07	42.93						339.71	207.43	685.42						0.00		4.58	4	0				
07/12/2018	3.3.2	Gaze Project	O4	3	M	Bilingual	G130	06/09/2018	89100	1280 x 720		Raw Data														73921	10:17:02.942	1536226396715102															0	5616		Fixation	8			1.40	44.18	235.00																				8869	578	603	588	582	583	592			231.84	47.17	235.97	55.45	233.91	51.31	295.95	209.57	691.24	339.67	204.74	677.71					722.12	722.12	4.38	4.34	0	0				
07/12/2018	3.3.2	Gaze Project	O4	3	M	Bilingual	G130	06/09/2018	89100	1280 x 720		Raw Data														73930	10:17:02.951	1536226396723441															0	5617		Fixation	8			1.07	229.85	185.67																				8870	599	625	566	608	582	616			240.63	38.21	227.12	44.95	233.88	41.58	296.38	208.57	688.41	341.16	206.93	683.49					719.14	719.14	4.30	4.44	0	0				
07/12/2018	3.3.2	Gaze Project	O4	3	M	Bilingual	G130	06/09/2018	89100	1280 x 720		Raw Data														73938	10:17:02.959	1536226396731786															0	5618		Fixation	8			0.52	72.70	202.84																				8871	598	600	571	592	584	596			240.13	48.43	229.13	51.58	234.63	50.00	296.83	208.43	688.32	341.48	208.80	689.48					719.03	719.03	4.43	4.59	0	0				
07/12/2018	3.3.2	Gaze Project	O4	3	M	Bilingual	G130	06/09/2018	89100	1280 x 720		Raw Data														73946	10:17:02.967	1536226396740154															0	5619		Fixation	8			1.38	294.71	222.01																				8872	632	608	589	631	610	619			253.60	44.99	236.59	36.01	245.09	40.50	297.30	208.47	688.30	341.16	204.74	677.85					719.05	719.05	4.55	4.70	0	0				
07/12/2018	3.3.2	Gaze Project	O4	3	M	Bilingual	G130	06/09/2018	89100	1280 x 720		Raw Data														73955	10:17:02.975	1536226396748417															0	5620		Fixation	8			0.32	113.89	179.19																				8873	606	616	585	622	595	619			243.35	41.94	234.96	39.35	239.15	40.64	298.36	210.35	693.78	341.62	204.87	677.80					724.90	724.90	4.54	4.73	0	0				
07/12/2018	3.3.2	Gaze Project	O4	3	M	Bilingual	G130	06/09/2018	89100	1280 x 720		Raw Data														73963	10:17:02.984	1536226396756748															0	5621		Fixation	8			0.80	144.92	31.03																				8874	600	604	565	608	582	606			240.93	46.61	226.77	45.26	233.85	45.93	298.17	208.05	687.99	342.15	204.82	678.01					718.67	718.67	4.50	4.71	0	0				
07/12/2018	3.3.2	Gaze Project	O4	3	M	Bilingual	G130	06/09/2018	89100	1280 x 720		Raw Data														73971	10:17:02.992	1536226396765109															0	5622		Fixation	8			1.18	322.73	177.81																				8875	590	596	594	630	592	613			236.93	50.09	238.55	36.37	237.74	43.23	298.64	208.10	687.97	343.51	209.00	689.90					718.70	718.70	4.46	4.83	0	0				
07/12/2018	3.3.2	Gaze Project	O4	3	M	Bilingual	G130	06/09/2018	89100	1280 x 720		Raw Data														73980	10:17:03.001	1536226396773468															0			Unclassified	8																									8876	620	599			620	599			248.86	48.74					299.08	207.84	687.66		-34.01						718.35		4.54		0	4				
07/12/2018	3.3.2	Gaze Project	O4	3	M	Bilingual	G130	06/09/2018	89100	1280 x 720		Raw Data														73988	10:17:03.009	1536226396781747															0			Unclassified	8																									8877	614	522			614	522			246.33	79.82					299.54	207.80	687.54		-34.01						718.25		4.50		0	4				
07/12/2018	3.3.2	Gaze Project	O4	3	M	Bilingual	G130	06/09/2018	89100	1280 x 720		Raw Data														73996	10:17:03.017	1536226396790083															0	5623		Fixation	8			2.80	86.79	124.07																				8878	636	541	599	541	617	541			255.46	72.25	240.39	72.03	247.92	72.14	299.97	207.72	687.34	345.01	209.58	690.64					718.05	718.05	4.64	4.77	0	0				
07/12/2018	3.3.2	Gaze Project	O4	3	M	Bilingual	G130	06/09/2018	89100	1280 x 720		Raw Data														74005	10:17:03.026	1536226396798426															0	5624		Fixation	8			1.07	125.05	38.25																				8879	617	531	580	514	598	522			247.71	76.17	232.68	82.76	240.19	79.46	300.37	207.63	687.15	347.19	210.78	693.02					717.88	717.88	4.54	4.94	0	0				
07/12/2018	3.3.2	Gaze Project	O4	3	M	Bilingual	G130	06/09/2018	89100	1280 x 720		Raw Data														74013	10:17:03.034	1536226396806766															0	5625		Fixation	8			0.19	350.51	225.46																				8880	619	534	586	515	602	524			248.62	74.79	235.38	82.55	242.00	78.67	300.75	207.55	686.99	345.80	209.39	689.62					717.72	717.72	4.51	4.87	0	0				
07/12/2018	3.3.2	Gaze Project	O4	3	M	Bilingual	G130	06/09/2018	89100	1280 x 720		Raw Data														74021	10:17:03.042	1536226396815141															0	5626		Fixation	8			0.19	0.00	9.49																				8881	620	521	592	515	606	518			248.73	80.14	237.69	82.73	243.21	81.43	301.12	207.46	686.80	346.33	210.00	691.03					717.53	717.53	4.61	4.79	0	0				
07/12/2018	3.3.2	Gaze Project	O4	3	M	Bilingual	G130	06/09/2018	89100	1280 x 720		Raw Data														74030	10:17:03.050	1536226396823405															0			Unclassified	8																									8882	620	516			620	516			248.72	82.26					301.48	207.38	686.55		-34.01						717.29		4.54		0	4				
07/12/2018	3.3.2	Gaze Project	O4	3	M	Bilingual	G130	06/09/2018	89100	1280 x 720		Raw Data														74038	10:17:03.059	1536226396831741															0	5627		Fixation	8			0.54	270.00	270.00																				8883	634	505	592	532	613	518			254.37	86.71	237.43	75.65	245.90	81.18	301.82	207.31	686.31	348.64	210.68	691.57					717.06	717.06	4.52	4.82	0	0				
07/12/2018	3.3.2	Gaze Project	O4	3	M	Bilingual	G130	06/09/2018	89100	1280 x 720		Raw Data														74046	10:17:03.067	1536226396840098															0			Unclassified	8																									8884	613	479			613	479			245.96	97.05					302.15	207.23	686.04		-34.01						716.81		4.59		0	4				
07/12/2018	3.3.2	Gaze Project	O4	3	M	Bilingual	G130	06/09/2018	89100	1280 x 720		Raw Data														74055	10:17:03.076	1536226396848453															0			Unclassified	8																									8885	612	517			612	517			245.75	81.68					302.46	207.12	685.70		-34.01						716.46		4.55		0	4				
07/12/2018	3.3.2	Gaze Project	O4	3	M	Bilingual	G130	06/09/2018	89100	1280 x 720		Raw Data														74063	10:17:03.084	1536226396856810															0			Unclassified	8																									8886	637	490			637	490			255.80	92.76					302.76	207.05	685.45		-34.01						716.23		4.62		0	4				
07/12/2018	3.3.2	Gaze Project	O4	3	M	Bilingual	G130	06/09/2018	89100	1280 x 720		Raw Data														74071	10:17:03.092	1536226396865075															0			Unclassified	8																									8887	628	518			628	518			252.12	81.37					303.05	206.95	685.10		-34.01						715.89		4.60		0	4				
07/12/2018	3.3.2	Gaze Project	O4	3	M	Bilingual	G130	06/09/2018	89100	1280 x 720		Raw Data														74080	10:17:03.100	1536226396873405															0	5628		Fixation	8			1.52	31.46	121.46																				8888	634	499	633	507	633	503			254.58	89.00	254.06	85.74	254.32	87.37	303.31	206.85	684.74	350.38	211.03	691.05					715.53	715.53	4.54	4.91	0	0				
07/12/2018	3.3.2	Gaze Project	O4	3	M	Bilingual	G130	06/09/2018	89100	1280 x 720		Raw Data														74088	10:17:03.109	1536226396881761															0	5629		Fixation	8			1.07	197.41	165.95																				8889	621	511	601	517	611	514			249.17	84.27	241.16	81.83	245.17	83.05	303.57	206.75	684.36	348.76	209.39	686.91					715.15	715.15	4.61	4.83	0	0				
07/12/2018	3.3.2	Gaze Project	O4	3	M	Bilingual	G130	06/09/2018	89100	1280 x 720		Raw Data														74096	10:17:03.117	1536226396890118															0	5630		Fixation	8			2.30	64.23	226.82																				8890	619	485	632	453	625	469			248.59	94.62	253.60	107.59	251.10	101.10	303.80	206.62	683.89	348.06	205.34	675.09					714.69	714.69	4.42	4.70	0	0				
07/12/2018	3.3.2	Gaze Project	O4	3	M	Bilingual	G130	06/09/2018	89100	1280 x 720		Raw Data														74105	10:17:03.125	1536226396898388															0	5631		Fixation	8			3.10	241.90	177.67																				8891	636	522	587	537	611	529			255.39	79.62	235.75	73.75	245.57	76.69	304.02	206.52	683.47	348.34	205.33	675.09					714.27	714.27	4.56	4.70	0	0				
07/12/2018	3.3.2	Gaze Project	O4	3	M	Bilingual	G130	06/09/2018	89100	1280 x 720		Raw Data														74113	10:17:03.134	1536226396906742															0	5632		Fixation	8			0.41	45.09	163.19																				8892	630	465	596	528	613	496			253.09	102.75	239.17	77.37	246.13	90.06	304.24	206.40	683.00	348.49	205.21	674.06					713.80	713.80	4.56	4.72	0	0				
07/12/2018	3.3.2	Gaze Project	O4	3	M	Bilingual	G130	06/09/2018	89100	1280 x 720		Raw Data														74121	10:17:03.142	1536226396915074															0	5633		Fixation	8			0.52	240.33	195.24																				8893	639	478	588	542	613	510			256.56	97.46	235.93	71.62	246.25	84.54	304.46	206.28	682.48	348.74	205.22	674.05					713.29	713.29	4.60	4.76	0	0				
07/12/2018	3.3.2	Gaze Project	O4	3	M	Bilingual	G130	06/09/2018	89100	1280 x 720		Raw Data														74130	10:17:03.151	1536226396923439															0	5634		Fixation	8			0.72	82.26	201.92																				8894	634	476	591	520	612	498			254.43	98.16	237.19	80.52	245.81	89.34	304.66	206.13	681.85	348.99	205.35	674.00					712.66	712.66	4.50	4.66	0	0				
07/12/2018	3.3.2	Gaze Project	O4	3	M	Bilingual	G130	06/09/2018	89100	1280 x 720		Raw Data														74138	10:17:03.159	1536226396931794															0			Unclassified	8																									8895	618	516			618	516			248.23	81.98					304.87	206.01	681.28		-34.01						712.10		4.47		0	4				
07/12/2018	3.3.2	Gaze Project	O4	3	M	Bilingual	G130	06/09/2018	89100	1280 x 720		Raw Data														74146	10:17:03.167	1536226396940058															0	5635		Fixation	8			0.58	346.72	264.46																				8896	607	469	608	524	607	496			243.72	101.24	244.10	78.79	243.91	90.01	305.08	205.89	680.63	349.26	204.89	671.35					711.46	711.46	4.61	4.73	0	0				
07/12/2018	3.3.2	Gaze Project	O4	3	M	Bilingual	G130	06/09/2018	89100	1280 x 720		Raw Data														74155	10:17:03.176	1536226396948419															0	5636		Fixation	8			3.16	82.82	96.11																				8897	635	518	620	429	627	473			255.01	81.21	249.02	117.07	252.02	99.14	305.29	205.77	679.90	349.52	204.99	671.31					710.75	710.75	4.57	4.51	0	0				
07/12/2018	3.3.2	Gaze Project	O4	3	M	Bilingual	G130	06/09/2018	89100	1280 x 720		Raw Data														74163	10:17:03.184	1536226396956745															0	5637		Fixation	8			3.00	270.00	187.18																				8898	631	485	620	520	625	502			253.46	94.72	249.03	80.43	251.25	87.57	305.52	205.72	679.25	350.53	208.44	680.03					710.14	710.14	4.56	4.78	0	0				
07/12/2018	3.3.2	Gaze Project	O4	3	M	Bilingual	G130	06/09/2018	89100	1280 x 720		Raw Data														74171	10:17:03.192	1536226396965104															0	5638		Fixation	8			0.24	164.01	254.01																				8899	659	470	613	518	636	494			264.66	100.65	246.25	81.31	255.46	90.98	305.92	208.70	687.31	349.86	204.78	668.86					718.74	718.74	4.64	4.77	0	0				
07/12/2018	3.3.2	Gaze Project	O4	3	M	Bilingual	G130	06/09/2018	89100	1280 x 720		Raw Data														74180	10:17:03.201	1536226396973460															0	5639		Fixation	8			0.61	112.32	308.31																				8900			606	501	606	501					243.19	88.19						351.04	208.74	679.19						0.00		4.77	4	0				
07/12/2018	3.3.2	Gaze Project	O4	3	M	Bilingual	G130	06/09/2018	89100	1280 x 720		Raw Data														74188	10:17:03.209	1536226396981727															0	5640		Fixation	8			0.99	0.00	247.68																				8901	601	340	636	501	618	420			241.42	153.08	255.46	88.22	248.44	120.65	307.40	209.10	686.11	350.44	205.22	668.68					717.85	717.85	4.49	4.72	0	0				
07/12/2018	3.3.2	Gaze Project	O4	3	M	Bilingual	G130	06/09/2018	89100	1280 x 720		Raw Data														74196	10:17:03.217	1536226396990057															0	5641		Fixation	8			0.69	205.42	205.42																				8902	639	503	617	510	628	506			256.36	87.24	247.47	84.46	251.91	85.85	306.59	206.86	679.76	350.53	204.70	666.01					711.08	711.08	4.62	4.75	0	0				
07/12/2018	3.3.2	Gaze Project	O4	3	M	Bilingual	G130	06/09/2018	89100	1280 x 720		Raw Data														74205	10:17:03.226	1536226396998416															0			Unclassified	8																									8903	647	467			647	467			259.55	102.01					306.79	205.69	675.18		-34.01						706.40		4.57		0	4				
07/12/2018	3.3.2	Gaze Project	O4	3	M	Bilingual	G130	06/09/2018	89100	1280 x 720		Raw Data														74213	10:17:03.234	1536226397006768															0	5642		Fixation	8			1.86	83.90	238.49																				8904	620	422	623	454	621	438			248.84	120.09	249.95	107.14	249.40	113.61	307.08	205.75	674.28	352.13	209.18	676.64					705.60	705.60	4.43	4.73	0	0				
07/12/2018	3.3.2	Gaze Project	O4	3	M	Bilingual	G130	06/09/2018	89100	1280 x 720		Raw Data														74221	10:17:03.242	1536226397015054															0	5643		Fixation	8			2.42	272.35	188.44																				8905	665	504	626	527	645	515			266.96	87.09	251.19	77.79	259.08	82.44	307.50	206.24	674.09	351.29	204.62	662.91					705.61	705.61	4.58	4.70	0	0				
07/12/2018	3.3.2	Gaze Project	O4	3	M	Bilingual	G130	06/09/2018	89100	1280 x 720		Raw Data														74230	10:17:03.250	1536226397023392															0	5644		Fixation	8			0.51	97.57	185.22																				8906	632	471	624	512	628	491			253.64	100.24	250.28	83.77	251.96	92.00	307.69	205.90	672.35	351.57	204.57	661.79					703.88	703.88	4.50	4.68	0	0				
07/12/2018	3.3.2	Gaze Project	O4	3	M	Bilingual	G130	06/09/2018	89100	1280 x 720		Raw Data														74238	10:17:03.259	1536226397031723															0	5645		Fixation	8			0.23	180.00	82.43																				8907	642	501	617	512	629	506			257.79	88.22	247.73	83.86	252.76	86.04	308.02	206.00	671.35	351.86	204.51	660.65					703.00	703.00	4.43	4.73	0	0				
07/12/2018	3.3.2	Gaze Project	O4	3	M	Bilingual	G130	06/09/2018	89100	1280 x 720		Raw Data														74246	10:17:03.267	1536226397040084															0	5646		Fixation	8			0.33	270.00	90.00																				8908	642	502	617	522	629	512			257.70	87.97	247.83	79.87	252.76	83.92	308.35	206.05	670.22	352.17	204.46	659.49					701.98	701.98	4.50	4.78	0	0				
07/12/2018	3.3.2	Gaze Project	O4	3	M	Bilingual	G130	06/09/2018	89100	1280 x 720		Raw Data														74255	10:17:03.276	1536226397048430															0	5647		Fixation	8			0.05	225.09	315.09																				8909	658	381	616	523	637	452			263.98	136.33	247.37	79.25	255.68	107.79	308.71	206.13	669.13	353.63	208.91	670.83					701.02	701.02	4.11	4.82	0	0				
07/12/2018	3.3.2	Gaze Project	O4	3	M	Bilingual	G130	06/09/2018	89100	1280 x 720		Raw Data														74263	10:17:03.284	1536226397056711															0	5648		Fixation	8			2.31	70.84	205.75																				8910	638	507	639	457	638	482			256.21	85.95	256.61	105.78	256.41	95.86	309.06	206.19	667.98	353.22	205.24	659.18					699.98	699.98	4.51	4.71	0	0				
07/12/2018	3.3.2	Gaze Project	O4	3	M	Bilingual	G130	06/09/2018	89100	1280 x 720		Raw Data														74271	10:17:03.292	1536226397065054															0	5649		Fixation	8			3.05	254.19	183.34																				8911	650	486	614	545	632	515			260.91	94.23	246.61	70.60	253.76	82.42	309.43	206.28	666.89	353.77	205.59	659.04					699.02	699.02	4.51	4.77	0	0				
07/12/2018	3.3.2	Gaze Project	O4	3	M	Bilingual	G130	06/09/2018	89100	1280 x 720		Raw Data														74280	10:17:03.300	1536226397073402															0	5650		Fixation	8			3.92	85.62	191.43																				8912	634	437	623	428	628	432			254.42	114.04	249.97	117.74	252.19	115.89	309.81	206.36	665.78	354.57	208.30	665.96					698.04	698.04	4.39	4.71	0	0				
07/12/2018	3.3.2	Gaze Project	O4	3	M	Bilingual	G130	06/09/2018	89100	1280 x 720		Raw Data														74288	10:17:03.309	1536226397081757															0	5651		Fixation	8			2.64	270.72	185.11																				8913	623	492	624	507	623	499			250.23	91.64	250.35	85.74	250.29	88.69	310.40	209.33	672.86	354.86	207.93	663.88					705.73	705.73	4.53	4.76	0	0				
07/12/2018	3.3.2	Gaze Project	O4	3	M	Bilingual	G130	06/09/2018	89100	1280 x 720		Raw Data														74296	10:17:03.317	1536226397090113															0	5652		Fixation	8			0.33	216.96	306.24																				8914	622	432	616	513	619	472			249.70	116.01	247.08	83.31	248.39	99.66	310.57	206.54	663.52	355.17	207.67	662.05					696.04	696.04	4.38	4.77	0	0				
07/12/2018	3.3.2	Gaze Project	O4	3	M	Bilingual	G130	06/09/2018	89100	1280 x 720		Raw Data														74305	10:17:03.325	1536226397098368															0	5653		Fixation	8			1.98	83.26	226.30																				8915	640	431	623	454	631	442			256.81	116.20	250.27	107.11	253.54	111.65	310.96	206.67	662.39	355.52	207.57	660.57					695.07	695.07	4.71	4.81	0	0				
07/12/2018	3.3.2	Gaze Project	O4	3	M	Bilingual	G130	06/09/2018	89100	1280 x 720		Raw Data														74313	10:17:03.334	1536226397106707															0	5654		Fixation	8			1.11	61.19	337.94																				8916	641	412	639	425	640	418			257.31	124.02	256.48	118.66	256.90	121.34	311.35	207.02	662.25	355.75	207.08	658.09					695.08	695.08	4.60	4.80	0	0				
07/12/2018	3.3.2	Gaze Project	O4	3	M	Bilingual	G130	06/09/2018	89100	1280 x 720		Raw Data														74321	10:17:03.342	1536226397115066															0	5655		Fixation	8			1.27	234.72	173.53																				8917	644	453	617	456	630	454			258.59	107.39	247.81	106.18	253.20	106.79	311.66	206.90	660.15	356.46	208.54	660.85					693.11	693.11	4.71	4.81	0	0				
07/12/2018	3.3.2	Gaze Project	O4	3	M	Bilingual	G130	06/09/2018	89100	1280 x 720		Raw Data														74330	10:17:03.351	1536226397123427															0	5656		Fixation	8			0.60	63.51	188.78																				8918	623	460	625	440	624	450			250.22	104.83	250.97	112.92	250.60	108.88	312.12	208.90	664.47	356.65	208.00	658.27					697.88	697.88	4.66	4.92	0	0				
07/12/2018	3.3.2	Gaze Project	O4	3	M	Bilingual	G130	06/09/2018	89100	1280 x 720		Raw Data														74338	10:17:03.359	1536226397131693															0	5657		Fixation	8			1.11	256.01	192.50																				8919	636	450	617	472	626	461			255.16	108.84	247.57	99.70	251.37	104.27	312.23	207.11	657.97	357.01	208.27	657.84					691.19	691.19	4.71	4.86	0	0				
07/12/2018	3.3.2	Gaze Project	O4	3	M	Bilingual	G130	06/09/2018	89100	1280 x 720		Raw Data														74346	10:17:03.367	1536226397140039															0	5658		Fixation	8			3.38	80.19	184.18																				8920	642	446	634	374	638	410			257.59	110.50	254.36	139.15	255.97	124.82	312.46	207.23	656.97	357.13	207.78	655.36					690.31	690.31	4.73	4.58	0	0				
07/12/2018	3.3.2	Gaze Project	O4	3	M	Bilingual	G130	06/09/2018	89100	1280 x 720		Raw Data														74350	10:17:03.370								12	Space								5658		Fixation	8			3.38	80.19	184.18																																																						
07/12/2018	3.3.2	Gaze Project	O4	3	M	Bilingual	G130	06/09/2018	89100	1280 x 720		Raw Data														74350	10:17:03.370										32	InstructionEnd	Instruction Element					5658		Fixation	8			3.38	80.19	184.18																																																						
07/12/2018	3.3.2	Gaze Project	O4	3	M	Bilingual	G130	06/09/2018	89100	1280 x 720		Raw Data														74355	10:17:03.375	1536226397148368															0	5659		Fixation	8			2.15	83.58	3.39																				8921	650	455	641	312	645	383			260.84	106.56	257.25	164.12	259.04	135.34	312.84	209.54	662.27	357.57	208.75	656.77					696.10	696.10	4.51	4.43	0	0				
07/12/2018	3.3.2	Gaze Project	O4	3	M	Bilingual	G130	06/09/2018	89100	1280 x 720		Raw Data														74363	10:17:03.384	1536226397156734															0	5660		Fixation	8			4.61	271.28	187.70																				8922	636	439	644	446	640	442			255.16	113.14	258.51	110.29	256.84	111.71	312.78	207.40	655.06	357.64	208.44	654.76					688.61	688.61	4.56	4.71	0	0				
07/12/2018	3.3.2	Gaze Project	O4	3	M	Bilingual	G130	06/09/2018	89100	1280 x 720		Raw Data														74371	10:17:03.392	1536226397165097															0			Unclassified	8																									8923	634	432			634	432			254.49	115.80					312.85	207.48	654.24		-34.01						687.89		4.48		0	4				
07/12/2018	3.3.2	Gaze Project	O4	3	M	Bilingual	G130	06/09/2018	89100	1280 x 720		Raw Data														74380	10:17:03.400	1536226397173362															0	5661		Fixation	8			1.18	53.22	141.94																				8924	662	428	665	418	663	423			265.88	117.52	266.86	121.55	266.37	119.53	313.01	209.11	658.04	357.93	209.27	654.64					692.02	692.02	4.52	4.69	0	0				
07/12/2018	3.3.2	Gaze Project	O4	3	M	Bilingual	G130	06/09/2018	89100	1280 x 720		Raw Data														74388	10:17:03.409	1536226397181700															0	5662		Fixation	8			1.39	223.12	169.90																				8925	638	406	635	446	636	426			256.10	126.28	254.70	110.36	255.40	118.32	312.81	207.55	652.81	357.86	209.25	653.48					686.57	686.57	4.43	4.79	0	0				
07/12/2018	3.3.2	Gaze Project	O4	3	M	Bilingual	G130	06/09/2018	89100	1280 x 720		Raw Data														74396	10:17:03.417	1536226397190052															0			Unclassified	8																									8926	632	409			632	409			253.86	125.30					312.70	207.57	652.28		-34.01						686.08		4.51		0	4				
07/12/2018	3.3.2	Gaze Project	O4	3	M	Bilingual	G130	06/09/2018	89100	1280 x 720		Raw Data														74405	10:17:03.425	1536226397198404															0	5663		Fixation	8			2.15	76.23	213.11																				8927	643	418	650	385	646	401			258.07	121.64	261.10	134.71	259.58	128.17	312.51	207.53	651.71	357.58	209.49	652.07					685.52	685.52	4.58	4.67	0	0				
07/12/2018	3.3.2	Gaze Project	O4	3	M	Bilingual	G130	06/09/2018	89100	1280 x 720		Raw Data														74413	10:17:03.434	1536226397206759															0			Unclassified	8																									8928	652	337			652	337			261.65	154.38					312.27	207.50	651.30		-34.01						685.10		4.14		0	4				
07/12/2018	3.3.2	Gaze Project	O4	3	M	Bilingual	G130	06/09/2018	89100	1280 x 720		Raw Data														74421	10:17:03.442	1536226397215020															0			Unclassified	8																									8929	622	405			622	405			249.56	127.01					311.98	207.46	650.99		-34.01						684.78		4.42		0	4				
07/12/2018	3.3.2	Gaze Project	O4	3	M	Bilingual	G130	06/09/2018	89100	1280 x 720		Raw Data														74430	10:17:03.450	1536226397223357															0	5664		Fixation	8			0.79	235.71	159.48																				8930	632	406	637	404	634	405			253.54	126.39	255.63	127.09	254.58	126.74	311.76	208.91	655.10	356.74	210.08	651.06					689.10	689.10	4.74	4.64	0	0				
07/12/2018	3.3.2	Gaze Project	O4	3	M	Bilingual	G130	06/09/2018	89100	1280 x 720		Raw Data														74438	10:17:03.459	1536226397231725															0			Unclassified	8																									8931	641	372			641	372			257.50	140.24					311.24	207.30	650.53		-34.01						684.24		4.48		0	4				
07/12/2018	3.3.2	Gaze Project	O4	3	M	Bilingual	G130	06/09/2018	89100	1280 x 720		Raw Data														74446	10:17:03.467	1536226397240076															0	5665		Fixation	8			5.61	88.58	212.88																				8932	656	394	641	243	648	318			263.34	131.34	257.44	192.19	260.39	161.76	310.81	207.18	650.34	355.71	209.57	648.44					683.98	683.98	4.44	4.09	0	0				
07/12/2018	3.3.2	Gaze Project	O4	3	M	Bilingual	G130	06/09/2018	89100	1280 x 720		Raw Data														74455	10:17:03.475	1536226397248343															0			Unclassified	8																									8933	644	376			644	376			258.57	138.73					310.36	207.06	650.24		-34.01						683.81		4.38		0	4				
07/12/2018	3.3.2	Gaze Project	O4	3	M	Bilingual	G130	06/09/2018	89100	1280 x 720		Raw Data														74463	10:17:03.484	1536226397256690															0	5666		Fixation	8			3.16	264.94	176.36																				8934	644	491	633	333	638	412			258.37	92.19	254.21	155.93	256.29	124.06	309.89	206.95	650.24	354.96	210.62	650.30					683.73	683.73	4.54	4.59	0	0				
07/12/2018	3.3.2	Gaze Project	O4	3	M	Bilingual	G130	06/09/2018	89100	1280 x 720		Raw Data														74471	10:17:03.492	1536226397265028															0	5667		Fixation	8			0.59	319.67	54.74																				8935	634	440	646	344	640	392			254.58	112.85	259.25	151.53	256.91	132.19	309.40	206.80	650.24	354.41	210.52	649.73					683.65	683.65	4.66	4.55	0	0				
07/12/2018	3.3.2	Gaze Project	O4	3	M	Bilingual	G130	06/09/2018	89100	1280 x 720		Raw Data														74480	10:17:03.500	1536226397273377															0	5668		Fixation	8			12.76	166.32	206.64																				8936	644	413	271	253	457	333			258.39	123.76	108.89	187.98	183.64	155.87	308.91	206.65	650.26	355.49	212.06	652.89					683.57	683.57	4.53	3.58	0	0				
07/12/2018	3.3.2	Gaze Project	O4	3	M	Bilingual	G130	06/09/2018	89100	1280 x 720		Raw Data														74488	10:17:03.509	1536226397281746															0	5669		Fixation	8			8.94	356.01	189.69																				8937	619	408	544	272	581	340			248.43	125.45	218.35	180.36	233.39	152.90	308.49	207.66	653.76	352.59	207.47	641.16					687.16	687.16	4.54	3.92	0	0				
07/12/2018	3.3.2	Gaze Project	O4	3	M	Bilingual	G130	06/09/2018	89100	1280 x 720		Raw Data														74496	10:17:03.517	1536226397290014															0	5670		Fixation	8			3.28	21.19	25.18																				8938	644	426	632	238	638	332			258.66	118.29	253.53	193.98	256.10	156.14	307.91	206.29	650.29	352.10	207.38	641.20					683.40	683.40	4.64	3.80	0	0				
07/12/2018	3.3.2	Gaze Project	O4	3	M	Bilingual	G130	06/09/2018	89100	1280 x 720		Raw Data														74505	10:17:03.525	1536226397298344															0			Unclassified	8																									8939	659	424			659	424			264.46	119.31					307.44	206.12	650.38		-34.01						683.39		4.55		0	4				
07/12/2018	3.3.2	Gaze Project	O4	3	M	Bilingual	G130	06/09/2018	89100	1280 x 720		Raw Data														74513	10:17:03.534	1536226397306701															0	5671		Fixation	8			7.22	270.28	249.09																				8940	652	327	633	444	642	385			261.60	158.25	254.01	111.31	257.81	134.78	306.97	206.05	650.41	351.86	210.49	649.34					683.36	683.36	4.15	5.12	0	0				
07/12/2018	3.3.2	Gaze Project	O4	3	M	Bilingual	G130	06/09/2018	89100	1280 x 720		Raw Data														74521	10:17:03.542	1536226397315059															0	5672		Fixation	8			3.24	77.05	166.77																				8941	645	430	654	353	649	391			259.07	116.60	262.58	147.83	260.83	132.21	306.54	205.81	650.69	350.61	207.57	641.12					683.50	683.50	4.60	4.50	0	0				
07/12/2018	3.3.2	Gaze Project	O4	3	M	Bilingual	G130	06/09/2018	89100	1280 x 720		Raw Data														74530	10:17:03.550	1536226397323340															0	5673		Fixation	8			3.40	102.55	25.51																				8942	651	409	633	259	642	334			261.43	125.26	254.06	185.78	257.74	155.52	306.12	205.65	650.81	351.03	210.84	650.33					683.53	683.53	4.66	4.17	0	0				
07/12/2018	3.3.2	Gaze Project	O4	3	M	Bilingual	G130	06/09/2018	89100	1280 x 720		Raw Data														74538	10:17:03.559	1536226397331675															0	5674		Fixation	8			0.64	150.56	48.01																				8943	640	398	617	250	628	324			256.74	129.66	247.69	189.36	252.22	159.51	305.72	205.50	650.94	349.79	207.33	641.22					683.57	683.57	4.52	3.88	0	0				
07/12/2018	3.3.2	Gaze Project	O4	3	M	Bilingual	G130	06/09/2018	89100	1280 x 720		Raw Data														74546	10:17:03.567	1536226397340009															0	5675		Fixation	8			3.28	273.68	123.12																				8944	629	433	623	343	626	388			252.29	115.54	250.05	151.76	251.17	133.65	305.35	205.37	651.10	350.16	210.68	649.96					683.65	683.65	4.57	4.49	0	0				
07/12/2018	3.3.2	Gaze Project	O4	3	M	Bilingual	G130	06/09/2018	89100	1280 x 720		Raw Data														74555	10:17:03.575	1536226397348361															0	5676		Fixation	8			3.76	268.41	354.73																				8945	642	410	620	451	631	430			257.56	124.66	248.88	108.23	253.22	116.44	305.00	205.10	651.21	349.05	207.64	641.73					683.63	683.63	4.42	4.84	0	0				
07/12/2018	3.3.2	Gaze Project	O4	3	M	Bilingual	G130	06/09/2018	89100	1280 x 720		Raw Data														74563	10:17:03.584	1536226397356726															0	5677		Fixation	8			3.69	66.38	157.96																				8946	624	423	663	353	643	388			250.65	119.52	266.27	147.87	258.46	133.70	304.65	205.15	651.44	350.61	211.54	651.53					683.84	683.84	4.69	4.71	0	0				
07/12/2018	3.3.2	Gaze Project	O4	3	M	Bilingual	G130	06/09/2018	89100	1280 x 720		Raw Data														74571	10:17:03.592	1536226397364998															0	5678		Fixation	8			2.87	90.00	23.62																				8947	651	389	663	271	657	330			261.16	133.22	266.17	180.67	263.66	156.94	304.32	205.06	651.60	349.04	210.72	650.06					683.93	683.93	4.60	4.26	0	0				
07/12/2018	3.3.2	Gaze Project	O4	3	M	Bilingual	G130	06/09/2018	89100	1280 x 720		Raw Data														74580	10:17:03.600	1536226397373351															0	5679		Fixation	8			6.14	253.66	163.66																				8948	636	426	613	441	624	433			255.45	118.29	246.11	112.23	250.78	115.26	304.01	204.98	651.80	348.68	210.66	649.92					684.07	684.07	4.62	4.95	0	0				
07/12/2018	3.3.2	Gaze Project	O4	3	M	Bilingual	G130	06/09/2018	89100	1280 x 720		Raw Data														74588	10:17:03.609	1536226397381680															0			Unclassified	8																									8949	640	403			640	403			256.78	127.63					303.72	204.95	652.09		-34.01						684.31		4.63		0	4				
07/12/2018	3.3.2	Gaze Project	O4	3	M	Bilingual	G130	06/09/2018	89100	1280 x 720		Raw Data														74596	10:17:03.617	1536226397390027															0	5680		Fixation	8			2.99	86.02	192.36																				8950	645	407	619	355	632	381			258.93	126.16	248.49	147.03	253.71	136.59	303.42	204.89	652.31	347.39	207.92	642.55					684.47	684.47	4.69	4.49	0	0				
07/12/2018	3.3.2	Gaze Project	O4	3	M	Bilingual	G130	06/09/2018	89100	1280 x 720		Raw Data														74605	10:17:03.625	1536226397398397															0	5681		Fixation	8			2.04	276.86	190.84																				8951	644	425	626	413	635	419			258.65	118.86	251.10	123.58	254.88	121.22	303.14	204.86	652.59	347.81	211.11	651.24					684.71	684.71	4.69	4.72	0	0				
07/12/2018	3.3.2	Gaze Project	O4	3	M	Bilingual	G130	06/09/2018	89100	1280 x 720		Raw Data														74613	10:17:03.634	1536226397406666															0			Unclassified	8																									8952	653	404			653	404			262.12	127.31					302.86	204.86	652.90		-34.01						684.97		4.64		0	4				
07/12/2018	3.3.2	Gaze Project	O4	3	M	Bilingual	G130	06/09/2018	89100	1280 x 720		Raw Data														74621	10:17:03.642	1536226397415066															0	5682		Fixation	8			0.86	61.47	144.61																				8953	646	409	638	391	642	400			259.21	125.42	256.22	132.49	257.71	128.95	302.71	207.86	661.52	347.16	210.97	651.09					694.07	694.07	4.62	4.68	0	0				
07/12/2018	3.3.2	Gaze Project	O4	3	M	Bilingual	G130	06/09/2018	89100	1280 x 720		Raw Data														74630	10:17:03.650	1536226397423350															0	5683		Fixation	8			0.15	243.51	182.04																				8954	651	421	636	395	643	408			261.37	120.48	255.21	130.92	258.29	125.70	302.29	204.95	653.60	346.22	208.19	643.62					685.62	685.62	4.72	4.76	0	0				
07/12/2018	3.3.2	Gaze Project	O4	3	M	Bilingual	G130	06/09/2018	89100	1280 x 720		Raw Data														74638	10:17:03.659	1536226397431711															0	5684		Fixation	8			2.98	79.25	195.74																				8955	650	405	652	311	651	358			260.93	127.05	261.59	164.59	261.26	145.82	301.99	205.02	653.90	346.52	210.97	651.28					685.91	685.91	4.67	4.52	0	0				
07/12/2018	3.3.2	Gaze Project	O4	3	M	Bilingual	G130	06/09/2018	89100	1280 x 720		Raw Data														74646	10:17:03.667	1536226397439990															0	5685		Fixation	8			3.05	268.69	189.44																				8956	645	399	650	398	647	398			258.75	129.22	261.07	129.80	259.91	129.51	301.69	205.16	654.26	345.56	208.02	643.69					686.28	686.28	4.61	4.50	0	0				
07/12/2018	3.3.2	Gaze Project	O4	3	M	Bilingual	G130	06/09/2018	89100	1280 x 720		Raw Data														74655	10:17:03.675	1536226397448325															0	5686		Fixation	8			1.20	221.59	312.90																				8957	625	397	624	421	624	409			250.83	130.20	250.46	120.29	250.64	125.24	301.36	205.32	654.62	345.22	208.00	643.70					686.64	686.64	4.57	4.76	0	0				
07/12/2018	3.3.2	Gaze Project	O4	3	M	Bilingual	G130	06/09/2018	89100	1280 x 720		Raw Data														74663	10:17:03.684	1536226397456667															0			Unclassified	8																									8958	628	412			628	412			252.16	123.87					301.02	205.54	655.04		-34.01						687.09		4.70		0	4				
07/12/2018	3.3.2	Gaze Project	O4	3	M	Bilingual	G130	06/09/2018	89100	1280 x 720		Raw Data														74671	10:17:03.692	1536226397465026															0	5687		Fixation	8			0.48	85.93	224.34																				8959	659	426	625	407	642	416			264.65	118.34	251.04	126.00	257.85	122.17	300.66	205.77	655.38	346.48	212.72	655.26					687.47	687.47	4.69	4.89	0	0				
07/12/2018	3.3.2	Gaze Project	O4	3	M	Bilingual	G130	06/09/2018	89100	1280 x 720		Raw Data														74680	10:17:03.700	1536226397473379															0	5688		Fixation	8			1.10	100.92	14.99																				8960	640	428	619	376	629	402			256.97	117.63	248.50	138.43	252.74	128.03	300.29	206.05	655.79	344.21	208.93	645.65					687.92	687.92	4.69	4.53	0	0				
07/12/2018	3.3.2	Gaze Project	O4	3	M	Bilingual	G130	06/09/2018	89100	1280 x 720		Raw Data														74688	10:17:03.709	1536226397481650															0	5689		Fixation	8			3.06	281.15	180.23																				8961	639	417	636	462	637	439			256.64	121.94	255.29	103.89	255.97	112.91	299.90	206.38	656.27	343.82	209.11	645.98					688.46	688.46	4.76	4.94	0	0				
07/12/2018	3.3.2	Gaze Project	O4	3	M	Bilingual	G130	06/09/2018	89100	1280 x 720		Raw Data														74696	10:17:03.717	1536226397489988															0			Unclassified	8																									8962	652	424			652	424			261.69	119.08					299.49	206.70	656.67		-34.01						688.92		4.64		0	4				
07/12/2018	3.3.2	Gaze Project	O4	3	M	Bilingual	G130	06/09/2018	89100	1280 x 720		Raw Data														74705	10:17:03.725	1536226397498338															0	5690		Fixation	8			2.64	92.25	171.11																				8963	650	393	633	386	641	389			261.07	131.54	254.01	134.58	257.54	133.06	299.05	207.01	657.00	342.99	209.53	646.72					689.32	689.32	4.65	4.67	0	0				
07/12/2018	3.3.2	Gaze Project	O4	3	M	Bilingual	G130	06/09/2018	89100	1280 x 720		Raw Data														74713	10:17:03.734	1536226397506694															0	5691		Fixation	8			1.82	95.47	3.22																				8964	633	405	628	334	630	369			254.08	126.94	252.27	155.26	253.18	141.10	298.62	207.89	659.14	343.23	213.04	655.96					691.60	691.60	4.53	4.57	0	0				
07/12/2018	3.3.2	Gaze Project	O4	3	M	Bilingual	G130	06/09/2018	89100	1280 x 720		Raw Data														74721	10:17:03.742	1536226397515049															0			Unclassified	8																									8965	637	420			637	420			255.60	120.62					298.14	207.67	657.68		-34.01						690.13		4.62		0	4				
07/12/2018	3.3.2	Gaze Project	O4	3	M	Bilingual	G130	06/09/2018	89100	1280 x 720		Raw Data														74730	10:17:03.750	1536226397523300															0	5692		Fixation	8			2.25	262.14	166.67																				8966	650	369	619	399	634	384			260.99	141.40	248.62	129.15	254.80	135.28	297.66	207.97	657.95	342.26	213.34	656.29					690.46	690.46	4.35	4.81	0	0				
07/12/2018	3.3.2	Gaze Project	O4	3	M	Bilingual	G130	06/09/2018	89100	1280 x 720		Raw Data														74738	10:17:03.759	1536226397531643															0	5693		Fixation	8			2.11	265.40	3.26																				8967	650	332	614	461	632	396			260.86	156.31	246.62	104.26	253.74	130.29	297.17	208.30	658.32	341.94	214.41	658.84					690.89	690.89	4.30	4.96	0	0				
07/12/2018	3.3.2	Gaze Project	O4	3	M	Bilingual	G130	06/09/2018	89100	1280 x 720		Raw Data														74746	10:17:03.767	1536226397540004															0	5694		Fixation	8			2.58	80.20	174.79																				8968	642	335	627	386	634	360			257.85	155.07	251.86	134.62	254.86	144.84	296.66	208.57	658.59	341.37	214.26	658.26					691.21	691.21	4.17	4.77	0	0				
07/12/2018	3.3.2	Gaze Project	O4	3	M	Bilingual	G130	06/09/2018	89100	1280 x 720		Raw Data														74755	10:17:03.775	1536226397548363															0	5695		Fixation	8			0.48	329.66	249.47																				8969	656	378	639	393	647	385			263.50	137.54	256.54	131.73	260.02	134.63	296.15	208.83	658.91	340.15	210.78	648.77					691.57	691.57	4.42	4.74	0	0				
07/12/2018	3.3.2	Gaze Project	O4	3	M	Bilingual	G130	06/09/2018	89100	1280 x 720		Raw Data														74763	10:17:03.784	1536226397556641															0	5696		Fixation	8			0.74	248.26	278.60																				8970	640	380	631	413	635	396			256.98	136.72	253.41	123.70	255.20	130.21	295.63	209.08	659.29	340.59	213.11	654.42					691.98	691.98	4.43	4.45	0	0				
07/12/2018	3.3.2	Gaze Project	O4	3	M	Bilingual	G130	06/09/2018	89100	1280 x 720		Raw Data														74771	10:17:03.792	1536226397564987															0	5697		Fixation	8			4.50	71.20	182.94																				8971	645	386	673	290	659	338			259.02	134.47	270.28	173.01	264.65	153.74	295.11	209.27	659.59	339.14	211.13	649.60					692.30	692.30	4.46	3.89	0	0				
07/12/2018	3.3.2	Gaze Project	O4	3	M	Bilingual	G130	06/09/2018	89100	1280 x 720		Raw Data														74780	10:17:03.800	1536226397573315															0	5698		Fixation	8			2.14	86.26	15.06																				8972	647	375	677	229	662	302			259.85	139.01	271.76	197.88	265.80	168.44	294.59	209.46	660.00	339.19	214.20	657.96					692.73	692.73	4.13	3.94	0	0				
07/12/2018	3.3.2	Gaze Project	O4	3	M	Bilingual	G130	06/09/2018	89100	1280 x 720		Raw Data														74788	10:17:03.809	1536226397581676															0	5699		Fixation	8			1.60	186.22	99.96																				8973	632	399	631	234	631	316			253.87	129.33	253.28	195.54	253.57	162.44	294.06	209.58	660.32	338.12	211.40	650.42					693.04	693.04	4.39	3.62	0	0				
07/12/2018	3.3.2	Gaze Project	O4	3	M	Bilingual	G130	06/09/2018	89100	1280 x 720		Raw Data														74796	10:17:03.817	1536226397590032															0	5700		Fixation	8			0.26	254.10	67.88																				8974	651	364	629	241	640	302			261.24	143.35	252.35	192.98	256.79	168.17	293.52	209.69	660.72	337.60	211.51	650.86					693.42	693.42	4.19	3.62	0	0				
07/12/2018	3.3.2	Gaze Project	O4	3	M	Bilingual	G130	06/09/2018	89100	1280 x 720		Raw Data														74805	10:17:03.825	1536226397598298															0	5701		Fixation	8			0.35	216.96	322.86																				8975	640	356	621	247	630	301			256.83	146.78	249.38	190.38	253.11	168.58	292.99	209.51	660.80	337.07	211.58	651.27					693.40	693.40	4.24	3.66	0	0				
07/12/2018	3.3.2	Gaze Project	O4	3	M	Bilingual	G130	06/09/2018	89100	1280 x 720		Raw Data														74813	10:17:03.834	1536226397606629															0	5702		Fixation	8			0.71	11.35	154.39																				8976	672	353	641	243	656	298			269.63	147.82	257.50	192.07	263.56	169.95	292.43	209.79	661.46	337.36	213.57	656.35					694.09	694.09	4.16	3.58	0	0				
07/12/2018	3.3.2	Gaze Project	O4	3	M	Bilingual	G130	06/09/2018	89100	1280 x 720		Raw Data														74821	10:17:03.842	1536226397614987															0	5703		Fixation	8			3.80	269.48	258.13																				8977	638	345	640	352	639	348			256.01	151.05	256.93	148.28	256.47	149.67	291.87	209.78	661.80	336.00	211.71	652.20					694.37	694.37	4.11	4.20	0	0				
07/12/2018	3.3.2	Gaze Project	O4	3	M	Bilingual	G130	06/09/2018	89100	1280 x 720		Raw Data														74830	10:17:03.850	1536226397623344															0	5704		Fixation	8			4.22	106.74	197.26																				8978	647	351	605	236	626	293			259.83	148.64	242.80	194.72	251.31	171.68	291.28	209.74	662.11	336.28	213.71	657.44					694.62	694.62	4.17	3.51	0	0				
07/12/2018	3.3.2	Gaze Project	O4	3	M	Bilingual	G130	06/09/2018	89100	1280 x 720		Raw Data														74838	10:17:03.859	1536226397631701															0	5705		Fixation	8			0.60	54.55	307.81																				8979	672	246	615	222	643	234			269.89	190.78	246.97	200.50	258.43	195.64	290.70	209.89	662.60	334.88	211.79	653.20					695.11	695.11	3.39	3.58	0	0				
07/12/2018	3.3.2	Gaze Project	O4	3	M	Bilingual	G130	06/09/2018	89100	1280 x 720		Raw Data														74846	10:17:03.867	1536226397639961															0	5706		Fixation	8			2.99	284.15	229.61																				8980	628	341	636	305	632	323			251.88	152.44	255.44	167.05	253.66	159.74	290.09	209.66	662.91	334.29	211.79	653.70					695.29	695.29	4.09	4.07	0	0				
07/12/2018	3.3.2	Gaze Project	O4	3	M	Bilingual	G130	06/09/2018	89100	1280 x 720		Raw Data														74855	10:17:03.875	1536226397648295															0	5707		Fixation	8			5.46	266.03	341.88																				8981	625	407	625	463	625	435			250.80	125.92	250.94	103.62	250.87	114.77	289.43	212.78	672.25	333.68	211.75	654.18					705.08	705.08	4.74	4.74	0	0				
07/12/2018	3.3.2	Gaze Project	O4	3	M	Bilingual	G130	06/09/2018	89100	1280 x 720		Raw Data	attention.avi	190	0	900	720									74860	10:17:03.881										33	MovieStart	attention.avi					5708		Fixation	8	434	323	4.80	90.41	184.38																																																						
07/12/2018	3.3.2	Gaze Project	O4	3	M	Bilingual	G130	06/09/2018	89100	1280 x 720		Raw Data	attention.avi	190	0	900	720									74863	10:17:03.884	1536226397656660															0	5708		Fixation	8	434	323	4.80	90.41	184.38																				8982	652	290	624	323	638	306	448	306	261.53	173.18	250.50	159.70	256.02	166.44	288.84	209.45	663.78	333.46	214.03	661.12					695.97	695.97	4.19	4.70	0	0				
07/12/2018	3.3.2	Gaze Project	O4	3	M	Bilingual	G130	06/09/2018	89100	1280 x 720		Raw Data	attention.avi	190	0	900	720									74871	10:17:03.892	1536226397665010															0			Unclassified	8																									8983	608	308			608	308	418	308	243.93	165.74					288.15	212.17	672.27		-34.01						704.83		4.37		0	4				
07/12/2018	3.3.2	Gaze Project	O4	3	M	Bilingual	G130	06/09/2018	89100	1280 x 720		Raw Data	attention.avi	190	0	900	720									74880	10:17:03.900	1536226397673284															0	5709		Fixation	8	464	391	2.55	293.74	203.33																				8984	633	311	654	391	643	351	453	351	253.93	164.79	262.39	132.46	258.16	148.63	287.56	209.18	664.93	332.35	214.90	664.98					696.89	696.89	4.31	4.81	0	0				
07/12/2018	3.3.2	Gaze Project	O4	3	M	Bilingual	G130	06/09/2018	89100	1280 x 720		Raw Data	attention.avi	190	0	900	720									74888	10:17:03.909	1536226397681632															0	5710		Fixation	8	438	324	2.46	111.15	177.41																				8985	646	331	628	324	637	327	447	327	259.49	156.82	252.03	159.52	255.76	158.17	286.92	209.00	665.54	331.52	213.64	662.64					697.37	697.37	4.35	4.61	0	0				
07/12/2018	3.3.2	Gaze Project	O4	3	M	Bilingual	G130	06/09/2018	89100	1280 x 720		Raw Data	attention.avi	190	0	900	720									74896	10:17:03.917	1536226397689957															0			Unclassified	8																									8986	631	316			631	316	441	316	253.29	162.79					286.28	208.80	666.17		-34.01						697.86		4.32		0	4				
07/12/2018	3.3.2	Gaze Project	O4	3	M	Bilingual	G130	06/09/2018	89100	1280 x 720		Raw Data	attention.avi	190	0	900	720									74905	10:17:03.925	1536226397698315															0			Unclassified	8																									8987	636	423			636	423	446	423	255.31	119.71					285.64	208.61	666.91		-34.01						698.46		4.75		0	4				
07/12/2018	3.3.2	Gaze Project	O4	3	M	Bilingual	G130	06/09/2018	89100	1280 x 720		Raw Data	attention.avi	190	0	900	720									74913	10:17:03.934	1536226397706682															0	5711		Fixation	8	433	439	3.90	267.52	156.37																				8988	631	415	623	439	627	427	437	427	253.46	122.92	249.98	113.29	251.72	118.10	285.01	208.41	667.62	331.05	215.34	669.72					699.03	699.03	4.75	5.16	0	0				
07/12/2018	3.3.2	Gaze Project	O4	3	M	Bilingual	G130	06/09/2018	89100	1280 x 720		Raw Data	attention.avi	190	0	900	720									74921	10:17:03.942	1536226397714954															0	5712		Fixation	8	479	320	4.29	68.93	161.41																				8989	641	411	669	320	655	365	465	365	257.33	124.53	268.62	160.92	262.98	142.72	284.39	208.19	668.29	330.42	215.14	670.41					699.56	699.56	4.66	4.50	0	0				
07/12/2018	3.3.2	Gaze Project	O4	3	M	Bilingual	G130	06/09/2018	89100	1280 x 720		Raw Data	attention.avi	190	0	900	720									74930	10:17:03.950	1536226397723350															0	5713		Fixation	8	442	382	2.44	239.25	170.33																				8990	653	364	632	382	642	373	452	373	262.30	143.18	253.56	136.15	257.93	139.66	283.81	208.04	669.13	328.45	213.38	667.68					700.28	700.28	4.43	4.78	0	0				
07/12/2018	3.3.2	Gaze Project	O4	3	M	Bilingual	G130	06/09/2018	89100	1280 x 720		Raw Data	attention.avi	190	0	900	720									74938	10:17:03.959	1536226397731640															0	5714		Fixation	8	466	212	5.90	81.99	202.74																				8991	646	386	656	212	651	299	461	299	259.22	134.55	263.32	204.51	261.27	169.53	283.24	207.86	669.86	327.49	210.51	660.97					700.87	700.87	4.47	3.95	0	0				
07/12/2018	3.3.2	Gaze Project	O4	3	M	Bilingual	G130	06/09/2018	89100	1280 x 720		Raw Data	attention.avi	190	0	900	720									74946	10:17:03.967	1536226397739998															0			Unclassified	8																									8992	659	329			659	329	469	329	264.38	157.50					282.71	207.72	670.64		-34.01						701.54		4.15		0	4				
07/12/2018	3.3.2	Gaze Project	O4	3	M	Bilingual	G130	06/09/2018	89100	1280 x 720		Raw Data	attention.avi	190	0	900	720									74955	10:17:03.975	1536226397748277															0			Unclassified	8																									8993	648	434			648	434	458	434	259.94	115.33					282.22	207.60	671.35		-34.01						702.14		4.61		0	4				
07/12/2018	3.3.2	Gaze Project	O4	3	M	Bilingual	G130	06/09/2018	89100	1280 x 720		Raw Data	attention.avi	190	0	900	720									74963	10:17:03.984	1536226397756614															0	5715		Fixation	8	450	350	4.80	263.41	181.42																				8994	634	370	640	350	637	360	447	360	254.57	140.98	257.09	149.15	255.83	145.06	281.79	207.49	672.05	326.07	210.08	663.18					702.75	702.75	4.36	4.42	0	0				
07/12/2018	3.3.2	Gaze Project	O4	3	M	Bilingual	G130	06/09/2018	89100	1280 x 720		Raw Data	attention.avi	190	0	900	720									74971	10:17:03.992	1536226397764947															0			Unclassified	8																									8995	631	456			631	456	441	456	253.37	106.32					281.43	207.42	672.84		-34.01						703.45		4.74		0	4				
07/12/2018	3.3.2	Gaze Project	O4	3	M	Bilingual	G130	06/09/2018	89100	1280 x 720		Raw Data	attention.avi	190	0	900	720									74980	10:17:04.000	1536226397773307															0			Unclassified	8																									8996	636	441			636	441	446	441	255.49	112.22					281.13	207.36	673.58		-34.01						704.12		4.66		0	4				
07/12/2018	3.3.2	Gaze Project	O4	3	M	Bilingual	G130	06/09/2018	89100	1280 x 720		Raw Data	attention.avi	190	0	900	720									74988	10:17:04.009	1536226397781669															0			Unclassified	8																									8997	643	458			643	458	453	458	258.11	105.44					281.58	210.36	682.17		-34.01						713.23		4.76		0	4				
07/12/2018	3.3.2	Gaze Project	O4	3	M	Bilingual	G130	06/09/2018	89100	1280 x 720		Raw Data	attention.avi	190	0	900	720									74996	10:17:04.017	1536226397789909															0			Unclassified	8																									8998	642	446			642	446	452	446	257.64	110.29					280.75	206.80	673.80		-34.01						704.12		4.55		0	4				
07/12/2018	3.3.2	Gaze Project	O4	3	M	Bilingual	G130	06/09/2018	89100	1280 x 720		Raw Data	attention.avi	190	0	900	720									75005	10:17:04.025	1536226397798265															0			Unclassified	8																									8999																			-34.01										4	4				
07/12/2018	3.3.2	Gaze Project	O4	3	M	Bilingual	G130	06/09/2018	89100	1280 x 720		Raw Data	attention.avi	190	0	900	720									75013	10:17:04.034	1536226397806619															0			Unclassified	8																									9000																			-34.01										4	4				
07/12/2018	3.3.2	Gaze Project	O4	3	M	Bilingual	G130	06/09/2018	89100	1280 x 720		Raw Data	attention.avi	190	0	900	720									75021	10:17:04.042	1536226397814967															0			Unclassified	8																									9001																			-34.01										4	4				
07/12/2018	3.3.2	Gaze Project	O4	3	M	Bilingual	G130	06/09/2018	89100	1280 x 720		Raw Data	attention.avi	190	0	900	720									75030	10:17:04.050	1536226397823334															0			Unclassified	8																									9002																			-34.01										4	4				
07/12/2018	3.3.2	Gaze Project	O4	3	M	Bilingual	G130	06/09/2018	89100	1280 x 720		Raw Data	attention.avi	190	0	900	720									75038	10:17:04.059	1536226397831603															0			Unclassified	8																									9003																			-34.01										4	4				
07/12/2018	3.3.2	Gaze Project	O4	3	M	Bilingual	G130	06/09/2018	89100	1280 x 720		Raw Data	attention.avi	190	0	900	720									75046	10:17:04.067	1536226397839937															0			Unclassified	8																									9004	647	409			647	409	457	409	259.81	125.29					281.06	208.10	679.36		-34.01						709.79		4.34		0	4				
07/12/2018	3.3.2	Gaze Project	O4	3	M	Bilingual	G130	06/09/2018	89100	1280 x 720		Raw Data	attention.avi	190	0	900	720									75055	10:17:04.075	1536226397848276															0			Unclassified	8																									9005	689	348			689	348	499	348	276.39	149.88					281.30	208.12	679.07		-34.01						709.54		4.08		0	4				
07/12/2018	3.3.2	Gaze Project	O4	3	M	Bilingual	G130	06/09/2018	89100	1280 x 720		Raw Data	attention.avi	190	0	900	720									75063	10:17:04.084	1536226397856649															0	5716		Fixation	8	426	469	4.08	258.63	355.23																				9006	658	356	616	469	637	412	447	412	264.12	146.76	247.11	101.22	255.61	123.99	281.55	208.36	679.58	326.71	212.15	675.73					710.11	710.11	4.12	4.58	0	0				
07/12/2018	3.3.2	Gaze Project	O4	3	M	Bilingual	G130	06/09/2018	89100	1280 x 720		Raw Data	attention.avi	190	0	900	720									75071	10:17:04.092	1536226397864927															0			Unclassified	8																									9007	597	407			597	407	407	407	239.47	125.88					281.76	209.58	683.07		-34.01						713.81		4.72		0	4				
07/12/2018	3.3.2	Gaze Project	O4	3	M	Bilingual	G130	06/09/2018	89100	1280 x 720		Raw Data	attention.avi	190	0	900	720									75080	10:17:04.100	1536226397873252															0	5717		Fixation	8	443	379	3.04	79.34	180.70																				9008	665	362	633	379	649	370	459	370	267.09	144.07	254.11	137.52	260.60	140.79	282.07	208.86	680.52	327.30	212.73	677.27					711.18	711.18	4.41	4.51	0	0				
07/12/2018	3.3.2	Gaze Project	O4	3	M	Bilingual	G130	06/09/2018	89100	1280 x 720		Raw Data	attention.avi	190	0	900	720									75088	10:17:04.109	1536226397881606															0	5718		Fixation	8	421	461	2.81	255.03	175.69																				9009	636	396	611	461	623	428	433	428	255.42	130.40	245.31	104.29	250.37	117.34	282.33	209.16	681.07	327.64	213.20	678.40					711.81	711.81	4.46	4.65	0	0				
07/12/2018	3.3.2	Gaze Project	O4	3	M	Bilingual	G130	06/09/2018	89100	1280 x 720		Raw Data	attention.avi	190	0	900	720									75096	10:17:04.117	1536226397889948															0	5719		Fixation	8	423	440	0.69	84.58	189.55																				9010	653	391	613	440	633	415	443	415	262.04	132.31	245.89	112.91	253.96	122.61	282.59	209.47	681.67	327.89	213.49	678.99					712.49	712.49	4.25	4.68	0	0				
07/12/2018	3.3.2	Gaze Project	O4	3	M	Bilingual	G130	06/09/2018	89100	1280 x 720		Raw Data	attention.avi	190	0	900	720									75105	10:17:04.125	1536226397898318															0	5720		Fixation	8	446	372	2.38	71.37	346.79																				9011	671	380	636	372	653	376	463	376	269.36	136.75	255.15	140.16	262.25	138.45	283.03	210.70	684.41	327.52	212.20	675.67					715.49	715.49	4.19	4.40	0	0				
07/12/2018	3.3.2	Gaze Project	O4	3	M	Bilingual	G130	06/09/2018	89100	1280 x 720		Raw Data	attention.avi	190	0	900	720									75113	10:17:04.134	1536226397906578															0	5721		Fixation	8	424	425	1.91	247.52	176.15																				9012			614	425	614	425	424	425			246.57	118.67						327.74	212.52	676.31						0.00		4.73	4	0				
07/12/2018	3.3.2	Gaze Project	O4	3	M	Bilingual	G130	06/09/2018	89100	1280 x 720		Raw Data	attention.avi	190	0	900	720									75121	10:17:04.142	1536226397914940															0			Unclassified	8																									9013	664	395			664	395	474	395	266.46	131.05					283.24	210.29	683.41		-34.01						714.42		4.49		0	4				
07/12/2018	3.3.2	Gaze Project	O4	3	M	Bilingual	G130	06/09/2018	89100	1280 x 720		Raw Data	attention.avi	190	0	900	720									75130	10:17:04.150	1536226397923273															0			Unclassified	8																									9014	636	483			636	483	446	483	255.41	95.56					283.42	210.55	684.09		-34.01						715.16		4.66		0	4				
07/12/2018	3.3.2	Gaze Project	O4	3	M	Bilingual	G130	06/09/2018	89100	1280 x 720		Raw Data	attention.avi	190	0	900	720									75138	10:17:04.159	1536226397931631															0	5722		Fixation	8	437	381	1.52	73.59	186.07																				9015	672	255	627	381	649	318	459	318	269.59	187.13	251.60	136.45	260.60	161.79	283.59	210.43	684.14	328.22	213.30	678.03					715.17	715.17	3.75	4.76	0	0				
07/12/2018	3.3.2	Gaze Project	O4	3	M	Bilingual	G130	06/09/2018	89100	1280 x 720		Raw Data	attention.avi	190	0	900	720									75146	10:17:04.167	1536226397939986															0	5723		Fixation	8	459	332	1.78	65.89	352.30																				9016	679	289	649	332	664	310	474	310	272.59	173.68	260.40	156.30	266.49	164.99	283.69	210.89	685.19	329.59	216.61	686.55					716.32	716.32	4.03	4.67	0	0				
07/12/2018	3.3.2	Gaze Project	O4	3	M	Bilingual	G130	06/09/2018	89100	1280 x 720		Raw Data	attention.avi	190	0	900	720									75155	10:17:04.175	1536226397948253															0	5724		Fixation	8	437	414	2.81	255.03	189.14																				9017	661	343	627	414	644	378	454	378	265.22	151.76	251.74	123.19	258.48	137.47	283.80	211.02	685.78	328.42	213.64	679.04					716.92	716.92	4.33	4.80	0	0				
07/12/2018	3.3.2	Gaze Project	O4	3	M	Bilingual	G130	06/09/2018	89100	1280 x 720		Raw Data	attention.avi	190	0	900	720									75163	10:17:04.184	1536226397956582															0	5725		Fixation	8	448	398	0.64	55.58	160.55																				9018	640	362	638	398	639	380	449	380	257.05	144.24	255.95	129.61	256.50	136.93	283.92	210.82	685.86	329.91	217.27	688.57					716.94	716.94	4.12	4.84	0	0				
07/12/2018	3.3.2	Gaze Project	O4	3	M	Bilingual	G130	06/09/2018	89100	1280 x 720		Raw Data	attention.avi	190	0	900	720									75171	10:17:04.192	1536226397964943															0	5726		Fixation	8	465	349	1.71	70.92	15.35																				9019	666	210	655	349	660	279	470	279	267.25	205.35	263.12	149.57	265.18	177.46	283.99	211.23	687.03	328.56	213.82	679.93					718.17	718.17	3.59	4.63	0	0				
07/12/2018	3.3.2	Gaze Project	O4	3	M	Bilingual	G130	06/09/2018	89100	1280 x 720		Raw Data	attention.avi	190	0	900	720									75180	10:17:04.200	1536226397973300															0	5727		Fixation	8	450	404	1.90	254.79	183.87																				9020	629	297	640	404	634	350	444	350	252.66	170.48	256.97	127.29	254.82	148.88	284.09	211.28	687.63	328.62	213.85	680.32					718.76	718.76	4.15	4.64	0	0				
07/12/2018	3.3.2	Gaze Project	O4	3	M	Bilingual	G130	06/09/2018	89100	1280 x 720		Raw Data	attention.avi	190	0	900	720									75188	10:17:04.209	1536226397981580															0	5728		Fixation	8	441	407	0.31	198.49	303.70																				9021			631	407	631	407	441	407			253.19	126.16						328.69	213.84	680.69						0.00		4.67	4	0				
07/12/2018	3.3.2	Gaze Project	O4	3	M	Bilingual	G130	06/09/2018	89100	1280 x 720		Raw Data	attention.avi	190	0	900	720									75196	10:17:04.217	1536226397989927															0	5729		Fixation	8	463	383	1.07	47.58	209.09																				9022	652	335	653	383	652	359	462	359	261.56	155.04	262.00	135.63	261.78	145.34	284.30	211.28	688.64	330.22	217.34	690.18					719.72	719.72	4.22	4.83	0	0				
07/12/2018	3.3.2	Gaze Project	O4	3	M	Bilingual	G130	06/09/2018	89100	1280 x 720		Raw Data	attention.avi	190	0	900	720									75205	10:17:04.225	1536226397998252															0	5730		Fixation	8	442	454	2.41	253.57	205.99																				9023	635	427	632	454	633	440	443	440	254.96	117.87	253.55	106.97	254.26	112.42	284.44	211.26	689.20	330.22	217.03	689.85					720.24	720.24	4.71	4.87	0	0				
07/12/2018	3.3.2	Gaze Project	O4	3	M	Bilingual	G130	06/09/2018	89100	1280 x 720		Raw Data	attention.avi	190	0	900	720									75213	10:17:04.234	1536226398006599															0	5731		Fixation	8	465	354	3.37	77.09	183.51																				9024			655	354	655	354	465	354			262.80	147.35						329.00	213.60	681.53						0.00		4.53	4	0				
07/12/2018	3.3.2	Gaze Project	O4	3	M	Bilingual	G130	06/09/2018	89100	1280 x 720		Raw Data	attention.avi	190	0	900	720									75221	10:17:04.242	1536226398014970															0			Unclassified	8																									9025																			-34.01										4	4				
07/12/2018	3.3.2	Gaze Project	O4	3	M	Bilingual	G130	06/09/2018	89100	1280 x 720		Raw Data	attention.avi	190	0	900	720									75230	10:17:04.250	1536226398023235															0	5732		Fixation	8	442	424	2.44	251.87	174.78																				9026	664	328	632	424	648	376	458	376	266.69	158.05	253.50	119.28	260.09	138.66	284.98	210.82	690.10	329.35	213.31	681.96					720.95	720.95	4.31	4.71	0	0				
07/12/2018	3.3.2	Gaze Project	O4	3	M	Bilingual	G130	06/09/2018	89100	1280 x 720		Raw Data	attention.avi	190	0	900	720									75238	10:17:04.259	1536226398031569															0	5733		Fixation	8	441	445	0.69	267.28	15.42																				9027	658	199	631	445	644	322	454	322	264.29	209.82	253.17	110.83	258.73	160.32	286.08	214.21	699.78	329.57	212.98	682.10					731.25	731.25	3.82	4.67	0	0				
07/12/2018	3.3.2	Gaze Project	O4	3	M	Bilingual	G130	06/09/2018	89100	1280 x 720		Raw Data	attention.avi	190	0	900	720									75246	10:17:04.267	1536226398039923															0	5734		Fixation	8	453	408	1.28	72.08	164.80																				9028	653	328	643	408	648	368	458	368	261.92	157.80	257.99	125.58	259.95	141.69	285.48	210.41	690.46	329.81	212.90	682.17					721.17	721.17	4.32	4.66	0	0				
07/12/2018	3.3.2	Gaze Project	O4	3	M	Bilingual	G130	06/09/2018	89100	1280 x 720		Raw Data	attention.avi	190	0	900	720									75255	10:17:04.275	1536226398048281															0	5735		Fixation	8	467	418	0.57	324.38	252.29																				9029	669	332	657	418	663	375	473	375	268.45	156.15	263.61	121.65	266.03	138.90	285.77	210.22	690.69	330.10	212.57	682.30					721.34	721.34	4.17	4.66	0	0				
07/12/2018	3.3.2	Gaze Project	O4	3	M	Bilingual	G130	06/09/2018	89100	1280 x 720		Raw Data	attention.avi	190	0	900	720									75263	10:17:04.284	1536226398056638															0	5736		Fixation	8	450	354	2.20	104.83	140.45																				9030	663	444	640	354	651	399	461	399	265.99	111.13	257.10	147.36	261.54	129.25	286.10	210.00	690.79	330.40	212.37	682.39					721.37	721.37	4.56	4.45	0	0				
07/12/2018	3.3.2	Gaze Project	O4	3	M	Bilingual	G130	06/09/2018	89100	1280 x 720		Raw Data	attention.avi	190	0	900	720									75271	10:17:04.292	1536226398064897															0	5737		Fixation	8	461	372	0.70	301.35	196.52																				9031	662	401	651	372	656	386	466	386	265.63	128.31	261.20	140.12	263.41	134.21	286.35	213.10	700.44	330.74	212.27	682.36					731.50	731.50	4.65	4.52	0	0				
07/12/2018	3.3.2	Gaze Project	O4	3	M	Bilingual	G130	06/09/2018	89100	1280 x 720		Raw Data	attention.avi	190	0	900	720									75280	10:17:04.300	1536226398073237															0	5738		Fixation	8	457	462	2.95	267.46	326.12																				9032	630	417	647	462	638	439	448	439	252.92	122.18	259.51	103.98	256.22	113.08	286.74	211.99	697.98	331.63	215.48	692.03					728.83	728.83	4.44	4.84	0	0				
07/12/2018	3.3.2	Gaze Project	O4	3	M	Bilingual	G130	06/09/2018	89100	1280 x 720		Raw Data	attention.avi	190	0	900	720									75288	10:17:04.309	1536226398081597															0	5739		Fixation	8	444	435	0.98	115.64	208.17																				9033	642	321	634	435	638	378	448	378	257.64	160.66	254.37	114.83	256.01	137.75	288.08	212.99	700.58	332.00	215.27	692.03					731.67	731.67	4.31	4.79	0	0				
07/12/2018	3.3.2	Gaze Project	O4	3	M	Bilingual	G130	06/09/2018	89100	1280 x 720		Raw Data	attention.avi	190	0	900	720									75296	10:17:04.317	1536226398089951															0			Unclassified	8																									9034	642	429			642	429	452	429	257.80	117.30					287.54	209.19	690.91		-34.01						721.26		4.33		0	4				
07/12/2018	3.3.2	Gaze Project	O4	3	M	Bilingual	G130	06/09/2018	89100	1280 x 720		Raw Data	attention.avi	190	0	900	720									75305	10:17:04.325	1536226398098216															0	5740		Fixation	8	424	369	2.26	106.81	351.17																				9035	623	451	614	369	618	410	428	410	250.02	108.42	246.62	141.18	248.32	124.80	287.93	209.00	690.83	332.80	215.03	692.34					721.15	721.15	4.45	4.54	0	0				
07/12/2018	3.3.2	Gaze Project	O4	3	M	Bilingual	G130	06/09/2018	89100	1280 x 720		Raw Data	attention.avi	190	0	900	720									75313	10:17:04.334	1536226398106569															0	5741		Fixation	8	448	353	0.94	33.78	286.97																				9036			638	353	638	353	448	353			255.92	147.81						333.15	214.60	691.60						0.00		4.51	4	0				
07/12/2018	3.3.2	Gaze Project	O4	3	M	Bilingual	G130	06/09/2018	89100	1280 x 720		Raw Data	attention.avi	190	0	900	720									75321	10:17:04.342	1536226398114908															0	5742		Fixation	8	430	392	1.40	245.30	211.52																				9037	679	297	620	392	649	344	459	344	272.67	170.43	248.87	132.01	260.77	151.22	289.62	212.23	700.04	333.71	215.40	694.12					730.97	730.97	4.06	4.67	0	0				
07/12/2018	3.3.2	Gaze Project	O4	3	M	Bilingual	G130	06/09/2018	89100	1280 x 720		Raw Data	attention.avi	190	0	900	720									75330	10:17:04.350	1536226398123263															0	5743		Fixation	8	452	414	1.03	314.91	69.61																				9038	679	448	642	414	660	431	470	431	272.45	109.54	257.54	123.33	264.99	116.44	289.08	210.94	697.46	333.40	210.95	681.95					728.08	728.08	4.59	4.48	0	0				
07/12/2018	3.3.2	Gaze Project	O4	3	M	Bilingual	G130	06/09/2018	89100	1280 x 720		Raw Data	attention.avi	190	0	900	720									75338	10:17:04.359	1536226398131624															0	5744		Fixation	8	426	500	2.91	253.23	298.32																				9039	667	395	616	500	641	447	451	447	267.62	131.03	247.32	88.49	257.47	109.76	289.52	208.51	690.48	335.34	214.38	691.18					720.72	720.72	4.39	4.77	0	0				
07/12/2018	3.3.2	Gaze Project	O4	3	M	Bilingual	G130	06/09/2018	89100	1280 x 720		Raw Data	attention.avi	190	0	900	720									75346	10:17:04.367	1536226398139886															0			Unclassified	8																									9040	671	431			671	431	481	431	269.43	116.25					289.91	208.39	690.23		-34.01						720.47		4.38		0	4				
07/12/2018	3.3.2	Gaze Project	O4	3	M	Bilingual	G130	06/09/2018	89100	1280 x 720		Raw Data	attention.avi	190	0	900	720									75355	10:17:04.375	1536226398148228															0	5745		Fixation	8	474	393	3.78	65.91	172.68																				9041	639	461	664	393	651	427	461	427	256.30	104.38	266.50	131.54	261.40	117.96	290.33	208.26	690.29	335.26	214.30	692.00					720.49	720.49	4.34	4.66	0	0				
07/12/2018	3.3.2	Gaze Project	O4	3	M	Bilingual	G130	06/09/2018	89100	1280 x 720		Raw Data	attention.avi	190	0	900	720									75363	10:17:04.384	1536226398156577															0	5746		Fixation	8	443	468	2.65	247.61	181.70																				9042	642	384	633	468	637	426	447	426	257.71	135.43	254.17	101.64	255.94	118.54	290.71	208.23	689.84	335.02	210.48	681.32					720.08	720.08	4.35	4.64	0	0				
07/12/2018	3.3.2	Gaze Project	O4	3	M	Bilingual	G130	06/09/2018	89100	1280 x 720		Raw Data	attention.avi	190	0	900	720									75371	10:17:04.392	1536226398164932															0	5747		Fixation	8	426	441	1.06	122.11	234.50																				9043	634	485	616	441	625	463	435	463	254.48	94.73	247.17	112.53	250.82	103.63	291.11	208.16	689.63	335.43	210.40	681.18					719.88	719.88	4.43	4.50	0	0				
07/12/2018	3.3.2	Gaze Project	O4	3	M	Bilingual	G130	06/09/2018	89100	1280 x 720		Raw Data	attention.avi	190	0	900	720									75380	10:17:04.400	1536226398173289															0	5748		Fixation	8	473	352	3.32	62.24	300.13																				9044	655	399	663	352	659	375	469	375	263.08	129.07	266.02	148.33	264.55	138.70	291.51	208.10	689.40	335.85	210.27	681.22					719.66	719.66	4.34	4.41	0	0				
07/12/2018	3.3.2	Gaze Project	O4	3	M	Bilingual	G130	06/09/2018	89100	1280 x 720		Raw Data	attention.avi	190	0	900	720									75388	10:17:04.409	1536226398181554															0	5749		Fixation	8	442	389	1.60	230.13	167.90																				9045	666	394	632	389	649	391	459	391	267.50	131.44	253.85	133.46	260.68	132.45	291.90	208.04	689.15	336.23	210.21	680.74					719.43	719.43	4.25	4.38	0	0				
07/12/2018	3.3.2	Gaze Project	O4	3	M	Bilingual	G130	06/09/2018	89100	1280 x 720		Raw Data	attention.avi	190	0	900	720									75396	10:17:04.417	1536226398189894															0	5750		Fixation	8	466	310	2.75	73.15	203.02																				9046	676	355	656	310	666	332	476	332	271.35	146.82	263.48	164.99	267.42	155.90	292.29	207.99	688.92	336.63	210.12	680.51					719.21	719.21	4.18	4.03	0	0				
07/12/2018	3.3.2	Gaze Project	O4	3	M	Bilingual	G130	06/09/2018	89100	1280 x 720		Raw Data	attention.avi	190	0	900	720									75405	10:17:04.425	1536226398198243															0	5751		Fixation	8	508	223	3.22	64.30	351.15																				9047	668	387	698	223	683	305	493	305	267.95	134.20	280.05	200.03	274.00	167.11	292.68	207.93	688.69	337.75	214.02	691.51					718.99	718.99	4.23	3.75	0	0				
07/12/2018	3.3.2	Gaze Project	O4	3	M	Bilingual	G130	06/09/2018	89100	1280 x 720		Raw Data	attention.avi	190	0	900	720									75413	10:17:04.434	1536226398206607															0	5752		Fixation	8	564	257	2.19	328.65	264.35																				9048	657	351	754	257	705	304	515	304	263.79	148.70	302.55	186.29	283.17	167.49	293.05	207.88	688.44	337.43	210.01	680.56					718.76	718.76	4.01	3.26	0	0				
07/12/2018	3.3.2	Gaze Project	O4	3	M	Bilingual	G130	06/09/2018	89100	1280 x 720		Raw Data	attention.avi	190	0	900	720									75421	10:17:04.442	1536226398214871															0	5753		Fixation	8	490	262	2.47	183.88	215.22																				9049	688	285	680	262	684	273	494	273	276.31	175.03	272.79	184.24	274.55	179.64	293.44	210.76	696.75	338.48	213.59	690.34					727.56	727.56	3.53	3.66	0	0				
07/12/2018	3.3.2	Gaze Project	O4	3	M	Bilingual	G130	06/09/2018	89100	1280 x 720		Raw Data	attention.avi	190	0	900	720									75430	10:17:04.450	1536226398223228															0	5754		Fixation	8	458	333	2.59	245.81	61.93																				9050	665	349	648	333	656	341	466	341	266.99	149.50	260.05	155.86	263.52	152.68	293.78	207.73	687.89	338.14	209.77	679.58					718.23	718.23	3.91	3.87	0	0				
07/12/2018	3.3.2	Gaze Project	O4	3	M	Bilingual	G130	06/09/2018	89100	1280 x 720		Raw Data	attention.avi	190	0	900	720									75438	10:17:04.459	1536226398231548															0	5755		Fixation	8	463	211	4.11	87.66	201.85																				9051	631	354	653	211	642	282	452	282	253.10	147.49	261.92	205.08	257.51	176.28	294.14	207.65	687.61	338.52	209.64	679.63					717.96	717.96	3.86	3.35	0	0				
07/12/2018	3.3.2	Gaze Project	O4	3	M	Bilingual	G130	06/09/2018	89100	1280 x 720		Raw Data	attention.avi	190	0	900	720									75446	10:17:04.467	1536226398239908															0	5756		Fixation	8	476	292	2.77	279.09	191.43																				9052	653	324	666	292	659	308	469	308	262.09	159.65	267.36	172.55	264.72	166.10	294.49	207.57	687.33	338.85	209.51	679.00					717.69	717.69	3.89	3.81	0	0				
07/12/2018	3.3.2	Gaze Project	O4	3	M	Bilingual	G130	06/09/2018	89100	1280 x 720		Raw Data	attention.avi	190	0	900	720									75455	10:17:04.475	1536226398248274															0	5757		Fixation	8	478	242	1.68	87.72	168.63																				9053	711	280	668	242	689	261	499	261	285.43	177.20	268.25	192.40	276.84	184.80	294.87	210.78	696.56	339.78	212.41	687.33					727.47	727.47	3.64	3.51	0	0				
07/12/2018	3.3.2	Gaze Project	O4	3	M	Bilingual	G130	06/09/2018	89100	1280 x 720		Raw Data	attention.avi	190	0	900	720									75463	10:17:04.484	1536226398256545															0	5758		Fixation	8	489	346	3.50	276.02	188.30																				9054	671	272	679	346	675	309	485	309	269.33	180.45	272.74	150.45	271.04	165.45	295.17	207.42	686.80	339.54	209.27	678.49					717.18	717.18	3.60	3.92	0	0				
07/12/2018	3.3.2	Gaze Project	O4	3	M	Bilingual	G130	06/09/2018	89100	1280 x 720		Raw Data	attention.avi	190	0	900	720									75470	10:17:04.490								13	Space								5759		Fixation	8	420	327	2.39	164.56	248.54																																																						
07/12/2018	3.3.2	Gaze Project	O4	3	M	Bilingual	G130	06/09/2018	89100	1280 x 720		Raw Data	attention.avi	190	0	900	720									75470	10:17:04.490										34	MovieEnd	attention.avi					5759		Fixation	8	420	327	2.39	164.56	248.54																																																						
07/12/2018	3.3.2	Gaze Project	O4	3	M	Bilingual	G130	06/09/2018	89100	1280 x 720		Raw Data														75471	10:17:04.492	1536226398264879															0	5759		Fixation	8			2.39	164.56	248.54																				9055	667	284	610	327	638	305			267.92	175.51	244.78	158.29	256.35	166.90	295.55	209.97	694.18	339.88	209.13	678.18					724.99	724.99	3.62	3.85	0	0				
07/12/2018	3.3.2	Gaze Project	O4	3	M	Bilingual	G130	06/09/2018	89100	1280 x 720		Raw Data														75480	10:17:04.500	1536226398273229															0	5760		Fixation	8			1.58	8.50	203.94																				9056	684	251	657	320	670	285			274.49	188.95	263.77	160.96	269.13	174.96	295.85	207.28	686.28	340.22	209.02	677.94					716.68	716.68	3.36	3.75	0	0				
07/12/2018	3.3.2	Gaze Project	O4	3	M	Bilingual	G130	06/09/2018	89100	1280 x 720		Raw Data														75488	10:17:04.509	1536226398281586															0	5761		Fixation	8			2.43	197.50	189.00																				9057	650	278	587	342	618	310			260.91	178.05	235.52	152.14	248.21	165.09	296.19	207.19	685.96	340.56	208.89	677.66					716.36	716.36	3.32	3.82	0	0				
07/12/2018	3.3.2	Gaze Project	O4	3	M	Bilingual	G130	06/09/2018	89100	1280 x 720		Raw Data														75496	10:17:04.517	1536226398289865															0	5762		Fixation	8			3.87	46.49	208.99																				9058	671	293	667	258	669	275			269.52	172.05	267.70	185.97	268.61	179.01	296.52	207.11	685.67	340.90	208.76	677.38					716.08	716.08	3.38	3.45	0	0				
07/12/2018	3.3.2	Gaze Project	O4	3	M	Bilingual	G130	06/09/2018	89100	1280 x 720		Raw Data														75505	10:17:04.525	1536226398298204															0	5763		Fixation	8			1.44	140.62	94.13																				9059	653	266	634	231	643	248			261.99	182.95	254.64	197.01	258.31	189.98	296.86	207.06	685.43	341.23	208.62	677.06					715.85	715.85	3.24	3.31	0	0				
07/12/2018	3.3.2	Gaze Project	O4	3	M	Bilingual	G130	06/09/2018	89100	1280 x 720		Raw Data														75513	10:17:04.534	1536226398306542															0	5764		Fixation	8			0.73	291.74	151.12																				9060	676	305	642	251	659	278			271.43	167.29	257.59	188.83	264.51	178.06	297.19	207.00	685.16	341.56	208.51	676.78					715.61	715.61	3.70	3.35	0	0				
07/12/2018	3.3.2	Gaze Project	O4	3	M	Bilingual	G130	06/09/2018	89100	1280 x 720		Raw Data														75521	10:17:04.542	1536226398314898															0	5765		Fixation	8			1.70	350.88	59.14																				9061	663	344	692	259	677	301			266.08	151.36	277.79	185.69	271.93	168.53	297.51	206.92	684.81	341.89	208.40	676.50					715.27	715.27	3.77	3.35	0	0				
07/12/2018	3.3.2	Gaze Project	O4	3	M	Bilingual	G130	06/09/2018	89100	1280 x 720		Raw Data														75530	10:17:04.550	1536226398323254															0	5766		Fixation	8			0.35	163.25	172.37																				9062	653	359	682	256	667	307			262.14	145.55	273.64	186.69	267.89	166.12	297.84	206.86	684.51	342.22	208.30	676.24					714.98	714.98	3.94	3.46	0	0				
07/12/2018	3.3.2	Gaze Project	O4	3	M	Bilingual	G130	06/09/2018	89100	1280 x 720		Raw Data														75538	10:17:04.559	1536226398331522															0	5767		Fixation	8			1.18	251.62	88.37																				9063	670	369	671	289	670	329			268.81	141.29	269.46	173.43	269.14	157.36	298.16	206.80	684.21	342.55	208.21	675.98					714.70	714.70	3.89	3.91	0	0				
07/12/2018	3.3.2	Gaze Project	O4	3	M	Bilingual	G130	06/09/2018	89100	1280 x 720		Raw Data														75546	10:17:04.567	1536226398339878															0	5768		Fixation	8			0.46	107.05	215.43																				9064	650	288	667	276	658	282			261.04	173.84	267.64	178.95	264.34	176.40	298.50	206.73	684.24	342.90	208.10	676.02					714.72	714.72	3.37	3.53	0	0				
07/12/2018	3.3.2	Gaze Project	O4	3	M	Bilingual	G130	06/09/2018	89100	1280 x 720		Raw Data														75555	10:17:04.575	1536226398348211															0			Unclassified	8																									9065	664	336			664	336			266.44	154.45					298.79	206.70	683.65		-34.01						714.18		3.76		0	4				
07/12/2018	3.3.2	Gaze Project	O4	3	M	Bilingual	G130	06/09/2018	89100	1280 x 720		Raw Data														75563	10:17:04.584	1536226398356556															0	5769		Fixation	8			6.22	262.03	154.97																				9066	675	406	641	461	658	433			270.82	126.57	257.26	104.16	264.04	115.36	299.10	206.65	683.37	345.04	211.18	683.66					713.91	713.91	3.89	4.58	0	0				
07/12/2018	3.3.2	Gaze Project	O4	3	M	Bilingual	G130	06/09/2018	89100	1280 x 720		Raw Data														75571	10:17:04.592	1536226398364923															0	5770		Fixation	8			3.54	76.53	174.50																				9067	653	406	666	357	659	381			261.93	126.45	267.36	146.01	264.64	136.23	299.42	206.60	683.10	343.83	207.85	674.92					713.66	713.66	4.02	3.81	0	0				
07/12/2018	3.3.2	Gaze Project	O4	3	M	Bilingual	G130	06/09/2018	89100	1280 x 720		Raw Data														75580	10:17:04.600	1536226398373194															0	5771		Fixation	8			1.73	98.89	22.36																				9068	644	414	658	306	651	360			258.31	123.29	264.19	166.63	261.25	144.96	299.71	206.52	682.76	344.85	211.05	684.02					713.33	713.33	4.23	3.99	0	0				
07/12/2018	3.3.2	Gaze Project	O4	3	M	Bilingual	G130	06/09/2018	89100	1280 x 720		Raw Data														75588	10:17:04.609	1536226398381521															0	5772		Fixation	8			3.75	270.00	171.11																				9069	646	350	658	419	652	384			259.29	148.94	263.97	121.08	261.63	135.01	300.01	206.47	682.50	346.05	211.05	683.27					713.08	713.08	3.86	4.51	0	0				
07/12/2018	3.3.2	Gaze Project	O4	3	M	Bilingual	G130	06/09/2018	89100	1280 x 720		Raw Data														75596	10:17:04.617	1536226398389889															0	5773		Fixation	8			1.53	86.28	176.28																				9070	671	333	661	373	666	353			269.39	155.91	265.25	139.73	267.32	147.82	300.29	206.41	682.22	344.73	207.59	674.17					712.82	712.82	3.88	3.95	0	0				
07/12/2018	3.3.2	Gaze Project	O4	3	M	Bilingual	G130	06/09/2018	89100	1280 x 720		Raw Data														75605	10:17:04.625	1536226398398236															0	5774		Fixation	8			2.91	76.65	350.37																				9071	682	306	681	289	681	297			273.60	166.71	273.24	173.47	273.42	170.09	300.69	209.89	692.12	345.01	207.50	673.89					723.32	723.32	3.66	3.52	0	0				
07/12/2018	3.3.2	Gaze Project	O4	3	M	Bilingual	G130	06/09/2018	89100	1280 x 720		Raw Data														75613	10:17:04.634	1536226398406518															0	5775		Fixation	8			0.91	201.87	125.22																				9072	667	342	656	299	661	320			267.67	152.39	263.29	169.50	265.48	160.95	300.83	206.28	681.62	345.28	207.43	673.67					712.25	712.25	3.81	3.72	0	0				
07/12/2018	3.3.2	Gaze Project	O4	3	M	Bilingual	G130	06/09/2018	89100	1280 x 720		Raw Data														75621	10:17:04.642	1536226398414853															0	5776		Fixation	8			4.64	257.60	55.73																				9073	646	296	626	435	636	365			259.50	170.57	251.15	114.69	255.32	142.63	301.22	209.58	691.00	346.26	210.60	682.64					722.20	722.20	3.59	4.59	0	0				
07/12/2018	3.3.2	Gaze Project	O4	3	M	Bilingual	G130	06/09/2018	89100	1280 x 720		Raw Data														75630	10:17:04.650	1536226398423191															0	5777		Fixation	8			2.66	79.98	182.38																				9074	661	357	640	356	650	356			265.35	146.27	256.71	146.59	261.03	146.43	301.34	206.21	681.17	345.79	207.28	673.16					711.83	711.83	3.86	4.00	0	0				
07/12/2018	3.3.2	Gaze Project	O4	3	M	Bilingual	G130	06/09/2018	89100	1280 x 720		Raw Data														75638	10:17:04.659	1536226398431551															0	5778		Fixation	8			1.02	46.42	326.44																				9075	676	320	661	334	668	327			271.53	161.03	265.19	155.48	268.36	158.26	301.58	206.16	680.90	346.03	207.20	672.92					711.58	711.58	3.68	3.94	0	0				
07/12/2018	3.3.2	Gaze Project	O4	3	M	Bilingual	G130	06/09/2018	89100	1280 x 720		Raw Data														75646	10:17:04.667	1536226398439907															0	5779		Fixation	8			5.01	86.12	39.70																				9076	680	313	671	187	675	250			272.95	164.05	269.27	214.59	271.11	189.32	301.82	206.09	680.93	346.26	207.13	672.68					711.60	711.60	3.37	3.09	0	0				
07/12/2018	3.3.2	Gaze Project	O4	3	M	Bilingual	G130	06/09/2018	89100	1280 x 720		Raw Data														75655	10:17:04.675	1536226398448149															0	5780		Fixation	8			4.43	270.44	184.32																				9077	699	304	672	317	685	310			280.49	167.65	269.93	162.22	275.21	164.94	302.02	206.07	680.38	346.48	207.05	672.43					711.09	711.09	3.37	3.79	0	0				
07/12/2018	3.3.2	Gaze Project	O4	3	M	Bilingual	G130	06/09/2018	89100	1280 x 720		Raw Data														75663	10:17:04.684	1536226398456509															0	5781		Fixation	8			2.67	103.99	193.55																				9078	652	306	653	241	652	273			261.59	166.79	261.97	193.07	261.78	179.93	302.23	206.04	680.19	346.74	207.17	672.38					710.91	710.91	3.49	3.41	0	0				
07/12/2018	3.3.2	Gaze Project	O4	3	M	Bilingual	G130	06/09/2018	89100	1280 x 720		Raw Data														75671	10:17:04.692	1536226398464865															0	5782		Fixation	8			2.63	274.44	170.45																				9079	687	271	659	318	673	294			275.66	180.64	264.52	161.72	270.09	171.18	302.43	205.98	679.91	346.89	206.89	671.94					710.65	710.65	3.19	3.89	0	0				
07/12/2018	3.3.2	Gaze Project	O4	3	M	Bilingual	G130	06/09/2018	89100	1280 x 720		Raw Data														75680	10:17:04.700	1536226398473209															0	5783		Fixation	8			0.56	154.91	240.47																				9080	662	362	644	311	653	336			265.55	144.04	258.37	164.61	261.96	154.33	302.62	205.93	679.67	347.09	206.82	671.75					710.41	710.41	4.06	3.84	0	0				
07/12/2018	3.3.2	Gaze Project	O4	3	M	Bilingual	G130	06/09/2018	89100	1280 x 720		Raw Data														75688	10:17:04.709	1536226398481579															0	5784		Fixation	8			1.94	281.08	126.17																				9081	668	437	655	367	661	402			268.02	113.84	262.80	142.26	265.41	128.05	302.80	205.89	679.44	347.29	206.71	671.80					710.19	710.19	4.30	4.19	0	0				
07/12/2018	3.3.2	Gaze Project	O4	3	M	Bilingual	G130	06/09/2018	89100	1280 x 720		Raw Data														75696	10:17:04.717	1536226398489845															0	5785		Fixation	8			0.88	94.38	173.31																				9082	656	503	653	341	654	422			263.22	87.57	261.99	152.45	262.60	120.01	303.00	205.81	679.47	347.46	206.67	671.35					710.21	710.21	4.44	3.97	0	0				
07/12/2018	3.3.2	Gaze Project	O4	3	M	Bilingual	G130	06/09/2018	89100	1280 x 720		Raw Data														75705	10:17:04.725	1536226398498169															0	5786		Fixation	8			1.47	82.08	347.70																				9083	640	420	659	298	649	359			257.08	120.96	264.63	170.01	260.86	145.49	303.16	205.82	679.04	347.64	206.61	671.19					709.82	709.82	4.19	3.74	0	0				
07/12/2018	3.3.2	Gaze Project	O4	3	M	Bilingual	G130	06/09/2018	89100	1280 x 720		Raw Data														75713	10:17:04.734	1536226398506533															0			Unclassified	8																									9084	655	516			655	516			262.81	82.02					303.32	205.76	678.77		-34.01						709.56		4.33		0	4				
07/12/2018	3.3.2	Gaze Project	O4	3	M	Bilingual	G130	06/09/2018	89100	1280 x 720		Raw Data														75721	10:17:04.742	1536226398514892															0			Unclassified	8																									9085	650	449			650	449			260.90	109.22					303.48	205.73	678.56		-34.01						709.36		4.25		0	4				
07/12/2018	3.3.2	Gaze Project	O4	3	M	Bilingual	G130	06/09/2018	89100	1280 x 720		Raw Data														75730	10:17:04.750	1536226398523167															0			Unclassified	8																									9086	651	482			651	482			261.17	95.87					303.64	205.70	678.38		-34.01						709.19		4.57		0	4				
07/12/2018	3.3.2	Gaze Project	O4	3	M	Bilingual	G130	06/09/2018	89100	1280 x 720		Raw Data														75738	10:17:04.759	1536226398531507															0			Unclassified	8																									9087	669	496			669	496			268.46	90.16					303.79	205.66	678.14		-34.01						708.96		4.48		0	4				
07/12/2018	3.3.2	Gaze Project	O4	3	M	Bilingual	G130	06/09/2018	89100	1280 x 720		Raw Data														75746	10:17:04.767	1536226398539843															0	5787		Fixation	8			3.00	266.79	184.71																				9088	657	394	654	387	655	390			263.84	131.40	262.71	134.21	263.28	132.80	303.93	205.63	677.97	349.23	209.68	679.92					708.80	708.80	4.12	4.46	0	0				
07/12/2018	3.3.2	Gaze Project	O4	3	M	Bilingual	G130	06/09/2018	89100	1280 x 720		Raw Data														75755	10:17:04.775	1536226398548202															0	5788		Fixation	8			1.15	223.92	317.13																				9089	661	407	629	411	645	409			265.13	126.05	252.63	124.38	258.88	125.22	304.05	205.59	677.75	348.56	206.18	670.03					708.59	708.59	4.18	4.42	0	0				
07/12/2018	3.3.2	Gaze Project	O4	3	M	Bilingual	G130	06/09/2018	89100	1280 x 720		Raw Data														75763	10:17:04.784	1536226398556560															0	5789		Fixation	8			2.28	68.42	204.50																				9090	667	453	654	348	660	400			267.60	107.45	262.51	149.92	265.06	128.68	304.33	208.82	686.95	348.70	206.07	670.07					718.34	718.34	4.35	4.17	0	0				
07/12/2018	3.3.2	Gaze Project	O4	3	M	Bilingual	G130	06/09/2018	89100	1280 x 720		Raw Data														75771	10:17:04.792	1536226398564829															0	5790		Fixation	8			4.26	262.79	194.37																				9091	668	442	638	474	653	458			268.17	111.81	256.28	99.23	262.22	105.52	304.28	205.50	677.37	348.79	206.05	669.69					708.22	708.22	4.28	4.49	0	0				
07/12/2018	3.3.2	Gaze Project	O4	3	M	Bilingual	G130	06/09/2018	89100	1280 x 720		Raw Data														75780	10:17:04.800	1536226398573177															0	5791		Fixation	8			1.33	60.33	157.55																				9092	634	391	658	439	646	415			254.54	132.58	264.19	112.98	259.37	122.78	304.37	205.45	677.18	350.43	209.08	677.62					708.03	708.03	4.27	4.69	0	0				
07/12/2018	3.3.2	Gaze Project	O4	3	M	Bilingual	G130	06/09/2018	89100	1280 x 720		Raw Data														75788	10:17:04.809	1536226398581514															0	5792		Fixation	8			1.90	218.14	157.80																				9093	636	459	612	475	624	467			255.33	105.07	245.69	98.65	250.51	101.86	304.46	205.40	677.01	350.80	209.55	678.95					707.86	707.86	4.33	4.70	0	0				
07/12/2018	3.3.2	Gaze Project	O4	3	M	Bilingual	G130	06/09/2018	89100	1280 x 720		Raw Data														75796	10:17:04.817	1536226398589883															0	5793		Fixation	8			5.06	76.46	218.32																				9094	625	373	648	326	636	349			250.90	139.82	259.99	158.63	255.44	149.23	304.69	208.28	685.31	349.92	209.46	679.50					716.64	716.64	4.20	4.14	0	0				
07/12/2018	3.3.2	Gaze Project	O4	3	M	Bilingual	G130	06/09/2018	89100	1280 x 720		Raw Data														75805	10:17:04.825	1536226398598229															0	5794		Fixation	8			3.31	274.65	198.19																				9095	632	425	656	424	644	424			253.58	118.83	263.38	119.10	258.48	118.96	304.60	205.29	676.65	349.13	205.76	669.11					707.49	707.49	4.20	4.46	0	0				
07/12/2018	3.3.2	Gaze Project	O4	3	M	Bilingual	G130	06/09/2018	89100	1280 x 720		Raw Data														75813	10:17:04.834	1536226398606493															0			Unclassified	8																									9096	655	495			655	495			262.73	90.68					304.67	205.17	676.70		-34.01						707.50		4.48		0	4				
07/12/2018	3.3.2	Gaze Project	O4	3	M	Bilingual	G130	06/09/2018	89100	1280 x 720		Raw Data														75821	10:17:04.842	1536226398614827															0	5795		Fixation	8			0.40	245.63	330.97																				9097	640	413	651	435	645	424			256.84	123.43	261.20	114.81	259.02	119.12	304.72	205.20	676.39	349.26	205.60	668.83					707.23	707.23	4.19	4.48	0	0				
07/12/2018	3.3.2	Gaze Project	O4	3	M	Bilingual	G130	06/09/2018	89100	1280 x 720		Raw Data														75830	10:17:04.850	1536226398623185															0	5796		Fixation	8			2.67	70.94	185.31																				9098	651	439	677	360	664	399			261.42	113.24	271.85	145.11	266.63	129.18	304.77	205.17	676.29	349.31	205.55	668.75					707.12	707.12	4.25	4.24	0	0				
07/12/2018	3.3.2	Gaze Project	O4	3	M	Bilingual	G130	06/09/2018	89100	1280 x 720		Raw Data														75838	10:17:04.859	1536226398631543															0	5797		Fixation	8			1.26	88.46	17.52																				9099	656	383	678	323	667	353			263.25	135.73	272.33	159.85	267.79	147.79	305.00	208.48	685.80	349.37	205.41	668.81					717.19	717.19	4.22	4.08	0	0				
07/12/2018	3.3.2	Gaze Project	O4	3	M	Bilingual	G130	06/09/2018	89100	1280 x 720		Raw Data														75846	10:17:04.867	1536226398639814															0	5798		Fixation	8			6.77	266.88	178.42																				9100	653	441	667	524	660	482			262.26	112.55	267.84	78.94	265.05	95.75	304.86	205.08	676.04	349.44	205.61	668.73					706.86	706.86	4.26	4.65	0	0				
07/12/2018	3.3.2	Gaze Project	O4	3	M	Bilingual	G130	06/09/2018	89100	1280 x 720		Raw Data														75855	10:17:04.875	1536226398648160															0			Unclassified	8																									9101	656	409			656	409			263.41	125.28					304.88	205.04	675.94		-34.01						706.75		4.20		0	4				
07/12/2018	3.3.2	Gaze Project	O4	3	M	Bilingual	G130	06/09/2018	89100	1280 x 720		Raw Data														75863	10:17:04.884	1536226398656501															0	5799		Fixation	8			2.65	108.38	201.50																				9102	659	471	642	449	650	460			264.36	100.42	257.68	109.02	261.02	104.72	305.09	208.46	685.82	349.46	205.32	668.47					717.20	717.20	4.40	4.43	0	0				
07/12/2018	3.3.2	Gaze Project	O4	3	M	Bilingual	G130	06/09/2018	89100	1280 x 720		Raw Data														75871	10:17:04.892	1536226398664854															0	5800		Fixation	8			0.58	305.45	197.07																				9103	674	489	652	463	663	476			270.41	93.11	261.63	103.30	266.02	98.20	306.19	208.87	686.22	349.48	205.41	668.43					717.80	717.80	4.46	4.45	0	0				
07/12/2018	3.3.2	Gaze Project	O4	3	M	Bilingual	G130	06/09/2018	89100	1280 x 720		Raw Data														75880	10:17:04.900	1536226398673212															0	5801		Fixation	8			1.00	134.91	189.46																				9104	645	450	631	442	638	446			259.08	108.84	253.35	112.05	256.21	110.44	304.90	204.93	675.75	350.90	208.12	675.91					706.54	706.54	4.24	4.51	0	0				
07/12/2018	3.3.2	Gaze Project	O4	3	M	Bilingual	G130	06/09/2018	89100	1280 x 720		Raw Data														75888	10:17:04.909	1536226398681479															0	5802		Fixation	8			0.92	303.03	168.12																				9105	638	495	646	465	642	480			256.03	90.47	259.35	102.58	257.69	96.52	304.90	204.80	675.80	350.21	208.41	677.47					706.55	706.55	4.33	4.50	0	0				
07/12/2018	3.3.2	Gaze Project	O4	3	M	Bilingual	G130	06/09/2018	89100	1280 x 720		Raw Data														75896	10:17:04.917	1536226398689805															0	5803		Fixation	8			1.91	83.02	139.99																				9106	665	392	653	408	659	400			266.84	132.17	262.07	125.56	264.45	128.87	304.84	204.84	675.63	349.40	205.14	668.25					706.40	706.40	4.15	4.25	0	0				
07/12/2018	3.3.2	Gaze Project	O4	3	M	Bilingual	G130	06/09/2018	89100	1280 x 720		Raw Data														75905	10:17:04.925	1536226398698172															0	5804		Fixation	8			1.00	107.77	24.74																				9107	649	460	644	380	646	420			260.53	104.54	258.43	136.99	259.48	120.76	304.79	204.81	675.64	349.35	205.10	668.24					706.39	706.39	4.36	4.05	0	0				
07/12/2018	3.3.2	Gaze Project	O4	3	M	Bilingual	G130	06/09/2018	89100	1280 x 720		Raw Data	Ord4_T6_R.avi	190	0	900	720									75912	10:17:04.933										35	MovieStart	Ord4_T6_R.avi					5805		Fixation	8	464	282	3.35	84.19	336.43																																																						
07/12/2018	3.3.2	Gaze Project	O4	3	M	Bilingual	G130	06/09/2018	89100	1280 x 720		Raw Data	Ord4_T6_R.avi	190	0	900	720									75913	10:17:04.934	1536226398706523															0	5805		Fixation	8	464	282	3.35	84.19	336.43																				9108	653	464	654	282	653	373	463	373	262.16	103.29	262.43	176.52	262.30	139.90	304.73	204.78	675.65	349.29	205.18	668.21					706.39	706.39	4.28	3.76	0	0				
07/12/2018	3.3.2	Gaze Project	O4	3	M	Bilingual	G130	06/09/2018	89100	1280 x 720		Raw Data	Ord4_T6_R.avi	190	0	900	720									75921	10:17:04.942	1536226398714880															0	5806		Fixation	8	488	350	2.44	289.38	205.19																				9109	650	439	678	350	664	394	474	394	261.11	113.33	272.25	149.18	266.68	131.25	304.66	204.74	675.67	350.14	208.94	679.29					706.39	706.39	4.24	4.36	0	0				
07/12/2018	3.3.2	Gaze Project	O4	3	M	Bilingual	G130	06/09/2018	89100	1280 x 720		Raw Data	Ord4_T6_R.avi	190	0	900	720									75930	10:17:04.950	1536226398723141															0	5807		Fixation	8	473	382	1.18	244.96	315.57																				9110	654	439	663	382	658	410	468	410	262.34	113.24	266.01	136.00	264.18	124.62	304.75	208.13	685.54	349.12	204.98	668.22					716.81	716.81	4.39	4.31	0	0				
07/12/2018	3.3.2	Gaze Project	O4	3	M	Bilingual	G130	06/09/2018	89100	1280 x 720		Raw Data	Ord4_T6_R.avi	190	0	900	720									75938	10:17:04.959	1536226398731473															0			Unclassified	8																									9111	659	418			659	418	469	418	264.36	121.56					304.49	204.69	675.79		-34.01						706.48		4.26		0	4				
07/12/2018	3.3.2	Gaze Project	O4	3	M	Bilingual	G130	06/09/2018	89100	1280 x 720		Raw Data	Ord4_T6_R.avi	190	0	900	720									75946	10:17:04.967	1536226398739838															0	5808		Fixation	8	475	304	2.66	88.54	203.58																				9112	658	411	665	304	661	357	471	357	263.98	124.45	266.97	167.49	265.48	145.97	304.40	204.68	675.88	348.94	204.97	668.39					706.55	706.55	4.20	3.85	0	0				
07/12/2018	3.3.2	Gaze Project	O4	3	M	Bilingual	G130	06/09/2018	89100	1280 x 720		Raw Data	Ord4_T6_R.avi	190	0	900	720									75955	10:17:04.975	1536226398748197															0	5809		Fixation	8	442	474	5.84	259.05	170.51																				9113	659	508	632	474	645	491	455	491	264.66	85.28	253.62	99.17	259.14	92.22	304.43	207.38	683.81	348.84	204.96	668.44					714.91	714.91	4.45	4.51	0	0				
07/12/2018	3.3.2	Gaze Project	O4	3	M	Bilingual	G130	06/09/2018	89100	1280 x 720		Raw Data	Ord4_T6_R.avi	190	0	900	720									75963	10:17:04.984	1536226398756463															0	5810		Fixation	8	448	438	1.22	80.57	181.52																				9114	641	453	638	438	639	445	449	445	257.29	107.72	256.28	113.57	256.78	110.64	304.19	204.66	676.01	348.74	204.97	668.55					706.65	706.65	4.30	4.50	0	0				
07/12/2018	3.3.2	Gaze Project	O4	3	M	Bilingual	G130	06/09/2018	89100	1280 x 720		Raw Data	Ord4_T6_R.avi	190	0	900	720									75971	10:17:04.992	1536226398764817															0	5811		Fixation	8	476	393	1.77	58.19	337.62																				9115	642	404	666	393	654	398	464	398	257.88	127.33	267.43	131.81	262.66	129.57	304.26	208.09	685.96	348.63	204.99	668.63					717.15	717.15	4.36	4.23	0	0				
07/12/2018	3.3.2	Gaze Project	O4	3	M	Bilingual	G130	06/09/2018	89100	1280 x 720		Raw Data	Ord4_T6_R.avi	190	0	900	720									75980	10:17:05.000	1536226398773152															0	5812		Fixation	8	482	330	2.15	84.58	26.39																				9116	649	475	672	330	660	402	470	402	260.55	98.63	269.69	156.95	265.12	127.79	303.97	204.69	676.23	348.52	205.02	668.75					706.85	706.85	4.38	4.17	0	0				
07/12/2018	3.3.2	Gaze Project	O4	3	M	Bilingual	G130	06/09/2018	89100	1280 x 720		Raw Data	Ord4_T6_R.avi	190	0	900	720									75988	10:17:05.009	1536226398781493															0	5813		Fixation	8	460	430	3.46	257.63	173.05																				9117	662	455	650	430	656	442	466	442	265.91	106.91	260.97	116.73	263.44	111.82	303.85	204.80	676.19	348.40	204.91	668.80					706.84	706.84	4.39	4.38	0	0				
07/12/2018	3.3.2	Gaze Project	O4	3	M	Bilingual	G130	06/09/2018	89100	1280 x 720		Raw Data	Ord4_T6_R.avi	190	0	900	720									75996	10:17:05.017	1536226398789863															0	5814		Fixation	8	424	502	2.66	243.51	345.88																				9118	675	346	614	502	644	424	454	424	271.14	150.75	246.43	87.67	258.79	119.21	303.74	204.75	676.49	348.25	205.14	668.71					707.10	707.10	3.78	4.67	0	0				
07/12/2018	3.3.2	Gaze Project	O4	3	M	Bilingual	G130	06/09/2018	89100	1280 x 720		Raw Data	Ord4_T6_R.avi	190	0	900	720									76004	10:17:05.025	1536226398798121															0	5815		Fixation	8	442	293	7.05	85.09	201.58																				9119	674	315	632	293	653	304	463	304	270.62	162.95	253.70	172.08	262.16	167.51	303.63	204.63	676.54	348.16	205.19	669.15					707.10	707.10	3.65	3.73	0	0				
07/12/2018	3.3.2	Gaze Project	O4	3	M	Bilingual	G130	06/09/2018	89100	1280 x 720		Raw Data	Ord4_T6_R.avi	190	0	900	720									76013	10:17:05.034	1536226398806462															0	5816		Fixation	8	437	254	1.34	97.28	12.19																				9120	652	416	627	254	639	335	449	335	261.75	122.25	251.50	187.47	256.62	154.86	303.47	204.83	676.82	348.02	205.26	669.32					707.42	707.42	4.13	3.54	0	0				
07/12/2018	3.3.2	Gaze Project	O4	3	M	Bilingual	G130	06/09/2018	89100	1280 x 720		Raw Data	Ord4_T6_R.avi	190	0	900	720									76021	10:17:05.042	1536226398814817															0	5817		Fixation	8	477	313	2.41	304.05	206.77																				9121	663	359	667	313	665	336	475	336	266.10	145.42	267.87	163.88	266.98	154.65	303.32	204.88	676.99	349.41	208.47	677.69					707.59	707.59	3.98	4.04	0	0				
07/12/2018	3.3.2	Gaze Project	O4	3	M	Bilingual	G130	06/09/2018	89100	1280 x 720		Raw Data	Ord4_T6_R.avi	190	0	900	720									76030	10:17:05.050	1536226398823175															0	5818		Fixation	8	427	330	1.76	198.83	254.78																				9122	676	332	617	330	646	331	456	331	271.35	156.42	247.70	157.15	259.52	156.79	303.17	204.75	677.05	347.70	205.43	669.65					707.59	707.59	3.77	3.89	0	0				
07/12/2018	3.3.2	Gaze Project	O4	3	M	Bilingual	G130	06/09/2018	89100	1280 x 720		Raw Data	Ord4_T6_R.avi	190	0	900	720									76038	10:17:05.059	1536226398831457															0	5819		Fixation	8	459	440	3.88	286.17	87.34																				9123	668	415	649	440	658	427	468	427	267.96	122.71	260.34	112.65	264.15	117.68	302.99	205.00	677.41	347.54	205.52	669.83					708.00	708.00	4.13	4.43	0	0				
07/12/2018	3.3.2	Gaze Project	O4	3	M	Bilingual	G130	06/09/2018	89100	1280 x 720		Raw Data	Ord4_T6_R.avi	190	0	900	720									76046	10:17:05.067	1536226398839792															0	5820		Fixation	8	466	397	1.46	80.78	154.61																				9124	655	361	656	397	655	379	465	379	263.08	144.52	263.19	130.17	263.14	137.35	302.82	205.07	677.66	347.36	205.62	670.03					708.25	708.25	4.00	4.36	0	0				
07/12/2018	3.3.2	Gaze Project	O4	3	M	Bilingual	G130	06/09/2018	89100	1280 x 720		Raw Data	Ord4_T6_R.avi	190	0	900	720									76054	10:17:05.075	1536226398848124															0			Unclassified	8																									9125	698	388			698	388	508	388	280.00	133.84					302.64	205.12	677.90		-34.01						708.48		4.02		0	4				
07/12/2018	3.3.2	Gaze Project	O4	3	M	Bilingual	G130	06/09/2018	89100	1280 x 720		Raw Data	Ord4_T6_R.avi	190	0	900	720									76063	10:17:05.084	1536226398856488															0	5821		Fixation	8	480	270	4.34	83.73	2.95																				9126	669	378	670	270	669	324	479	324	268.41	137.92	269.04	181.12	268.73	159.52	302.46	205.19	678.18	346.98	205.80	670.46					708.76	708.76	3.99	3.65	0	0				
07/12/2018	3.3.2	Gaze Project	O4	3	M	Bilingual	G130	06/09/2018	89100	1280 x 720		Raw Data	Ord4_T6_R.avi	190	0	900	720									76071	10:17:05.092	1536226398864846															0	5822		Fixation	8	481	369	3.34	270.58	186.85																				9127	685	363	671	369	678	366	488	366	274.92	143.67	269.21	141.43	272.07	142.55	302.27	205.25	678.43	347.57	209.33	680.43					708.99	708.99	3.90	4.54	0	0				
07/12/2018	3.3.2	Gaze Project	O4	3	M	Bilingual	G130	06/09/2018	89100	1280 x 720		Raw Data	Ord4_T6_R.avi	190	0	900	720									76079	10:17:05.100	1536226398873114															0	5823		Fixation	8	463	457	2.99	258.48	347.90																				9128	676	375	653	457	664	416	474	416	271.20	138.74	262.13	105.76	266.66	122.25	302.08	205.32	678.73	346.59	206.02	670.98					709.29	709.29	4.02	4.61	0	0				
07/12/2018	3.3.2	Gaze Project	O4	3	M	Bilingual	G130	06/09/2018	89100	1280 x 720		Raw Data	Ord4_T6_R.avi	190	0	900	720									76088	10:17:05.109	1536226398881460															0	5824		Fixation	8	446	476	0.83	228.27	329.80																				9129	621	493	636	476	628	484	438	484	249.23	91.23	255.44	98.32	252.34	94.78	302.05	209.06	689.58	347.25	209.90	681.92					720.74	720.74	4.55	4.67	0	0				
07/12/2018	3.3.2	Gaze Project	O4	3	M	Bilingual	G130	06/09/2018	89100	1280 x 720		Raw Data	Ord4_T6_R.avi	190	0	900	720									76096	10:17:05.117	1536226398889803															0			Unclassified	8																									9130	647	434			647	434	457	434	259.65	115.06					301.70	205.45	679.30		-34.01						709.84		4.34		0	4				
07/12/2018	3.3.2	Gaze Project	O4	3	M	Bilingual	G130	06/09/2018	89100	1280 x 720		Raw Data	Ord4_T6_R.avi	190	0	900	720									76105	10:17:05.125	1536226398898159															0	5825		Fixation	8	449	448	0.93	83.90	215.63																				9131	636	395	639	448	637	421	447	421	255.12	130.80	256.68	109.36	255.90	120.08	301.51	205.52	679.63	346.00	206.34	671.78					710.16	710.16	4.27	4.49	0	0				
07/12/2018	3.3.2	Gaze Project	O4	3	M	Bilingual	G130	06/09/2018	89100	1280 x 720		Raw Data	Ord4_T6_R.avi	190	0	900	720									76113	10:17:05.134	1536226398906519															0	5826		Fixation	8	436	471	0.86	240.60	156.70																				9132	647	483	626	471	636	477	446	477	259.79	95.61	251.20	100.34	255.49	97.97	301.32	205.61	680.00	346.67	210.34	683.06					710.53	710.53	4.40	4.80	0	0				
07/12/2018	3.3.2	Gaze Project	O4	3	M	Bilingual	G130	06/09/2018	89100	1280 x 720		Raw Data	Ord4_T6_R.avi	190	0	900	720									76121	10:17:05.142	1536226398914780															0	5827		Fixation	8	452	428	1.51	69.65	189.05																				9133	653	483	642	428	647	455	457	455	262.19	95.33	257.74	117.41	259.97	106.37	301.12	205.68	680.34	345.59	206.55	672.32					710.86	710.86	4.51	4.51	0	0				
07/12/2018	3.3.2	Gaze Project	O4	3	M	Bilingual	G130	06/09/2018	89100	1280 x 720		Raw Data	Ord4_T6_R.avi	190	0	900	720									76129	10:17:05.150	1536226398923114															0	5828		Fixation	8	435	443	0.74	221.52	151.86																				9134	643	467	625	443	634	455	444	455	258.07	102.03	250.84	111.40	254.45	106.71	300.91	205.75	680.66	346.84	209.73	680.64					711.18	711.18	4.41	4.68	0	0				
07/12/2018	3.3.2	Gaze Project	O4	3	M	Bilingual	G130	06/09/2018	89100	1280 x 720		Raw Data	Ord4_T6_R.avi	190	0	900	720									76138	10:17:05.159	1536226398931471															0			Unclassified	8																									9135	655	451			655	451	465	451	262.78	108.41					300.69	205.83	681.05		-34.01						711.55		4.47		0	4				
07/12/2018	3.3.2	Gaze Project	O4	3	M	Bilingual	G130	06/09/2018	89100	1280 x 720		Raw Data	Ord4_T6_R.avi	190	0	900	720									76146	10:17:05.167	1536226398939830															0	5829		Fixation	8	457	431	0.82	28.69	167.17																				9136	651	432	647	431	649	431	459	431	261.36	116.02	259.68	116.28	260.52	116.15	300.47	205.91	681.42	344.84	206.44	672.37					711.91	711.91	4.44	4.58	0	0				
07/12/2018	3.3.2	Gaze Project	O4	3	M	Bilingual	G130	06/09/2018	89100	1280 x 720		Raw Data	Ord4_T6_R.avi	190	0	900	720									76154	10:17:05.175	1536226398948109															0	5830		Fixation	8	456	523	3.03	269.38	240.69																				9137	647	419	646	523	646	471	456	471	259.66	121.30	259.30	79.27	259.48	100.29	300.24	205.99	681.81	346.25	210.30	682.23					712.29	712.29	4.39	4.79	0	0				
07/12/2018	3.3.2	Gaze Project	O4	3	M	Bilingual	G130	06/09/2018	89100	1280 x 720		Raw Data	Ord4_T6_R.avi	190	0	900	720									76163	10:17:05.184	1536226398956446															0	5831		Fixation	8	429	461	2.23	113.46	204.09																				9138	637	424	619	461	628	442	438	442	255.54	119.19	248.32	104.28	251.93	111.74	300.01	206.05	682.17	344.43	207.08	673.85					712.64	712.64	4.46	4.75	0	0				
07/12/2018	3.3.2	Gaze Project	O4	3	M	Bilingual	G130	06/09/2018	89100	1280 x 720		Raw Data	Ord4_T6_R.avi	190	0	900	720									76171	10:17:05.192	1536226398964784															0	5832		Fixation	8	447	383	2.64	77.05	323.58																				9139	665	434	637	383	651	408	461	408	267.13	114.99	255.62	135.64	261.38	125.32	299.78	206.13	682.59	344.92	210.54	683.77					713.04	713.04	4.44	4.63	0	0				
07/12/2018	3.3.2	Gaze Project	O4	3	M	Bilingual	G130	06/09/2018	89100	1280 x 720		Raw Data	Ord4_T6_R.avi	190	0	900	720									76180	10:17:05.200	1536226398973143															0	5833		Fixation	8	448	427	1.45	271.30	194.25																				9140	671	480	638	427	654	453	464	453	269.53	96.73	256.21	117.96	262.87	107.34	299.56	206.19	682.97	344.70	210.73	684.39					713.41	713.41	4.50	4.72	0	0				
07/12/2018	3.3.2	Gaze Project	O4	3	M	Bilingual	G130	06/09/2018	89100	1280 x 720		Raw Data	Ord4_T6_R.avi	190	0	900	720									76188	10:17:05.209	1536226398981498															0	5834		Fixation	8	452	468	1.35	275.55	4.26																				9141	648	487	642	468	645	477	455	477	260.20	93.99	257.65	101.49	258.93	97.74	299.33	206.25	683.37	345.13	210.31	682.66					713.80	713.80	4.48	4.81	0	0				
07/12/2018	3.3.2	Gaze Project	O4	3	M	Bilingual	G130	06/09/2018	89100	1280 x 720		Raw Data	Ord4_T6_R.avi	190	0	900	720									76196	10:17:05.217	1536226398989768															0	5835		Fixation	8	461	397	2.34	82.80	167.24																				9142	660	483	651	397	655	440	465	440	264.79	95.29	261.25	129.88	263.02	112.58	299.12	206.30	683.73	344.31	211.17	685.90					714.14	714.14	4.49	4.65	0	0				
07/12/2018	3.3.2	Gaze Project	O4	3	M	Bilingual	G130	06/09/2018	89100	1280 x 720		Raw Data	Ord4_T6_R.avi	190	0	900	720									76204	10:17:05.225	1536226398998107															0	5836		Fixation	8	437	487	3.05	255.11	172.32																				9143	641	470	627	487	634	478	444	478	257.21	100.63	251.87	93.74	254.54	97.19	298.89	206.35	683.71	343.31	207.46	675.59					714.12	714.12	4.54	4.69	0	0				
07/12/2018	3.3.2	Gaze Project	O4	3	M	Bilingual	G130	06/09/2018	89100	1280 x 720		Raw Data	Ord4_T6_R.avi	190	0	900	720									76213	10:17:05.234	1536226399006453															0	5837		Fixation	8	450	422	2.19	78.73	183.61																				9144	644	448	640	422	642	435	452	435	258.70	109.50	256.82	119.82	257.76	114.66	298.75	206.41	684.50	343.12	207.52	675.96					714.87	714.87	4.39	4.60	0	0				
07/12/2018	3.3.2	Gaze Project	O4	3	M	Bilingual	G130	06/09/2018	89100	1280 x 720		Raw Data	Ord4_T6_R.avi	190	0	900	720									76221	10:17:05.242	1536226399014807															0	5838		Fixation	8	446	515	3.07	267.55	188.82																				9145	646	467	636	515	641	491	451	491	259.20	101.95	255.37	82.46	257.29	92.20	298.60	206.23	684.57	342.94	207.35	676.03					714.87	714.87	4.61	4.69	0	0				
07/12/2018	3.3.2	Gaze Project	O4	3	M	Bilingual	G130	06/09/2018	89100	1280 x 720		Raw Data	Ord4_T6_R.avi	190	0	900	720									76230	10:17:05.250	1536226399023167															0	5839		Fixation	8	441	525	0.36	243.51	335.96																				9146	677	351	631	525	654	438	464	438	271.78	148.52	253.16	78.59	262.47	113.56	298.39	206.40	684.50	342.78	207.29	676.05					714.85	714.85	4.18	4.74	0	0				
07/12/2018	3.3.2	Gaze Project	O4	3	M	Bilingual	G130	06/09/2018	89100	1280 x 720		Raw Data	Ord4_T6_R.avi	190	0	900	720									76238	10:17:05.259	1536226399031415															0	5840		Fixation	8	458	434	3.04	79.45	195.94																				9147	636	475	648	434	642	454	452	454	255.44	98.60	260.05	115.03	257.74	106.82	298.32	206.54	685.54	342.71	207.72	677.07					715.87	715.87	4.50	4.61	0	0				
07/12/2018	3.3.2	Gaze Project	O4	3	M	Bilingual	G130	06/09/2018	89100	1280 x 720		Raw Data	Ord4_T6_R.avi	190	0	900	720									76246	10:17:05.267	1536226399039761															0	5841		Fixation	8	432	456	1.12	220.33	140.88																				9148	650	483	622	456	636	469	446	469	260.92	95.28	249.67	106.23	255.30	100.76	298.21	206.57	685.85	342.61	207.79	677.45					716.17	716.17	4.57	4.66	0	0				
07/12/2018	3.3.2	Gaze Project	O4	3	M	Bilingual	G130	06/09/2018	89100	1280 x 720		Raw Data	Ord4_T6_R.avi	190	0	900	720									76254	10:17:05.275	1536226399048123															0	5842		Fixation	8	476	368	3.25	63.51	203.18																				9149	674	489	666	368	670	428	480	428	270.41	93.11	267.26	141.57	268.84	117.34	298.12	206.61	686.18	342.49	207.63	677.51					716.48	716.48	4.62	4.46	0	0				
07/12/2018	3.3.2	Gaze Project	O4	3	M	Bilingual	G130	06/09/2018	89100	1280 x 720		Raw Data	Ord4_T6_R.avi	190	0	900	720									76263	10:17:05.284	1536226399056473															0	5843		Fixation	8	428	425	2.44	229.99	166.48																				9150	642	437	618	425	630	431	440	431	257.62	113.96	247.91	118.95	252.76	116.46	298.03	206.65	686.49	343.16	211.37	687.92					716.78	716.78	4.50	4.66	0	0				
07/12/2018	3.3.2	Gaze Project	O4	3	M	Bilingual	G130	06/09/2018	89100	1280 x 720		Raw Data	Ord4_T6_R.avi	190	0	900	720									76271	10:17:05.292	1536226399064750															0	5844		Fixation	8	421	501	2.49	264.75	34.76																				9151	634	481	611	501	622	491	432	491	254.67	96.40	245.31	88.08	249.99	92.24	297.95	206.71	686.85	342.30	207.54	677.54					717.14	717.14	4.50	4.71	0	0				
07/12/2018	3.3.2	Gaze Project	O4	3	M	Bilingual	G130	06/09/2018	89100	1280 x 720		Raw Data	Ord4_T6_R.avi	190	0	900	720									76279	10:17:05.300	1536226399073089															0	5845		Fixation	8	434	434	2.24	79.05	174.30																				9152	653	438	624	434	638	436	448	436	261.96	113.75	250.51	115.19	256.24	114.47	297.88	206.73	687.08	342.31	208.10	678.85					717.36	717.36	4.48	4.72	0	0				
07/12/2018	3.3.2	Gaze Project	O4	3	M	Bilingual	G130	06/09/2018	89100	1280 x 720		Raw Data	Ord4_T6_R.avi	190	0	900	720									76288	10:17:05.309	1536226399081433															0			Unclassified	8																									9153	638	470			638	470	448	470	256.20	100.67					297.81	206.77	687.38		-34.01						717.65		4.50		0	4				
07/12/2018	3.3.2	Gaze Project	O4	3	M	Bilingual	G130	06/09/2018	89100	1280 x 720		Raw Data	Ord4_T6_R.avi	190	0	900	720									76296	10:17:05.317	1536226399089799															0	5846		Fixation	8	439	420	0.49	70.40	351.35																				9154	645	375	629	420	637	397	447	397	258.78	138.96	252.58	120.79	255.68	129.88	299.23	211.79	701.13	342.19	208.28	679.53					732.34	732.34	4.49	4.50	0	0				
07/12/2018	3.3.2	Gaze Project	O4	3	M	Bilingual	G130	06/09/2018	89100	1280 x 720		Raw Data	Ord4_T6_R.avi	190	0	900	720									76305	10:17:05.325	1536226399098152															0	5847		Fixation	8	444	498	2.58	273.66	203.25																				9155	637	460	634	498	635	479	445	479	255.89	104.61	254.41	89.24	255.15	96.93	297.67	206.85	687.93	342.12	208.37	679.83					718.19	718.19	4.49	4.79	0	0				
07/12/2018	3.3.2	Gaze Project	O4	3	M	Bilingual	G130	06/09/2018	89100	1280 x 720		Raw Data	Ord4_T6_R.avi	190	0	900	720									76313	10:17:05.334	1536226399106420															0	5848		Fixation	8	446	472	0.85	85.62	171.96																				9156	662	495	636	472	649	483	459	483	265.58	90.54	255.42	99.91	260.50	95.22	297.60	206.92	688.28	342.03	208.24	679.89					718.53	718.53	4.50	4.66	0	0				
07/12/2018	3.3.2	Gaze Project	O4	3	M	Bilingual	G130	06/09/2018	89100	1280 x 720		Raw Data	Ord4_T6_R.avi	190	0	900	720									76321	10:17:05.342	1536226399114748															0	5849		Fixation	8	446	454	0.59	90.00	4.38																				9157	624	452	636	454	630	453	440	453	250.47	108.12	255.12	107.07	252.79	107.59	297.52	207.00	688.25	341.98	208.55	680.46					718.52	718.52	4.53	4.69	0	0				
07/12/2018	3.3.2	Gaze Project	O4	3	M	Bilingual	G130	06/09/2018	89100	1280 x 720		Raw Data	Ord4_T6_R.avi	190	0	900	720									76329	10:17:05.350	1536226399123103															0			Unclassified	8																									9158	641	471			641	471	451	471	257.30	100.47					297.44	206.99	688.85		-34.01						719.08		4.53		0	4				
07/12/2018	3.3.2	Gaze Project	O4	3	M	Bilingual	G130	06/09/2018	89100	1280 x 720		Raw Data	Ord4_T6_R.avi	190	0	900	720									76338	10:17:05.359	1536226399131464															0			Unclassified	8																									9159	621	505			621	505	431	505	249.20	86.49					297.31	207.00	689.08		-34.01						719.29		4.53		0	4				
07/12/2018	3.3.2	Gaze Project	O4	3	M	Bilingual	G130	06/09/2018	89100	1280 x 720		Raw Data	Ord4_T6_R.avi	190	0	900	720									76346	10:17:05.367	1536226399139819															0			Unclassified	8																									9160	617	514			617	514	427	514	247.78	83.00					297.18	207.01	689.38		-34.01						719.58		4.49		0	4				
07/12/2018	3.3.2	Gaze Project	O4	3	M	Bilingual	G130	06/09/2018	89100	1280 x 720		Raw Data	Ord4_T6_R.avi	190	0	900	720									76354	10:17:05.375	1536226399148082															0			Unclassified	8																									9161	631	528			631	528	441	528	253.16	77.26					297.09	207.03	689.69		-34.01						719.87		4.52		0	4				
07/12/2018	3.3.2	Gaze Project	O4	3	M	Bilingual	G130	06/09/2018	89100	1280 x 720		Raw Data	Ord4_T6_R.avi	190	0	900	720									76363	10:17:05.384	1536226399156415															0	5850		Fixation	8	404	505	2.12	230.62	140.62																				9162	622	493	594	505	608	499	418	499	249.77	91.31	238.36	86.47	244.06	88.89	296.98	207.04	689.94	342.23	213.08	693.65					720.10	720.10	4.74	4.64	0	0				
07/12/2018	3.3.2	Gaze Project	O4	3	M	Bilingual	G130	06/09/2018	89100	1280 x 720		Raw Data	Ord4_T6_R.avi	190	0	900	720									76371	10:17:05.392	1536226399164779															0			Unclassified	8																									9163	605	538			605	538	415	538	242.72	73.42					296.87	207.08	690.25		-34.01						720.39		4.39		0	4				
07/12/2018	3.3.2	Gaze Project	O4	3	M	Bilingual	G130	06/09/2018	89100	1280 x 720		Raw Data	Ord4_T6_R.avi	190	0	900	720									76380	10:17:05.400	1536226399173135															0	5851		Fixation	8	386	514	0.63	206.64	336.02																				9164	616	510	576	514	596	512	406	512	247.08	84.76	231.21	83.01	239.14	83.88	296.81	210.08	699.22	341.83	212.43	691.96					729.84	729.84	4.58	4.61	0	0				
07/12/2018	3.3.2	Gaze Project	O4	3	M	Bilingual	G130	06/09/2018	89100	1280 x 720		Raw Data	Ord4_T6_R.avi	190	0	900	720									76388	10:17:05.409	1536226399181411															0			Unclassified	8																									9165	622	511			622	511	432	511	249.62	84.06					296.63	207.14	690.84		-34.01						720.96		4.44		0	4				
07/12/2018	3.3.2	Gaze Project	O4	3	M	Bilingual	G130	06/09/2018	89100	1280 x 720		Raw Data	Ord4_T6_R.avi	190	0	900	720									76396	10:17:05.417	1536226399189747															0	5852		Fixation	8	398	530	0.64	306.78	100.14																				9166	627	432	588	530	607	481	417	481	251.58	115.95	236.05	76.35	243.82	96.15	296.51	207.16	691.11	341.84	213.94	696.22					721.21	721.21	4.18	4.67	0	0				
07/12/2018	3.3.2	Gaze Project	O4	3	M	Bilingual	G130	06/09/2018	89100	1280 x 720		Raw Data	Ord4_T6_R.avi	190	0	900	720									76404	10:17:05.425	1536226399198083															0	5853		Fixation	8	398	446	2.70	90.00	143.22																				9167	609	412	588	446	598	429	408	429	244.32	123.97	236.19	110.15	240.25	117.06	296.39	207.15	691.33	340.76	209.22	683.00					721.41	721.41	3.93	4.38	0	0				
07/12/2018	3.3.2	Gaze Project	O4	3	M	Bilingual	G130	06/09/2018	89100	1280 x 720		Raw Data	Ord4_T6_R.avi	190	0	900	720									76413	10:17:05.434	1536226399206429															0	5854		Fixation	8	425	429	1.03	32.28	302.28																				9168	607	471	615	429	611	450	421	450	243.68	100.20	247.05	117.23	245.37	108.71	296.28	207.16	691.63	340.63	209.26	683.22					721.69	721.69	4.05	4.33	0	0				
07/12/2018	3.3.2	Gaze Project	O4	3	M	Bilingual	G130	06/09/2018	89100	1280 x 720		Raw Data	Ord4_T6_R.avi	190	0	900	720									76421	10:17:05.442	1536226399214801															0	5855		Fixation	8	399	505	2.58	251.17	218.89																				9169	626	422	589	505	607	463	417	463	251.39	120.03	236.62	86.63	244.00	103.33	296.16	207.17	691.91	341.26	213.05	694.15					721.95	721.95	3.89	4.66	0	0				
07/12/2018	3.3.2	Gaze Project	O4	3	M	Bilingual	G130	06/09/2018	89100	1280 x 720		Raw Data	Ord4_T6_R.avi	190	0	900	720									76429	10:17:05.450	1536226399223061															0	5856		Fixation	8	409	487	0.66	61.02	169.85																				9170	629	386	599	487	614	436	424	436	252.47	134.46	240.63	93.67	246.55	114.07	296.06	207.16	692.17	340.39	209.30	683.62					722.19	722.19	3.80	4.44	0	0				
07/12/2018	3.3.2	Gaze Project	O4	3	M	Bilingual	G130	06/09/2018	89100	1280 x 720		Raw Data	Ord4_T6_R.avi	190	0	900	720									76438	10:17:05.459	1536226399231412															0	5857		Fixation	8	404	501	0.48	250.40	189.38																				9171	620	552	594	501	607	526	417	526	249.00	67.58	238.53	88.09	243.76	77.84	295.97	207.15	692.41	340.29	209.31	683.84					722.41	722.41	4.27	4.45	0	0				
07/12/2018	3.3.2	Gaze Project	O4	3	M	Bilingual	G130	06/09/2018	89100	1280 x 720		Raw Data	Ord4_T6_R.avi	190	0	900	720									76446	10:17:05.467	1536226399239759															0	5858		Fixation	8	407	522	0.68	278.10	27.70																				9172	601	446	597	522	599	484	409	484	241.23	110.42	239.80	79.59	240.52	95.01	295.89	207.17	692.72	341.08	213.84	696.84					722.70	722.70	3.93	4.60	0	0				
07/12/2018	3.3.2	Gaze Project	O4	3	M	Bilingual	G130	06/09/2018	89100	1280 x 720		Raw Data	Ord4_T6_R.avi	190	0	900	720									76454	10:17:05.475	1536226399248115															0	5859		Fixation	8	405	501	0.68	95.42	177.32																				9173	611	529	595	501	603	515	413	515	245.37	77.03	238.79	88.30	242.08	82.66	295.81	207.12	692.84	340.12	209.29	684.15					722.79	722.79	4.18	4.44	0	0				
07/12/2018	3.3.2	Gaze Project	O4	3	M	Bilingual	G130	06/09/2018	89100	1280 x 720		Raw Data	Ord4_T6_R.avi	190	0	900	720									76463	10:17:05.484	1536226399256394															0	5860		Fixation	8	417	387	3.74	84.01	348.59																				9174	624	478	607	387	615	432	425	432	250.51	97.33	243.50	134.21	247.01	115.77	295.77	207.09	693.04	340.05	209.27	684.28					722.97	722.97	3.96	3.94	0	0				
07/12/2018	3.3.2	Gaze Project	O4	3	M	Bilingual	G130	06/09/2018	89100	1280 x 720		Raw Data	Ord4_T6_R.avi	190	0	900	720									76471	10:17:05.492	1536226399264728															0			Unclassified	8																									9175	609	465			609	465	419	465	244.43	102.79					295.73	207.10	693.31		-34.01						723.22		3.98		0	4				
07/12/2018	3.3.2	Gaze Project	O4	3	M	Bilingual	G130	06/09/2018	89100	1280 x 720		Raw Data	Ord4_T6_R.avi	190	0	900	720									76479	10:17:05.500	1536226399273064															0	5861		Fixation	8	433	263	4.12	82.67	358.66																				9176	629	556	623	263	626	409	436	409	252.42	65.96	250.01	184.02	251.22	124.99	296.79	210.81	703.61	340.62	212.49	693.86					734.21	734.21	4.54	3.50	0	0				
07/12/2018	3.3.2	Gaze Project	O4	3	M	Bilingual	G130	06/09/2018	89100	1280 x 720		Raw Data	Ord4_T6_R.avi	190	0	900	720									76488	10:17:05.509	1536226399281432															0	5862		Fixation	8	390	456	6.47	257.48	174.81																				9177	623	524	580	456	601	490	411	490	250.10	78.97	232.93	106.37	241.51	92.67	295.70	207.05	693.61	339.97	209.26	684.72					723.49	723.49	4.23	3.96	0	0				
07/12/2018	3.3.2	Gaze Project	O4	3	M	Bilingual	G130	06/09/2018	89100	1280 x 720		Raw Data	Ord4_T6_R.avi	190	0	900	720									76496	10:17:05.517	1536226399289786															0			Unclassified	8																									9178	619	323			619	323	429	323	248.29	159.77					295.75	210.11	702.82		-34.01						733.18		3.55		0	4				
07/12/2018	3.3.2	Gaze Project	O4	3	M	Bilingual	G130	06/09/2018	89100	1280 x 720		Raw Data	Ord4_T6_R.avi	190	0	900	720									76504	10:17:05.525	1536226399298054															0	5863		Fixation	8	442	285	5.87	73.14	175.66																				9179	604	382	632	285	618	333	428	333	242.35	135.92	253.73	175.35	248.04	155.63	295.77	209.76	702.03	339.99	209.27	684.99					732.32	732.32	3.81	3.17	0	0				
07/12/2018	3.3.2	Gaze Project	O4	3	M	Bilingual	G130	06/09/2018	89100	1280 x 720		Raw Data	Ord4_T6_R.avi	190	0	900	720									76513	10:17:05.534	1536226399306396															0	5864		Fixation	8	435	291	0.30	220.69	147.56																				9180	605	335	625	291	615	313	425	313	242.90	154.88	250.96	172.79	246.93	163.84	295.77	207.01	694.05	340.02	209.27	685.10					723.89	723.89	3.41	3.14	0	0				
07/12/2018	3.3.2	Gaze Project	O4	3	M	Bilingual	G130	06/09/2018	89100	1280 x 720		Raw Data	Ord4_T6_R.avi	190	0	900	720									76521	10:17:05.542	1536226399314740															0	5865		Fixation	8	427	297	0.33	216.96	356.27																				9181	638	415	617	297	627	356	437	356	256.10	122.73	247.48	170.49	251.79	146.61	295.81	207.00	694.16	340.07	209.27	685.23					723.99	723.99	3.69	3.25	0	0				
07/12/2018	3.3.2	Gaze Project	O4	3	M	Bilingual	G130	06/09/2018	89100	1280 x 720		Raw Data	Ord4_T6_R.avi	190	0	900	720									76529	10:17:05.550	1536226399323102															0	5866		Fixation	8	447	266	1.22	57.26	200.30																				9182	606	349	637	266	621	307	431	307	243.21	149.49	255.53	182.66	249.37	166.07	295.87	206.99	694.28	340.13	209.29	685.39					724.11	724.11	3.56	3.10	0	0				
07/12/2018	3.3.2	Gaze Project	O4	3	M	Bilingual	G130	06/09/2018	89100	1280 x 720		Raw Data	Ord4_T6_R.avi	190	0	900	720									76538	10:17:05.559	1536226399331451															0	5867		Fixation	8	404	470	6.80	258.13	200.88																				9183	599	394	594	470	596	432	406	432	240.51	131.37	238.26	100.62	239.38	115.99	295.94	207.00	694.45	340.99	213.29	696.90					724.27	724.27	3.61	4.14	0	0				
07/12/2018	3.3.2	Gaze Project	O4	3	M	Bilingual	G130	06/09/2018	89100	1280 x 720		Raw Data	Ord4_T6_R.avi	190	0	900	720									76546	10:17:05.567	1536226399339719															0	5868		Fixation	8	451	290	6.06	75.41	177.28																				9184	624	402	641	290	632	346	442	346	250.60	127.95	257.34	173.14	253.97	150.54	296.02	206.98	694.51	340.28	209.29	685.64					724.32	724.32	3.40	3.04	0	0				
07/12/2018	3.3.2	Gaze Project	O4	3	M	Bilingual	G130	06/09/2018	89100	1280 x 720		Raw Data	Ord4_T6_R.avi	190	0	900	720									76554	10:17:05.575	1536226399348050															0	5869		Fixation	8	431	481	6.32	264.04	188.63																				9185	610	394	621	481	615	437	425	437	245.03	131.11	249.26	96.09	247.14	113.60	296.10	206.98	694.68	340.33	209.37	685.60					724.49	724.49	3.52	4.18	0	0				
07/12/2018	3.3.2	Gaze Project	O4	3	M	Bilingual	G130	06/09/2018	89100	1280 x 720		Raw Data	Ord4_T6_R.avi	190	0	900	720									76563	10:17:05.584	1536226399356397															0	5870		Fixation	8	407	414	2.34	109.65	205.61																				9186	629	522	597	414	613	468	423	468	252.63	79.78	239.66	123.04	246.14	101.41	296.19	206.97	694.79	340.46	209.28	685.88					724.59	724.59	4.04	3.94	0	0				
07/12/2018	3.3.2	Gaze Project	O4	3	M	Bilingual	G130	06/09/2018	89100	1280 x 720		Raw Data	Ord4_T6_R.avi	190	0	900	720									76571	10:17:05.592	1536226399364767															0	5871		Fixation	8	429	536	4.00	280.19	170.54																				9187	635	434	619	536	627	485	437	485	254.92	115.01	248.65	74.08	251.79	94.54	296.28	206.98	694.98	341.38	213.45	697.90					724.78	724.78	3.87	4.45	0	0				
07/12/2018	3.3.2	Gaze Project	O4	3	M	Bilingual	G130	06/09/2018	89100	1280 x 720		Raw Data	Ord4_T6_R.avi	190	0	900	720									76579	10:17:05.600	1536226399373047															0	5872		Fixation	8	425	495	1.32	95.55	175.36																				9188	624	457	615	495	619	476	429	476	250.53	105.99	246.80	90.65	248.66	98.32	296.37	206.94	695.03	340.64	209.28	686.17					724.82	724.82	3.81	4.26	0	0				
07/12/2018	3.3.2	Gaze Project	O4	3	M	Bilingual	G130	06/09/2018	89100	1280 x 720		Raw Data	Ord4_T6_R.avi	190	0	900	720									76588	10:17:05.609	1536226399381398															0	5873		Fixation	8	423	359	4.45	90.84	355.29																				9189	621	447	613	359	617	403	427	403	249.38	109.74	246.08	145.34	247.73	127.54	296.46	206.93	695.19	340.73	209.27	686.28					724.97	724.97	3.85	3.85	0	0				
07/12/2018	3.3.2	Gaze Project	O4	3	M	Bilingual	G130	06/09/2018	89100	1280 x 720		Raw Data	Ord4_T6_R.avi	190	0	900	720									76596	10:17:05.617	1536226399389719															0	5874		Fixation	8	488	489	4.77	296.49	205.65																				9190	606	427	678	489	642	458	452	458	243.08	118.17	272.27	92.90	257.68	105.54	296.54	206.91	695.32	341.37	212.03	694.45					725.09	725.09	3.74	4.08	0	0				
07/12/2018	3.3.2	Gaze Project	O4	3	M	Bilingual	G130	06/09/2018	89100	1280 x 720		Raw Data	Ord4_T6_R.avi	190	0	900	720									76604	10:17:05.625	1536226399398078															0	5875		Fixation	8	394	537	3.37	207.13	270.63																				9191	603	489	584	537	593	513	403	513	242.16	93.15	234.25	73.82	238.21	83.49	297.13	208.73	700.24	340.90	209.28	686.65					730.37	730.37	4.03	4.18	0	0				
07/12/2018	3.3.2	Gaze Project	O4	3	M	Bilingual	G130	06/09/2018	89100	1280 x 720		Raw Data	Ord4_T6_R.avi	190	0	900	720									76613	10:17:05.634	1536226399406440															0	5876		Fixation	8	419	492	1.64	61.02	213.90																				9192	625	552	609	492	617	522	427	522	250.76	67.77	244.27	91.74	247.52	79.75	296.69	206.88	695.68	340.96	209.26	686.78					725.43	725.43	4.15	4.18	0	0				
07/12/2018	3.3.2	Gaze Project	O4	3	M	Bilingual	G130	06/09/2018	89100	1280 x 720		Raw Data	Ord4_T6_R.avi	190	0	900	720									76621	10:17:05.642	1536226399414697															0	5877		Fixation	8	437	484	0.63	24.03	323.01																				9193	630	474	627	484	628	479	438	479	252.69	99.09	251.57	95.06	252.13	97.08	296.78	208.43	700.69	341.63	212.26	695.62					730.67	730.67	4.05	4.18	0	0				
07/12/2018	3.3.2	Gaze Project	O4	3	M	Bilingual	G130	06/09/2018	89100	1280 x 720		Raw Data	Ord4_T6_R.avi	190	0	900	720									76629	10:17:05.650	1536226399423042															0	5878		Fixation	8	411	479	0.86	169.08	145.05																				9194	625	537	601	479	613	508	423	508	251.03	73.78	241.25	97.09	246.14	85.44	296.81	206.81	695.96	341.08	209.21	687.02					725.68	725.68	4.15	4.03	0	0				
07/12/2018	3.3.2	Gaze Project	O4	3	M	Bilingual	G130	06/09/2018	89100	1280 x 720		Raw Data	Ord4_T6_R.avi	190	0	900	720									76638	10:17:05.659	1536226399431394															0	5879		Fixation	8	416	545	2.13	274.32	105.24																				9195	594	473	606	545	600	509	410	509	238.58	99.39	243.39	70.52	240.98	84.96	296.86	206.78	696.16	341.13	209.20	687.24					725.86	725.86	3.95	4.16	0	0				
07/12/2018	3.3.2	Gaze Project	O4	3	M	Bilingual	G130	06/09/2018	89100	1280 x 720		Raw Data	Ord4_T6_R.avi	190	0	900	720									76646	10:17:05.667	1536226399439753															0			Unclassified	8																									9196	608	529			608	529	418	529	244.08	76.80					296.90	206.73	696.29		-34.01						725.97		4.18		0	4				
07/12/2018	3.3.2	Gaze Project	O4	3	M	Bilingual	G130	06/09/2018	89100	1280 x 720		Raw Data	Ord4_T6_R.avi	190	0	900	720									76654	10:17:05.675	1536226399448105															0	5880		Fixation	8	442	523	1.08	40.33	126.01																				9197	636	461	632	523	634	492	444	492	255.34	104.48	253.87	79.48	254.61	91.98	296.94	206.71	696.54	341.20	209.14	687.54					726.20	726.20	3.94	4.13	0	0				
07/12/2018	3.3.2	Gaze Project	O4	3	M	Bilingual	G130	06/09/2018	89100	1280 x 720		Raw Data	Ord4_T6_R.avi	190	0	900	720									76663	10:17:05.683	1536226399456372															0	5881		Fixation	8	436	516	0.30	130.51	90.18																				9198	592	478	626	516	609	497	419	497	237.49	97.29	251.33	82.04	244.41	89.66	296.98	206.64	696.65	341.23	209.11	687.73					726.28	726.28	3.93	4.15	0	0				
07/12/2018	3.3.2	Gaze Project	O4	3	M	Bilingual	G130	06/09/2018	89100	1280 x 720		Raw Data	Ord4_T6_R.avi	190	0	900	720									76671	10:17:05.692	1536226399464704															0	5882		Fixation	8	418	545	1.08	238.26	107.74																				9199	609	508	608	545	608	526	418	526	244.35	85.51	243.99	70.48	244.17	78.00	297.04	208.57	702.82	341.25	209.06	687.85					732.73	732.73	4.08	4.15	0	0				
07/12/2018	3.3.2	Gaze Project	O4	3	M	Bilingual	G130	06/09/2018	89100	1280 x 720		Raw Data	Ord4_T6_R.avi	190	0	900	720									76679	10:17:05.700	1536226399473062															0	5883		Fixation	8	441	475	2.34	71.87	193.61																				9200	615	478	631	475	623	476	433	476	246.77	97.28	253.37	98.58	250.07	97.93	297.03	206.54	697.02	341.82	211.73	695.91					726.60	726.60	3.89	4.14	0	0				
07/12/2018	3.3.2	Gaze Project	O4	3	M	Bilingual	G130	06/09/2018	89100	1280 x 720		Raw Data	Ord4_T6_R.avi	190	0	900	720									76688	10:17:05.709	1536226399481410															0	5884		Fixation	8	434	523	1.55	261.73	189.86																				9201	600	514	624	523	612	518	422	518	240.95	82.97	250.64	79.34	245.80	81.15	297.05	206.51	697.26	341.29	208.99	688.22					726.81	726.81	4.12	4.12	0	0				
07/12/2018	3.3.2	Gaze Project	O4	3	M	Bilingual	G130	06/09/2018	89100	1280 x 720		Raw Data	Ord4_T6_R.avi	190	0	900	720									76696	10:17:05.717	1536226399489675															0	5885		Fixation	8	441	510	0.47	61.78	160.05																				9202	609	511	631	510	620	510	430	510	244.37	84.19	253.21	84.60	248.79	84.39	297.07	206.46	697.44	341.85	211.61	696.11					726.97	726.97	3.93	4.20	0	0				
07/12/2018	3.3.2	Gaze Project	O4	3	M	Bilingual	G130	06/09/2018	89100	1280 x 720		Raw Data	Ord4_T6_R.avi	190	0	900	720									76704	10:17:05.725	1536226399498045															0	5886		Fixation	8	440	506	0.13	103.99	42.22																				9203	601	587	630	506	615	546	425	546	241.25	53.36	252.81	86.28	247.03	69.82	297.09	206.43	697.65	341.32	208.91	688.50					727.16	727.16	4.16	4.04	0	0				
07/12/2018	3.3.2	Gaze Project	O4	3	M	Bilingual	G130	06/09/2018	89100	1280 x 720		Raw Data	Ord4_T6_R.avi	190	0	900	720									76713	10:17:05.733	1536226399506367															0	5887		Fixation	8	408	504	1.03	176.41	72.42																				9204	572	500	598	504	585	502	395	502	229.78	88.63	239.86	86.90	234.82	87.77	297.60	208.14	702.36	341.83	211.34	695.87					732.19	732.19	3.95	4.19	0	0				
07/12/2018	3.3.2	Gaze Project	O4	3	M	Bilingual	G130	06/09/2018	89100	1280 x 720		Raw Data	Ord4_T6_R.avi	190	0	900	720									76721	10:17:05.742	1536226399514730															0	5888		Fixation	8	428	449	1.87	70.08	253.66																				9205	589	484	618	449	603	466	413	466	236.28	94.89	248.03	109.23	242.16	102.06	297.13	206.37	698.04	341.34	208.86	688.84					727.51	727.51	3.93	3.77	0	0				
07/12/2018	3.3.2	Gaze Project	O4	3	M	Bilingual	G130	06/09/2018	89100	1280 x 720		Raw Data	Ord4_T6_R.avi	190	0	900	720									76729	10:17:05.750	1536226399523088															0	5889		Fixation	8	408	549	3.25	258.73	188.65																				9206	611	564	598	549	604	556	414	556	245.26	62.92	240.11	68.70	242.68	65.81	297.54	207.76	701.85	342.44	211.22	695.26					731.58	731.58	4.14	4.13	0	0				
07/12/2018	3.3.2	Gaze Project	O4	3	M	Bilingual	G130	06/09/2018	89100	1280 x 720		Raw Data	Ord4_T6_R.avi	190	0	900	720									76738	10:17:05.758	1536226399531358															0	5890		Fixation	8	393	532	0.73	131.33	232.61																				9207	596	509	583	532	589	520	399	520	239.22	84.93	234.20	75.84	236.71	80.39	297.17	206.32	698.41	341.39	208.85	689.26					727.85	727.85	4.08	4.17	0	0				
07/12/2018	3.3.2	Gaze Project	O4	3	M	Bilingual	G130	06/09/2018	89100	1280 x 720		Raw Data	Ord4_T6_R.avi	190	0	900	720									76746	10:17:05.767	1536226399539714															0	5891		Fixation	8	406	497	1.19	69.68	298.35																				9208	604	546	596	497	600	521	410	521	242.56	70.25	239.36	89.68	240.96	79.96	297.72	208.17	703.47	341.41	208.84	689.43					733.25	733.25	4.08	4.07	0	0				
07/12/2018	3.3.2	Gaze Project	O4	3	M	Bilingual	G130	06/09/2018	89100	1280 x 720		Raw Data	Ord4_T6_R.avi	190	0	900	720									76754	10:17:05.775	1536226399548042															0	5892		Fixation	8	402	474	0.76	99.83	30.15																				9209	580	488	592	474	586	481	396	481	232.91	93.40	237.68	99.14	235.29	96.27	297.21	206.28	698.74	341.43	208.82	689.58					728.15	728.15	3.93	3.99	0	0				
07/12/2018	3.3.2	Gaze Project	O4	3	M	Bilingual	G130	06/09/2018	89100	1280 x 720		Raw Data	Ord4_T6_R.avi	190	0	900	720									76763	10:17:05.784	1536226399556406															0	5893		Fixation	8	417	508	1.21	293.74	193.90																				9210	612	562	607	508	609	535	419	535	245.85	63.56	243.78	85.54	244.81	74.55	297.23	206.35	698.71	341.46	208.82	689.76					728.14	728.14	4.10	4.03	0	0				
07/12/2018	3.3.2	Gaze Project	O4	3	M	Bilingual	G130	06/09/2018	89100	1280 x 720		Raw Data	Ord4_T6_R.avi	190	0	900	720									76771	10:17:05.792	1536226399564760															0	5894		Fixation	8	425	467	1.34	78.99	145.26																				9211	628	432	615	467	621	449	431	449	251.92	115.97	246.84	101.80	249.38	108.88	297.28	206.29	699.15	341.49	208.82	689.94					728.54	728.54	3.74	4.00	0	0				
07/12/2018	3.3.2	Gaze Project	O4	3	M	Bilingual	G130	06/09/2018	89100	1280 x 720		Raw Data	Ord4_T6_R.avi	190	0	900	720									76779	10:17:05.800	1536226399573024															0	5895		Fixation	8	403	451	0.89	143.88	64.89																				9212	626	523	593	451	609	487	419	487	251.42	79.21	238.07	108.17	244.75	93.69	297.31	206.27	699.29	341.51	208.79	690.01					728.67	728.67	4.21	4.10	0	0				
07/12/2018	3.3.2	Gaze Project	O4	3	M	Bilingual	G130	06/09/2018	89100	1280 x 720		Raw Data	Ord4_T6_R.avi	190	0	900	720									76788	10:17:05.808	1536226399581355															0	5896		Fixation	8	420	365	2.85	78.85	294.97																				9213	606	488	610	365	608	426	418	426	243.11	93.59	245.00	142.91	244.05	118.25	297.35	206.27	699.47	341.56	208.85	690.32					728.84	728.84	4.09	3.83	0	0				
07/12/2018	3.3.2	Gaze Project	O4	3	M	Bilingual	G130	06/09/2018	89100	1280 x 720		Raw Data	Ord4_T6_R.avi	190	0	900	720									76796	10:17:05.817	1536226399589711															0	5897		Fixation	8	429	412	1.57	280.81	201.95																				9214	587	462	619	412	603	437	413	437	235.55	103.90	248.37	123.91	241.96	113.91	297.39	206.26	699.62	341.61	208.88	690.56					728.98	728.98	3.95	3.98	0	0				
07/12/2018	3.3.2	Gaze Project	O4	3	M	Bilingual	G130	06/09/2018	89100	1280 x 720		Raw Data	Ord4_T6_R.avi	190	0	900	720									76804	10:17:05.825	1536226399598070															0	5898		Fixation	8	421	483	2.31	263.59	342.79																				9215	595	427	611	483	603	455	413	455	238.91	117.93	245.10	95.48	242.01	106.70	297.44	206.27	699.82	341.65	208.85	690.62					729.18	729.18	3.91	4.14	0	0				
07/12/2018	3.3.2	Gaze Project	O4	3	M	Bilingual	G130	06/09/2018	89100	1280 x 720		Raw Data	Ord4_T6_R.avi	190	0	900	720									76813	10:17:05.833	1536226399606347															0	5899		Fixation	8	423	520	1.19	273.08	9.49																				9216	609	416	613	520	611	468	421	468	244.37	122.37	245.88	80.49	245.13	101.43	297.47	206.10	699.89	341.69	208.86	690.78					729.19	729.19	3.72	4.28	0	0				
07/12/2018	3.3.2	Gaze Project	O4	3	M	Bilingual	G130	06/09/2018	89100	1280 x 720		Raw Data	Ord4_T6_R.avi	190	0	900	720									76821	10:17:05.842	1536226399614688															0	5900		Fixation	8	400	456	2.20	109.71	196.62																				9217	574	509	590	456	582	482	392	482	230.42	84.98	236.73	106.36	233.58	95.67	297.48	206.22	700.15	341.70	208.91	691.14					729.47	729.47	4.14	4.06	0	0				
07/12/2018	3.3.2	Gaze Project	O4	3	M	Bilingual	G130	06/09/2018	89100	1280 x 720		Raw Data	Ord4_T6_R.avi	190	0	900	720									76829	10:17:05.850	1536226399623023															0	5901		Fixation	8	373	395	2.18	113.81	4.10																				9218	465	618	563	395	514	506	324	506	186.61	40.96	226.18	131.01	206.40	85.98	297.50	208.73	708.12	341.59	208.75	691.13					737.81	737.81	4.02	3.46	0	0				
07/12/2018	3.3.2	Gaze Project	O4	3	M	Bilingual	G130	06/09/2018	89100	1280 x 720		Raw Data	Ord4_T6_R.avi	190	0	900	720									76838	10:17:05.858	1536226399631363															0	5902		Fixation	8	289	653	8.50	252.02	138.21																				9219	520	674	479	653	499	663	309	663	208.57	18.55	192.32	26.83	200.44	22.69	297.37	206.05	700.21	341.50	208.70	691.43					729.46	729.46	4.20	4.32	0	0				
07/12/2018	3.3.2	Gaze Project	O4	3	M	Bilingual	G130	06/09/2018	89100	1280 x 720		Raw Data	Ord4_T6_R.avi	190	0	900	720									76846	10:17:05.867	1536226399639739															0			Unclassified	8																									9220	415	706			415	706	225	706	166.64	5.62					297.36	205.89	700.67		-34.01						729.84		4.03		0	4				
07/12/2018	3.3.2	Gaze Project	O4	3	M	Bilingual	G130	06/09/2018	89100	1280 x 720		Raw Data	Ord4_T6_R.avi	190	0	900	720									76854	10:17:05.875	1536226399648007															0	5903		Fixation	8	254	698	1.69	232.21	340.19																				9221	400	749	444	698	422	723			160.40	-11.52	178.24	8.76	169.32	-1.38	297.34	205.84	700.99	341.42	208.63	691.92					730.13	730.13	3.93	4.22	0	0				
07/12/2018	3.3.2	Gaze Project	O4	3	M	Bilingual	G130	06/09/2018	89100	1280 x 720		Raw Data	Ord4_T6_R.avi	190	0	900	720									76863	10:17:05.883	1536226399656340															0	5904		Fixation	8	226	705	0.86	194.08	321.87																				9222	339	756	416	705	377	730			136.11	-14.43	167.17	5.90	151.64	-4.26	297.31	205.85	700.99	341.40	208.57	691.99					730.13	730.13	3.77	4.25	0	0				
07/12/2018	3.3.2	Gaze Project	O4	3	M	Bilingual	G130	06/09/2018	89100	1280 x 720		Raw Data	Ord4_T6_R.avi	190	0	900	720									76871	10:17:05.892	1536226399664699															0	5905		Fixation	8			1.40	253.12	59.04																				9223			402	751	402	751					161.20	-12.67						341.38	208.38	692.06						0.00		4.33	4	0				
07/12/2018	3.3.2	Gaze Project	O4	3	M	Bilingual	G130	06/09/2018	89100	1280 x 720		Raw Data	Ord4_T6_R.avi	190	0	900	720									76879	10:17:05.900	1536226399673051															0	5906		Fixation	8			0.21	195.99	302.87																				9224			395	753	395	753					158.72	-13.39						342.61	211.23	699.52						0.00		4.27	4	0				
07/12/2018	3.3.2	Gaze Project	O4	3	M	Bilingual	G130	06/09/2018	89100	1280 x 720		Raw Data	Ord4_T6_R.avi	190	0	900	720									76888	10:17:05.909	1536226399681412															0	5907		Fixation	8			0.30	0.00	164.01																				9225	444	732	405	753	424	742			178.23	-5.03	162.61	-13.24	170.42	-9.13	297.22	205.53	701.67	341.31	208.43	692.33					730.66	730.66	3.90	4.26	0	0				
07/12/2018	3.3.2	Gaze Project	O4	3	M	Bilingual	G130	06/09/2018	89100	1280 x 720		Raw Data	Ord4_T6_R.avi	190	0	900	720									76896	10:17:05.917	1536226399689672															0	5908		Fixation	8			0.73	326.89	326.89																				9226	329	698	425	766	377	732			131.91	9.01	170.51	-18.70	151.21	-4.84	297.20	206.52	705.19	341.26	208.40	692.43					734.30	734.30	3.63	4.33	0	0				
07/12/2018	3.3.2	Gaze Project	O4	3	M	Bilingual	G130	06/09/2018	89100	1280 x 720		Raw Data	Ord4_T6_R.avi	190	0	900	720									76904	10:17:05.925	1536226399698004															0	5909		Fixation	8			0.29	36.96	70.07																				9227	420	755	433	760	426	757			168.77	-14.04	173.85	-16.16	171.31	-15.10	297.14	205.42	701.94	341.22	208.22	692.50					730.88	730.88	4.11	4.40	0	0				
07/12/2018	3.3.2	Gaze Project	O4	3	M	Bilingual	G130	06/09/2018	89100	1280 x 720		Raw Data	Ord4_T6_R.avi	190	0	900	720									76913	10:17:05.933	1536226399706363															0	5910		Fixation	8			1.09	116.49	79.53																				9228	418	783	417	728	417	755			167.91	-25.37	167.34	-3.23	167.62	-14.30	297.14	206.09	704.43	341.20	208.31	692.52					733.45	733.45	4.22	4.24	0	0				
07/12/2018	3.3.2	Gaze Project	O4	3	M	Bilingual	G130	06/09/2018	89100	1280 x 720		Raw Data	Ord4_T6_R.avi	190	0	900	720									76921	10:17:05.942	1536226399714727															0	5911		Fixation	8			0.85	280.09	163.60																				9229	387	779	422	756	404	767			155.39	-23.84	169.33	-14.44	162.36	-19.14	297.14	206.52	705.81	341.65	210.44	698.97					734.88	734.88	4.13	4.31	0	0				
07/12/2018	3.3.2	Gaze Project	O4	3	M	Bilingual	G130	06/09/2018	89100	1280 x 720		Raw Data	Ord4_T6_R.avi	190	0	900	720									76929	10:17:05.950	1536226399722990															0	5912		Fixation	8			0.45	160.29	240.19																				9230			408	751	408	751					163.62	-12.49						341.24	208.30	692.72						0.00		4.24	4	0				
07/12/2018	3.3.2	Gaze Project	O4	3	M	Bilingual	G130	06/09/2018	89100	1280 x 720		Raw Data	Ord4_T6_R.avi	190	0	900	720									76938	10:17:05.958	1536226399731335															0			Unclassified	8																									9231	415	776			415	776			166.75	-22.47					297.82	207.51	708.02		-34.01						737.33		4.12		0	4				
07/12/2018	3.3.2	Gaze Project	O4	3	M	Bilingual	G130	06/09/2018	89100	1280 x 720		Raw Data	Ord4_T6_R.avi	190	0	900	720									76946	10:17:05.967	1536226399739672															0	5913		Fixation	8			0.48	134.91	334.62																				9232			397	740	397	740					159.16	-8.09						341.40	208.28	692.83						0.00		4.25	4	0				
07/12/2018	3.3.2	Gaze Project	O4	3	M	Bilingual	G130	06/09/2018	89100	1280 x 720		Raw Data	Ord4_T6_R.avi	190	0	900	720									76954	10:17:05.975	1536226399748033															0	5914		Fixation	8			0.39	278.72	143.81																				9233			399	753	399	753					160.10	-13.19						341.53	208.30	692.95						0.00		4.30	4	0				
07/12/2018	3.3.2	Gaze Project	O4	3	M	Bilingual	G130	06/09/2018	89100	1280 x 720		Raw Data	Ord4_T6_R.avi	190	0	900	720									76963	10:17:05.984	1536226399756386															0	5915		Fixation	8			0.15	68.26	149.54																				9234			401	748	401	748					161.03	-11.40						341.69	208.31	693.01						0.00		4.27	4	0				
07/12/2018	3.3.2	Gaze Project	O4	3	M	Bilingual	G130	06/09/2018	89100	1280 x 720		Raw Data	Ord4_T6_R.avi	190	0	900	720									76971	10:17:05.992	1536226399764661															0	5916		Fixation	8			0.82	209.33	141.07																				9235	408	766	376	762	392	764			163.87	-18.46	150.81	-16.96	157.34	-17.71	297.70	205.37	702.33	343.01	210.79	699.65					731.26	731.26	4.10	4.23	0	0				
07/12/2018	3.3.2	Gaze Project	O4	3	M	Bilingual	G130	06/09/2018	89100	1280 x 720		Raw Data	Ord4_T6_R.avi	190	0	900	720									76979	10:17:06.000	1536226399772998															0	5917		Fixation	8			1.25	13.43	164.11																				9236	392	746	418	752	405	749			157.45	-10.50	167.86	-12.83	162.66	-11.66	297.88	205.38	702.31	342.08	208.33	693.17					731.25	731.25	4.01	4.29	0	0				
07/12/2018	3.3.2	Gaze Project	O4	3	M	Bilingual	G130	06/09/2018	89100	1280 x 720		Raw Data	Ord4_T6_R.avi	190	0	900	720									76988	10:17:06.008	1536226399781351															0	5918		Fixation	8			0.16	21.87	8.43																				9237			423	750	423	750					169.69	-11.97						342.32	208.36	693.29						0.00		4.29	4	0				
07/12/2018	3.3.2	Gaze Project	O4	3	M	Bilingual	G130	06/09/2018	89100	1280 x 720		Raw Data	Ord4_T6_R.avi	190	0	900	720									76996	10:17:06.017	1536226399789707															0	5919		Fixation	8			0.54	148.95	127.09																				9238	400	767	408	741	404	754			160.63	-19.01	163.67	-8.66	162.15	-13.83	298.33	206.56	705.98	342.55	208.37	693.33					735.13	735.13	4.09	4.26	0	0				
07/12/2018	3.3.2	Gaze Project	O4	3	M	Bilingual	G130	06/09/2018	89100	1280 x 720		Raw Data	Ord4_T6_R.avi	190	0	900	720									77004	10:17:06.025	1536226399797963															0	5920		Fixation	8			0.49	325.22	176.26																				9239	443	757	421	750	432	753			177.89	-15.07	168.81	-12.12	173.35	-13.60	298.52	205.40	702.26	342.80	208.41	693.48					731.25	731.25	4.14	4.23	0	0				
07/12/2018	3.3.2	Gaze Project	O4	3	M	Bilingual	G130	06/09/2018	89100	1280 x 720		Raw Data	Ord4_T6_R.avi	190	0	900	720									77013	10:17:06.033	1536226399806320															0	5921		Fixation	8			0.90	174.27	209.05																				9240	336	756	391	747	363	751			134.79	-14.30	156.78	-11.04	145.79	-12.67	298.76	206.08	704.57	343.46	210.39	699.41					733.67	733.67	3.97	4.37	0	0				
07/12/2018	3.3.2	Gaze Project	O4	3	M	Bilingual	G130	06/09/2018	89100	1280 x 720		Raw Data	Ord4_T6_R.avi	190	0	900	720									77021	10:17:06.042	1536226399814652															0	5922		Fixation	8			0.44	326.22	151.95																				9241	399	771	403	755	401	763			160.14	-20.42	161.66	-14.02	160.90	-17.22	298.96	205.29	702.30	343.28	208.45	693.63					731.28	731.28	4.17	4.31	0	0				
07/12/2018	3.3.2	Gaze Project	O4	3	M	Bilingual	G130	06/09/2018	89100	1280 x 720		Raw Data	Ord4_T6_R.avi	190	0	900	720									77029	10:17:06.050	1536226399823018															0	5923		Fixation	8			0.33	74.79	108.57																				9242			406	744	406	744					163.08	-9.77						343.51	208.47	693.71						0.00		4.27	4	0				
07/12/2018	3.3.2	Gaze Project	O4	3	M	Bilingual	G130	06/09/2018	89100	1280 x 720		Raw Data	Ord4_T6_R.avi	190	0	900	720									77038	10:17:06.058	1536226399831359															0	5924		Fixation	8			0.24	225.09	150.30																				9243	416	805	400	750	408	777			166.80	-34.35	160.43	-12.28	163.61	-23.31	300.12	207.87	709.04	344.69	210.60	699.34					738.54	738.54	4.03	4.28	0	0				
07/12/2018	3.3.2	Gaze Project	O4	3	M	Bilingual	G130	06/09/2018	89100	1280 x 720		Raw Data	Ord4_T6_R.avi	190	0	900	720									77046	10:17:06.067	1536226399839624															0	5925		Fixation	8			0.29	61.02	195.93																				9244	401	765	405	741	403	753			161.13	-17.99	162.43	-8.50	161.78	-13.24	300.10	207.16	707.17	343.90	208.49	693.84					736.55	736.55	4.04	4.29	0	0				
07/12/2018	3.3.2	Gaze Project	O4	3	M	Bilingual	G130	06/09/2018	89100	1280 x 720		Raw Data	Ord4_T6_R.avi	190	0	900	720									77054	10:17:06.075	1536226399847995															0	5926		Fixation	8			1.03	346.33	285.31																				9245	336	810	438	749	387	779			134.89	-36.40	175.72	-11.72	155.31	-24.06	299.72	205.25	702.31	344.07	208.48	693.89					731.32	731.32	3.97	4.21	0	0				
07/12/2018	3.3.2	Gaze Project	O4	3	M	Bilingual	G130	06/09/2018	89100	1280 x 720		Raw Data	Ord4_T6_R.avi	190	0	900	720									77063	10:17:06.083	1536226399856330															0	5927		Fixation	8	210	707	1.75	132.05	145.72																				9246	323	773	400	707	361	740			129.73	-21.44	160.46	5.40	145.10	-8.02	299.85	205.17	702.34	344.21	208.52	694.06					731.33	731.33	3.91	4.16	0	0				
07/12/2018	3.3.2	Gaze Project	O4	3	M	Bilingual	G130	06/09/2018	89100	1280 x 720		Raw Data	Ord4_T6_R.avi	190	0	900	720									77071	10:17:06.092	1536226399864686															0	5928		Fixation	8	234	707	0.72	0.00	227.95																				9247	368	765	424	707	396	736			147.77	-18.21	170.16	5.24	158.97	-6.48	299.97	205.09	702.41	344.33	208.37	694.11					731.37	731.37	4.11	4.15	0	0				
07/12/2018	3.3.2	Gaze Project	O4	3	M	Bilingual	G130	06/09/2018	89100	1280 x 720		Raw Data	Ord4_T6_R.avi	190	0	900	720									77079	10:17:06.100	1536226399873044															0	5929		Fixation	8			0.95	280.92	280.92																				9248	332	777	430	738	381	757			133.33	-23.00	172.51	-7.33	152.92	-15.17	300.05	204.97	702.46	344.39	208.56	694.04					731.39	731.39	3.94	3.98	0	0				
07/12/2018	3.3.2	Gaze Project	O4	3	M	Bilingual	G130	06/09/2018	89100	1280 x 720		Raw Data	Ord4_T6_R.avi	190	0	900	720									77088	10:17:06.108	1536226399881317															0	5930		Fixation	8	220	718	0.87	134.91	213.99																				9249	407	785	410	718	408	751			163.31	-26.02	164.45	0.93	163.88	-12.54	300.12	204.98	702.46	344.42	208.41	694.08					731.39	731.39	3.90	4.25	0	0				
07/12/2018	3.3.2	Gaze Project	O4	3	M	Bilingual	G130	06/09/2018	89100	1280 x 720		Raw Data	Ord4_T6_R.avi	190	0	900	720									77096	10:17:06.117	1536226399889639															0	5931		Fixation	8			1.03	306.44	171.53																				9250	365	779	430	745	397	762			146.68	-23.75	172.67	-10.10	159.67	-16.92	300.16	204.61	702.61	344.42	208.35	694.06					731.41	731.41	4.05	4.21	0	0				
07/12/2018	3.3.2	Gaze Project	O4	3	M	Bilingual	G130	06/09/2018	89100	1280 x 720		Raw Data	Ord4_T6_R.avi	190	0	900	720									77104	10:17:06.125	1536226399897997															0	5932		Fixation	8	247	712	0.99	78.06	131.62																				9251	366	787	437	712	401	749			147.09	-26.80	175.32	3.08	161.21	-11.86	300.15	204.61	702.69	344.39	208.26	693.94					731.49	731.49	4.08	4.20	0	0				
07/12/2018	3.3.2	Gaze Project	O4	3	M	Bilingual	G130	06/09/2018	89100	1280 x 720		Raw Data	Ord4_T6_R.avi	190	0	900	720									77113	10:17:06.133	1536226399906354															0	5933		Fixation	8			1.37	213.11	135.05																				9252	396	765	397	738	396	751			159.11	-18.12	159.55	-7.14	159.33	-12.63	300.15	204.54	702.95	345.23	212.31	705.82					731.71	731.71	3.95	4.28	0	0				
07/12/2018	3.3.2	Gaze Project	O4	3	M	Bilingual	G130	06/09/2018	89100	1280 x 720		Raw Data	Ord4_T6_R.avi	190	0	900	720									77121	10:17:06.142	1536226399914635															0	5934		Fixation	8			0.65	34.47	181.36																				9253	428	779	416	725	422	752			171.65	-23.81	167.04	-1.94	169.35	-12.88	300.13	204.52	702.96	345.10	211.93	704.93					731.71	731.71	3.99	4.25	0	0				
07/12/2018	3.3.2	Gaze Project	O4	3	M	Bilingual	G130	06/09/2018	89100	1280 x 720		Raw Data	Ord4_T6_R.avi	190	0	900	720									77129	10:17:06.150	1536226399922973															0	5935		Fixation	8	234	681	1.31	79.73	45.26																				9254	389	746	424	681	406	713	216	713	156.16	-10.38	170.10	15.58	163.13	2.60	300.16	207.02	711.49	344.20	208.05	693.87					740.58	740.58	4.05	4.08	0	0				
07/12/2018	3.3.2	Gaze Project	O4	3	M	Bilingual	G130	06/09/2018	89100	1280 x 720		Raw Data	Ord4_T6_R.avi	190	0	900	720									77138	10:17:06.158	1536226399931305															0	5936		Fixation	8	265	710	1.31	316.82	237.09																				9255	374	775	455	710	414	742			150.17	-22.12	182.80	3.88	166.48	-9.12	300.02	204.11	703.22	344.98	212.05	705.65					731.81	731.81	3.96	4.28	0	0				
07/12/2018	3.3.2	Gaze Project	O4	3	M	Bilingual	G130	06/09/2018	89100	1280 x 720		Raw Data	Ord4_T6_R.avi	190	0	900	720									77146	10:17:06.167	1536226399939667															0	5937		Fixation	8			1.66	200.38	243.57																				9256	389	750	401	730	395	740			156.17	-12.03	160.86	-4.18	158.51	-8.10	299.96	203.99	703.39	344.77	211.51	704.34					731.94	731.94	4.02	4.20	0	0				
07/12/2018	3.3.2	Gaze Project	O4	3	M	Bilingual	G130	06/09/2018	89100	1280 x 720		Raw Data	Ord4_T6_R.avi	190	0	900	720									77154	10:17:06.175	1536226399948026															0	5938		Fixation	8	244	691	1.45	49.85	209.47																				9257	378	755	434	691	406	723			151.77	-14.13	174.25	11.82	163.01	-1.16	299.89	203.84	703.46	344.56	210.94	702.96					731.95	731.95	3.94	4.11	0	0				
07/12/2018	3.3.2	Gaze Project	O4	3	M	Bilingual	G130	06/09/2018	89100	1280 x 720		Raw Data	Ord4_T6_R.avi	190	0	900	720									77163	10:17:06.183	1536226399956294															0	5939		Fixation	8	249	707	0.51	287.30	237.45																				9258	356	749	439	707	397	728			142.99	-11.56	176.24	5.27	159.61	-3.15	299.92	206.46	711.91	344.51	211.13	703.67					740.78	740.78	3.99	4.21	0	0				
07/12/2018	3.3.2	Gaze Project	O4	3	M	Bilingual	G130	06/09/2018	89100	1280 x 720		Raw Data	Ord4_T6_R.avi	190	0	900	720									77171	10:17:06.192	1536226399964645															0	5940		Fixation	8			0.77	238.75	311.45																				9259	398	757	425	730	411	743			159.61	-15.01	170.42	-4.20	165.02	-9.60	299.77	203.59	703.68	343.64	207.50	693.30					732.07	732.07	3.92	4.36	0	0				
07/12/2018	3.3.2	Gaze Project	O4	3	M	Bilingual	G130	06/09/2018	89100	1280 x 720		Raw Data	Ord4_T6_R.avi	190	0	900	720									77179	10:17:06.200	1536226399972983															0	5941		Fixation	8			0.15	143.04	264.29																				9260	376	747	421	727	398	737			150.94	-10.91	169.17	-2.82	160.06	-6.87	299.72	203.36	703.78	343.53	207.38	693.13					732.08	732.08	4.01	4.30	0	0				
07/12/2018	3.3.2	Gaze Project	O4	3	M	Bilingual	G130	06/09/2018	89100	1280 x 720		Raw Data	Ord4_T6_R.avi	190	0	900	720									77188	10:17:06.208	1536226399981329															0	5942		Fixation	8			0.48	3.59	220.55																				9261	380	783	437	726	408	754			152.67	-25.33	175.33	-2.42	164.00	-13.88	299.66	203.35	703.75	343.43	207.29	693.03					732.06	732.06	3.99	4.42	0	0				
07/12/2018	3.3.2	Gaze Project	O4	3	M	Bilingual	G130	06/09/2018	89100	1280 x 720		Raw Data	Ord4_T6_R.avi	190	0	900	720									77196	10:17:06.217	1536226399989698															0	5943		Fixation	8	235	711	0.59	128.57	124.98																				9262	354	755	425	711	389	733			141.92	-13.93	170.63	3.55	156.28	-5.19	299.71	206.07	712.33	343.35	207.19	692.86					741.03	741.03	4.00	4.31	0	0				
07/12/2018	3.3.2	Gaze Project	O4	3	M	Bilingual	G130	06/09/2018	89100	1280 x 720		Raw Data	Ord4_T6_R.avi	190	0	900	720									77204	10:17:06.225	1536226399997955															0	5944		Fixation	8	210	708	0.76	173.14	44.57																				9263	380	773	400	708	390	740			152.51	-21.33	160.42	4.92	156.46	-8.20	299.59	203.19	703.89	343.99	210.44	702.47					732.12	732.12	3.99	4.19	0	0				
07/12/2018	3.3.2	Gaze Project	O4	3	M	Bilingual	G130	06/09/2018	89100	1280 x 720		Raw Data	Ord4_T6_R.avi	190	0	900	720									77213	10:17:06.233	1536226400006366															0	5945		Fixation	8	240	621	2.71	71.03	257.90																				9264	383	779	430	621	406	700	216	700	153.61	-23.89	172.72	39.93	163.16	8.02	299.57	203.10	703.89	343.22	207.05	692.62					732.09	732.09	3.98	3.92	0	0				
07/12/2018	3.3.2	Gaze Project	O4	3	M	Bilingual	G130	06/09/2018	89100	1280 x 720		Raw Data	Ord4_T6_R.avi	190	0	900	720									77221	10:17:06.242	1536226400014649															0	5946		Fixation	8			3.20	254.98	183.95																				9265	372	741	402	725	387	733			149.25	-8.53	161.44	-1.99	155.34	-5.26	300.46	205.93	711.90	343.18	206.97	692.48					740.63	740.63	3.95	4.12	0	0				
07/12/2018	3.3.2	Gaze Project	O4	3	M	Bilingual	G130	06/09/2018	89100	1280 x 720		Raw Data	Ord4_T6_R.avi	190	0	900	720									77229	10:17:06.250	1536226400023008															0	5947		Fixation	8	202	670	1.69	100.27	205.29																				9266	369	746	392	670	380	708	190	708	148.10	-10.30	157.16	19.95	152.63	4.82	299.58	202.96	703.87	343.15	206.88	692.24					732.03	732.03	3.87	4.06	0	0				
07/12/2018	3.3.2	Gaze Project	O4	3	M	Bilingual	G130	06/09/2018	89100	1280 x 720		Raw Data	Ord4_T6_R.avi	190	0	900	720									77238	10:17:06.258	1536226400031276															0	5948		Fixation	8			2.01	282.12	181.84																				9267	411	769	406	735	408	752			164.98	-19.91	163.12	-5.96	164.05	-12.93	299.59	202.84	703.70	344.44	209.61	699.56					731.83	731.83	3.95	4.32	0	0				
07/12/2018	3.3.2	Gaze Project	O4	3	M	Bilingual	G130	06/09/2018	89100	1280 x 720		Raw Data	Ord4_T6_R.avi	190	0	900	720									77246	10:17:06.267	1536226400039625															0	5949		Fixation	8			0.52	349.96	67.84																				9268	389	732	423	738	406	735			156.08	-4.99	169.95	-7.45	163.02	-6.22	299.65	203.92	707.36	343.13	206.78	691.97					735.64	735.64	4.02	4.25	0	0				
07/12/2018	3.3.2	Gaze Project	O4	3	M	Bilingual	G130	06/09/2018	89100	1280 x 720		Raw Data	Ord4_T6_R.avi	190	0	900	720									77254	10:17:06.275	1536226400047950															0	5950		Fixation	8			0.86	139.31	149.35																				9269	419	772	402	720	410	746			168.36	-20.82	161.36	-0.13	164.86	-10.47	300.14	204.43	708.17	343.12	206.72	691.78					736.60	736.60	4.08	4.17	0	0				
07/12/2018	3.3.2	Gaze Project	O4	3	M	Bilingual	G130	06/09/2018	89100	1280 x 720		Raw Data	Ord4_T6_R.avi	190	0	900	720									77263	10:17:06.283	1536226400056319															0	5951		Fixation	8			0.28	225.09	85.78																				9270			395	727	395	727					158.69	-2.67						343.08	206.71	691.70						0.00		4.23	4	0				
07/12/2018	3.3.2	Gaze Project	O4	3	M	Bilingual	G130	06/09/2018	89100	1280 x 720		Raw Data	Ord4_T6_R.avi	190	0	900	720									77271	10:17:06.292	1536226400064676															0	5952		Fixation	8	183	714	0.79	149.34	284.25																				9271	321	742	373	714	347	728			128.96	-8.79	149.64	2.58	139.30	-3.11	300.09	204.27	707.79	343.04	206.68	691.53					736.19	736.19	3.95	4.24	0	0				
07/12/2018	3.3.2	Gaze Project	O4	3	M	Bilingual	G130	06/09/2018	89100	1280 x 720		Raw Data	Ord4_T6_R.avi	190	0	900	720									77279	10:17:06.300	1536226400072946															0	5953		Fixation	8	156	697	0.98	147.72	358.38																				9272	359	749	346	697	352	723			144.02	-11.83	138.72	9.08	141.37	-1.37	299.63	202.60	703.79	344.05	208.88	697.27					731.85	731.85	3.58	4.20	0	0				
07/12/2018	3.3.2	Gaze Project	O4	3	M	Bilingual	G130	06/09/2018	89100	1280 x 720		Raw Data	Ord4_T6_R.avi	190	0	900	720									77288	10:17:06.308	1536226400081273															0	5954		Fixation	8			1.43	313.17	165.45																				9273	360	714	378	731	369	722			144.31	2.31	151.83	-4.26	148.07	-0.98	299.64	202.58	703.80	343.00	206.63	691.25					731.85	731.85	3.68	4.24	0	0				
07/12/2018	3.3.2	Gaze Project	O4	3	M	Bilingual	G130	06/09/2018	89100	1280 x 720		Raw Data	Ord4_T6_R.avi	190	0	900	720									77296	10:17:06.317	1536226400089634															0	5955		Fixation	8	192	717	0.42	74.10	120.93																				9274	359	692	382	717	370	704	180	704	144.27	11.25	153.17	1.06	148.72	6.15	299.61	202.49	703.23	342.96	206.57	691.00					731.28	731.28	3.83	4.31	0	0				
07/12/2018	3.3.2	Gaze Project	O4	3	M	Bilingual	G130	06/09/2018	89100	1280 x 720		Raw Data	Ord4_T6_R.avi	190	0	900	720									77304	10:17:06.325	1536226400097993															0	5956		Fixation	8	210	709	0.57	24.03	309.93																				9275	357	702	400	709	378	705	188	705	143.11	7.27	160.47	4.34	151.79	5.81	299.59	202.42	703.09	342.94	206.49	691.03					731.13	731.13	3.78	4.28	0	0				
07/12/2018	3.3.2	Gaze Project	O4	3	M	Bilingual	G130	06/09/2018	89100	1280 x 720		Raw Data	Ord4_T6_R.avi	190	0	900	720									77313	10:17:06.333	1536226400106345															0	5957		Fixation	8	195	698	0.58	143.66	119.63																				9276	335	731	385	698	360	714	170	714	134.57	-4.41	154.39	8.72	144.48	2.15	300.09	204.18	707.79	342.86	206.47	690.56					736.16	736.16	3.97	4.21	0	0				
07/12/2018	3.3.2	Gaze Project	O4	3	M	Bilingual	G130	06/09/2018	89100	1280 x 720		Raw Data	Ord4_T6_R.avi	190	0	900	720									77321	10:17:06.342	1536226400114609															0	5958		Fixation	8	175	719	0.83	226.49	82.83																				9277	337	744	365	719	351	731			135.45	-9.59	146.58	0.45	141.01	-4.57	300.11	204.31	708.19	342.80	206.45	690.40					736.58	736.58	4.02	4.15	0	0				
07/12/2018	3.3.2	Gaze Project	O4	3	M	Bilingual	G130	06/09/2018	89100	1280 x 720		Raw Data	Ord4_T6_R.avi	190	0	900	720									77329	10:17:06.350	1536226400122944															0	5959		Fixation	8	220	664	2.04	50.80	184.31																				9278	346	751	410	664	378	707	188	707	138.83	-12.60	164.44	22.51	151.63	4.96	300.67	206.11	713.48	343.42	209.63	699.66					742.19	742.19	4.13	4.18	0	0				
07/12/2018	3.3.2	Gaze Project	O4	3	M	Bilingual	G130	06/09/2018	89100	1280 x 720		Raw Data	Ord4_T6_R.avi	190	0	900	720									77338	10:17:06.358	1536226400131301															0	5960		Fixation	8	194	659	0.80	169.08	118.28																				9279	353	748	384	659	368	703	178	703	141.85	-11.35	154.29	24.64	148.07	6.65	299.45	202.26	702.74	342.66	206.32	689.92					730.73	730.73	4.02	4.08	0	0				
07/12/2018	3.3.2	Gaze Project	O4	3	M	Bilingual	G130	06/09/2018	89100	1280 x 720		Raw Data	Ord4_T6_R.avi	190	0	900	720									77346	10:17:06.367	1536226400139660															0	5961		Fixation	8	195	629	0.91	88.10	279.02																				9280	386	730	385	629	385	679	195	679	155.04	-4.23	154.46	36.57	154.75	16.17	299.44	202.38	702.69	342.59	206.24	689.68					730.72	730.72	3.83	3.93	0	0				
07/12/2018	3.3.2	Gaze Project	O4	3	M	Bilingual	G130	06/09/2018	89100	1280 x 720		Raw Data	Ord4_T6_R.avi	190	0	900	720									77354	10:17:06.375	1536226400147927															0	5962		Fixation	8	211	668	1.31	292.24	204.14																				9281			401	668	401	668	211	668			160.90	21.04						342.54	206.18	689.49						0.00		4.08	4	0				
07/12/2018	3.3.2	Gaze Project	O4	3	M	Bilingual	G130	06/09/2018	89100	1280 x 720		Raw Data	Ord4_T6_R.avi	190	0	900	720									77363	10:17:06.383	1536226400156278															0	5963		Fixation	8	211	700	0.97	270.00	337.76																				9282	343	748	401	700	372	724			137.57	-11.12	161.16	8.00	149.36	-1.56	299.32	202.05	702.26	342.48	206.09	689.24					730.20	730.20	3.96	4.21	0	0				
07/12/2018	3.3.2	Gaze Project	O4	3	M	Bilingual	G130	06/09/2018	89100	1280 x 720		Raw Data	Ord4_T6_R.avi	190	0	900	720									77371	10:17:06.392	1536226400164611															0	5964		Fixation	8	201	682	0.64	118.98	208.98																				9283	326	703	391	682	358	692	168	692	131.03	7.03	156.92	15.14	143.97	11.08	300.61	206.25	714.08	342.43	206.00	689.03					742.80	742.80	3.93	4.20	0	0				
07/12/2018	3.3.2	Gaze Project	O4	3	M	Bilingual	G130	06/09/2018	89100	1280 x 720		Raw Data	Ord4_T6_R.avi	190	0	900	720									77379	10:17:06.400	1536226400172975															0	5965		Fixation	8	204	687	0.18	300.88	181.91																				9284	375	723	394	687	384	705	194	705	150.66	-1.02	158.27	13.16	154.46	6.07	300.56	206.09	713.67	342.38	205.89	688.76					742.35	742.35	4.07	4.14	0	0				
07/12/2018	3.3.2	Gaze Project	O4	3	M	Bilingual	G130	06/09/2018	89100	1280 x 720		Raw Data	Ord4_T6_R.avi	190	0	900	720									77388	10:17:06.408	1536226400181318															0	5966		Fixation	8	228	700	0.85	331.48	30.60																				9285	351	755	418	700	384	727			140.73	-13.95	167.62	7.96	154.17	-3.00	300.67	206.43	714.73	342.35	205.80	688.58					743.48	743.48	4.00	4.16	0	0				
07/12/2018	3.3.2	Gaze Project	O4	3	M	Bilingual	G130	06/09/2018	89100	1280 x 720		Raw Data	Ord4_T6_R.avi	190	0	900	720									77396	10:17:06.417	1536226400189598															0	5967		Fixation	8	223	675	0.78	101.27	129.79																				9286	317	747	413	675	365	711	175	711	127.07	-10.89	165.72	17.97	146.40	3.54	299.33	205.77	713.69	342.34	205.67	688.63					742.21	742.21	4.05	4.11	0	0				
07/12/2018	3.3.2	Gaze Project	O4	3	M	Bilingual	G130	06/09/2018	89100	1280 x 720		Raw Data	Ord4_T6_R.avi	190	0	900	720									77404	10:17:06.425	1536226400197918															0	5968		Fixation	8	199	714	1.34	238.47	137.20																				9287	375	722	389	714	382	718	192	718	150.72	-0.92	156.15	2.45	153.43	0.77	300.50	205.85	713.16	342.30	205.59	688.11					741.79	741.79	4.28	4.32	0	0				
07/12/2018	3.3.2	Gaze Project	O4	3	M	Bilingual	G130	06/09/2018	89100	1280 x 720		Raw Data	Ord4_T6_R.avi	190	0	900	720									77413	10:17:06.433	1536226400206287															0	5969		Fixation	8	196	694	0.61	98.50	220.03																				9288	354	806	386	694	370	750			142.16	-34.56	154.80	10.38	148.48	-12.09	299.18	201.53	701.08	342.28	205.48	687.86					728.92	728.92	3.83	4.27	0	0				
07/12/2018	3.3.2	Gaze Project	O4	3	M	Bilingual	G130	06/09/2018	89100	1280 x 720		Raw Data	Ord4_T6_R.avi	190	0	900	720									77421	10:17:06.442	1536226400214641															0	5970		Fixation	8	209	700	0.44	335.15	236.65																				9289	358	704	399	700	378	702	188	702	143.78	6.58	160.26	8.08	152.02	7.33	299.16	201.43	700.81	342.29	205.35	687.91					728.62	728.62	3.59	4.21	0	0				
07/12/2018	3.3.2	Gaze Project	O4	3	M	Bilingual	G130	06/09/2018	89100	1280 x 720		Raw Data	Ord4_T6_R.avi	190	0	900	720									77429	10:17:06.450	1536226400223001															0	5971		Fixation	8	194	708	0.50	208.15	232.99																				9290	353	715	384	708	368	711	178	711	141.87	2.20	154.15	4.78	148.01	3.49	299.15	201.35	700.62	342.25	205.29	687.44					728.42	728.42	3.60	4.12	0	0				
07/12/2018	3.3.2	Gaze Project	O4	3	M	Bilingual	G130	06/09/2018	89100	1280 x 720		Raw Data	Ord4_T6_R.avi	190	0	900	720									77438	10:17:06.458	1536226400231261															0	5972		Fixation	8			0.60	247.23	39.08																				9291	380	720	376	727	378	723			152.38	0.02	151.06	-2.77	151.72	-1.37	299.13	201.26	700.40	342.24	205.19	687.21					728.18	728.18	3.77	4.12	0	0				
07/12/2018	3.3.2	Gaze Project	O4	3	M	Bilingual	G130	06/09/2018	89100	1280 x 720		Raw Data	Ord4_T6_R.avi	190	0	900	720									77446	10:17:06.467	1536226400239593															0	5973		Fixation	8			0.36	289.92	42.69																				9292	324	740	380	738	352	739			130.04	-8.11	152.68	-7.19	141.36	-7.65	299.70	203.14	705.44	342.22	205.09	686.96					733.58	733.58	3.77	4.17	0	0				
07/12/2018	3.3.2	Gaze Project	O4	3	M	Bilingual	G130	06/09/2018	89100	1280 x 720		Raw Data	Ord4_T6_R.avi	190	0	900	720									77454	10:17:06.475	1536226400247952															0	5974		Fixation	8			0.52	56.40	126.47																				9293	359	754	390	723	374	738			144.29	-13.74	156.73	-1.23	150.51	-7.49	299.10	201.12	699.98	342.19	205.01	686.74					727.74	727.74	3.81	4.20	0	0				
07/12/2018	3.3.2	Gaze Project	O4	3	M	Bilingual	G130	06/09/2018	89100	1280 x 720		Raw Data	Ord4_T6_R.avi	190	0	900	720									77463	10:17:06.483	1536226400256312															0	5975		Fixation	8	198	690	1.00	93.46	37.06																				9294	365	772	388	690	376	731			146.31	-20.88	155.90	12.24	151.11	-4.32	299.66	203.02	705.08	342.17	204.91	686.47					733.20	733.20	3.76	4.17	0	0				
07/12/2018	3.3.2	Gaze Project	O4	3	M	Bilingual	G130	06/09/2018	89100	1280 x 720		Raw Data	Ord4_T6_R.avi	190	0	900	720									77471	10:17:06.492	1536226400264582															0	5976		Fixation	8			1.08	270.00	176.54																				9295	364	717	388	726	376	721			146.17	1.11	155.65	-2.54	150.91	-0.71	299.05	200.98	699.53	342.14	204.83	686.24					727.27	727.27	3.62	4.21	0	0				
07/12/2018	3.3.2	Gaze Project	O4	3	M	Bilingual	G130	06/09/2018	89100	1280 x 720		Raw Data	Ord4_T6_R.avi	190	0	900	720									77479	10:17:06.500	1536226400272924															0	5977		Fixation	8			0.65	198.49	288.49																				9296	361	726	367	733	364	729			145.08	-2.51	147.45	-5.05	146.27	-3.78	299.02	200.93	699.30	342.11	204.76	686.00					727.03	727.03	3.62	4.15	0	0				
07/12/2018	3.3.2	Gaze Project	O4	3	M	Bilingual	G130	06/09/2018	89100	1280 x 720		Raw Data	Ord4_T6_R.avi	190	0	900	720									77488	10:17:06.508	1536226400281266															0	5978		Fixation	8	161	698	1.18	114.50	276.01																				9297	387	653	351	698	369	675	179	675	155.53	27.06	140.93	8.73	148.23	17.89	298.99	200.84	699.01	342.09	204.69	685.79					726.73	726.73	3.48	4.02	0	0				
07/12/2018	3.3.2	Gaze Project	O4	3	M	Bilingual	G130	06/09/2018	89100	1280 x 720		Raw Data	Ord4_T6_R.avi	190	0	900	720									77496	10:17:06.517	1536226400289626															0	5979		Fixation	8			1.29	322.76	208.27																				9298	376	721	384	723	380	722			150.91	-0.48	154.03	-1.25	152.47	-0.87	298.97	200.79	698.83	342.05	204.60	685.53					726.54	726.54	3.53	4.14	0	0				
07/12/2018	3.3.2	Gaze Project	O4	3	M	Bilingual	G130	06/09/2018	89100	1280 x 720		Raw Data	Ord4_T6_R.avi	190	0	900	720									77504	10:17:06.525	1536226400297980															0	5980		Fixation	8	185	718	0.32	150.87	188.10																				9299	332	757	375	718	353	737			133.28	-15.02	150.39	0.61	141.83	-7.20	299.48	202.56	703.54	342.02	204.52	685.32					731.59	731.59	3.66	4.10	0	0				
07/12/2018	3.3.2	Gaze Project	O4	3	M	Bilingual	G130	06/09/2018	89100	1280 x 720		Raw Data	Ord4_T6_R.avi	190	0	900	720									77513	10:17:06.533	1536226400306249															0	5981		Fixation	8	181	713	0.20	128.57	337.70																				9300	366	726	371	713	368	719	178	719	146.82	-2.49	149.05	2.90	147.93	0.20	299.52	202.72	704.02	341.99	204.44	685.12					732.09	732.09	3.65	4.14	0	0				
07/12/2018	3.3.2	Gaze Project	O4	3	M	Bilingual	G130	06/09/2018	89100	1280 x 720		Raw Data	Ord4_T6_R.avi	190	0	900	720									77521	10:17:06.542	1536226400314645															0	5982		Fixation	8			0.23	293.13	164.56																				9301	352	744	374	720	363	732			141.37	-9.86	150.01	0.15	145.69	-4.85	298.87	200.57	698.20	341.94	204.34	684.88					725.87	725.87	3.64	4.08	0	0				
07/12/2018	3.3.2	Gaze Project	O4	3	M	Bilingual	G130	06/09/2018	89100	1280 x 720		Raw Data	Ord4_T6_R.avi	190	0	900	720									77529	10:17:06.550	1536226400322934															0	5983		Fixation	8	196	701	0.65	57.81	124.68																				9302	349	718	386	701	367	709	177	709	140.19	0.81	155.02	7.81	147.60	4.31	299.41	202.47	703.33	343.01	206.66	691.05					731.36	731.36	3.63	4.04	0	0				
07/12/2018	3.3.2	Gaze Project	O4	3	M	Bilingual	G130	06/09/2018	89100	1280 x 720		Raw Data	Ord4_T6_R.avi	190	0	900	720									77538	10:17:06.558	1536226400331296															0	5984		Fixation	8	177	714	0.67	214.47	156.66																				9303	353	759	367	714	360	736			141.57	-15.69	147.35	2.53	144.46	-6.58	298.81	201.66	701.81	341.84	204.16	684.44					729.63	729.63	3.83	4.04	0	0				
07/12/2018	3.3.2	Gaze Project	O4	3	M	Bilingual	G130	06/09/2018	89100	1280 x 720		Raw Data	Ord4_T6_R.avi	190	0	900	720									77546	10:17:06.567	1536226400339573															0	5985		Fixation	8			0.50	338.13	123.67																				9304	351	721	382	720	366	720			140.72	-0.33	153.22	0.18	146.97	-0.08	298.75	201.43	701.21	341.78	204.09	684.28					728.98	728.98	3.89	4.06	0	0				
07/12/2018	3.3.2	Gaze Project	O4	3	M	Bilingual	G130	06/09/2018	89100	1280 x 720		Raw Data	Ord4_T6_R.avi	190	0	900	720									77554	10:17:06.575	1536226400347913															0	5986		Fixation	8	176	716	0.50	165.92	187.79																				9305	343	784	366	716	354	750			137.55	-25.63	146.96	1.75	142.25	-11.94	299.25	202.27	702.91	341.71	204.01	684.11					730.88	730.88	3.97	4.05	0	0				
07/12/2018	3.3.2	Gaze Project	O4	3	M	Bilingual	G130	06/09/2018	89100	1280 x 720		Raw Data	Ord4_T6_R.avi	190	0	900	720									77563	10:17:06.583	1536226400356241															0	5987		Fixation	8	202	628	2.74	73.59	267.67																				9306			392	628	392	628	202	628			157.23	36.89						341.64	203.93	683.92						0.00		3.89	4	0				
07/12/2018	3.3.2	Gaze Project	O4	3	M	Bilingual	G130	06/09/2018	89100	1280 x 720		Raw Data	Ord4_T6_R.avi	190	0	900	720									77571	10:17:06.592	1536226400364608															0	5988		Fixation	8			3.05	278.10	204.51																				9307	386	762	406	726	396	744			154.91	-16.74	162.79	-2.24	158.85	-9.49	299.14	202.20	702.76	341.56	203.86	683.74					730.71	730.71	3.99	4.03	0	0				
07/12/2018	3.3.2	Gaze Project	O4	3	M	Bilingual	G130	06/09/2018	89100	1280 x 720		Raw Data	Ord4_T6_R.avi	190	0	900	720									77579	10:17:06.600	1536226400372962															0	5989		Fixation	8	190	696	1.24	130.82	212.72																				9308	388	752	380	696	384	724			155.71	-12.84	152.56	9.66	154.14	-1.59	298.53	201.52	701.57	341.50	203.83	683.60					729.34	729.34	4.00	3.99	0	0				
07/12/2018	3.3.2	Gaze Project	O4	3	M	Bilingual	G130	06/09/2018	89100	1280 x 720		Raw Data	Ord4_T6_R.avi	190	0	900	720									77588	10:17:06.608	1536226400381231															0	5990		Fixation	8	208	691	0.56	15.57	244.75																				9309	413	718	398	691	405	704	215	704	165.82	0.80	159.59	11.51	162.70	6.16	298.45	200.07	696.94	341.44	203.78	683.42					724.48	724.48	3.96	3.99	0	0				
07/12/2018	3.3.2	Gaze Project	O4	3	M	Bilingual	G130	06/09/2018	89100	1280 x 720		Raw Data	Ord4_T6_R.avi	190	0	900	720									77596	10:17:06.617	1536226400389580															0	5991		Fixation	8	199	704	0.46	235.39	219.82																				9310	362	721	389	704	375	712	185	712	145.18	-0.41	156.16	6.52	150.67	3.05	298.38	200.01	696.78	341.36	203.69	683.20					724.31	724.31	3.85	3.98	0	0				
07/12/2018	3.3.2	Gaze Project	O4	3	M	Bilingual	G130	06/09/2018	89100	1280 x 720		Raw Data	Ord4_T6_R.avi	190	0	900	720									77604	10:17:06.625	1536226400397922															0	5992		Fixation	8	225	700	0.79	8.77	133.38																				9311	397	709	415	700	406	704	216	704	159.39	4.51	166.73	8.04	163.06	6.27	298.31	199.89	696.83	341.29	203.64	683.09					724.32	724.32	3.60	3.95	0	0				
07/12/2018	3.3.2	Gaze Project	O4	3	M	Bilingual	G130	06/09/2018	89100	1280 x 720		Raw Data	Ord4_T6_R.avi	190	0	900	720									77613	10:17:06.633	1536226400406264															0	5993		Fixation	8	213	677	0.81	117.48	108.70																				9312	423	725	403	677	413	701	223	701	169.85	-2.13	161.66	17.46	165.76	7.67	298.24	199.92	696.55	341.21	203.56	682.89					724.06	724.06	3.67	3.96	0	0				
07/12/2018	3.3.2	Gaze Project	O4	3	M	Bilingual	G130	06/09/2018	89100	1280 x 720		Raw Data	Ord4_T6_R.avi	190	0	900	720									77621	10:17:06.642	1536226400414635															0	5994		Fixation	8	216	674	0.13	45.09	287.61																				9313	386	669	406	674	396	671	206	671	154.78	20.50	162.93	18.51	158.86	19.51	298.17	199.86	696.38	341.15	203.50	682.76					723.88	723.88	3.43	3.89	0	0				
07/12/2018	3.3.2	Gaze Project	O4	3	M	Bilingual	G130	06/09/2018	89100	1280 x 720		Raw Data	Ord4_T6_R.avi	190	0	900	720									77629	10:17:06.650	1536226400422893															0	5995		Fixation	8	200	655	0.78	130.01	84.92																				9314	368	692	390	655	379	673	189	673	147.86	11.23	156.50	26.26	152.18	18.74	298.66	201.65	701.18	341.10	203.45	682.68					729.02	729.02	3.55	3.91	0	0				
07/12/2018	3.3.2	Gaze Project	O4	3	M	Bilingual	G130	06/09/2018	89100	1280 x 720		Raw Data	Ord4_T6_R.avi	190	0	900	720									77638	10:17:06.658	1536226400431232															0	5996		Fixation	8	214	666	0.56	321.75	191.74																				9315	409	752	404	666	406	709	216	709	164.32	-12.79	162.03	21.81	163.18	4.51	298.07	199.78	696.15	341.05	203.39	682.56					723.63	723.63	3.75	3.96	0	0				
07/12/2018	3.3.2	Gaze Project	O4	3	M	Bilingual	G130	06/09/2018	89100	1280 x 720		Raw Data	Ord4_T6_R.avi	190	0	900	720									77646	10:17:06.667	1536226400439587															0	5997		Fixation	8	220	667	0.19	350.51	28.75																				9316	385	703	410	667	397	685	207	685	154.36	6.66	164.41	21.53	159.39	14.09	298.02	199.74	696.04	341.01	203.33	682.44					723.51	723.51	3.66	3.86	0	0				
07/12/2018	3.3.2	Gaze Project	O4	3	M	Bilingual	G130	06/09/2018	89100	1280 x 720		Raw Data	Ord4_T6_R.avi	190	0	900	720									77654	10:17:06.675	1536226400447944															0	5998		Fixation	8	224	688	0.66	280.75	290.24																				9317	381	701	414	688	397	694	207	694	153.11	7.72	166.33	13.06	159.72	10.39	298.02	201.29	700.95	340.97	203.28	682.38					728.65	728.65	3.78	3.97	0	0				
07/12/2018	3.3.2	Gaze Project	O4	3	M	Bilingual	G130	06/09/2018	89100	1280 x 720		Raw Data	Ord4_T6_R.avi	190	0	900	720									77663	10:17:06.683	1536226400456220															0	5999		Fixation	8	223	678	0.31	95.69	174.94																				9318	403	721	413	678	408	699	218	699	161.72	-0.42	165.63	16.91	163.68	8.24	297.98	201.35	701.16	340.94	203.22	682.26					728.86	728.86	3.89	3.97	0	0				
07/12/2018	3.3.2	Gaze Project	O4	3	M	Bilingual	G130	06/09/2018	89100	1280 x 720		Raw Data	Ord4_T6_R.avi	190	0	900	720									77671	10:17:06.692	1536226400464553															0	6000		Fixation	8	232	687	0.40	314.91	219.22																				9319	426	728	422	687	424	707	234	707	171.06	-3.07	169.50	13.20	170.28	5.06	297.91	199.62	695.75	340.90	203.16	682.13					723.19	723.19	3.89	3.96	0	0				
07/12/2018	3.3.2	Gaze Project	O4	3	M	Bilingual	G130	06/09/2018	89100	1280 x 720		Raw Data	Ord4_T6_R.avi	190	0	900	720									77679	10:17:06.700	1536226400472900															0	6001		Fixation	8	216	677	0.59	147.91	193.00																				9320			406	677	406	677	216	677			163.03	17.26						340.87	203.12	682.08						0.00		3.88	4	0				
07/12/2018	3.3.2	Gaze Project	O4	3	M	Bilingual	G130	06/09/2018	89100	1280 x 720		Raw Data	Ord4_T6_R.avi	190	0	900	720									77688	10:17:06.708	1536226400481246															0	6002		Fixation	8	229	683	0.45	335.15	187.24																				9321	372	718	419	683	395	700	205	700	149.32	0.75	168.17	14.74	158.75	7.74	297.84	199.55	695.57	340.84	203.08	682.01					722.99	722.99	3.75	3.94	0	0				
07/12/2018	3.3.2	Gaze Project	O4	3	M	Bilingual	G130	06/09/2018	89100	1280 x 720		Raw Data	Ord4_T6_R.avi	190	0	900	720									77696	10:17:06.717	1536226400489614															0	6003		Fixation	8	227	702	0.58	264.01	288.86																				9322	379	710	417	702	398	706	208	706	152.03	4.19	167.57	7.38	159.80	5.78	297.80	199.43	695.62	340.81	203.05	681.96					722.99	722.99	3.72	3.93	0	0				
07/12/2018	3.3.2	Gaze Project	O4	3	M	Bilingual	G130	06/09/2018	89100	1280 x 720		Raw Data	Ord4_T6_R.avi	190	0	900	720									77704	10:17:06.725	1536226400497896															0	6004		Fixation	8	172	657	2.24	140.62	236.61																				9323	355	706	362	657	358	681	168	681	142.57	5.62	145.34	25.53	143.95	15.58	297.77	199.43	695.62	340.78	202.99	681.85					722.99	722.99	3.89	3.80	0	0				
07/12/2018	3.3.2	Gaze Project	O4	3	M	Bilingual	G130	06/09/2018	89100	1280 x 720		Raw Data	Ord4_T6_R.avi	190	0	900	720									77713	10:17:06.733	1536226400506238															0	6005		Fixation	8	221	673	1.60	341.86	201.24																				9324	398	676	411	673	404	674	214	674	159.73	17.71	165.09	19.06	162.41	18.38	297.73	199.45	695.30	340.76	202.99	681.85					722.70	722.70	3.66	3.86	0	0				
07/12/2018	3.3.2	Gaze Project	O4	3	M	Bilingual	G130	06/09/2018	89100	1280 x 720		Raw Data	Ord4_T6_R.avi	190	0	900	720									77721	10:17:06.742	1536226400514571															0	6006		Fixation	8	218	683	0.31	253.35	271.49																				9325	404	712	408	683	406	697	216	697	162.25	3.11	163.61	14.94	162.93	9.03	297.72	200.62	699.14	340.72	202.94	681.76					726.70	726.70	3.60	3.89	0	0				
07/12/2018	3.3.2	Gaze Project	O4	3	M	Bilingual	G130	06/09/2018	89100	1280 x 720		Raw Data	Ord4_T6_R.avi	190	0	900	720									77729	10:17:06.750	1536226400522928															0	6007		Fixation	8	233	685	0.47	352.38	99.03																				9326	403	691	423	685	413	688	223	688	161.90	11.51	169.94	14.13	165.92	12.82	297.66	199.41	695.22	340.69	202.92	681.72					722.60	722.60	3.64	3.89	0	0				
07/12/2018	3.3.2	Gaze Project	O4	3	M	Bilingual	G130	06/09/2018	89100	1280 x 720		Raw Data	Ord4_T6_R.avi	190	0	900	720									77738	10:17:06.758	1536226400531283															0	6008		Fixation	8	240	654	0.96	77.32	84.93																				9327	408	744	430	654	419	699	229	699	163.61	-9.87	172.56	26.57	168.09	8.35	297.65	200.42	698.55	340.66	202.89	681.66					726.07	726.07	3.59	3.85	0	0				
07/12/2018	3.3.2	Gaze Project	O4	3	M	Bilingual	G130	06/09/2018	89100	1280 x 720		Raw Data	Ord4_T6_R.avi	190	0	900	720									77746	10:17:06.767	1536226400539547															0	6009		Fixation	8	218	690	1.26	238.65	161.34																				9328	403	715	408	690	405	702	215	702	161.66	2.02	163.66	11.94	162.66	6.98	297.59	199.36	695.07	340.63	202.86	681.62					722.45	722.45	3.68	3.93	0	0				
07/12/2018	3.3.2	Gaze Project	O4	3	M	Bilingual	G130	06/09/2018	89100	1280 x 720		Raw Data	Ord4_T6_R.avi	190	0	900	720									77754	10:17:06.775	1536226400547882															0	6010		Fixation	8	212	677	0.45	114.70	236.05																				9329	382	665	402	677	392	671	202	671	153.19	21.97	161.25	17.35	157.22	19.66	297.55	199.35	695.04	340.60	202.85	681.61					722.41	722.41	3.47	3.88	0	0				
07/12/2018	3.3.2	Gaze Project	O4	3	M	Bilingual	G130	06/09/2018	89100	1280 x 720		Raw Data	Ord4_T6_R.avi	190	0	900	720									77763	10:17:06.783	1536226400556241															0	6011		Fixation	8	234	686	0.75	337.69	222.98																				9330	385	736	424	686	404	711	214	711	154.66	-6.48	170.18	13.85	162.42	3.68	297.51	199.32	694.96	340.57	202.82	681.56					722.32	722.32	3.67	3.92	0	0				
07/12/2018	3.3.2	Gaze Project	O4	3	M	Bilingual	G130	06/09/2018	89100	1280 x 720		Raw Data	Ord4_T6_R.avi	190	0	900	720									77771	10:17:06.792	1536226400564597															0	6012		Fixation	8	259	670	0.89	32.70	55.02																				9331	408	727	449	670	428	698	238	698	163.69	-2.94	180.43	20.15	172.06	8.60	297.50	200.54	698.93	340.53	202.77	681.49					726.46	726.46	3.45	3.87	0	0				
07/12/2018	3.3.2	Gaze Project	O4	3	M	Bilingual	G130	06/09/2018	89100	1280 x 720		Raw Data	Ord4_T6_R.avi	190	0	900	720									77779	10:17:06.800	1536226400572875															0	6013		Fixation	8	188	646	2.35	161.27	128.56																				9332	399	722	378	646	388	684	198	684	160.35	-0.77	151.63	29.93	155.99	14.58	297.43	199.27	694.88	340.49	202.75	681.46					722.22	722.22	3.64	3.80	0	0				
07/12/2018	3.3.2	Gaze Project	O4	3	M	Bilingual	G130	06/09/2018	89100	1280 x 720		Raw Data	Ord4_T6_R.avi	190	0	900	720									77788	10:17:06.808	1536226400581215															0	6014		Fixation	8	238	686	2.03	321.25	159.98																				9333	372	688	428	686	400	687	210	687	149.37	12.78	171.83	13.71	160.60	13.25	297.40	199.15	694.93	340.46	202.71	681.42					722.23	722.23	3.57	3.88	0	0				
07/12/2018	3.3.2	Gaze Project	O4	3	M	Bilingual	G130	06/09/2018	89100	1280 x 720		Raw Data	Ord4_T6_R.avi	190	0	900	720									77796	10:17:06.817	1536226400589556															0	6015		Fixation	8	255	697	0.64	327.01	5.76																				9334	384	644	445	697	414	670	224	670	154.28	30.77	178.61	9.41	166.45	20.09	297.35	199.21	694.78	340.43	202.70	681.46					722.11	722.11	3.49	3.89	0	0				
07/12/2018	3.3.2	Gaze Project	O4	3	M	Bilingual	G130	06/09/2018	89100	1280 x 720		Raw Data	Ord4_T6_R.avi	190	0	900	720									77804	10:17:06.825	1536226400597913															0	6016		Fixation	8	219	708	1.13	197.04	230.03																				9335			409	708	409	708	219	708			164.10	4.87						340.40	202.79	681.42						0.00		3.95	4	0				
07/12/2018	3.3.2	Gaze Project	O4	3	M	Bilingual	G130	06/09/2018	89100	1280 x 720		Raw Data	Ord4_T6_R.avi	190	0	900	720									77813	10:17:06.833	1536226400606268															0	6017		Fixation	8	231	684	0.80	63.51	226.47																				9336	410	722	421	684	415	703	225	703	164.45	-0.92	169.17	14.69	166.81	6.88	297.27	199.16	694.73	340.36	202.62	681.38					722.04	722.04	3.73	3.85	0	0				
07/12/2018	3.3.2	Gaze Project	O4	3	M	Bilingual	G130	06/09/2018	89100	1280 x 720		Raw Data	Ord4_T6_R.avi	190	0	900	720									77821	10:17:06.842	1536226400614536															0	6018		Fixation	8	234	674	0.31	73.35	9.84																				9337	351	708	424	674	387	691	197	691	141.02	4.91	170.27	18.41	155.65	11.66	297.23	199.14	694.75	340.32	202.58	681.38					722.05	722.05	3.77	3.96	0	0				
07/12/2018	3.3.2	Gaze Project	O4	3	M	Bilingual	G130	06/09/2018	89100	1280 x 720		Raw Data	Ord4_T6_R.avi	190	0	900	720									77829	10:17:06.850	1536226400622881															0	6019		Fixation	8	249	698	0.89	301.92	228.57																				9338	364	693	439	698	401	695	211	695	146.13	10.98	176.27	8.76	161.20	9.87	297.20	199.10	694.73	340.28	202.53	681.36					722.02	722.02	3.63	3.92	0	0				
07/12/2018	3.3.2	Gaze Project	O4	3	M	Bilingual	G130	06/09/2018	89100	1280 x 720		Raw Data	Ord4_T6_R.avi	190	0	900	720									77838	10:17:06.858	1536226400631222															0	6020		Fixation	8	227	711	0.76	210.66	268.74																				9339	399	724	417	711	408	717	218	717	160.12	-1.54	167.31	3.76	163.72	1.11	297.16	199.06	694.70	340.25	202.49	681.35					721.97	721.97	3.68	3.92	0	0				
07/12/2018	3.3.2	Gaze Project	O4	3	M	Bilingual	G130	06/09/2018	89100	1280 x 720		Raw Data	Ord4_T6_R.avi	190	0	900	720									77846	10:17:06.867	1536226400639581															0	6021		Fixation	8	228	716	0.16	281.27	70.61																				9340	415	705	418	716	416	710	226	710	166.73	5.88	167.72	1.57	167.23	3.72	297.12	199.03	694.67	340.22	202.45	681.35					721.93	721.93	3.66	3.89	0	0				
07/12/2018	3.3.2	Gaze Project	O4	3	M	Bilingual	G130	06/09/2018	89100	1280 x 720		Raw Data	Ord4_T6_R.avi	190	0	900	720									77854	10:17:06.875	1536226400647937															0	6022		Fixation	8	208	659	1.89	109.28	188.00																				9341	378	734	398	659	388	696	198	696	151.68	-5.81	159.57	24.73	155.62	9.46	297.08	199.00	694.66	340.18	202.41	681.35					721.91	721.91	3.66	3.85	0	0				
07/12/2018	3.3.2	Gaze Project	O4	3	M	Bilingual	G130	06/09/2018	89100	1280 x 720		Raw Data	Ord4_T6_R.avi	190	0	900	720									77863	10:17:06.883	1536226400656184															0	6023		Fixation	8	251	693	1.74	321.58	212.30																				9342	405	638	441	693	423	665	233	665	162.76	32.98	177.22	10.67	169.99	21.83	297.05	198.97	694.68	340.15	202.37	681.35					721.92	721.92	3.48	3.86	0	0				
07/12/2018	3.3.2	Gaze Project	O4	3	M	Bilingual	G130	06/09/2018	89100	1280 x 720		Raw Data	Ord4_T6_R.avi	190	0	900	720									77871	10:17:06.892	1536226400664532															0	6024		Fixation	8	231	690	0.63	171.44	209.87																				9343	390	701	421	690	405	695	215	695	156.61	7.72	168.83	12.13	162.72	9.93	297.02	198.93	694.64	340.12	202.32	681.31					721.87	721.87	3.62	3.85	0	0				
07/12/2018	3.3.2	Gaze Project	O4	3	M	Bilingual	G130	06/09/2018	89100	1280 x 720		Raw Data	Ord4_T6_R.avi	190	0	900	720									77879	10:17:06.900	1536226400672893															0	6025		Fixation	8	249	691	0.56	356.81	185.37																				9344	383	655	439	691	411	673	221	673	153.74	26.09	176.04	11.68	164.89	18.89	296.99	198.90	694.63	340.09	202.28	681.31					721.85	721.85	3.55	3.88	0	0				
07/12/2018	3.3.2	Gaze Project	O4	3	M	Bilingual	G130	06/09/2018	89100	1280 x 720		Raw Data	Ord4_T6_R.avi	190	0	900	720									77888	10:17:06.908	1536226400681250															0	6026		Fixation	8	222	669	1.10	140.74	143.93																				9345	417	727	412	669	414	698	224	698	167.44	-2.98	165.33	20.42	166.38	8.72	297.48	200.64	699.39	340.07	202.23	681.29					726.94	726.94	3.85	3.80	0	0				
07/12/2018	3.3.2	Gaze Project	O4	3	M	Bilingual	G130	06/09/2018	89100	1280 x 720		Raw Data	Ord4_T6_R.avi	190	0	900	720									77896	10:17:06.917	1536226400689524															0	6027		Fixation	8	259	691	1.36	329.18	188.45																				9346	369	737	449	691	409	714	219	714	148.24	-6.76	180.07	11.61	164.16	2.43	296.94	198.83	694.58	340.06	202.20	681.32					721.77	721.77	3.82	3.87	0	0				
07/12/2018	3.3.2	Gaze Project	O4	3	M	Bilingual	G130	06/09/2018	89100	1280 x 720		Raw Data	Ord4_T6_R.avi	190	0	900	720									77904	10:17:06.925	1536226400697862															0	6028		Fixation	8	218	675	1.38	158.62	189.44																				9347	383	704	408	675	395	689	205	689	153.73	6.30	163.89	18.11	158.81	12.20	296.94	199.68	697.50	340.05	202.17	681.33					724.81	724.81	3.92	3.82	0	0				
07/12/2018	3.3.2	Gaze Project	O4	3	M	Bilingual	G130	06/09/2018	89100	1280 x 720		Raw Data	Ord4_T6_R.avi	190	0	900	720									77913	10:17:06.933	1536226400706206															0	6029		Fixation	8	237	704	1.09	303.15	144.53																				9348	349	694	427	704	388	699	198	699	140.07	10.63	171.45	6.38	155.76	8.51	296.93	200.15	698.89	340.04	202.15	681.36					726.27	726.27	3.84	3.90	0	0				
07/12/2018	3.3.2	Gaze Project	O4	3	M	Bilingual	G130	06/09/2018	89100	1280 x 720		Raw Data	Ord4_T6_R.avi	190	0	900	720									77921	10:17:06.942	1536226400714552															0	6030		Fixation	8			0.64	236.39	293.25																				9349			415	722	415	722					166.48	-0.61						340.04	202.12	681.37						0.00		3.92	4	0				
07/12/2018	3.3.2	Gaze Project	O4	3	M	Bilingual	G130	06/09/2018	89100	1280 x 720		Raw Data	Ord4_T6_R.avi	190	0	900	720									77929	10:17:06.950	1536226400722922															0	6031		Fixation	8	227	652	2.14	88.37	211.97																				9350	361	700	417	652	389	676	199	676	144.78	7.95	167.57	27.42	156.18	17.69	297.37	200.43	699.03	340.03	202.07	681.34					726.52	726.52	3.78	3.83	0	0				
07/12/2018	3.3.2	Gaze Project	O4	3	M	Bilingual	G130	06/09/2018	89100	1280 x 720		Raw Data	Ord4_T6_R.avi	190	0	900	720									77938	10:17:06.958	1536226400731181															0	6032		Fixation	8	217	715	1.93	261.01	172.64																				9351	387	719	407	715	397	717	207	717	155.43	0.34	163.52	1.92	159.48	1.13	296.89	198.76	694.55	340.04	202.04	681.33					721.72	721.72	3.72	3.92	0	0				
07/12/2018	3.3.2	Gaze Project	O4	3	M	Bilingual	G130	06/09/2018	89100	1280 x 720		Raw Data	Ord4_T6_R.avi	190	0	900	720									77946	10:17:06.967	1536226400739524															0	6033		Fixation	8	209	695	0.67	111.74	210.73																				9352	344	707	399	695	371	701	181	701	138.15	5.31	160.32	9.96	149.24	7.64	297.39	200.45	699.09	340.06	202.03	681.34					726.58	726.58	3.70	3.84	0	0				
07/12/2018	3.3.2	Gaze Project	O4	3	M	Bilingual	G130	06/09/2018	89100	1280 x 720		Raw Data	Ord4_T6_R.avi	190	0	900	720									77954	10:17:06.975	1536226400747873															0	6034		Fixation	8	270	606	3.25	55.66	303.92																				9353	396	703	460	606	428	654	238	654	159.14	6.96	184.54	45.85	171.84	26.41	296.96	198.77	694.46	340.12	202.03	681.33					721.64	721.64	3.76	3.72	0	0				
07/12/2018	3.3.2	Gaze Project	O4	3	M	Bilingual	G130	06/09/2018	89100	1280 x 720		Raw Data	Ord4_T6_R.avi	190	0	900	720									77963	10:17:06.983	1536226400756285															0	6035		Fixation	8	318	564	1.96	41.28	345.62																				9354	464	645	508	564	486	604	296	604	186.38	30.40	204.06	62.97	195.22	46.68	297.15	198.86	694.47	341.55	204.90	688.87					721.69	721.69	3.83	3.69	0	0				
07/12/2018	3.3.2	Gaze Project	O4	3	M	Bilingual	G130	06/09/2018	89100	1280 x 720		Raw Data	Ord4_T6_R.avi	190	0	900	720									77971	10:17:06.992	1536226400764508															0	6036		Fixation	8	379	373	6.44	72.34	31.06																				9355	549	498	569	373	559	435	369	435	220.25	89.40	228.29	139.92	224.27	114.66	297.34	198.92	694.39	340.40	202.15	681.34					721.65	721.65	3.60	3.12	0	0				
07/12/2018	3.3.2	Gaze Project	O4	3	M	Bilingual	G130	06/09/2018	89100	1280 x 720		Raw Data	Ord4_T6_R.avi	190	0	900	720									77979	10:17:07.000	1536226400772850															0	6037		Fixation	8	365	309	2.16	102.30	29.96																				9356	604	359	555	309	579	334	389	334	242.38	145.25	222.64	165.38	232.51	155.32	297.51	199.08	694.33	342.59	206.48	693.08					721.65	721.65	3.07	3.12	0	0				
07/12/2018	3.3.2	Gaze Project	O4	3	M	Bilingual	G130	06/09/2018	89100	1280 x 720		Raw Data	Ord4_T6_R.avi	190	0	900	720									77988	10:17:07.008	1536226400781181															0	6038		Fixation	8	409	355	2.10	313.63	211.33																				9357	648	342	599	355	623	348	433	348	259.95	152.24	240.51	146.83	250.23	149.54	297.60	198.96	694.34	340.66	202.17	681.30					721.62	721.62	3.02	3.12	0	0				
07/12/2018	3.3.2	Gaze Project	O4	3	M	Bilingual	G130	06/09/2018	89100	1280 x 720		Raw Data	Ord4_T6_R.avi	190	0	900	720									77996	10:17:07.017	1536226400789531															0	6039		Fixation	8	399	428	2.44	262.22	308.59																				9358	605	386	589	428	597	407	407	407	242.81	134.39	236.62	117.71	239.71	126.05	297.65	198.90	694.18	340.74	202.12	681.27					721.46	721.46	3.37	3.56	0	0				
07/12/2018	3.3.2	Gaze Project	O4	3	M	Bilingual	G130	06/09/2018	89100	1280 x 720		Raw Data	Ord4_T6_R.avi	190	0	900	720									78004	10:17:07.025	1536226400797889															0	6040		Fixation	8	410	431	0.38	344.70	82.47																				9359	643	436	600	431	621	433	431	433	258.02	114.56	240.97	116.37	249.49	115.47	297.71	198.86	694.07	340.82	202.07	681.21					721.35	721.35	3.54	3.71	0	0				
07/12/2018	3.3.2	Gaze Project	O4	3	M	Bilingual	G130	06/09/2018	89100	1280 x 720		Raw Data	Ord4_T6_R.avi	190	0	900	720									78013	10:17:07.033	1536226400806175															0	6041		Fixation	8	422	485	1.83	282.49	297.79																				9360	605	512	612	485	608	498	418	498	242.98	83.62	245.85	94.77	244.41	89.19	297.79	198.86	694.05	340.92	202.07	681.25					721.33	721.33	3.86	3.83	0	0				
07/12/2018	3.3.2	Gaze Project	O4	3	M	Bilingual	G130	06/09/2018	89100	1280 x 720		Raw Data	Ord4_T6_R.avi	190	0	900	720									78021	10:17:07.042	1536226400814530															0	6042		Fixation	8	423	366	3.93	89.52	167.03																				9361	618	449	613	366	615	407	425	407	248.22	109.25	246.05	142.62	247.13	125.94	297.87	198.83	693.97	341.02	202.03	681.17					721.25	721.25	3.63	3.35	0	0				
07/12/2018	3.3.2	Gaze Project	O4	3	M	Bilingual	G130	06/09/2018	89100	1280 x 720		Raw Data	Ord4_T6_R.avi	190	0	900	720									78029	10:17:07.050	1536226400822857															0	6043		Fixation	8	413	352	0.57	125.45	35.93																				9362	621	413	603	352	612	382	422	382	249.45	123.62	242.13	148.00	245.79	135.81	297.96	198.71	694.01	341.14	201.92	681.22					721.26	721.26	3.25	3.15	0	0				
07/12/2018	3.3.2	Gaze Project	O4	3	M	Bilingual	G130	06/09/2018	89100	1280 x 720		Raw Data	Ord4_T6_R.avi	190	0	900	720									78038	10:17:07.058	1536226400831201															0	6044		Fixation	8	424	467	3.83	275.45	150.00																				9363	621	488	614	467	617	477	427	477	249.23	93.52	246.47	101.85	247.85	97.69	298.06	198.80	693.87	341.26	202.06	681.24					721.15	721.15	3.72	4.02	0	0				
07/12/2018	3.3.2	Gaze Project	O4	3	M	Bilingual	G130	06/09/2018	89100	1280 x 720		Raw Data	Ord4_T6_R.avi	190	0	900	720									78046	10:17:07.067	1536226400839571															0	6045		Fixation	8	387	497	1.54	219.13	303.68																				9364	625	569	577	497	601	533	411	533	250.98	60.91	231.51	89.71	241.25	75.31	298.16	198.78	693.80	341.37	201.95	681.28					721.09	721.09	4.12	4.05	0	0				
07/12/2018	3.3.2	Gaze Project	O4	3	M	Bilingual	G130	06/09/2018	89100	1280 x 720		Raw Data	Ord4_T6_R.avi	190	0	900	720									78054	10:17:07.075	1536226400847828															0	6046		Fixation	8	432	360	4.73	71.87	212.75																				9365	648	609	622	360	635	484	445	484	259.99	44.74	249.48	144.78	254.74	94.76	298.34	201.89	703.28	341.49	202.09	681.25					731.06	731.06	4.34	3.21	0	0				
07/12/2018	3.3.2	Gaze Project	O4	3	M	Bilingual	G130	06/09/2018	89100	1280 x 720		Raw Data	Ord4_T6_R.avi	190	0	900	720									78063	10:17:07.083	1536226400856171															0	6047		Fixation	8	423	310	1.68	100.17	28.30																				9366	658	605	613	310	635	457	445	457	264.32	46.20	246.23	165.14	255.28	105.67	298.44	202.09	703.85	342.52	206.53	694.09					731.67	731.67	4.29	3.11	0	0				
07/12/2018	3.3.2	Gaze Project	O4	3	M	Bilingual	G130	06/09/2018	89100	1280 x 720		Raw Data	Ord4_T6_R.avi	190	0	900	720									78071	10:17:07.092	1536226400864527															0	6048		Fixation	8	417	338	0.95	257.94	157.77																				9367	627	462	607	338	617	400	427	400	251.83	103.77	243.75	153.76	247.79	128.76	298.43	198.71	693.64	341.69	202.12	681.25					720.93	720.93	3.62	3.34	0	0				
07/12/2018	3.3.2	Gaze Project	O4	3	M	Bilingual	G130	06/09/2018	89100	1280 x 720		Raw Data	Ord4_T6_R.avi	190	0	900	720									78079	10:17:07.100	1536226400872884															0	6049		Fixation	8	435	414	2.60	283.28	25.34																				9368	642	467	625	414	633	440	443	440	257.89	101.72	250.88	123.29	254.38	112.51	298.51	198.67	693.55	341.78	202.15	681.27					720.83	720.83	3.75	3.64	0	0				
07/12/2018	3.3.2	Gaze Project	O4	3	M	Bilingual	G130	06/09/2018	89100	1280 x 720		Raw Data	Ord4_T6_R.avi	190	0	900	720									78088	10:17:07.108	1536226400881160															0	6050		Fixation	8	436	320	3.11	89.39	166.11																				9369	607	461	626	320	616	390	426	390	243.52	104.23	251.38	161.20	247.45	132.71	298.58	198.69	693.64	342.61	205.75	691.72					720.93	720.93	3.50	3.25	0	0				
07/12/2018	3.3.2	Gaze Project	O4	3	M	Bilingual	G130	06/09/2018	89100	1280 x 720		Raw Data	Ord4_T6_R.avi	190	0	900	720									78096	10:17:07.117	1536226400889504															0	6051		Fixation	8	414	319	0.72	177.39	88.00																				9370	638	484	604	319	621	401	431	401	256.28	94.94	242.35	161.45	249.31	128.19	298.64	198.67	693.65	341.92	202.21	681.30					720.94	720.94	3.69	3.05	0	0				
07/12/2018	3.3.2	Gaze Project	O4	3	M	Bilingual	G130	06/09/2018	89100	1280 x 720		Raw Data	Ord4_T6_R.avi	190	0	900	720									78104	10:17:07.125	1536226400897839															0	6052		Fixation	8	396	332	0.73	215.93	38.54																				9371	627	400	586	332	606	366	416	366	251.51	128.87	235.11	156.43	243.31	142.65	298.68	198.66	693.66	341.97	202.23	681.31					720.94	720.94	3.32	3.16	0	0				
07/12/2018	3.3.2	Gaze Project	O4	3	M	Bilingual	G130	06/09/2018	89100	1280 x 720		Raw Data	Ord4_T6_R.avi	190	0	900	720									78113	10:17:07.133	1536226400906196															0	6053		Fixation	8	427	361	1.41	316.82	100.89																				9372	648	374	617	361	632	367	442	367	260.31	139.25	247.55	144.37	253.93	141.81	298.73	198.63	693.65	342.01	202.26	681.36					720.93	720.93	3.17	3.31	0	0				
07/12/2018	3.3.2	Gaze Project	O4	3	M	Bilingual	G130	06/09/2018	89100	1280 x 720		Raw Data	Ord4_T6_R.avi	190	0	900	720									78121	10:17:07.142	1536226400914554															0	6054		Fixation	8	448	299	2.18	71.34	114.53																				9373	602	417	638	299	620	358	430	358	241.50	121.90	256.15	169.50	248.83	145.70	298.76	198.61	693.69	342.04	202.27	681.35					720.96	720.96	3.29	3.02	0	0				
07/12/2018	3.3.2	Gaze Project	O4	3	M	Bilingual	G130	06/09/2018	89100	1280 x 720		Raw Data	Ord4_T6_R.avi	190	0	900	720									78129	10:17:07.150	1536226400922821															0	6055		Fixation	8	428	423	4.18	260.87	189.52																				9374	603	440	618	423	610	431	420	431	242.19	112.57	247.90	119.62	245.04	116.10	298.78	198.58	693.68	342.07	202.30	681.41					720.95	720.95	3.30	3.68	0	0				
07/12/2018	3.3.2	Gaze Project	O4	3	M	Bilingual	G130	06/09/2018	89100	1280 x 720		Raw Data	Ord4_T6_R.avi	190	0	900	720									78138	10:17:07.158	1536226400931174															0	6056		Fixation	8	436	400	0.80	70.88	170.01																				9375	642	416	626	400	634	408	444	408	257.81	122.59	251.33	128.90	254.57	125.74	298.81	198.57	693.71	342.10	202.30	681.39					720.97	720.97	3.25	3.53	0	0				
07/12/2018	3.3.2	Gaze Project	O4	3	M	Bilingual	G130	06/09/2018	89100	1280 x 720		Raw Data	Ord4_T6_R.avi	190	0	900	720									78146	10:17:07.167	1536226400939515															0	6057		Fixation	8	427	348	1.74	99.79	28.91																				9376	606	406	617	348	611	377	421	377	243.34	126.54	247.78	149.96	245.56	138.25	298.93	201.76	703.49	342.95	206.23	692.83					731.25	731.25	3.45	3.51	0	0				
07/12/2018	3.3.2	Gaze Project	O4	3	M	Bilingual	G130	06/09/2018	89100	1280 x 720		Raw Data	Ord4_T6_R.avi	190	0	900	720									78154	10:17:07.175	1536226400947854															0	6058		Fixation	8	400	348	0.88	180.00	80.21																				9377	636	437	590	348	613	392	423	392	255.27	113.91	237.00	150.00	246.14	131.95	298.86	198.52	693.71	342.14	202.29	681.35					720.96	720.96	3.62	3.30	0	0				
07/12/2018	3.3.2	Gaze Project	O4	3	M	Bilingual	G130	06/09/2018	89100	1280 x 720		Raw Data	Ord4_T6_R.avi	190	0	900	720									78163	10:17:07.183	1536226400956226															0	6059		Fixation	8	401	417	2.29	270.83	90.83																				9378	609	416	591	417	600	416	410	416	244.42	122.27	237.40	122.06	240.91	122.17	298.89	198.52	693.74	342.18	202.33	681.44					721.00	721.00	3.38	3.73	0	0				
07/12/2018	3.3.2	Gaze Project	O4	3	M	Bilingual	G130	06/09/2018	89100	1280 x 720		Raw Data	Ord4_T6_R.avi	190	0	900	720									78171	10:17:07.192	1536226400964485															0	6060		Fixation	8	444	395	1.58	27.17	116.34																				9379	583	471	634	395	608	433	418	433	234.06	100.36	254.40	131.06	244.23	115.71	299.00	201.45	702.70	342.20	202.22	681.47					730.41	730.41	3.74	3.53	0	0				
07/12/2018	3.3.2	Gaze Project	O4	3	M	Bilingual	G130	06/09/2018	89100	1280 x 720		Raw Data	Ord4_T6_R.avi	190	0	900	720									78179	10:17:07.200	1536226400972812															0	6061		Fixation	8	403	500	3.69	248.73	221.56																				9380	645	581	593	500	619	540	429	540	258.98	56.07	237.98	88.69	248.48	72.38	299.02	201.05	701.56	342.24	202.34	681.44					729.20	729.20	4.00	3.96	0	0				
07/12/2018	3.3.2	Gaze Project	O4	3	M	Bilingual	G130	06/09/2018	89100	1280 x 720		Raw Data	Ord4_T6_R.avi	190	0	900	720									78188	10:17:07.208	1536226400981180															0	6062		Fixation	8	444	372	4.41	72.29	183.56																				9381	640	553	634	372	637	462	447	462	257.06	67.40	254.32	140.00	255.69	103.70	299.07	201.63	703.27	342.27	202.22	681.48					731.01	731.01	3.87	3.50	0	0				
07/12/2018	3.3.2	Gaze Project	O4	3	M	Bilingual	G130	06/09/2018	89100	1280 x 720		Raw Data	Ord4_T6_R.avi	190	0	900	720									78196	10:17:07.217	1536226400989536															0	6063		Fixation	8	437	318	1.82	97.36	25.07																				9382	644	348	627	318	635	333	445	333	258.41	150.00	251.86	161.82	255.14	155.91	299.01	198.49	693.72	342.31	202.32	681.43					720.97	720.97	3.08	3.18	0	0				
07/12/2018	3.3.2	Gaze Project	O4	3	M	Bilingual	G130	06/09/2018	89100	1280 x 720		Raw Data	Ord4_T6_R.avi	190	0	900	720									78204	10:17:07.225	1536226400997807															0	6064		Fixation	8	422	354	1.30	247.45	150.08																				9383	619	373	612	354	615	363	425	363	248.57	139.62	245.75	147.43	247.16	143.53	299.05	198.50	693.73	342.36	202.33	681.48					720.99	720.99	3.19	3.24	0	0				
07/12/2018	3.3.2	Gaze Project	O4	3	M	Bilingual	G130	06/09/2018	89100	1280 x 720		Raw Data	Ord4_T6_R.avi	190	0	900	720									78213	10:17:07.233	1536226401006152															0	6065		Fixation	8	426	355	0.14	345.92	98.48																				9384	601	425	616	355	608	390	418	390	241.30	118.91	247.38	146.85	244.34	132.88	299.10	198.49	693.75	342.40	202.32	681.48					721.00	721.00	3.40	3.31	0	0				
07/12/2018	3.3.2	Gaze Project	O4	3	M	Bilingual	G130	06/09/2018	89100	1280 x 720		Raw Data	Ord4_T6_R.avi	190	0	900	720									78221	10:17:07.242	1536226401014487															0	6066		Fixation	8	399	529	5.78	261.21	275.29																				9385	615	434	589	529	602	481	412	481	246.84	115.04	236.38	77.02	241.61	96.03	299.13	198.49	693.75	342.45	202.31	681.52					721.00	721.00	3.47	4.07	0	0				
07/12/2018	3.3.2	Gaze Project	O4	3	M	Bilingual	G130	06/09/2018	89100	1280 x 720		Raw Data	Ord4_T6_R.avi	190	0	900	720									78229	10:17:07.250	1536226401022845															0	6067		Fixation	8	459	376	5.37	68.65	167.44																				9386	606	440	649	376	627	408	437	408	243.35	112.69	260.70	138.73	252.03	125.71	299.17	198.48	693.77	342.49	202.30	681.54					721.03	721.03	3.77	3.35	0	0				
07/12/2018	3.3.2	Gaze Project	O4	3	M	Bilingual	G130	06/09/2018	89100	1280 x 720		Raw Data	Ord4_T6_R.avi	190	0	900	720									78238	10:17:07.258	1536226401031208															0	6068		Fixation	8	423	325	2.09	125.13	56.48																				9387	638	488	613	325	625	406	435	406	256.10	93.38	245.87	159.21	250.98	126.30	299.21	198.47	693.76	342.54	202.29	681.59					721.01	721.01	3.81	3.27	0	0				
07/12/2018	3.3.2	Gaze Project	O4	3	M	Bilingual	G130	06/09/2018	89100	1280 x 720		Raw Data	Ord4_T6_R.avi	190	0	900	720									78246	10:17:07.267	1536226401039465															0	6069		Fixation	8	419	335	0.36	248.26	123.13																				9388	633	503	609	335	621	419	431	419	254.16	87.33	244.27	154.86	249.21	121.10	299.26	198.49	693.87	342.60	202.30	681.66					721.12	721.12	3.79	3.27	0	0				
07/12/2018	3.3.2	Gaze Project	O4	3	M	Bilingual	G130	06/09/2018	89100	1280 x 720		Raw Data	Ord4_T6_R.avi	190	0	900	720									78254	10:17:07.275	1536226401047812															0	6070		Fixation	8	414	475	4.63	267.96	19.70																				9389	629	445	604	475	616	460	426	460	252.37	110.73	242.31	98.49	247.34	104.61	299.30	198.50	693.91	342.64	202.16	681.71					721.17	721.17	3.52	3.82	0	0				
07/12/2018	3.3.2	Gaze Project	O4	3	M	Bilingual	G130	06/09/2018	89100	1280 x 720		Raw Data	Ord4_T6_R.avi	190	0	900	720									78263	10:17:07.283	1536226401056161															0	6071		Fixation	8	433	409	2.25	73.99	166.03																				9390	617	392	623	409	620	400	430	400	247.57	132.27	249.90	125.24	248.73	128.75	299.33	198.48	693.91	342.69	202.29	681.79					721.16	721.16	3.24	3.49	0	0				
07/12/2018	3.3.2	Gaze Project	O4	3	M	Bilingual	G130	06/09/2018	89100	1280 x 720		Raw Data	Ord4_T6_R.avi	190	0	900	720									78271	10:17:07.292	1536226401064518															0	6072		Fixation	8	458	355	1.97	65.23	351.24																				9391	599	402	648	355	623	378	433	378	240.50	128.23	260.07	147.15	250.28	137.69	299.37	198.49	693.96	342.73	202.29	681.87					721.22	721.22	3.32	3.32	0	0				
07/12/2018	3.3.2	Gaze Project	O4	3	M	Bilingual	G130	06/09/2018	89100	1280 x 720		Raw Data	Ord4_T6_R.avi	190	0	900	720									78279	10:17:07.300	1536226401072874															0	6073		Fixation	8	430	336	1.13	145.75	80.53																				9392	626	345	620	336	623	340	433	340	251.09	151.01	249.02	154.83	250.06	152.92	299.40	198.49	694.03	342.76	202.27	681.87					721.28	721.28	3.15	3.32	0	0				
07/12/2018	3.3.2	Gaze Project	O4	3	M	Bilingual	G130	06/09/2018	89100	1280 x 720		Raw Data	Ord4_T6_R.avi	190	0	900	720									78288	10:17:07.308	1536226401081128															0	6074		Fixation	8	402	312	1.23	139.31	353.55																				9393	635	357	592	312	613	334	423	334	254.86	146.10	237.79	164.26	246.32	155.18	299.43	198.49	694.10	342.79	202.26	681.94					721.35	721.35	3.16	3.14	0	0				
07/12/2018	3.3.2	Gaze Project	O4	3	M	Bilingual	G130	06/09/2018	89100	1280 x 720		Raw Data	Ord4_T6_R.avi	190	0	900	720									78296	10:17:07.317	1536226401089474															0	6075		Fixation	8	423	318	0.72	344.01	204.70																				9394	651	365	613	318	632	341	442	341	261.33	142.90	246.20	161.73	253.77	152.31	299.45	198.49	694.15	344.77	206.29	692.99					721.40	721.40	3.23	3.17	0	0				
07/12/2018	3.3.2	Gaze Project	O4	3	M	Bilingual	G130	06/09/2018	89100	1280 x 720		Raw Data	Ord4_T6_R.avi	190	0	900	720									78304	10:17:07.325	1536226401097830															0	6076		Fixation	8	412	413	3.12	263.42	279.41																				9395	623	328	602	413	612	370	422	370	250.21	157.73	241.53	123.53	245.87	140.63	299.47	198.50	694.22	343.52	205.39	691.29					721.47	721.47	3.08	3.68	0	0				
07/12/2018	3.3.2	Gaze Project	O4	3	M	Bilingual	G130	06/09/2018	89100	1280 x 720		Raw Data	Ord4_T6_R.avi	190	0	900	720									78313	10:17:07.333	1536226401106173															0	6077		Fixation	8	418	365	1.59	82.90	179.48																				9396	597	399	608	365	602	382	412	382	239.82	129.45	244.17	142.84	241.99	136.15	299.48	198.49	694.26	342.85	202.24	682.12					721.51	721.51	3.41	3.35	0	0				
07/12/2018	3.3.2	Gaze Project	O4	3	M	Bilingual	G130	06/09/2018	89100	1280 x 720		Raw Data	Ord4_T6_R.avi	190	0	900	720									78321	10:17:07.342	1536226401114457															0	6078		Fixation	8	440	377	0.83	331.31	248.41																				9397	618	390	630	377	624	383	434	383	248.06	132.77	252.75	138.26	250.41	135.52	299.48	198.49	694.31	342.86	202.22	682.17					721.56	721.56	3.32	3.55	0	0				
07/12/2018	3.3.2	Gaze Project	O4	3	M	Bilingual	G130	06/09/2018	89100	1280 x 720		Raw Data	Ord4_T6_R.avi	190	0	900	720									78329	10:17:07.350	1536226401122821															0	6079		Fixation	8	423	328	1.73	109.08	137.76																				9398	608	333	613	328	610	330	420	330	243.89	156.05	246.22	157.94	245.06	156.99	299.48	198.48	694.37	342.85	202.21	682.21					721.61	721.61	3.05	3.18	0	0				
07/12/2018	3.3.2	Gaze Project	O4	3	M	Bilingual	G130	06/09/2018	89100	1280 x 720		Raw Data	Ord4_T6_R.avi	190	0	900	720									78338	10:17:07.358	1536226401131133															0	6080		Fixation	8	419	356	0.94	261.90	152.82																				9399	614	411	609	356	611	383	421	383	246.46	124.31	244.42	146.60	245.44	135.45	299.47	198.49	694.44	342.84	202.19	682.26					721.67	721.67	3.32	3.42	0	0				
07/12/2018	3.3.2	Gaze Project	O4	3	M	Bilingual	G130	06/09/2018	89100	1280 x 720		Raw Data	Ord4_T6_R.avi	190	0	900	720									78346	10:17:07.367	1536226401139500															0	6081		Fixation	8	440	372	0.88	322.61	60.71																				9400	601	396	630	372	615	384	425	384	241.31	130.37	252.80	140.30	247.05	135.33	299.45	198.48	694.48	342.81	202.18	682.31					721.71	721.71	3.38	3.75	0	0				
07/12/2018	3.3.2	Gaze Project	O4	3	M	Bilingual	G130	06/09/2018	89100	1280 x 720		Raw Data	Ord4_T6_R.avi	190	0	900	720									78354	10:17:07.375	1536226401147855															0	6082		Fixation	8	431	371	0.30	173.64	211.03																				9401	608	399	621	371	614	385	424	385	244.23	129.08	249.35	140.55	246.79	134.81	299.42	198.49	694.56	342.78	202.05	682.37					721.78	721.78	3.43	3.50	0	0				
07/12/2018	3.3.2	Gaze Project	O4	3	M	Bilingual	G130	06/09/2018	89100	1280 x 720		Raw Data	Ord4_T6_R.avi	190	0	900	720									78363	10:17:07.383	1536226401156125															0	6083		Fixation	8	432	331	1.33	88.57	274.93																				9402	636	335	622	331	629	333	439	333	255.33	155.21	249.86	156.51	252.60	155.86	299.39	198.47	694.56	342.75	202.14	682.35					721.78	721.78	3.03	3.29	0	0				
07/12/2018	3.3.2	Gaze Project	O4	3	M	Bilingual	G130	06/09/2018	89100	1280 x 720		Raw Data	Ord4_T6_R.avi	190	0	900	720									78371	10:17:07.392	1536226401164468															0	6084		Fixation	8	438	413	2.73	274.17	185.60																				9403	586	444	628	413	607	428	417	428	235.25	111.26	251.97	123.53	243.61	117.39	299.36	198.46	694.60	342.71	202.12	682.40					721.82	721.82	3.46	3.60	0	0				
07/12/2018	3.3.2	Gaze Project	O4	3	M	Bilingual	G130	06/09/2018	89100	1280 x 720		Raw Data	Ord4_T6_R.avi	190	0	900	720									78379	10:17:07.400	1536226401172811															0	6085		Fixation	8	443	358	1.82	84.82	170.65																				9404	586	397	633	358	609	377	419	377	235.09	130.22	254.08	145.92	244.59	138.07	299.34	198.49	694.75	343.39	205.45	692.26					721.96	721.96	3.32	3.68	0	0				
07/12/2018	3.3.2	Gaze Project	O4	3	M	Bilingual	G130	06/09/2018	89100	1280 x 720		Raw Data	Ord4_T6_R.avi	190	0	900	720									78388	10:17:07.408	1536226401181173															0	6086		Fixation	8	421	318	1.50	118.73	33.91																				9405	586	588	611	318	598	453	408	453	235.38	53.25	245.37	161.87	240.38	107.56	299.31	198.48	694.80	343.40	205.66	692.92					722.01	722.01	4.04	3.38	0	0				
07/12/2018	3.3.2	Gaze Project	O4	3	M	Bilingual	G130	06/09/2018	89100	1280 x 720		Raw Data	Ord4_T6_R.avi	190	0	900	720									78396	10:17:07.417	1536226401189526															0			Unclassified	8																									9406	638	346			638	346	448	346	255.90	150.53					299.28	198.47	694.85		-34.01						722.05		3.19		0	4				
07/12/2018	3.3.2	Gaze Project	O4	3	M	Bilingual	G130	06/09/2018	89100	1280 x 720		Raw Data	Ord4_T6_R.avi	190	0	900	720									78404	10:17:07.425	1536226401197788															0	6087		Fixation	8	433	304	0.61	49.49	290.76																				9407	611	387	623	304	617	345	427	345	245.23	134.21	250.21	167.48	247.72	150.85	299.26	198.45	694.88	342.58	202.04	682.54					722.07	722.07	3.33	3.19	0	0				
07/12/2018	3.3.2	Gaze Project	O4	3	M	Bilingual	G130	06/09/2018	89100	1280 x 720		Raw Data	Ord4_T6_R.avi	190	0	900	720									78413	10:17:07.433	1536226401206125															0	6088		Fixation	8	448	319	0.71	314.91	265.42																				9408	621	341	638	319	629	330	439	330	249.43	152.52	256.15	161.67	252.79	157.09	299.25	198.45	694.96	342.56	202.02	682.59					722.14	722.14	3.16	3.20	0	0				
07/12/2018	3.3.2	Gaze Project	O4	3	M	Bilingual	G130	06/09/2018	89100	1280 x 720		Raw Data	Ord4_T6_R.avi	190	0	900	720									78421	10:17:07.442	1536226401214485															0	6089		Fixation	8	465	366	1.67	289.83	334.92																				9409	604	369	655	366	629	367	439	367	242.26	141.28	262.95	142.42	252.61	141.85	299.24	198.40	694.95	342.55	201.99	682.59					722.11	722.11	3.32	3.46	0	0				
07/12/2018	3.3.2	Gaze Project	O4	3	M	Bilingual	G130	06/09/2018	89100	1280 x 720		Raw Data	Ord4_T6_R.avi	190	0	900	720									78429	10:17:07.450	1536226401222837															0	6090		Fixation	8	432	311	2.14	120.88	191.06																				9410	608	340	622	311	615	325	425	325	243.93	153.09	249.69	164.73	246.81	158.91	299.24	198.38	695.00	342.54	201.96	682.61					722.16	722.16	3.18	3.35	0	0				
07/12/2018	3.3.2	Gaze Project	O4	3	M	Bilingual	G130	06/09/2018	89100	1280 x 720		Raw Data	Ord4_T6_R.avi	190	0	900	720									78438	10:17:07.458	1536226401231108															0	6091		Fixation	8	407	308	0.83	173.14	52.25																				9411	638	411	597	308	617	359	427	359	256.28	124.38	239.83	165.73	248.05	145.05	299.24	198.35	695.03	342.54	201.92	682.62					722.18	722.18	3.49	3.31	0	0				
07/12/2018	3.3.2	Gaze Project	O4	3	M	Bilingual	G130	06/09/2018	89100	1280 x 720		Raw Data	Ord4_T6_R.avi	190	0	900	720									78446	10:17:07.467	1536226401239454															0	6092		Fixation	8	442	342	1.62	315.74	142.60																				9412	602	399	632	342	617	370	427	370	241.69	129.30	253.79	152.34	247.74	140.82	299.25	198.31	695.03	342.55	201.90	682.64					722.16	722.16	3.38	3.40	0	0				
07/12/2018	3.3.2	Gaze Project	O4	3	M	Bilingual	G130	06/09/2018	89100	1280 x 720		Raw Data	Ord4_T6_R.avi	190	0	900	720									78454	10:17:07.475	1536226401247798															0	6093		Fixation	8	444	301	1.37	87.22	131.48																				9413	616	385	634	301	625	343	435	343	247.44	134.77	254.49	168.60	250.97	151.68	299.26	198.28	695.06	342.57	201.87	682.68					722.18	722.18	3.52	3.24	0	0				
07/12/2018	3.3.2	Gaze Project	O4	3	M	Bilingual	G130	06/09/2018	89100	1280 x 720		Raw Data	Ord4_T6_R.avi	190	0	900	720									78463	10:17:07.483	1536226401256143															0	6094		Fixation	8	450	282	0.67	72.53	345.31																				9414	621	325	640	282	630	303	440	303	249.13	159.14	256.88	176.44	253.01	167.79	299.28	198.25	695.07	342.59	201.84	682.70					722.19	722.19	3.17	3.17	0	0				
07/12/2018	3.3.2	Gaze Project	O4	3	M	Bilingual	G130	06/09/2018	89100	1280 x 720		Raw Data	Ord4_T6_R.avi	190	0	900	720									78471	10:17:07.492	1536226401264509															0	6095		Fixation	8	444	329	1.58	262.75	190.22																				9415	647	346	634	329	640	337	450	337	259.56	150.77	254.53	157.64	257.05	154.21	299.31	198.24	695.14	342.61	201.83	682.77					722.25	722.25	3.27	3.46	0	0				
07/12/2018	3.3.2	Gaze Project	O4	3	M	Bilingual	G130	06/09/2018	89100	1280 x 720		Raw Data	Ord4_T6_R.avi	190	0	900	720									78479	10:17:07.500	1536226401272780															0	6096		Fixation	8	430	332	0.47	192.13	289.38																				9416	629	359	620	332	624	345	434	345	252.35	145.52	249.03	156.13	250.69	150.82	299.33	198.22	695.17	342.64	201.80	682.77					722.27	722.27	3.26	3.45	0	0				
07/12/2018	3.3.2	Gaze Project	O4	3	M	Bilingual	G130	06/09/2018	89100	1280 x 720		Raw Data	Ord4_T6_R.avi	190	0	900	720									78488	10:17:07.508	1536226401281114															0	6097		Fixation	8	403	472	4.70	259.12	66.99																				9417	621	435	593	472	607	453	417	453	249.30	114.93	238.01	99.70	243.65	107.31	299.36	198.19	695.17	342.67	201.79	682.82					722.26	722.26	3.67	4.12	0	0				
07/12/2018	3.3.2	Gaze Project	O4	3	M	Bilingual	G130	06/09/2018	89100	1280 x 720		Raw Data	Ord4_T6_R.avi	190	0	900	720									78496	10:17:07.517	1536226401289465															0	6098		Fixation	8	430	445	1.24	45.09	145.97																				9418	619	467	620	445	619	456	429	456	248.54	101.74	248.94	110.89	248.74	106.31	299.38	198.16	695.16	342.70	201.77	682.85					722.24	722.24	3.86	3.99	0	0				
07/12/2018	3.3.2	Gaze Project	O4	3	M	Bilingual	G130	06/09/2018	89100	1280 x 720		Raw Data	Ord4_T6_R.avi	190	0	900	720									78504	10:17:07.525	1536226401297823															0	6099		Fixation	8	471	405	1.87	44.38	359.29																				9419	606	527	661	405	633	466	443	466	243.24	77.52	265.21	126.71	254.23	102.12	299.41	198.15	695.18	342.73	201.78	682.91					722.26	722.26	4.11	3.88	0	0				
07/12/2018	3.3.2	Gaze Project	O4	3	M	Bilingual	G130	06/09/2018	89100	1280 x 720		Raw Data	Ord4_T6_R.avi	190	0	900	720									78512	10:17:07.533	1536226401306099															0	6100		Fixation	8	402	404	2.27	179.17	134.78																				9420	615	493	592	404	603	448	413	448	246.90	91.48	237.69	127.31	242.30	109.40	299.44	198.13	695.18	342.76	201.76	682.90					722.25	722.25	3.81	3.80	0	0				
07/12/2018	3.3.2	Gaze Project	O4	3	M	Bilingual	G130	06/09/2018	89100	1280 x 720		Raw Data	Ord4_T6_R.avi	190	0	900	720									78521	10:17:07.542	1536226401314441															0	6101		Fixation	8	438	350	2.13	56.40	237.23																				9421	624	477	628	350	626	413	436	413	250.54	97.73	252.19	148.97	251.37	123.35	299.47	198.13	695.21	342.79	201.76	682.93					722.29	722.29	3.83	3.58	0	0				
07/12/2018	3.3.2	Gaze Project	O4	3	M	Bilingual	G130	06/09/2018	89100	1280 x 720		Raw Data	Ord4_T6_R.avi	190	0	900	720									78529	10:17:07.550	1536226401322782															0	6102		Fixation	8	429	397	1.57	259.19	202.80																				9422	632	553	619	397	625	475	435	475	253.64	67.43	248.67	129.88	251.15	98.66	299.50	198.15	695.26	343.56	205.17	692.95					722.35	722.35	4.15	3.67	0	0				
07/12/2018	3.3.2	Gaze Project	O4	3	M	Bilingual	G130	06/09/2018	89100	1280 x 720		Raw Data	Ord4_T6_R.avi	190	0	900	720									78538	10:17:07.558	1536226401331131															0	6103		Fixation	8	447	321	2.57	76.72	177.52																				9423	608	369	637	321	622	345	432	345	243.95	141.15	255.56	160.86	249.75	151.01	299.60	200.57	702.70	342.86	201.65	682.97					730.16	730.16	3.55	3.64	0	0				
07/12/2018	3.3.2	Gaze Project	O4	3	M	Bilingual	G130	06/09/2018	89100	1280 x 720		Raw Data	Ord4_T6_R.avi	190	0	900	720									78546	10:17:07.567	1536226401339495															0	6104		Fixation	8	463	317	0.55	14.08	297.36																				9424	635	460	653	317	644	388	454	388	255.06	104.55	262.03	162.22	258.54	133.38	299.56	198.15	695.20	342.90	201.79	682.97					722.29	722.29	3.87	3.52	0	0				
07/12/2018	3.3.2	Gaze Project	O4	3	M	Bilingual	G130	06/09/2018	89100	1280 x 720		Raw Data	Ord4_T6_R.avi	190	0	900	720									78554	10:17:07.575	1536226401347760															0	6105		Fixation	8	479	367	1.76	287.69	273.61																				9425	634	452	669	367	651	409	461	409	254.58	107.88	268.69	142.03	261.64	124.95	299.59	198.16	695.15	342.93	201.81	682.97					722.25	722.25	3.92	3.62	0	0				
07/12/2018	3.3.2	Gaze Project	O4	3	M	Bilingual	G130	06/09/2018	89100	1280 x 720		Raw Data	Ord4_T6_R.avi	190	0	900	720									78563	10:17:07.583	1536226401356107															0	6106		Fixation	8	447	311	2.14	119.67	191.97																				9426	616	429	637	311	626	370	436	370	247.15	117.00	255.65	164.88	251.40	140.94	299.65	198.23	695.12	343.67	205.02	692.24					722.24	722.24	3.82	3.84	0	0				
07/12/2018	3.3.2	Gaze Project	O4	3	M	Bilingual	G130	06/09/2018	89100	1280 x 720		Raw Data	Ord4_T6_R.avi	190	0	900	720									78571	10:17:07.592	1536226401364446															0	6107		Fixation	8	460	315	0.45	342.85	223.18																				9427	628	373	650	315	639	344	449	344	252.11	139.87	260.96	163.08	256.54	151.47	299.74	198.36	695.13	343.05	201.99	683.00					722.30	722.30	3.95	4.05	0	0				
07/12/2018	3.3.2	Gaze Project	O4	3	M	Bilingual	G130	06/09/2018	89100	1280 x 720		Raw Data	Ord4_T6_R.avi	190	0	900	720									78579	10:17:07.600	1536226401372792															0	6108		Fixation	8	471	247	2.31	80.84	97.99																				9428	618	346	661	247	639	296	449	296	248.06	150.80	265.38	190.62	256.72	170.71	299.80	198.44	695.08	343.09	202.09	683.03					722.28	722.28	3.88	3.41	0	0				
07/12/2018	3.3.2	Gaze Project	O4	3	M	Bilingual	G130	06/09/2018	89100	1280 x 720		Raw Data	Ord4_T6_R.avi	190	0	900	720									78588	10:17:07.608	1536226401381164															0	6109		Fixation	8	425	273	1.75	209.55	128.71																				9429	629	337	615	273	622	305	432	305	252.32	154.17	246.79	179.85	249.55	167.01	299.83	198.49	695.02	343.13	202.15	683.02					722.25	722.25	3.83	3.63	0	0				
07/12/2018	3.3.2	Gaze Project	O4	3	M	Bilingual	G130	06/09/2018	89100	1280 x 720		Raw Data	Ord4_T6_R.avi	190	0	900	720									78596	10:17:07.617	1536226401389410															0	6110		Fixation	8	450	255	1.02	35.84	186.29																				9430	624	348	640	255	632	301	442	301	250.45	149.64	256.97	187.19	253.71	168.42	299.86	198.53	694.98	343.16	202.17	682.96					722.22	722.22	3.87	3.60	0	0				
07/12/2018	3.3.2	Gaze Project	O4	3	M	Bilingual	G130	06/09/2018	89100	1280 x 720		Raw Data	Ord4_T6_R.avi	190	0	900	720									78604	10:17:07.625	1536226401397760															0	6111		Fixation	8	447	274	0.64	261.06	225.21																				9431	625	286	637	274	631	280	441	280	250.90	174.83	255.51	179.44	253.21	177.14	299.90	198.55	694.92	343.21	202.19	682.91					722.18	722.18	3.75	3.91	0	0				
07/12/2018	3.3.2	Gaze Project	O4	3	M	Bilingual	G130	06/09/2018	89100	1280 x 720		Raw Data	Ord4_T6_R.avi	190	0	900	720									78613	10:17:07.633	1536226401406115															0	6112		Fixation	8	444	317	1.44	266.02	4.97																				9432	632	314	634	317	633	315	443	315	253.87	163.58	254.66	162.10	254.27	162.84	299.93	198.57	694.82	343.27	202.23	682.91					722.09	722.09	3.77	4.02	0	0				
07/12/2018	3.3.2	Gaze Project	O4	3	M	Bilingual	G130	06/09/2018	89100	1280 x 720		Raw Data	Ord4_T6_R.avi	190	0	900	720									78621	10:17:07.642	1536226401414479															0	6113		Fixation	8	466	235	2.84	75.03	169.01																				9433	612	329	656	235	634	282	444	282	245.47	157.48	263.49	195.39	254.48	176.44	299.97	198.59	694.72	343.30	202.16	682.93					722.00	722.00	3.88	3.73	0	0				
07/12/2018	3.3.2	Gaze Project	O4	3	M	Bilingual	G130	06/09/2018	89100	1280 x 720		Raw Data	Ord4_T6_R.avi	190	0	900	720									78629	10:17:07.650	1536226401422753															0	6114		Fixation	8	453	279	1.54	253.59	178.56																				9434	633	311	643	279	638	295	448	295	253.90	164.71	257.94	177.57	255.92	171.14	300.00	198.64	694.68	343.37	202.30	682.84					721.98	721.98	4.15	3.87	0	0				
07/12/2018	3.3.2	Gaze Project	O4	3	M	Bilingual	G130	06/09/2018	89100	1280 x 720		Raw Data	Ord4_T6_R.avi	190	0	900	720									78637	10:17:07.658	1536226401431088															0	6115		Fixation	8	449	313	1.14	263.31	9.72																				9435	622	328	639	313	630	320	440	320	249.63	157.76	256.54	164.04	253.08	160.90	300.04	198.67	694.64	343.41	202.31	682.79					721.95	721.95	3.86	4.04	0	0				
07/12/2018	3.3.2	Gaze Project	O4	3	M	Bilingual	G130	06/09/2018	89100	1280 x 720		Raw Data	Ord4_T6_R.avi	190	0	900	720									78646	10:17:07.667	1536226401439429															0	6116		Fixation	8	454	244	2.32	85.87	182.56																				9436	634	344	644	244	639	294	449	294	254.67	151.44	258.45	191.52	256.56	171.48	300.08	198.70	694.57	343.46	202.35	682.79					721.90	721.90	3.94	3.66	0	0				
07/12/2018	3.3.2	Gaze Project	O4	3	M	Bilingual	G130	06/09/2018	89100	1280 x 720		Raw Data	Ord4_T6_R.avi	190	0	900	720									78654	10:17:07.675	1536226401447783															0	6117		Fixation	8	451	258	0.48	257.94	172.07																				9437	638	337	641	258	639	297	449	297	256.08	154.43	257.49	186.21	256.78	170.32	300.10	198.70	694.45	343.50	202.34	682.69					721.79	721.79	3.91	3.60	0	0				
07/12/2018	3.3.2	Gaze Project	O4	3	M	Bilingual	G130	06/09/2018	89100	1280 x 720		Raw Data	Ord4_T6_R.avi	190	0	900	720									78663	10:17:07.683	1536226401456142															0	6118		Fixation	8	451	261	0.10	270.00	12.06																				9438	621	302	641	261	631	281	441	281	249.39	168.24	257.43	184.97	253.41	176.61	300.14	198.74	694.43	343.54	202.36	682.67					721.79	721.79	3.70	3.73	0	0				
07/12/2018	3.3.2	Gaze Project	O4	3	M	Bilingual	G130	06/09/2018	89100	1280 x 720		Raw Data	Ord4_T6_R.avi	190	0	900	720									78671	10:17:07.692	1536226401464384															0	6119		Fixation	8	462	266	0.40	335.49	65.49																				9439	614	362	652	266	633	314	443	314	246.62	144.06	261.85	182.73	254.24	163.39	300.17	198.74	694.35	343.57	202.28	682.69					721.72	721.72	3.92	3.76	0	0				
07/12/2018	3.3.2	Gaze Project	O4	3	M	Bilingual	G130	06/09/2018	89100	1280 x 720		Raw Data	Ord4_T6_R.avi	190	0	900	720									78679	10:17:07.700	1536226401472744															0	6120		Fixation	8	454	270	0.30	206.64	231.15																				9440	618	341	644	270	631	305	441	305	248.22	152.67	258.53	181.04	253.38	166.86	300.20	198.77	694.35	343.61	202.39	682.60					721.73	721.73	3.88	3.82	0	0				
07/12/2018	3.3.2	Gaze Project	O4	3	M	Bilingual	G130	06/09/2018	89100	1280 x 720		Raw Data	Ord4_T6_R.avi	190	0	900	720									78688	10:17:07.708	1536226401481098															0	6121		Fixation	8	453	246	0.81	92.38	245.74																				9441	620	289	643	246	631	267	441	267	248.75	173.53	257.97	190.83	253.36	182.18	300.22	198.76	694.23	343.64	202.39	682.55					721.61	721.61	3.77	3.75	0	0				
07/12/2018	3.3.2	Gaze Project	O4	3	M	Bilingual	G130	06/09/2018	89100	1280 x 720		Raw Data	Ord4_T6_R.avi	190	0	900	720									78696	10:17:07.717	1536226401489457															0	6122		Fixation	8	436	264	0.82	226.73	134.35																				9442	621	319	626	264	623	291	433	291	249.28	161.47	251.17	183.56	250.22	172.51	300.25	198.77	694.19	343.68	202.40	682.51					721.58	721.58	3.84	3.73	0	0				
07/12/2018	3.3.2	Gaze Project	O4	3	M	Bilingual	G130	06/09/2018	89100	1280 x 720		Raw Data	Ord4_T6_R.avi	190	0	900	720									78704	10:17:07.725	1536226401497814															0	6123		Fixation	8	447	251	0.57	49.85	183.13																				9443	653	305	637	251	645	278	455	278	262.08	167.08	255.53	189.04	258.80	178.06	300.27	198.78	694.13	343.70	202.39	682.43					721.52	721.52	3.52	3.66	0	0				
07/12/2018	3.3.2	Gaze Project	O4	3	M	Bilingual	G130	06/09/2018	89100	1280 x 720		Raw Data	Ord4_T6_R.avi	190	0	900	720									78712	10:17:07.733	1536226401506073															0	6124		Fixation	8	477	237	1.10	25.09	335.23																				9444	617	264	667	237	642	250	452	250	247.52	183.51	267.58	194.40	257.55	188.96	300.29	198.76	694.02	343.73	202.39	682.40					721.42	721.42	3.53	3.43	0	0				
07/12/2018	3.3.2	Gaze Project	O4	3	M	Bilingual	G130	06/09/2018	89100	1280 x 720		Raw Data	Ord4_T6_R.avi	190	0	900	720									78721	10:17:07.742	1536226401514418															0	6125		Fixation	8	460	263	1.04	236.91	211.82																				9445	644	296	650	263	647	279	457	279	258.67	170.55	260.80	183.96	259.74	177.26	300.32	198.78	694.01	343.76	202.40	682.38					721.42	721.42	3.59	3.68	0	0				
07/12/2018	3.3.2	Gaze Project	O4	3	M	Bilingual	G130	06/09/2018	89100	1280 x 720		Raw Data	Ord4_T6_R.avi	190	0	900	720									78729	10:17:07.750	1536226401522760															0	6126		Fixation	8	465	257	0.26	50.29	173.38																				9446	607	291	655	257	631	274	441	274	243.76	172.78	262.91	186.55	253.34	179.67	300.34	198.78	693.94	343.79	202.38	682.30					721.35	721.35	3.55	3.57	0	0				
07/12/2018	3.3.2	Gaze Project	O4	3	M	Bilingual	G130	06/09/2018	89100	1280 x 720		Raw Data	Ord4_T6_R.avi	190	0	900	720									78738	10:17:07.758	1536226401531126															0	6127		Fixation	8	443	210	1.74	115.01	64.73																				9447	642	262	633	210	637	236	447	236	257.77	184.29	254.22	205.27	255.99	194.78	300.36	198.77	693.87	343.81	202.37	682.23					721.28	721.28	3.49	3.62	0	0				
07/12/2018	3.3.2	Gaze Project	O4	3	M	Bilingual	G130	06/09/2018	89100	1280 x 720		Raw Data	Ord4_T6_R.avi	190	0	900	720									78746	10:17:07.767	1536226401539400															0	6128		Fixation	8	477	278	2.55	296.49	181.48																				9448	634	289	667	278	650	283	460	283	254.38	173.39	267.84	178.11	261.11	175.75	300.39	198.79	693.86	343.84	202.36	682.16					721.27	721.27	3.56	3.69	0	0				
07/12/2018	3.3.2	Gaze Project	O4	3	M	Bilingual	G130	06/09/2018	89100	1280 x 720		Raw Data	Ord4_T6_R.avi	190	0	900	720									78754	10:17:07.775	1536226401547742															0	6129		Fixation	8	474	228	1.68	93.42	156.93																				9449	643	259	664	228	653	243	463	243	258.22	185.73	266.69	198.33	262.46	192.03	300.41	198.78	693.81	343.86	202.34	682.09					721.23	721.23	3.39	3.55	0	0				
07/12/2018	3.3.2	Gaze Project	O4	3	M	Bilingual	G130	06/09/2018	89100	1280 x 720		Raw Data	Ord4_T6_R.avi	190	0	900	720									78762	10:17:07.783	1536226401556075															0	6130		Fixation	8	432	258	1.72	215.62	122.20																				9450	614	270	622	258	618	264	428	264	246.30	181.32	249.53	186.07	247.91	183.70	300.43	198.75	693.72	343.88	202.32	682.04					721.13	721.13	3.56	3.78	0	0				
07/12/2018	3.3.2	Gaze Project	O4	3	M	Bilingual	G130	06/09/2018	89100	1280 x 720		Raw Data	Ord4_T6_R.avi	190	0	900	720									78771	10:17:07.792	1536226401564431															0	6131		Fixation	8	422	243	0.60	123.61	267.98																				9451	619	295	612	243	615	269	425	269	248.57	171.26	245.53	191.94	247.05	181.60	300.45	198.72	693.61	343.90	202.29	681.95					721.03	721.03	3.54	3.74	0	0				
07/12/2018	3.3.2	Gaze Project	O4	3	M	Bilingual	G130	06/09/2018	89100	1280 x 720		Raw Data	Ord4_T6_R.avi	190	0	900	720									78779	10:17:07.800	1536226401572796															0	6132		Fixation	8	447	242	0.83	2.30	238.69																				9452	635	293	637	242	636	267	446	267	254.85	171.82	255.76	192.40	255.30	182.11	300.47	198.72	693.56	343.92	202.18	681.98					720.98	720.98	3.54	3.55	0	0				
07/12/2018	3.3.2	Gaze Project	O4	3	M	Bilingual	G130	06/09/2018	89100	1280 x 720		Raw Data	Ord4_T6_R.avi	190	0	900	720									78787	10:17:07.808	1536226401581065															0	6133		Fixation	8	430	239	0.57	169.96	167.66																				9453	639	286	620	239	629	262	439	262	256.54	174.91	249.04	193.52	252.79	184.22	300.50	198.70	693.50	343.96	202.23	681.81					720.92	720.92	3.60	3.60	0	0				
07/12/2018	3.3.2	Gaze Project	O4	3	M	Bilingual	G130	06/09/2018	89100	1280 x 720		Raw Data	Ord4_T6_R.avi	190	0	900	720									78796	10:17:07.817	1536226401589404															0	6134		Fixation	8	445	251	0.64	321.25	151.29																				9454	638	278	635	251	636	264	446	264	255.97	178.08	254.99	188.81	255.48	183.45	300.53	198.67	693.39	343.99	202.21	681.75					720.81	720.81	3.43	3.76	0	0				
07/12/2018	3.3.2	Gaze Project	O4	3	M	Bilingual	G130	06/09/2018	89100	1280 x 720		Raw Data	Ord4_T6_R.avi	190	0	900	720									78804	10:17:07.825	1536226401597751															0	6135		Fixation	8	462	243	0.62	25.27	64.02																				9455	627	273	652	243	639	258	449	258	251.76	179.93	261.52	192.07	256.64	186.00	300.56	198.64	693.29	344.02	202.17	681.65					720.70	720.70	3.48	3.63	0	0				
07/12/2018	3.3.2	Gaze Project	O4	3	M	Bilingual	G130	06/09/2018	89100	1280 x 720		Raw Data	Ord4_T6_R.avi	190	0	900	720									78813	10:17:07.833	1536226401606109															0	6136		Fixation	8	449	239	0.45	162.85	137.57																				9456	615	257	639	239	627	248	437	248	246.89	186.48	256.57	193.72	251.73	190.10	300.61	198.65	693.27	344.06	202.15	681.57					720.69	720.69	3.47	3.58	0	0				
07/12/2018	3.3.2	Gaze Project	O4	3	M	Bilingual	G130	06/09/2018	89100	1280 x 720		Raw Data	Ord4_T6_R.avi	190	0	900	720									78821	10:17:07.842	1536226401614466															0	6137		Fixation	8	464	261	0.89	304.20	141.36																				9457	636	292	654	261	645	276	455	276	255.28	172.17	262.53	184.74	258.90	178.45	300.64	198.65	693.21	344.11	202.14	681.54					720.63	720.63	3.62	3.66	0	0				
07/12/2018	3.3.2	Gaze Project	O4	3	M	Bilingual	G130	06/09/2018	89100	1280 x 720		Raw Data	Ord4_T6_R.avi	190	0	900	720									78829	10:17:07.850	1536226401622717															0	6138		Fixation	8	449	243	0.78	129.71	185.51																				9458	643	296	639	243	641	269	451	269	258.16	170.80	256.35	192.21	257.25	181.50	300.69	198.64	693.13	344.16	202.11	681.45					720.56	720.56	3.58	3.72	0	0				
07/12/2018	3.3.2	Gaze Project	O4	3	M	Bilingual	G130	06/09/2018	89100	1280 x 720		Raw Data	Ord4_T6_R.avi	190	0	900	720									78837	10:17:07.858	1536226401631062															0	6139		Fixation	8	444	247	0.21	218.75	89.03																				9459	635	282	634	247	634	264	444	264	254.88	176.45	254.46	190.52	254.67	183.49	300.74	198.62	693.02	344.21	202.10	681.41					720.45	720.45	3.67	3.68	0	0				
07/12/2018	3.3.2	Gaze Project	O4	3	M	Bilingual	G130	06/09/2018	89100	1280 x 720		Raw Data	Ord4_T6_R.avi	190	0	900	720									78846	10:17:07.867	1536226401639421															0	6140		Fixation	8	462	246	0.60	3.19	144.44																				9460	616	284	652	246	634	265	444	265	247.32	175.53	261.76	190.85	254.54	183.19	300.79	198.62	692.97	344.27	202.08	681.35					720.40	720.40	3.60	3.59	0	0				
07/12/2018	3.3.2	Gaze Project	O4	3	M	Bilingual	G130	06/09/2018	89100	1280 x 720		Raw Data	Ord4_T6_R.avi	190	0	900	720									78854	10:17:07.875	1536226401647778															0	6141		Fixation	8	463	240	0.20	80.57	77.38																				9461	635	275	653	240	644	257	454	257	255.08	179.15	261.92	193.20	258.50	186.18	300.84	198.60	692.90	344.32	202.05	681.28					720.34	720.34	3.55	3.62	0	0				
07/12/2018	3.3.2	Gaze Project	O4	3	M	Bilingual	G130	06/09/2018	89100	1280 x 720		Raw Data	Ord4_T6_R.avi	190	0	900	720									78862	10:17:07.883	1536226401656055															0	6142		Fixation	8	468	220	0.69	76.01	355.44																				9462	625	288	658	220	641	254	451	254	251.02	174.17	264.25	201.47	257.64	187.82	300.89	198.57	692.77	344.38	202.01	681.21					720.21	720.21	3.62	3.46	0	0				
07/12/2018	3.3.2	Gaze Project	O4	3	M	Bilingual	G130	06/09/2018	89100	1280 x 720		Raw Data	Ord4_T6_R.avi	190	0	900	720									78871	10:17:07.892	1536226401664395															0	6143		Fixation	8	462	217	0.22	153.36	77.35																				9463	615	280	652	217	633	248	443	248	246.93	177.20	261.79	202.44	254.36	189.82	300.96	198.58	692.79	344.44	201.98	681.17					720.23	720.23	3.65	3.49	0	0				
07/12/2018	3.3.2	Gaze Project	O4	3	M	Bilingual	G130	06/09/2018	89100	1280 x 720		Raw Data	Ord4_T6_R.avi	190	0	900	720									78879	10:17:07.900	1536226401672732															0	6144		Fixation	8	446	245	1.08	240.33	86.97																				9464	630	254	636	245	633	249	443	249	252.99	187.76	255.44	191.39	254.21	189.57	301.01	198.55	692.70	344.50	201.95	681.11					720.15	720.15	3.55	3.71	0	0				
07/12/2018	3.3.2	Gaze Project	O4	3	M	Bilingual	G130	06/09/2018	89100	1280 x 720		Raw Data	Ord4_T6_R.avi	190	0	900	720									78887	10:17:07.908	1536226401681095															0	6145		Fixation	8	451	228	0.59	73.66	193.33																				9465	642	248	641	228	641	238	451	238	257.64	190.25	257.22	198.31	257.43	194.28	301.07	198.53	692.63	344.56	201.92	681.07					720.07	720.07	3.56	3.52	0	0				
07/12/2018	3.3.2	Gaze Project	O4	3	M	Bilingual	G130	06/09/2018	89100	1280 x 720		Raw Data	Ord4_T6_R.avi	190	0	900	720									78896	10:17:07.917	1536226401689447															0	6146		Fixation	8	450	216	0.40	94.75	21.09																				9466	648	278	640	216	644	247	454	247	260.20	178.00	256.83	202.80	258.52	190.40	301.12	198.51	692.58	344.62	201.88	681.03					720.03	720.03	3.62	3.50	0	0				
07/12/2018	3.3.2	Gaze Project	O4	3	M	Bilingual	G130	06/09/2018	89100	1280 x 720		Raw Data	Ord4_T6_R.avi	190	0	900	720									78904	10:17:07.925	1536226401697717															0	6147		Fixation	8	451	204	0.40	85.25	350.50																				9467	603	296	641	204	622	250	432	250	242.14	170.93	257.12	207.81	249.63	189.37	301.18	198.51	692.59	344.68	201.84	680.96					720.04	720.04	3.70	3.54	0	0				
07/12/2018	3.3.2	Gaze Project	O4	3	M	Bilingual	G130	06/09/2018	89100	1280 x 720		Raw Data	Ord4_T6_R.avi	190	0	900	720									78912	10:17:07.933	1536226401706054															0	6148		Fixation	8	451	247	1.45	270.00	184.75																				9468	649	304	641	247	645	275	455	275	260.66	167.37	257.35	190.37	259.01	178.87	301.23	198.48	692.50	344.74	201.82	680.95					719.94	719.94	3.67	3.77	0	0				
07/12/2018	3.3.2	Gaze Project	O4	3	M	Bilingual	G130	06/09/2018	89100	1280 x 720		Raw Data	Ord4_T6_R.avi	190	0	900	720									78921	10:17:07.942	1536226401714404															0	6149		Fixation	8	453	204	1.45	87.35	177.35																				9469	613	343	643	204	628	273	438	273	245.94	151.77	258.02	207.71	251.98	179.74	301.28	198.45	692.44	344.79	201.77	680.85					719.88	719.88	3.71	3.55	0	0				
07/12/2018	3.3.2	Gaze Project	O4	3	M	Bilingual	G130	06/09/2018	89100	1280 x 720		Raw Data	Ord4_T6_R.avi	190	0	900	720									78929	10:17:07.950	1536226401722759															0	6150		Fixation	8	452	238	1.14	268.32	180.98																				9470	633	258	642	238	637	248	447	248	254.28	186.13	257.61	193.95	255.94	190.04	301.33	198.45	692.44	344.84	201.74	680.84					719.89	719.89	3.49	3.56	0	0				
07/12/2018	3.3.2	Gaze Project	O4	3	M	Bilingual	G130	06/09/2018	89100	1280 x 720		Raw Data	Ord4_T6_R.avi	190	0	900	720									78938	10:17:07.958	1536226401731115															0	6151		Fixation	8	448	240	0.15	206.64	298.32																				9471	620	278	638	240	629	259	439	259	248.87	177.92	256.16	193.40	252.51	185.66	301.38	198.42	692.36	345.50	204.40	688.76					719.80	719.80	3.56	3.77	0	0				
07/12/2018	3.3.2	Gaze Project	O4	3	M	Bilingual	G130	06/09/2018	89100	1280 x 720		Raw Data	Ord4_T6_R.avi	190	0	900	720									78946	10:17:07.967	1536226401739377															0	6152		Fixation	8	482	261	1.33	328.22	121.58																				9472	619	273	672	261	645	267	455	267	248.54	179.86	269.65	184.66	259.10	182.26	301.43	198.39	692.32	344.93	201.67	680.73					719.76	719.76	3.67	3.72	0	0				
07/12/2018	3.3.2	Gaze Project	O4	3	M	Bilingual	G130	06/09/2018	89100	1280 x 720		Raw Data	Ord4_T6_R.avi	190	0	900	720									78954	10:17:07.975	1536226401747712															0	6153		Fixation	8	478	225	1.22	96.32	128.10																				9473	649	289	668	225	658	257	468	257	260.39	173.70	268.00	199.53	264.19	186.62	301.48	198.39	692.29	344.98	201.63	680.68					719.73	719.73	3.63	3.66	0	0				
07/12/2018	3.3.2	Gaze Project	O4	3	M	Bilingual	G130	06/09/2018	89100	1280 x 720		Raw Data	Ord4_T6_R.avi	190	0	900	720									78962	10:17:07.983	1536226401756072															0	6154		Fixation	8	460	257	1.23	240.72	144.40																				9474	634	353	650	257	642	305	452	305	254.56	147.80	260.90	186.59	257.73	167.20	301.53	198.37	692.26	345.03	201.61	680.67					719.71	719.71	3.63	3.74	0	0				
07/12/2018	3.3.2	Gaze Project	O4	3	M	Bilingual	G130	06/09/2018	89100	1280 x 720		Raw Data	Ord4_T6_R.avi	190	0	900	720									78971	10:17:07.992	1536226401764433															0	6155		Fixation	8	445	292	1.28	246.87	6.15																				9475	633	282	635	292	634	287	444	287	254.14	176.34	254.96	172.38	254.55	174.36	301.57	198.36	692.21	345.07	201.56	680.56					719.66	719.66	3.66	3.82	0	0				
07/12/2018	3.3.2	Gaze Project	O4	3	M	Bilingual	G130	06/09/2018	89100	1280 x 720		Raw Data	Ord4_T6_R.avi	190	0	900	720									78979	10:17:08.000	1536226401772700															0	6156		Fixation	8	442	231	2.05	92.81	205.94																				9476	632	284	632	231	632	257	442	257	253.85	175.46	253.82	196.78	253.83	186.12	301.62	198.34	692.15	345.12	201.55	680.54					719.59	719.59	3.53	3.60	0	0				
07/12/2018	3.3.2	Gaze Project	O4	3	M	Bilingual	G130	06/09/2018	89100	1280 x 720		Raw Data	Ord4_T6_R.avi	190	0	900	720									78987	10:17:08.008	1536226401781050															0	6157		Fixation	8	464	240	0.79	337.69	244.88																				9477	653	273	654	240	653	256	463	256	262.02	179.90	262.48	193.22	262.25	186.56	301.67	198.33	692.11	345.18	201.54	680.54					719.56	719.56	3.47	3.68	0	0				
07/12/2018	3.3.2	Gaze Project	O4	3	M	Bilingual	G130	06/09/2018	89100	1280 x 720		Raw Data	Ord4_T6_R.avi	190	0	900	720									78996	10:17:08.017	1536226401789371															0	6158		Fixation	8	446	242	0.60	186.36	208.67																				9478	607	279	636	242	621	260	431	260	243.80	177.47	255.22	192.53	249.51	185.00	301.73	198.33	692.12	345.23	201.51	680.49					719.57	719.57	3.64	3.83	0	0				
07/12/2018	3.3.2	Gaze Project	O4	3	M	Bilingual	G130	06/09/2018	89100	1280 x 720		Raw Data	Ord4_T6_R.avi	190	0	900	720									79004	10:17:08.025	1536226401797732															0	6159		Fixation	8	443	240	0.12	146.22	319.86																				9479	616	324	633	240	624	282	434	282	247.31	159.27	254.15	193.46	250.73	176.37	301.78	198.32	692.10	345.29	201.48	680.46					719.55	719.55	3.62	3.59	0	0				
07/12/2018	3.3.2	Gaze Project	O4	3	M	Bilingual	G130	06/09/2018	89100	1280 x 720		Raw Data	Ord4_T6_R.avi	190	0	900	720									79013	10:17:08.033	1536226401806102															0	6160		Fixation	8	442	266	0.87	267.80	121.58																				9480	656	261	632	266	644	263	454	263	263.35	185.00	253.57	182.94	258.46	183.97	301.84	198.29	692.03	345.35	201.46	680.47					719.48	719.48	3.44	3.62	0	0				
07/12/2018	3.3.2	Gaze Project	O4	3	M	Bilingual	G130	06/09/2018	89100	1280 x 720		Raw Data	Ord4_T6_R.avi	190	0	900	720									79021	10:17:08.042	1536226401814371															0	6161		Fixation	8	457	228	1.37	68.52	160.72																				9481	636	291	647	228	641	259	451	259	255.36	172.72	259.74	197.98	257.55	185.35	301.90	198.31	692.07	345.42	201.44	680.46					719.53	719.53	3.71	3.54	0	0				
07/12/2018	3.3.2	Gaze Project	O4	3	M	Bilingual	G130	06/09/2018	89100	1280 x 720		Raw Data	Ord4_T6_R.avi	190	0	900	720									79029	10:17:08.050	1536226401822692															0	6162		Fixation	8	443	215	0.64	137.03	68.51																				9482	660	272	633	215	646	243	456	243	265.08	180.59	253.98	203.26	259.53	191.92	301.96	198.29	692.04	345.47	201.41	680.42					719.50	719.50	3.56	3.52	0	0				
07/12/2018	3.3.2	Gaze Project	O4	3	M	Bilingual	G130	06/09/2018	89100	1280 x 720		Raw Data	Ord4_T6_R.avi	190	0	900	720									79037	10:17:08.058	1536226401831054															0	6163		Fixation	8	459	248	1.23	295.79	158.76																				9483	640	247	649	248	644	247	454	247	256.98	190.56	260.56	190.11	258.77	190.33	302.01	198.28	691.99	345.54	201.39	680.42					719.45	719.45	3.50	3.64	0	0				
07/12/2018	3.3.2	Gaze Project	O4	3	M	Bilingual	G130	06/09/2018	89100	1280 x 720		Raw Data	Ord4_T6_R.avi	190	0	900	720									79046	10:17:08.067	1536226401839413															0	6164		Fixation	8	457	223	0.84	94.56	158.77																				9484	628	304	647	223	637	263	447	263	252.05	167.61	259.72	200.34	255.89	183.98	302.07	198.28	691.95	345.60	201.37	680.40					719.42	719.42	3.66	3.56	0	0				
07/12/2018	3.3.2	Gaze Project	O4	3	M	Bilingual	G130	06/09/2018	89100	1280 x 720		Raw Data	Ord4_T6_R.avi	190	0	900	720									79054	10:17:08.075	1536226401847689															0	6165		Fixation	8	505	206	1.70	19.56	285.00																				9485	670	281	695	206	682	243	492	243	268.78	176.84	279.15	207.01	273.96	191.92	302.13	198.27	691.92	345.66	201.47	680.36					719.39	719.39	3.57	3.46	0	0				
07/12/2018	3.3.2	Gaze Project	O4	3	M	Bilingual	G130	06/09/2018	89100	1280 x 720		Raw Data	Ord4_T6_R.avi	190	0	900	720									79062	10:17:08.083	1536226401856030															0	6166		Fixation	8	436	233	2.47	201.43	181.87																				9486	638	295	626	233	632	264	442	264	256.27	171.32	251.27	196.12	253.77	183.72	302.19	198.26	691.87	345.74	201.33	680.39					719.34	719.34	3.69	3.58	0	0				
07/12/2018	3.3.2	Gaze Project	O4	3	M	Bilingual	G130	06/09/2018	89100	1280 x 720		Raw Data	Ord4_T6_R.avi	190	0	900	720									79071	10:17:08.092	1536226401864361															0	6167		Fixation	8	443	220	0.49	61.78	220.34																				9487	633	278	633	220	633	249	443	249	254.04	177.99	254.20	201.17	254.12	189.58	302.25	198.27	691.89	345.80	201.31	680.37					719.37	719.37	3.71	3.48	0	0				
07/12/2018	3.3.2	Gaze Project	O4	3	M	Bilingual	G130	06/09/2018	89100	1280 x 720		Raw Data	Ord4_T6_R.avi	190	0	900	720									79079	10:17:08.100	1536226401872726															0	6168		Fixation	8	453	236	0.63	301.92	240.15																				9488	645	305	643	236	644	270	454	270	259.09	167.18	258.16	194.77	258.63	180.98	302.32	198.28	691.90	345.87	201.29	680.38					719.38	719.38	3.74	3.68	0	0				
07/12/2018	3.3.2	Gaze Project	O4	3	M	Bilingual	G130	06/09/2018	89100	1280 x 720		Raw Data	Ord4_T6_R.avi	190	0	900	720									79087	10:17:08.108	1536226401881082															0	6169		Fixation	8	466	235	0.43	4.41	62.49																				9489	601	326	656	235	628	280	438	280	241.23	158.84	263.48	195.25	252.36	177.04	302.37	198.27	691.89	345.94	201.30	680.44					719.37	719.37	3.80	3.76	0	0				
07/12/2018	3.3.2	Gaze Project	O4	3	M	Bilingual	G130	06/09/2018	89100	1280 x 720		Raw Data	Ord4_T6_R.avi	190	0	900	720									79096	10:17:08.116	1536226401889349															0	6170		Fixation	8	453	244	0.53	214.78	210.37																				9490	639	284	643	244	641	264	451	264	256.64	175.40	258.19	191.78	257.41	183.59	302.43	198.28	691.91	346.00	201.27	680.45					719.40	719.40	3.59	3.63	0	0				
07/12/2018	3.3.2	Gaze Project	O4	3	M	Bilingual	G130	06/09/2018	89100	1280 x 720		Raw Data	Ord4_T6_R.avi	190	0	900	720									79104	10:17:08.125	1536226401897693															0	6171		Fixation	8	450	229	0.51	101.27	246.49																				9491	640	244	640	229	640	236	450	236	256.79	191.52	256.70	197.62	256.75	194.57	302.50	198.27	691.90	346.07	201.25	680.46					719.40	719.40	3.46	3.65	0	0				
07/12/2018	3.3.2	Gaze Project	O4	3	M	Bilingual	G130	06/09/2018	89100	1280 x 720		Raw Data	Ord4_T6_R.avi	190	0	900	720									79112	10:17:08.133	1536226401906040															0	6172		Fixation	8	433	251	0.93	232.39	131.12																				9492	646	285	623	251	634	268	444	268	259.13	175.37	250.26	188.70	254.70	182.03	302.55	198.27	691.92	346.14	201.25	680.52					719.41	719.41	3.66	3.72	0	0				
07/12/2018	3.3.2	Gaze Project	O4	3	M	Bilingual	G130	06/09/2018	89100	1280 x 720		Raw Data	Ord4_T6_R.avi	190	0	900	720									79121	10:17:08.142	1536226401914384															0	6173		Fixation	8	444	255	0.39	339.96	107.56																				9493	651	260	634	255	642	257	452	257	261.47	185.07	254.33	187.41	257.90	186.24	302.61	198.28	691.95	346.20	201.21	680.50					719.45	719.45	3.44	3.89	0	0				
07/12/2018	3.3.2	Gaze Project	O4	3	M	Bilingual	G130	06/09/2018	89100	1280 x 720		Raw Data	Ord4_T6_R.avi	190	0	900	720									79129	10:17:08.150	1536226401922755															0	6174		Fixation	8	449	259	0.21	321.25	341.29																				9494	653	295	639	259	646	277	456	277	261.98	171.31	256.30	185.65	259.14	178.48	302.67	198.28	691.97	346.26	201.20	680.56					719.47	719.47	3.53	3.88	0	0				
07/12/2018	3.3.2	Gaze Project	O4	3	M	Bilingual	G130	06/09/2018	89100	1280 x 720		Raw Data	Ord4_T6_R.avi	190	0	900	720									79137	10:17:08.158	1536226401931015															0	6175		Fixation	8	445	256	0.17	143.04	181.79																				9495	651	285	635	256	643	270	453	270	261.28	175.13	254.70	186.68	257.99	180.90	302.72	198.27	691.98	346.32	201.19	680.60					719.48	719.48	3.56	3.74	0	0				
07/12/2018	3.3.2	Gaze Project	O4	3	M	Bilingual	G130	06/09/2018	89100	1280 x 720		Raw Data	Ord4_T6_R.avi	190	0	900	720									79146	10:17:08.166	1536226401939348															0	6176		Fixation	8	459	241	0.69	47.07	264.03																				9496	670	256	649	241	659	248	469	248	268.97	186.99	260.41	192.94	264.69	189.96	302.78	198.28	692.02	346.39	201.19	680.69					719.52	719.52	3.42	3.69	0	0				
07/12/2018	3.3.2	Gaze Project	O4	3	M	Bilingual	G130	06/09/2018	89100	1280 x 720		Raw Data	Ord4_T6_R.avi	190	0	900	720									79154	10:17:08.175	1536226401947708															0	6177		Fixation	8	473	238	0.48	12.13	325.07																				9497	639	291	663	238	651	264	461	264	256.53	172.65	266.29	194.06	261.41	183.36	302.83	198.30	692.09	346.44	201.18	680.72					719.60	719.60	3.58	3.63	0	0				
07/12/2018	3.3.2	Gaze Project	O4	3	M	Bilingual	G130	06/09/2018	89100	1280 x 720		Raw Data	Ord4_T6_R.avi	190	0	900	720									79162	10:17:08.183	1536226401956061															0	6178		Fixation	8	450	249	0.85	205.63	193.50																				9498	641	257	640	249	640	253	450	253	257.31	186.35	256.97	189.71	257.14	188.03	302.88	198.28	692.08	346.50	201.18	680.79					719.59	719.59	3.63	3.73	0	0				
07/12/2018	3.3.2	Gaze Project	O4	3	M	Bilingual	G130	06/09/2018	89100	1280 x 720		Raw Data	Ord4_T6_R.avi	190	0	900	720									79171	10:17:08.191	1536226401964342															0	6179		Fixation	8	451	244	0.17	78.73	233.09																				9499	633	257	641	244	637	250	447	250	254.04	186.41	257.14	191.84	255.59	189.13	302.93	198.30	692.16	346.54	201.17	680.84					719.68	719.68	3.59	3.58	0	0				
07/12/2018	3.3.2	Gaze Project	O4	3	M	Bilingual	G130	06/09/2018	89100	1280 x 720		Raw Data	Ord4_T6_R.avi	190	0	900	720									79179	10:17:08.200	1536226401972681															0	6180		Fixation	8	459	213	1.08	75.57	356.85																				9500	638	256	649	213	643	234	453	234	255.96	187.02	260.41	204.33	258.18	195.68	302.97	198.31	692.23	346.59	201.18	680.91					719.74	719.74	3.46	3.60	0	0				
07/12/2018	3.3.2	Gaze Project	O4	3	M	Bilingual	G130	06/09/2018	89100	1280 x 720		Raw Data	Ord4_T6_R.avi	190	0	900	720									79187	10:17:08.208	1536226401981016															0	6181		Fixation	8	449	247	1.19	253.66	178.09																				9501	671	263	639	247	655	255	465	255	269.48	184.19	256.69	190.36	263.08	187.27	303.02	198.35	692.36	346.63	201.18	680.98					719.89	719.89	3.52	3.60	0	0				
07/12/2018	3.3.2	Gaze Project	O4	3	M	Bilingual	G130	06/09/2018	89100	1280 x 720		Raw Data	Ord4_T6_R.avi	190	0	900	720									79196	10:17:08.217	1536226401989374															0	6182		Fixation	8	446	243	0.17	126.78	233.12																				9502	651	255	636	243	643	249	453	249	261.29	187.07	255.31	192.10	258.30	189.58	303.05	198.34	692.39	346.67	201.17	681.04					719.91	719.91	3.57	3.62	0	0				
07/12/2018	3.3.2	Gaze Project	O4	3	M	Bilingual	G130	06/09/2018	89100	1280 x 720		Raw Data	Ord4_T6_R.avi	190	0	900	720									79204	10:17:08.225	1536226401997735															0	6183		Fixation	8	427	293	1.79	249.25	122.47																				9503	650	265	617	293	633	279	443	279	260.87	183.22	247.53	171.76	254.20	177.49	303.09	198.36	692.47	346.71	201.17	681.09					719.99	719.99	3.51	3.81	0	0				
07/12/2018	3.3.2	Gaze Project	O4	3	M	Bilingual	G130	06/09/2018	89100	1280 x 720		Raw Data	Ord4_T6_R.avi	190	0	900	720									79212	10:17:08.233	1536226402006001															0	6184		Fixation	8	434	235	1.96	83.14	193.89																				9504	623	264	624	235	623	249	433	249	250.20	183.64	250.43	195.18	250.32	189.41	303.13	198.37	692.54	346.74	201.18	681.17					720.07	720.07	3.63	3.72	0	0				
07/12/2018	3.3.2	Gaze Project	O4	3	M	Bilingual	G130	06/09/2018	89100	1280 x 720		Raw Data	Ord4_T6_R.avi	190	0	900	720									79221	10:17:08.242	1536226402014352															0	6185		Fixation	8	438	253	0.62	282.49	199.35																				9505	643	268	628	253	635	260	445	260	258.16	182.14	252.11	188.05	255.13	185.10	303.16	198.38	692.63	346.78	201.19	681.28					720.16	720.16	3.65	3.88	0	0				
07/12/2018	3.3.2	Gaze Project	O4	3	M	Bilingual	G130	06/09/2018	89100	1280 x 720		Raw Data	Ord4_T6_R.avi	190	0	900	720									79229	10:17:08.250	1536226402022690															0	6186		Fixation	8	460	194	2.11	69.61	147.12																				9506	663	253	650	194	656	223	466	223	266.21	188.16	260.85	211.97	263.53	200.06	303.20	198.41	692.74	346.81	201.20	681.35					720.28	720.28	3.48	3.49	0	0				
07/12/2018	3.3.2	Gaze Project	O4	3	M	Bilingual	G130	06/09/2018	89100	1280 x 720		Raw Data	Ord4_T6_R.avi	190	0	900	720									79237	10:17:08.258	1536226402031048															0	6187		Fixation	8	430	228	1.51	228.67	159.06																				9507	625	243	620	228	622	235	432	235	251.03	191.90	248.79	197.96	249.91	194.93	303.24	198.44	692.87	346.85	201.21	681.43					720.41	720.41	3.58	3.65	0	0				
07/12/2018	3.3.2	Gaze Project	O4	3	M	Bilingual	G130	06/09/2018	89100	1280 x 720		Raw Data	Ord4_T6_R.avi	190	0	900	720									79246	10:17:08.267	1536226402039403															0	6188		Fixation	8	421	226	0.30	167.43	298.76																				9508	630	244	611	226	620	235	430	235	252.88	191.84	245.44	198.83	249.16	195.33	303.28	198.46	692.95	346.89	201.23	681.54					720.49	720.49	3.64	3.54	0	0				
07/12/2018	3.3.2	Gaze Project	O4	3	M	Bilingual	G130	06/09/2018	89100	1280 x 720		Raw Data	Ord4_T6_R.avi	190	0	900	720									79254	10:17:08.275	1536226402047661															0	6189		Fixation	8	455	247	1.33	328.22	160.78																				9509	667	288	645	247	656	267	466	267	267.73	173.91	258.85	190.28	263.29	182.10	303.34	198.48	693.04	346.95	201.23	681.59					720.59	720.59	3.81	3.66	0	0				
07/12/2018	3.3.2	Gaze Project	O4	3	M	Bilingual	G130	06/09/2018	89100	1280 x 720		Raw Data	Ord4_T6_R.avi	190	0	900	720									79262	10:17:08.283	1536226402055999															0	6190		Fixation	8	454	242	0.17	101.27	133.06																				9510	636	279	644	242	640	260	450	260	255.18	177.48	258.70	192.35	256.94	184.91	303.38	198.51	693.14	346.99	201.26	681.72					720.69	720.69	3.60	3.68	0	0				
07/12/2018	3.3.2	Gaze Project	O4	3	M	Bilingual	G130	06/09/2018	89100	1280 x 720		Raw Data	Ord4_T6_R.avi	190	0	900	720									79271	10:17:08.292	1536226402064352															0	6191		Fixation	8	450	298	1.88	265.93	164.65																				9511	621	275	640	298	630	286	440	286	249.15	179.14	256.87	169.85	253.01	174.49	303.42	198.54	693.26	347.03	201.28	681.83					720.82	720.82	3.58	4.01	0	0				
07/12/2018	3.3.2	Gaze Project	O4	3	M	Bilingual	G130	06/09/2018	89100	1280 x 720		Raw Data	Ord4_T6_R.avi	190	0	900	720									79279	10:17:08.300	1536226402072718															0	6192		Fixation	8	447	224	2.48	92.31	186.39																				9512	633	351	637	224	635	287	445	287	253.93	148.70	255.56	199.80	254.75	174.25	303.47	198.55	693.32	347.08	201.29	681.90					720.89	720.89	4.02	3.60	0	0				
07/12/2018	3.3.2	Gaze Project	O4	3	M	Bilingual	G130	06/09/2018	89100	1280 x 720		Raw Data	Ord4_T6_R.avi	190	0	900	720									79287	10:17:08.308	1536226402080977															0	6193		Fixation	8	446	223	0.05	134.91	42.59																				9513	648	296	636	223	642	259	452	259	259.91	170.86	255.46	200.24	257.69	185.55	303.52	198.60	693.48	347.14	201.32	682.04					721.05	721.05	3.93	3.61	0	0				
07/12/2018	3.3.2	Gaze Project	O4	3	M	Bilingual	G130	06/09/2018	89100	1280 x 720		Raw Data	Ord4_T6_R.avi	190	0	900	720									79296	10:17:08.316	1536226402089334															0	6194		Fixation	8	437	269	1.57	258.96	124.06																				9514	709	270	627	269	668	269	478	269	284.62	181.06	251.52	181.50	268.07	181.28	303.55	198.71	693.43	347.20	201.39	682.27					721.05	721.05	3.63	3.86	0	0				
07/12/2018	3.3.2	Gaze Project	O4	3	M	Bilingual	G130	06/09/2018	89100	1280 x 720		Raw Data	Ord4_T6_R.avi	190	0	900	720									79304	10:17:08.325	1536226402097673															0	6195		Fixation	8	464	222	1.81	60.20	161.24																				9515	638	360	654	222	646	291	456	291	255.99	144.98	262.65	200.49	259.32	172.74	303.64	198.66	693.68	347.25	201.39	682.30					721.27	721.27	3.73	3.63	0	0				
07/12/2018	3.3.2	Gaze Project	O4	3	M	Bilingual	G130	06/09/2018	89100	1280 x 720		Raw Data	Ord4_T6_R.avi	190	0	900	720									79312	10:17:08.333	1536226402106027															0	6196		Fixation	8	478	284	2.13	282.68	222.48																				9516	654	236	668	284	661	260	471	260	262.60	195.06	267.98	175.76	265.29	185.41	303.69	198.70	693.80	347.32	201.43	682.46					721.40	721.40	3.56	3.76	0	0				
07/12/2018	3.3.2	Gaze Project	O4	3	M	Bilingual	G130	06/09/2018	89100	1280 x 720		Raw Data	Ord4_T6_R.avi	190	0	900	720									79321	10:17:08.342	1536226402114386															0	6197		Fixation	8	473	220	2.15	94.45	171.77																				9517	664	257	663	220	663	238	473	238	266.34	186.62	266.24	201.40	266.29	194.01	303.76	198.75	693.96	347.39	201.46	682.57					721.57	721.57	3.57	3.58	0	0				
07/12/2018	3.3.2	Gaze Project	O4	3	M	Bilingual	G130	06/09/2018	89100	1280 x 720		Raw Data	Ord4_T6_R.avi	190	0	900	720									79329	10:17:08.350	1536226402122630															0	6198		Fixation	8	468	226	0.26	230.29	135.83																				9518	669	257	658	226	663	241	473	241	268.45	186.62	264.29	198.91	266.37	192.76	303.83	198.78	694.08	347.45	201.48	682.68					721.70	721.70	3.61	3.61	0	0				
07/12/2018	3.3.2	Gaze Project	O4	3	M	Bilingual	G130	06/09/2018	89100	1280 x 720		Raw Data	Ord4_T6_R.avi	190	0	900	720									79337	10:17:08.358	1536226402130986															0	6199		Fixation	8	457	259	1.16	251.62	21.34																				9519	646	275	647	259	646	267	456	267	259.41	179.19	259.62	185.45	259.51	182.32	303.90	198.81	694.18	347.53	201.52	682.82					721.81	721.81	3.68	3.80	0	0				
07/12/2018	3.3.2	Gaze Project	O4	3	M	Bilingual	G130	06/09/2018	89100	1280 x 720		Raw Data	Ord4_T6_R.avi	190	0	900	720									79346	10:17:08.366	1536226402139347															0	6200		Fixation	8	446	242	0.68	122.82	231.20																				9520	651	278	636	242	643	260	453	260	261.16	177.87	255.18	192.51	258.17	185.19	303.97	198.87	694.36	347.61	201.56	682.98					722.01	722.01	3.77	3.75	0	0				
07/12/2018	3.3.2	Gaze Project	O4	3	M	Bilingual	G130	06/09/2018	89100	1280 x 720		Raw Data	Ord4_T6_R.avi	190	0	900	720									79354	10:17:08.375	1536226402147682															0	6201		Fixation	8	445	229	0.44	94.38	331.56																				9521	643	242	635	229	639	235	449	235	258.02	192.61	254.83	197.92	256.43	195.26	304.05	198.92	694.51	347.68	201.60	683.12					722.16	722.16	3.74	3.71	0	0				
07/12/2018	3.3.2	Gaze Project	O4	3	M	Bilingual	G130	06/09/2018	89100	1280 x 720		Raw Data	Ord4_T6_R.avi	190	0	900	720									79362	10:17:08.383	1536226402156054															0	6202		Fixation	8	466	234	0.72	346.57	252.18																				9522	620	267	656	234	638	250	448	250	248.89	182.57	263.50	195.65	256.20	189.11	304.12	198.94	694.60	347.76	201.64	683.29					722.26	722.26	3.70	3.78	0	0				
07/12/2018	3.3.2	Gaze Project	O4	3	M	Bilingual	G130	06/09/2018	89100	1280 x 720		Raw Data	Ord4_T6_R.avi	190	0	900	720									79371	10:17:08.391	1536226402164317															0	6203		Fixation	8	487	264	1.22	304.91	318.34																				9523	659	268	677	264	668	266	478	266	264.71	182.18	271.55	183.65	268.13	182.92	304.20	199.00	694.78	347.84	201.67	683.40					722.46	722.46	3.53	3.77	0	0				
07/12/2018	3.3.2	Gaze Project	O4	3	M	Bilingual	G130	06/09/2018	89100	1280 x 720		Raw Data	Ord4_T6_R.avi	190	0	900	720									79379	10:17:08.400	1536226402172649															0	6204		Fixation	8	470	244	0.88	130.27	185.37																				9524	671	247	660	244	665	245	475	245	269.53	190.36	264.92	191.77	267.22	191.06	304.27	199.05	694.93	347.92	201.71	683.56					722.62	722.62	3.56	3.72	0	0				
07/12/2018	3.3.2	Gaze Project	O4	3	M	Bilingual	G130	06/09/2018	89100	1280 x 720		Raw Data	Ord4_T6_R.avi	190	0	900	720									79387	10:17:08.408	1536226402181012															0	6205		Fixation	8	470	249	0.17	270.00	139.73																				9525	651	316	660	249	655	282	465	282	261.37	162.54	264.94	189.51	263.16	176.02	304.34	199.07	695.01	348.00	201.75	683.70					722.70	722.70	3.99	3.87	0	0				
07/12/2018	3.3.2	Gaze Project	O4	3	M	Bilingual	G130	06/09/2018	89100	1280 x 720		Raw Data	Ord4_T6_R.avi	190	0	900	720									79396	10:17:08.417	1536226402189367															0	6206		Fixation	8	456	256	0.52	206.64	296.64																				9526	648	277	646	256	647	266	457	266	260.24	178.23	259.22	186.76	259.73	182.49	304.41	198.95	695.06	348.07	201.79	683.84					722.72	722.72	3.55	3.82	0	0				
07/12/2018	3.3.2	Gaze Project	O4	3	M	Bilingual	G130	06/09/2018	89100	1280 x 720		Raw Data	Ord4_T6_R.avi	190	0	900	720									79404	10:17:08.425	1536226402197645															0	6207		Fixation	8	476	231	1.07	51.43	204.79																				9527	643	275	666	231	654	253	464	253	258.21	179.16	267.26	197.01	262.74	188.09	304.49	199.17	695.31	348.15	201.84	684.00					723.03	723.03	3.74	3.66	0	0				
07/12/2018	3.3.2	Gaze Project	O4	3	M	Bilingual	G130	06/09/2018	89100	1280 x 720		Raw Data	Ord4_T6_R.avi	190	0	900	720									79412	10:17:08.433	1536226402205990															0	6208		Fixation	8	442	243	1.19	199.50	148.07																				9528	643	276	632	243	637	259	447	259	258.16	178.73	253.70	192.23	255.93	185.48	304.56	199.22	695.47	348.23	201.89	684.16					723.21	723.21	3.67	3.70	0	0				
07/12/2018	3.3.2	Gaze Project	O4	3	M	Bilingual	G130	06/09/2018	89100	1280 x 720		Raw Data	Ord4_T6_R.avi	190	0	900	720									79421	10:17:08.441	1536226402214327															0	6209		Fixation	8	434	273	1.03	255.11	55.62																				9529	677	258	624	273	650	265	460	265	271.73	185.90	250.54	180.15	261.13	183.03	304.64	199.28	695.65	348.30	201.93	684.31					723.39	723.39	3.67	3.86	0	0				
07/12/2018	3.3.2	Gaze Project	O4	3	M	Bilingual	G130	06/09/2018	89100	1280 x 720		Raw Data	Ord4_T6_R.avi	190	0	900	720									79429	10:17:08.450	1536226402222669															0	6210		Fixation	8	441	246	0.93	75.51	180.40																				9530	650	261	631	246	640	253	450	253	261.10	184.70	253.24	191.06	257.17	187.88	304.70	199.31	695.76	348.36	201.82	684.35					723.51	723.51	3.69	3.74	0	0				
07/12/2018	3.3.2	Gaze Project	O4	3	M	Bilingual	G130	06/09/2018	89100	1280 x 720		Raw Data	Ord4_T6_R.avi	190	0	900	720									79437	10:17:08.458	1536226402231038															0	6211		Fixation	8	483	253	1.41	350.51	275.00																				9531	673	276	673	253	673	264	483	264	270.10	178.66	270.17	188.25	270.13	183.46	304.78	199.39	695.98	348.45	202.03	684.62					723.75	723.75	3.65	3.93	0	0				
07/12/2018	3.3.2	Gaze Project	O4	3	M	Bilingual	G130	06/09/2018	89100	1280 x 720		Raw Data	Ord4_T6_R.avi	190	0	900	720									79446	10:17:08.466	1536226402239306															0	6212		Fixation	8	453	259	1.01	191.35	200.84																				9532	649	292	643	259	646	275	456	275	260.36	172.49	258.06	185.76	259.21	179.12	304.83	199.41	696.06	348.51	202.08	684.74					723.84	723.84	3.72	3.86	0	0				
07/12/2018	3.3.2	Gaze Project	O4	3	M	Bilingual	G130	06/09/2018	89100	1280 x 720		Raw Data	Ord4_T6_R.avi	190	0	900	720									79454	10:17:08.475	1536226402247641															0	6213		Fixation	8	452	235	0.80	92.38	261.03																				9533	682	235	642	235	662	235	472	235	273.92	195.33	257.84	195.49	265.88	195.41	304.90	199.47	696.21	348.59	202.17	685.00					724.00	724.00	3.48	3.67	0	0				
07/12/2018	3.3.2	Gaze Project	O4	3	M	Bilingual	G130	06/09/2018	89100	1280 x 720		Raw Data	Ord4_T6_R.avi	190	0	900	720									79462	10:17:08.483	1536226402255991															0	6214		Fixation	8	467	255	0.83	306.78	214.40																				9534	644	326	657	255	650	290	460	290	258.59	158.71	263.65	187.11	261.12	172.91	304.95	199.52	696.37	348.66	202.24	685.21					724.18	724.18	3.86	3.92	0	0				
07/12/2018	3.3.2	Gaze Project	O4	3	M	Bilingual	G130	06/09/2018	89100	1280 x 720		Raw Data	Ord4_T6_R.avi	190	0	900	720									79471	10:17:08.491	1536226402264339															0	6215		Fixation	8	453	208	1.64	106.54	159.76																				9535	692	223	643	208	667	215	477	215	277.83	199.96	258.23	206.30	268.03	203.13	305.01	199.60	696.55	348.70	202.26	685.26					724.37	724.37	3.43	3.70	0	0				
07/12/2018	3.3.2	Gaze Project	O4	3	M	Bilingual	G130	06/09/2018	89100	1280 x 720		Raw Data	Ord4_T6_R.avi	190	0	900	720									79479	10:17:08.500	1536226402272631															0	6216		Fixation	8	470	227	0.85	311.73	205.19																				9536	652	268	660	227	656	247	466	247	261.62	182.04	264.80	198.42	263.21	190.23	305.06	199.64	696.66	348.75	202.30	685.36					724.49	724.49	3.72	3.74	0	0				
07/12/2018	3.3.2	Gaze Project	O4	3	M	Bilingual	G130	06/09/2018	89100	1280 x 720		Raw Data	Ord4_T6_R.avi	190	0	900	720									79487	10:17:08.508	1536226402280969															0	6217		Fixation	8	424	224	1.51	176.26	224.53																				9537	636	310	614	224	625	267	435	267	255.49	165.13	246.58	199.91	251.03	182.52	305.11	199.69	696.78	349.56	205.46	694.67					724.63	724.63	3.60	3.87	0	0				
07/12/2018	3.3.2	Gaze Project	O4	3	M	Bilingual	G130	06/09/2018	89100	1280 x 720		Raw Data	Ord4_T6_R.avi	190	0	900	720									79496	10:17:08.516	1536226402289307															0	6218		Fixation	8	448	216	0.83	18.49	202.23																				9538	645	269	638	216	641	242	451	242	258.77	181.57	256.25	203.14	257.51	192.35	305.16	199.76	696.96	348.82	202.19	685.39					724.82	724.82	3.72	3.64	0	0				
07/12/2018	3.3.2	Gaze Project	O4	3	M	Bilingual	G130	06/09/2018	89100	1280 x 720		Raw Data	Ord4_T6_R.avi	190	0	900	720									79504	10:17:08.525	1536226402297663															0	6219		Fixation	8	478	235	1.18	327.57	309.08																				9539	651	264	668	235	659	249	469	249	261.12	183.65	268.12	195.43	264.62	189.54	305.20	199.80	697.08	348.91	202.46	685.82					724.95	724.95	3.66	3.74	0	0				
07/12/2018	3.3.2	Gaze Project	O4	3	M	Bilingual	G130	06/09/2018	89100	1280 x 720		Raw Data	Ord4_T6_R.avi	190	0	900	720									79512	10:17:08.533	1536226402306022															0	6220		Fixation	8	490	239	0.42	341.51	13.94																				9540	647	260	680	239	663	249	473	249	259.81	185.33	273.12	193.76	266.47	189.54	305.25	199.86	697.26	348.96	202.53	686.03					725.15	725.15	3.65	3.74	0	0				
07/12/2018	3.3.2	Gaze Project	O4	3	M	Bilingual	G130	06/09/2018	89100	1280 x 720		Raw Data	Ord4_T6_R.avi	190	0	900	720									79521	10:17:08.541	1536226402314289															0	6221		Fixation	8	484	209	1.02	101.27	119.76																				9541	667	260	674	209	670	234	480	234	267.68	185.25	270.74	205.73	269.21	195.49	305.29	199.90	697.37	349.00	202.58	686.20					725.26	725.26	3.57	3.54	0	0				
07/12/2018	3.3.2	Gaze Project	O4	3	M	Bilingual	G130	06/09/2018	89100	1280 x 720		Raw Data	Ord4_T6_R.avi	190	0	900	720									79529	10:17:08.550	1536226402322632															0	6222		Fixation	8	453	211	1.03	183.70	82.43																				9542	641	256	643	211	642	233	452	233	257.36	187.00	257.92	205.01	257.64	196.01	305.33	199.93	697.49	349.05	202.63	686.36					725.39	725.39	3.60	3.60	0	0				
07/12/2018	3.3.2	Gaze Project	O4	3	M	Bilingual	G130	06/09/2018	89100	1280 x 720		Raw Data	Ord4_T6_R.avi	190	0	900	720									79537	10:17:08.558	1536226402330982															0	6223		Fixation	8	491	203	1.28	11.93	188.22																				9543	650	261	681	203	665	232	475	232	260.91	184.93	273.17	208.30	267.04	196.61	305.36	199.97	697.63	349.10	202.68	686.55					725.54	725.54	3.63	3.43	0	0				
07/12/2018	3.3.2	Gaze Project	O4	3	M	Bilingual	G130	06/09/2018	89100	1280 x 720		Raw Data	Ord4_T6_R.avi	190	0	900	720									79546	10:17:08.566	1536226402339322															0	6224		Fixation	8	448	227	1.63	209.25	197.32																				9544	656	259	638	227	647	243	457	243	263.47	185.45	256.08	198.60	259.77	192.03	305.40	200.00	697.76	349.13	202.67	686.57					725.67	725.67	3.66	3.78	0	0				
07/12/2018	3.3.2	Gaze Project	O4	3	M	Bilingual	G130	06/09/2018	89100	1280 x 720		Raw Data	Ord4_T6_R.avi	190	0	900	720									79554	10:17:08.575	1536226402347688															0	6225		Fixation	8	423	281	1.97	245.23	35.98																				9545	655	247	613	281	634	264	444	264	263.09	190.59	246.07	176.62	254.58	183.61	305.44	200.04	697.90	349.16	202.68	686.66					725.82	725.82	3.65	4.04	0	0				
07/12/2018	3.3.2	Gaze Project	O4	3	M	Bilingual	G130	06/09/2018	89100	1280 x 720		Raw Data	Ord4_T6_R.avi	190	0	900	720									79562	10:17:08.583	1536226402355944															0	6226		Fixation	8	472	251	1.89	31.56	146.33																				9546	633	220	662	251	647	235	457	235	253.98	201.33	265.81	188.77	259.90	195.05	305.47	200.06	698.00	349.18	202.55	686.70					725.92	725.92	3.59	3.68	0	0				
07/12/2018	3.3.2	Gaze Project	O4	3	M	Bilingual	G130	06/09/2018	89100	1280 x 720		Raw Data	Ord4_T6_R.avi	190	0	900	720									79571	10:17:08.591	1536226402364287															0	6227		Fixation	8	463	230	0.76	113.13	81.57																				9547	673	218	653	230	663	224	473	224	270.05	202.21	261.99	197.20	266.02	199.71	305.51	200.08	698.13	349.24	202.73	686.95					726.05	726.05	3.49	3.72	0	0				
07/12/2018	3.3.2	Gaze Project	O4	3	M	Bilingual	G130	06/09/2018	89100	1280 x 720		Raw Data	Ord4_T6_R.avi	190	0	900	720									79579	10:17:08.600	1536226402372642															0	6228		Fixation	8	456	247	0.61	247.68	134.55																				9548	662	245	646	247	654	246	464	246	265.55	191.19	259.12	190.66	262.34	190.92	305.55	200.10	698.28	349.27	202.73	687.05					726.21	726.21	3.65	3.87	0	0				
07/12/2018	3.3.2	Gaze Project	O4	3	M	Bilingual	G130	06/09/2018	89100	1280 x 720		Raw Data	Ord4_T6_R.avi	190	0	900	720									79587	10:17:08.608	1536226402381005															0	6229		Fixation	8	447	225	0.79	112.18	224.50																				9549	654	282	637	225	645	253	455	253	262.40	176.48	255.87	199.45	259.14	187.96	305.58	200.14	698.47	349.29	202.59	687.10					726.40	726.40	3.83	3.67	0	0				
07/12/2018	3.3.2	Gaze Project	O4	3	M	Bilingual	G130	06/09/2018	89100	1280 x 720		Raw Data	Ord4_T6_R.avi	190	0	900	720									79596	10:17:08.616	1536226402389264															0	6230		Fixation	8	425	214	0.81	153.36	41.18																				9550	629	313	615	214	622	263	432	263	252.37	163.87	246.70	203.96	249.53	183.92	305.62	200.13	698.53	349.36	202.78	687.39					726.45	726.45	3.98	3.66	0	0				
07/12/2018	3.3.2	Gaze Project	O4	3	M	Bilingual	G130	06/09/2018	89100	1280 x 720		Raw Data	Ord4_T6_R.avi	190	0	900	720									79604	10:17:08.625	1536226402397623															0	6231		Fixation	8	454	292	2.76	290.33	136.97																				9551	654	338	644	292	649	315	459	315	262.40	153.91	258.48	172.48	260.44	163.19	305.65	200.12	698.61	349.39	202.77	687.46					726.53	726.53	3.99	4.17	0	0				
07/12/2018	3.3.2	Gaze Project	O4	3	M	Bilingual	G130	06/09/2018	89100	1280 x 720		Raw Data	Ord4_T6_R.avi	190	0	900	720									79612	10:17:08.633	1536226402405949															0	6232		Fixation	8	410	342	2.17	228.74	298.41																				9552	672	242	600	342	636	292	446	292	269.91	192.52	241.00	152.15	255.46	172.33	305.68	200.09	698.64	350.11	205.55	695.83					726.55	726.55	3.66	4.57	0	0				
07/12/2018	3.3.2	Gaze Project	O4	3	M	Bilingual	G130	06/09/2018	89100	1280 x 720		Raw Data	Ord4_T6_R.avi	190	0	900	720									79621	10:17:08.641	1536226402414312															0	6233		Fixation	8	469	238	3.92	60.51	191.77																				9553	661	233	659	238	660	235	470	235	265.31	196.18	264.66	194.20	264.98	195.19	305.72	200.10	698.80	349.47	202.74	687.64					726.71	726.71	3.61	3.77	0	0				
07/12/2018	3.3.2	Gaze Project	O4	3	M	Bilingual	G130	06/09/2018	89100	1280 x 720		Raw Data	Ord4_T6_R.avi	190	0	900	720									79629	10:17:08.650	1536226402422661															0			Unclassified	8																									9554	690	358			690	358	500	358	276.81	145.68					305.84	200.08	698.98		-34.01						726.88		4.00		0	4				
07/12/2018	3.3.2	Gaze Project	O4	3	M	Bilingual	G130	06/09/2018	89100	1280 x 720		Raw Data	Ord4_T6_R.avi	190	0	900	720									79637	10:17:08.658	1536226402430941															0	6234		Fixation	8	549	331	4.05	310.61	250.10																				9555	766	451	739	331	752	391	562	391	307.49	108.22	296.64	156.47	302.07	132.35	306.03	199.95	699.05	350.61	206.41	699.07					726.92	726.92	4.25	3.84	0	0				
07/12/2018	3.3.2	Gaze Project	O4	3	M	Bilingual	G130	06/09/2018	89100	1280 x 720		Raw Data	Ord4_T6_R.avi	190	0	900	720									79646	10:17:08.666	1536226402439301															0	6235		Fixation	8	606	434	3.88	298.88	348.27																				9556			796	434	796	434	606	434			319.55	115.36						349.83	202.55	688.14						0.00		3.89	4	0				
07/12/2018	3.3.2	Gaze Project	O4	3	M	Bilingual	G130	06/09/2018	89100	1280 x 720		Raw Data	Ord4_T6_R.avi	190	0	900	720									79654	10:17:08.675	1536226402447621															0	6236		Fixation	8	586	550	3.84	260.25	321.37																				9557	832	492	776	550	804	521	614	521	334.13	91.88	311.64	68.41	322.89	80.14	306.26	199.87	699.09	349.91	202.37	688.22					726.94	726.94	3.78	4.25	0	0				
07/12/2018	3.3.2	Gaze Project	O4	3	M	Bilingual	G130	06/09/2018	89100	1280 x 720		Raw Data	Ord4_T6_R.avi	190	0	900	720									79662	10:17:08.683	1536226402455974															0	6237		Fixation	8	590	583	1.07	276.89	16.64																				9558	815	578	780	583	797	580	607	580	327.27	57.37	313.27	55.33	320.27	56.35	306.32	199.72	699.21	349.98	202.45	688.25					727.02	727.02	3.96	4.28	0	0				
07/12/2018	3.3.2	Gaze Project	O4	3	M	Bilingual	G130	06/09/2018	89100	1280 x 720		Raw Data	Ord4_T6_R.avi	190	0	900	720									79671	10:17:08.691	1536226402464344															0	6238		Fixation	8	634	609	1.66	329.34	52.45																				9559	811	675	824	609	817	642	627	642	325.56	18.19	330.68	44.65	328.12	31.42	306.63	204.30	713.07	350.06	202.32	688.30					741.60	741.60	4.25	4.11	0	0				
07/12/2018	3.3.2	Gaze Project	O4	3	M	Bilingual	G130	06/09/2018	89100	1280 x 720		Raw Data	Ord4_T6_R.avi	190	0	900	720									79679	10:17:08.700	1536226402472610															0	6239		Fixation	8	579	497	4.01	116.08	146.74																				9560	825	656	769	497	797	576	607	576	331.01	25.72	308.80	89.63	319.90	57.67	306.39	199.69	699.33	351.17	206.74	701.05					727.12	727.12	4.32	4.05	0	0				
07/12/2018	3.3.2	Gaze Project	O4	3	M	Bilingual	G130	06/09/2018	89100	1280 x 720		Raw Data	Ord4_T6_R.avi	190	0	900	720									79687	10:17:08.708	1536226402480948															0	6240		Fixation	8	645	510	2.19	348.82	232.74																				9561	800	644	835	510	817	577	627	577	321.26	30.42	335.25	84.76	328.25	57.59	306.43	199.65	699.33	350.19	202.41	688.51					727.12	727.12	4.44	3.87	0	0				
07/12/2018	3.3.2	Gaze Project	O4	3	M	Bilingual	G130	06/09/2018	89100	1280 x 720		Raw Data	Ord4_T6_R.avi	190	0	900	720									79696	10:17:08.716	1536226402489299															0	6241		Fixation	8	544	677	6.23	238.92	250.09																				9562	808	643	734	677	771	660	581	660	324.50	30.97	294.73	17.16	309.62	24.07	306.76	204.33	713.54	350.26	202.26	688.57					742.06	742.06	4.50	4.53	0	0				
07/12/2018	3.3.2	Gaze Project	O4	3	M	Bilingual	G130	06/09/2018	89100	1280 x 720		Raw Data	Ord4_T6_R.avi	190	0	900	720									79704	10:17:08.725	1536226402497733															0	6242		Fixation	8	570	647	1.25	49.18	170.26																				9563			760	647	760	647	570	647			305.04	29.37						350.31	202.32	688.52						0.00		4.60	4	0				
07/12/2018	3.3.2	Gaze Project	O4	3	M	Bilingual	G130	06/09/2018	89100	1280 x 720		Raw Data	Ord4_T6_R.avi	190	0	900	720									79712	10:17:08.733	1536226402505933															0	6243		Fixation	8	572	652	0.17	291.74	242.56																				9564	811	579	762	652	786	615	596	615	325.54	56.85	305.95	27.27	315.75	42.06	306.59	199.54	699.40	350.39	202.18	688.58					727.15	727.15	4.02	4.51	0	0				
07/12/2018	3.3.2	Gaze Project	O4	3	M	Bilingual	G130	06/09/2018	89100	1280 x 720		Raw Data	Ord4_T6_R.avi	190	0	900	720									79721	10:17:08.741	1536226402514275															0	6244		Fixation	8	674	620	3.45	17.47	85.73																				9565	792	677	864	620	828	648	638	648	317.72	17.32	346.63	40.42	332.17	28.87	306.64	199.50	699.35	350.45	202.27	688.58					727.10	727.10	4.18	4.04	0	0				
07/12/2018	3.3.2	Gaze Project	O4	3	M	Bilingual	G130	06/09/2018	89100	1280 x 720		Raw Data	Ord4_T6_R.avi	190	0	900	720									79729	10:17:08.750	1536226402522608															0	6245		Fixation	8	716	530	3.17	65.05	47.58																				9566	821	660	906	530	863	595	673	595	329.63	23.99	363.71	76.56	346.67	50.28	306.99	203.98	712.95	351.40	205.78	699.01					741.40	741.40	4.29	3.97	0	0				
07/12/2018	3.3.2	Gaze Project	O4	3	M	Bilingual	G130	06/09/2018	89100	1280 x 720		Raw Data	Ord4_T6_R.avi	190	0	900	720									79737	10:17:08.758	1536226402530967															0	6246		Fixation	8	673	597	2.56	237.39	172.34																				9567	800	650	863	597	831	623	641	623	321.33	28.12	346.43	49.39	333.88	38.75	306.76	199.44	699.31	350.60	202.26	688.65					727.05	727.05	4.36	4.02	0	0				
07/12/2018	3.3.2	Gaze Project	O4	3	M	Bilingual	G130	06/09/2018	89100	1280 x 720		Raw Data	Ord4_T6_R.avi	190	0	900	720									79746	10:17:08.766	1536226402539321															0	6247		Fixation	8	602	622	2.42	199.46	322.06																				9568	810	664	792	622	801	643	611	643	325.21	22.62	317.82	39.45	321.51	31.04	306.83	199.44	699.31	351.58	205.91	699.46					727.06	727.06	4.27	4.22	0	0				
07/12/2018	3.3.2	Gaze Project	O4	3	M	Bilingual	G130	06/09/2018	89100	1280 x 720		Raw Data	Ord4_T6_R.avi	190	0	900	720									79754	10:17:08.775	1536226402547590															0	6248		Fixation	8	573	621	0.93	178.02	338.56																				9569			763	621	763	621	573	621			306.13	39.83						350.70	202.36	688.61						0.00		4.30	4	0				
07/12/2018	3.3.2	Gaze Project	O4	3	M	Bilingual	G130	06/09/2018	89100	1280 x 720		Raw Data	Ord4_T6_R.avi	190	0	900	720									79762	10:17:08.783	1536226402555934															0	6249		Fixation	8	579	626	0.25	320.10	142.09																				9570	811	645	769	626	790	635	600	635	325.47	30.05	308.78	37.81	317.13	33.93	306.96	199.40	699.23	351.66	205.64	698.69					726.97	726.97	4.19	4.50	0	0				
07/12/2018	3.3.2	Gaze Project	O4	3	M	Bilingual	G130	06/09/2018	89100	1280 x 720		Raw Data	Ord4_T6_R.avi	190	0	900	720									79771	10:17:08.791	1536226402564279															0	6250		Fixation	8	659	633	2.59	354.98	34.88																				9571	820	682	849	633	834	657	644	657	329.10	15.29	340.89	34.96	335.00	25.13	307.02	199.43	699.33	350.89	202.25	688.67					727.08	727.08	4.41	4.09	0	0				
07/12/2018	3.3.2	Gaze Project	O4	3	M	Bilingual	G130	06/09/2018	89100	1280 x 720		Raw Data	Ord4_T6_R.avi	190	0	900	720									79779	10:17:08.800	1536226402572637															0	6251		Fixation	8	555	695	3.83	210.88	215.90																				9572	806	661	745	695	775	678	585	678	323.69	23.86	299.23	10.01	311.46	16.94	307.08	199.32	699.38	351.81	205.65	698.73					727.09	727.09	4.16	4.54	0	0				
07/12/2018	3.3.2	Gaze Project	O4	3	M	Bilingual	G130	06/09/2018	89100	1280 x 720		Raw Data	Ord4_T6_R.avi	190	0	900	720									79787	10:17:08.808	1536226402580993															0	6252		Fixation	8	617	661	2.23	28.82	177.93																				9573	800	668	807	661	803	664	613	664	321.28	20.75	324.04	23.80	322.66	22.27	307.14	199.37	699.12	351.01	202.38	688.61					726.87	726.87	4.35	4.67	0	0				
07/12/2018	3.3.2	Gaze Project	O4	3	M	Bilingual	G130	06/09/2018	89100	1280 x 720		Raw Data	Ord4_T6_R.avi	190	0	900	720									79796	10:17:08.816	1536226402589259															0	6253		Fixation	8	559	618	2.33	143.36	114.54																				9574	795	676	749	618	772	647	582	647	318.99	17.89	300.51	41.19	309.75	29.54	307.19	199.33	698.99	351.10	202.16	688.70					726.73	726.73	4.36	4.13	0	0				
07/12/2018	3.3.2	Gaze Project	O4	3	M	Bilingual	G130	06/09/2018	89100	1280 x 720		Raw Data	Ord4_T6_R.avi	190	0	900	720									79804	10:17:08.825	1536226402597596															0	6254		Fixation	8	560	637	0.60	273.00	129.64																				9575	804	672	750	637	777	654	587	654	322.93	19.52	300.98	33.59	311.95	26.56	307.25	199.34	698.99	351.16	202.17	688.70					726.74	726.74	4.32	4.47	0	0				
07/12/2018	3.3.2	Gaze Project	O4	3	M	Bilingual	G130	06/09/2018	89100	1280 x 720		Raw Data	Ord4_T6_R.avi	190	0	900	720									79812	10:17:08.833	1536226402605953															0	6255		Fixation	8	585	647	0.86	338.14	65.13																				9576	780	662	775	647	777	654	587	654	313.12	23.39	311.22	29.21	312.17	26.30	307.61	204.01	713.04	352.13	205.91	699.31					741.54	741.54	4.53	4.57	0	0				
07/12/2018	3.3.2	Gaze Project	O4	3	M	Bilingual	G130	06/09/2018	89100	1280 x 720		Raw Data	Ord4_T6_R.avi	190	0	900	720									79821	10:17:08.841	1536226402614305															0	6256		Fixation	8	561	592	1.90	113.51	135.37																				9577	807	699	751	592	779	645	589	645	323.74	8.47	301.58	51.73	312.66	30.10	307.35	199.24	699.03	351.28	202.19	688.69					726.76	726.76	4.22	4.22	0	0				
07/12/2018	3.3.2	Gaze Project	O4	3	M	Bilingual	G130	06/09/2018	89100	1280 x 720		Raw Data	Ord4_T6_R.avi	190	0	900	720									79829	10:17:08.850	1536226402622587															0	6257		Fixation	8	584	563	1.18	51.67	298.16																				9578	802	662	774	563	788	612	598	612	321.77	23.51	310.76	63.07	316.27	43.29	307.41	199.34	698.90	352.17	205.62	698.43					726.67	726.67	4.27	4.22	0	0				
07/12/2018	3.3.2	Gaze Project	O4	3	M	Bilingual	G130	06/09/2018	89100	1280 x 720		Raw Data	Ord4_T6_R.avi	190	0	900	720									79837	10:17:08.858	1536226402630924															0	6258		Fixation	8	660	627	3.17	319.81	268.14																				9579	823	664	850	627	836	645	646	645	330.17	22.55	341.10	37.45	335.64	30.00	307.76	204.00	712.89	353.75	206.81	701.04					741.40	741.40	4.36	4.68	0	0				
07/12/2018	3.3.2	Gaze Project	O4	3	M	Bilingual	G130	06/09/2018	89100	1280 x 720		Raw Data	Ord4_T6_R.avi	190	0	900	720									79846	10:17:08.866	1536226402639262															0	6259		Fixation	8	599	643	2.02	194.74	234.93																				9580	817	646	789	643	803	644	613	644	327.87	29.99	316.70	30.99	322.29	30.49	307.50	199.35	698.82	351.43	202.23	688.67					726.61	726.61	4.22	4.21	0	0				
07/12/2018	3.3.2	Gaze Project	O4	3	M	Bilingual	G130	06/09/2018	89100	1280 x 720		Raw Data	Ord4_T6_R.avi	190	0	900	720									79854	10:17:08.875	1536226402647625															0	6260		Fixation	8	570	641	0.94	176.04	341.30																				9581	803	667	760	641	781	654	591	654	322.46	21.26	305.18	31.91	313.82	26.58	307.54	199.36	698.80	351.44	202.21	688.23					726.59	726.59	4.29	4.34	0	0				
07/12/2018	3.3.2	Gaze Project	O4	3	M	Bilingual	G130	06/09/2018	89100	1280 x 720		Raw Data	Ord4_T6_R.avi	190	0	900	720									79862	10:17:08.883	1536226402655974															0	6261		Fixation	8	589	645	0.63	348.07	172.03																				9582	849	625	779	645	814	635	624	635	340.74	38.34	312.67	30.25	326.70	34.29	307.88	203.98	712.67	351.48	202.20	688.17					741.20	741.20	4.24	4.57	0	0				
07/12/2018	3.3.2	Gaze Project	O4	3	M	Bilingual	G130	06/09/2018	89100	1280 x 720		Raw Data	Ord4_T6_R.avi	190	0	900	720									79871	10:17:08.891	1536226402664235															0	6262		Fixation	8	643	537	3.86	63.51	75.43																				9583	817	654	833	537	825	595	635	595	327.93	26.57	334.31	73.72	331.12	50.15	307.62	199.33	698.64	351.52	202.17	688.06					726.44	726.44	4.33	3.91	0	0				
07/12/2018	3.3.2	Gaze Project	O4	3	M	Bilingual	G130	06/09/2018	89100	1280 x 720		Raw Data	Ord4_T6_R.avi	190	0	900	720									79879	10:17:08.900	1536226402672588															0	6263		Fixation	8	604	511	1.54	146.22	82.72																				9584	801	660	794	511	797	585	607	585	321.52	24.31	318.71	84.18	320.11	54.25	307.66	199.34	698.62	351.56	202.15	688.02					726.42	726.42	4.30	3.93	0	0				
07/12/2018	3.3.2	Gaze Project	O4	3	M	Bilingual	G130	06/09/2018	89100	1280 x 720		Raw Data	Ord4_T6_R.avi	190	0	900	720									79887	10:17:08.908	1536226402680935															0	6264		Fixation	8	611	708	6.22	272.03	125.80																				9585	827	659	801	708	814	683	624	683	331.91	24.64	321.66	4.75	326.78	14.70	307.99	203.72	711.84	352.54	205.87	699.01					740.34	740.34	4.30	4.81	0	0				
07/12/2018	3.3.2	Gaze Project	O4	3	M	Bilingual	G130	06/09/2018	89100	1280 x 720		Raw Data	Ord4_T6_R.avi	190	0	900	720									79896	10:17:08.916	1536226402689291															0			Unclassified	8																									9586	813	668			813	668	623	668	326.33	20.85					308.03	203.73	711.85		-34.01						740.36		4.30		0	4				
07/12/2018	3.3.2	Gaze Project	O4	3	M	Bilingual	G130	06/09/2018	89100	1280 x 720		Raw Data	Ord4_T6_R.avi	190	0	900	720									79904	10:17:08.925	1536226402697643															0	6265		Fixation	8	569	623	2.96	116.22	204.19																				9587	815	670	759	623	787	646	597	646	327.09	20.27	304.67	38.99	315.88	29.63	308.05	203.26	710.48	352.68	206.00	699.41					738.92	738.92	4.25	4.37	0	0				
07/12/2018	3.3.2	Gaze Project	O4	3	M	Bilingual	G130	06/09/2018	89100	1280 x 720		Raw Data	Ord4_T6_R.avi	190	0	900	720									79912	10:17:08.933	1536226402705912															0	6266		Fixation	8	579	620	0.33	16.75	260.53																				9588	840	659	769	620	804	639	614	639	337.37	24.49	308.53	40.43	322.95	32.46	309.34	203.57	710.61	354.04	206.43	699.95					739.23	739.23	4.52	4.33	0	0				
07/12/2018	3.3.2	Gaze Project	O4	3	M	Bilingual	G130	06/09/2018	89100	1280 x 720		Raw Data	Ord4_T6_R.avi	190	0	900	720									79921	10:17:08.941	1536226402714243															0	6267		Fixation	8	601	672	1.76	292.87	276.12																				9589	803	673	791	672	797	672	607	672	322.20	18.98	317.60	19.28	319.90	19.13	307.87	199.19	698.22	354.03	206.26	699.57					726.01	726.01	4.30	4.75	0	0				
07/12/2018	3.3.2	Gaze Project	O4	3	M	Bilingual	G130	06/09/2018	89100	1280 x 720		Raw Data	Ord4_T6_R.avi	190	0	900	720									79929	10:17:08.950	1536226402722599															0			Unclassified	8																									9590	820	671			820	671	630	671	329.02	19.86					307.92	199.06	698.27		-34.01						726.02		4.17		0	4				
07/12/2018	3.3.2	Gaze Project	O4	3	M	Bilingual	G130	06/09/2018	89100	1280 x 720		Raw Data	Ord4_T6_R.avi	190	0	900	720									79937	10:17:08.958	1536226402730960															0	6268		Fixation	8	609	622	1.58	80.94	148.07																				9591	791	670	799	622	795	646	605	646	317.61	20.14	320.88	39.49	319.25	29.82	307.97	199.09	698.04	351.88	201.84	687.52					725.82	725.82	4.29	4.36	0	0				
07/12/2018	3.3.2	Gaze Project	O4	3	M	Bilingual	G130	06/09/2018	89100	1280 x 720		Raw Data	Ord4_T6_R.avi	190	0	900	720									79946	10:17:08.966	1536226402739228															0	6269		Fixation	8	626	606	0.75	43.36	322.42																				9592	790	648	816	606	803	627	613	627	317.20	29.09	327.42	45.86	322.31	37.48	308.02	199.03	697.93	351.94	201.76	687.42					725.70	725.70	4.32	4.27	0	0				
07/12/2018	3.3.2	Gaze Project	O4	3	M	Bilingual	G130	06/09/2018	89100	1280 x 720		Raw Data	Ord4_T6_R.avi	190	0	900	720									79954	10:17:08.975	1536226402747575															0	6270		Fixation	8	541	651	3.06	207.97	164.62																				9593	796	658	731	651	763	654	573	654	319.63	24.99	293.39	27.61	306.51	26.30	308.08	198.97	697.86	352.86	205.11	697.47					725.62	725.62	4.23	4.66	0	0				
07/12/2018	3.3.2	Gaze Project	O4	3	M	Bilingual	G130	06/09/2018	89100	1280 x 720		Raw Data	Ord4_T6_R.avi	190	0	900	720									79962	10:17:08.983	1536226402755912															0			Unclassified	8																									9594	826	655			826	655	636	655	331.55	26.37					308.45	203.76	712.38		-34.01						740.89		4.47		0	4				
07/12/2018	3.3.2	Gaze Project	O4	3	M	Bilingual	G130	06/09/2018	89100	1280 x 720		Raw Data	Ord4_T6_R.avi	190	0	900	720									79971	10:17:08.991	1536226402764276															0	6271		Fixation	8	589	634	1.61	19.56	171.59																				9595	813	641	779	634	796	637	606	637	326.37	31.76	312.63	34.53	319.50	33.15	308.18	198.81	697.60	352.91	204.68	696.55					725.33	725.33	4.42	4.55	0	0				
07/12/2018	3.3.2	Gaze Project	O4	3	M	Bilingual	G130	06/09/2018	89100	1280 x 720		Raw Data	Ord4_T6_R.avi	190	0	900	720									79979	10:17:09.000	1536226402772626															0	6272		Fixation	8	597	608	0.86	72.95	53.39																				9596	787	659	787	608	787	633	597	633	315.80	24.69	315.94	45.07	315.87	34.88	308.23	198.75	697.56	352.14	201.41	687.01					725.27	725.27	4.40	4.18	0	0				
07/12/2018	3.3.2	Gaze Project	O4	3	M	Bilingual	G130	06/09/2018	89100	1280 x 720		Raw Data	Ord4_T6_R.avi	190	0	900	720									79987	10:17:09.008	1536226402780899															0	6273		Fixation	8	645	514	3.41	63.02	350.07																				9597			835	514	835	514	645	514			335.24	82.96						352.20	201.33	686.93						0.00		4.03	4	0				
07/12/2018	3.3.2	Gaze Project	O4	3	M	Bilingual	G130	06/09/2018	89100	1280 x 720		Raw Data	Ord4_T6_R.avi	190	0	900	720									79996	10:17:09.016	1536226402789230															0	6274		Fixation	8	586	611	3.64	238.77	175.75																				9598	815	649	776	611	795	630	605	630	327.33	28.57	311.34	44.06	319.33	36.31	308.66	203.54	712.24	353.12	204.68	696.99					740.70	740.70	4.44	4.24	0	0				
07/12/2018	3.3.2	Gaze Project	O4	3	M	Bilingual	G130	06/09/2018	89100	1280 x 720		Raw Data	Ord4_T6_R.avi	190	0	900	720									80004	10:17:09.025	1536226402797587															0	6275		Fixation	8	613	558	1.88	63.08	184.31																				9599	824	522	803	558	813	540	623	540	330.95	79.58	322.14	65.13	326.54	72.35	308.37	198.51	697.23	353.27	204.99	698.03					724.89	724.89	3.65	4.17	0	0				
07/12/2018	3.3.2	Gaze Project	O4	3	M	Bilingual	G130	06/09/2018	89100	1280 x 720		Raw Data	Ord4_T6_R.avi	190	0	900	720									80012	10:17:09.033	1536226402805937															0			Unclassified	8																									9600	832	669			832	669	642	669	334.07	20.44					308.41	198.44	697.15		-34.01						724.80		4.12		0	4				
07/12/2018	3.3.2	Gaze Project	O4	3	M	Bilingual	G130	06/09/2018	89100	1280 x 720		Raw Data	Ord4_T6_R.avi	190	0	900	720									80021	10:17:09.041	1536226402814219															0	6276		Fixation	8	606	578	0.68	250.77	187.69																				9601	803	662	796	578	799	620	609	620	322.26	23.42	319.38	57.13	320.82	40.27	308.44	198.38	697.07	352.35	200.98	686.48					724.70	724.70	4.28	4.03	0	0				
07/12/2018	3.3.2	Gaze Project	O4	3	M	Bilingual	G130	06/09/2018	89100	1280 x 720		Raw Data	Ord4_T6_R.avi	190	0	900	720									80029	10:17:09.050	1536226402822561															0	6277		Fixation	8	570	601	1.37	212.66	321.89																				9602			760	601	760	601	570	601			305.26	47.73						353.51	205.42	699.63						0.00		4.33	4	0				
07/12/2018	3.3.2	Gaze Project	O4	3	M	Bilingual	G130	06/09/2018	89100	1280 x 720		Raw Data	Ord4_T6_R.avi	190	0	900	720									80037	10:17:09.058	1536226402830895															0	6278		Fixation	8	558	595	0.43	153.36	300.70																				9603	747	678	748	595	747	636	557	636	299.99	16.72	300.09	50.16	300.04	33.44	308.41	198.29	696.95	352.31	200.86	686.34					724.56	724.56	4.23	4.27	0	0				
07/12/2018	3.3.2	Gaze Project	O4	3	M	Bilingual	G130	06/09/2018	89100	1280 x 720		Raw Data	Ord4_T6_R.avi	190	0	900	720									80046	10:17:09.066	1536226402839253															0	6279		Fixation	8	491	648	2.71	218.44	65.07																				9604	720	652	681	648	700	650	510	650	288.83	27.56	273.28	28.95	281.06	28.25	308.36	198.22	696.84	352.25	200.76	686.19					724.43	724.43	4.27	4.35	0	0				
07/12/2018	3.3.2	Gaze Project	O4	3	M	Bilingual	G130	06/09/2018	89100	1280 x 720		Raw Data	Ord4_T6_R.avi	190	0	900	720									80054	10:17:09.075	1536226402847610															0	6280		Fixation	8	584	554	4.22	45.40	186.96																				9605	741	670	774	554	757	612	567	612	297.58	20.14	310.87	66.79	304.23	43.47	308.36	198.19	696.86	352.24	200.63	686.24					724.44	724.44	4.29	3.90	0	0				
07/12/2018	3.3.2	Gaze Project	O4	3	M	Bilingual	G130	06/09/2018	89100	1280 x 720		Raw Data	Ord4_T6_R.avi	190	0	900	720									80062	10:17:09.083	1536226402855877															0	6281		Fixation	8	489	628	3.83	218.01	172.61																				9606	743	659	679	628	711	643	521	643	298.31	24.39	272.57	37.14	285.44	30.76	308.35	198.08	696.66	353.13	204.20	696.54					724.22	724.22	4.18	4.22	0	0				
07/12/2018	3.3.2	Gaze Project	O4	3	M	Bilingual	G130	06/09/2018	89100	1280 x 720		Raw Data	Ord4_T6_R.avi	190	0	900	720									80071	10:17:09.091	1536226402864224															0	6282		Fixation	8	506	622	0.57	19.50	161.49																				9607	716	651	696	622	706	636	516	636	287.33	27.91	279.24	39.31	283.28	33.61	308.33	197.94	696.72	352.18	200.50	685.70					724.23	724.23	4.06	4.21	0	0				
07/12/2018	3.3.2	Gaze Project	O4	3	M	Bilingual	G130	06/09/2018	89100	1280 x 720		Raw Data	Ord4_T6_R.avi	190	0	900	720									80079	10:17:09.100	1536226402872567															0	6283		Fixation	8	512	588	1.09	80.02	60.53																				9608	730	640	702	588	716	614	526	614	293.04	32.25	281.84	53.32	287.44	42.78	308.31	197.94	696.46	353.04	203.92	695.93					723.98	723.98	4.19	4.15	0	0				
07/12/2018	3.3.2	Gaze Project	O4	3	M	Bilingual	G130	06/09/2018	89100	1280 x 720		Raw Data	Ord4_T6_R.avi	190	0	900	720									80087	10:17:09.108	1536226402880921															0	6284		Fixation	8	502	619	1.03	252.18	172.15																				9609	753	658	692	619	722	638	532	638	302.37	24.80	277.91	40.49	290.14	32.65	310.09	202.96	710.90	352.11	200.38	685.52					739.35	739.35	4.38	4.19	0	0				
07/12/2018	3.3.2	Gaze Project	O4	3	M	Bilingual	G130	06/09/2018	89100	1280 x 720		Raw Data	Ord4_T6_R.avi	190	0	900	720									80096	10:17:09.116	1536226402889276															0	6285		Fixation	8	525	614	0.75	12.30	120.13																				9610	736	701	715	614	725	657	535	657	295.24	7.70	286.81	42.73	291.03	25.21	308.25	197.82	696.27	354.98	205.79	700.73					723.76	723.76	4.19	4.25	0	0				
07/12/2018	3.3.2	Gaze Project	O4	3	M	Bilingual	G130	06/09/2018	89100	1280 x 720		Raw Data	Ord4_T6_R.avi	190	0	900	720									80104	10:17:09.125	1536226402897538															0	6286		Fixation	8	506	633	0.84	225.09	212.79																				9611	717	665	696	633	706	649	516	649	287.76	22.15	279.50	34.86	283.63	28.51	308.22	197.68	696.33	352.01	200.18	685.13					723.77	723.77	4.12	4.30	0	0				
07/12/2018	3.3.2	Gaze Project	O4	3	M	Bilingual	G130	06/09/2018	89100	1280 x 720		Raw Data	Ord4_T6_R.avi	190	0	900	720									80112	10:17:09.133	1536226402905947															0	6287		Fixation	8	533	549	2.81	72.23	207.14																				9612	721	538	723	549	722	543	532	543	289.51	73.18	290.14	68.69	289.82	70.93	308.18	197.68	696.04	351.97	200.11	685.01					723.50	723.50	3.75	3.96	0	0				
07/12/2018	3.3.2	Gaze Project	O4	3	M	Bilingual	G130	06/09/2018	89100	1280 x 720		Raw Data	Ord4_T6_R.avi	190	0	900	720									80121	10:17:09.141	1536226402914235															0	6288		Fixation	8	542	581	1.08	285.66	213.43																				9613	712	684	732	581	722	632	532	632	285.93	14.57	294.01	56.07	289.97	35.32	308.15	197.63	695.96	351.93	200.04	684.85					723.40	723.40	4.20	3.99	0	0				
07/12/2018	3.3.2	Gaze Project	O4	3	M	Bilingual	G130	06/09/2018	89100	1280 x 720		Raw Data	Ord4_T6_R.avi	190	0	900	720									80129	10:17:09.150	1536226402922591															0	6289		Fixation	8	512	585	0.98	187.62	261.96																				9614	738	632	702	585	720	608	530	608	296.38	35.37	281.73	54.35	289.05	44.86	308.12	197.56	695.87	352.77	203.39	694.87					723.29	723.29	4.06	4.07	0	0				
07/12/2018	3.3.2	Gaze Project	O4	3	M	Bilingual	G130	06/09/2018	89100	1280 x 720		Raw Data	Ord4_T6_R.avi	190	0	900	720									80137	10:17:09.158	1536226402930874															0	6290		Fixation	8	540	544	1.57	55.76	228.14																				9615	737	657	730	544	733	600	543	600	295.89	25.42	293.16	70.93	294.53	48.17	308.10	197.49	695.72	352.73	203.28	694.61					723.12	723.12	4.07	3.93	0	0				
07/12/2018	3.3.2	Gaze Project	O4	3	M	Bilingual	G130	06/09/2018	89100	1280 x 720		Raw Data	Ord4_T6_R.avi	190	0	900	720									80146	10:17:09.166	1536226402939211															0	6291		Fixation	8	519	596	1.77	248.07	192.32																				9616	737	694	709	596	723	645	533	645	295.82	10.39	284.40	49.88	290.11	30.14	308.08	197.35	695.77	352.59	202.72	693.08					723.13	723.13	4.08	4.11	0	0				
07/12/2018	3.3.2	Gaze Project	O4	3	M	Bilingual	G130	06/09/2018	89100	1280 x 720		Raw Data	Ord4_T6_R.avi	190	0	900	720									80154	10:17:09.175	1536226402947543															0	6292		Fixation	8	537	547	1.66	69.89	181.82																				9617	766	488	727	547	746	517	556	517	307.60	93.26	291.64	69.74	299.62	81.50	308.07	197.33	695.78	351.84	199.77	684.35					723.13	723.13	3.75	3.92	0	0				
07/12/2018	3.3.2	Gaze Project	O4	3	M	Bilingual	G130	06/09/2018	89100	1280 x 720		Raw Data	Ord4_T6_R.avi	190	0	900	720									80162	10:17:09.183	1536226402955904															0	6293		Fixation	8	570	416	4.43	75.90	6.02																				9618	730	663	760	416	745	539	555	539	292.94	22.76	305.19	122.40	299.06	72.58	308.26	200.13	704.10	351.85	199.64	684.40					731.90	731.90	4.08	3.28	0	0				
07/12/2018	3.3.2	Gaze Project	O4	3	M	Bilingual	G130	06/09/2018	89100	1280 x 720		Raw Data	Ord4_T6_R.avi	190	0	900	720									80171	10:17:09.191	1536226402964262															0	6294		Fixation	8	504	649	7.84	254.23	178.33																				9619	715	659	694	649	704	654	514	654	286.94	24.48	278.58	28.42	282.76	26.45	308.30	200.50	705.25	351.86	199.62	684.41					733.10	733.10	4.17	4.39	0	0				
07/12/2018	3.3.2	Gaze Project	O4	3	M	Bilingual	G130	06/09/2018	89100	1280 x 720		Raw Data	Ord4_T6_R.avi	190	0	900	720									80179	10:17:09.200	1536226402972533															0	6295		Fixation	8	500	576	2.33	93.13	198.89																				9620	751	671	690	576	720	623	530	623	301.63	19.55	277.08	57.81	289.35	38.68	308.08	197.14	695.07	351.84	199.54	683.91					722.39	722.39	4.36	3.97	0	0				
07/12/2018	3.3.2	Gaze Project	O4	3	M	Bilingual	G130	06/09/2018	89100	1280 x 720		Raw Data	Ord4_T6_R.avi	190	0	900	720									80187	10:17:09.208	1536226402980872															0	6296		Fixation	8	537	525	2.03	54.13	321.00																				9621	724	686	727	525	725	605	535	605	290.47	13.62	291.69	78.41	291.08	46.01	308.09	197.10	694.99	351.87	199.41	683.96					722.30	722.30	4.19	3.89	0	0				
07/12/2018	3.3.2	Gaze Project	O4	3	M	Bilingual	G130	06/09/2018	89100	1280 x 720		Raw Data	Ord4_T6_R.avi	190	0	900	720									80196	10:17:09.216	1536226402989219															0	6297		Fixation	8	513	529	0.80	189.49	135.37																				9622	748	585	703	529	725	557	535	557	300.40	54.41	282.33	77.06	291.36	65.73	308.10	197.04	694.85	351.90	199.39	683.97					722.16	722.16	3.79	3.94	0	0				
07/12/2018	3.3.2	Gaze Project	O4	3	M	Bilingual	G130	06/09/2018	89100	1280 x 720		Raw Data	Ord4_T6_R.avi	190	0	900	720									80204	10:17:09.225	1536226402997577															0	6298		Fixation	8	544	655	4.19	283.78	94.29																				9623	754	555	734	655	744	605	554	605	302.83	66.55	294.56	26.13	298.69	46.34	308.12	196.99	694.72	351.92	199.36	683.98					722.02	722.02	3.63	4.10	0	0				
07/12/2018	3.3.2	Gaze Project	O4	3	M	Bilingual	G130	06/09/2018	89100	1280 x 720		Raw Data	Ord4_T6_R.avi	190	0	900	720									80212	10:17:09.233	1536226403005934															0	6299		Fixation	8	519	635	1.04	141.25	217.47																				9624	705	625	709	635	707	630	517	630	282.98	38.35	284.66	34.17	283.82	36.26	308.13	196.95	694.61	351.99	199.55	683.91					721.91	721.91	3.88	4.10	0	0				
07/12/2018	3.3.2	Gaze Project	O4	3	M	Bilingual	G130	06/09/2018	89100	1280 x 720		Raw Data	Ord4_T6_R.avi	190	0	900	720									80221	10:17:09.241	1536226403014185															0	6300		Fixation	8	602	631	2.70	2.77	221.52																				9625	734	585	792	631	763	608	573	608	294.63	54.33	317.74	35.68	306.19	45.01	308.14	196.89	694.44	351.98	199.31	684.00					721.73	721.73	3.73	4.02	0	0				
07/12/2018	3.3.2	Gaze Project	O4	3	M	Bilingual	G130	06/09/2018	89100	1280 x 720		Raw Data	Ord4_T6_R.avi	190	0	900	720									80229	10:17:09.250	1536226403022529															0	6301		Fixation	8	554	537	3.43	116.98	114.21																				9626	725	719	744	537	734	628	544	628	291.11	0.44	298.70	73.71	294.90	37.07	308.15	196.85	694.28	351.93	199.14	683.19					721.56	721.56	4.01	3.71	0	0				
07/12/2018	3.3.2	Gaze Project	O4	3	M	Bilingual	G130	06/09/2018	89100	1280 x 720		Raw Data	Ord4_T6_R.avi	190	0	900	720									80237	10:17:09.258	1536226403030887															0	6302		Fixation	8	566	533	0.41	18.49	261.51																				9627	741	639	756	533	748	586	558	586	297.43	32.60	303.33	75.45	300.38	54.03	308.15	196.83	694.18	351.96	199.01	683.24					721.46	721.46	3.94	3.75	0	0				
07/12/2018	3.3.2	Gaze Project	O4	3	M	Bilingual	G130	06/09/2018	89100	1280 x 720		Raw Data	Ord4_T6_R.avi	190	0	900	720									80246	10:17:09.266	1536226403039246															0	6303		Fixation	8	537	605	2.48	248.13	229.63																				9628	744	540	727	605	735	572	545	572	298.71	72.51	291.62	46.22	295.17	59.36	308.15	196.81	694.06	352.92	202.85	694.29					721.34	721.34	3.53	4.05	0	0				
07/12/2018	3.3.2	Gaze Project	O4	3	M	Bilingual	G130	06/09/2018	89100	1280 x 720		Raw Data	Ord4_T6_R.avi	190	0	900	720									80254	10:17:09.275	1536226403047522															0	6304		Fixation	8	527	582	0.80	113.43	225.31																				9629	759	675	717	582	738	628	548	628	304.87	18.02	287.78	55.47	296.32	36.75	308.14	196.72	694.09	352.86	202.57	693.53					721.35	721.35	3.99	4.11	0	0				
07/12/2018	3.3.2	Gaze Project	O4	3	M	Bilingual	G130	06/09/2018	89100	1280 x 720		Raw Data	Ord4_T6_R.avi	190	0	900	720									80262	10:17:09.283	1536226403055859															0	6305		Fixation	8	525	606	0.77	265.25	151.82																				9630			715	606	715	606	525	606			287.09	46.10						351.92	198.91	682.70						0.00		3.92	4	0				
07/12/2018	3.3.2	Gaze Project	O4	3	M	Bilingual	G130	06/09/2018	89100	1280 x 720		Raw Data	Ord4_T6_R.avi	190	0	900	720									80271	10:17:09.291	1536226403064197															0			Unclassified	8																									9631	722	626			722	626	532	626	290.01	37.90					308.10	196.81	693.79		-34.01						721.08		3.80		0	4				
07/12/2018	3.3.2	Gaze Project	O4	3	M	Bilingual	G130	06/09/2018	89100	1280 x 720		Raw Data	Ord4_T6_R.avi	190	0	900	720									80279	10:17:09.300	1536226403072561															0	6306		Fixation	8	524	626	0.64	267.15	1.90																				9632	746	672	714	626	730	649	540	649	299.43	19.19	286.77	37.90	293.10	28.54	308.07	196.81	693.67	351.85	198.80	682.48					720.97	720.97	4.05	4.13	0	0				
07/12/2018	3.3.2	Gaze Project	O4	3	M	Bilingual	G130	06/09/2018	89100	1280 x 720		Raw Data	Ord4_T6_R.avi	190	0	900	720									80287	10:17:09.308	1536226403080915															0	6307		Fixation	8	526	610	0.51	82.90	175.75																				9633	744	656	716	610	730	633	540	633	298.51	25.84	287.32	44.34	292.91	35.09	308.03	196.83	693.60	351.81	198.75	682.39					720.90	720.90	3.95	4.07	0	0				
07/12/2018	3.3.2	Gaze Project	O4	3	M	Bilingual	G130	06/09/2018	89100	1280 x 720		Raw Data	Ord4_T6_R.avi	190	0	900	720									80296	10:17:09.316	1536226403089183															0	6308		Fixation	8	490	682	2.54	243.51	160.61																				9634	761	565	680	682	720	623	530	623	305.39	62.27	272.94	15.42	289.17	38.84	307.98	196.86	693.55	351.76	198.62	682.44					720.87	720.87	3.73	4.42	0	0				
07/12/2018	3.3.2	Gaze Project	O4	3	M	Bilingual	G130	06/09/2018	89100	1280 x 720		Raw Data	Ord4_T6_R.avi	190	0	900	720									80304	10:17:09.325	1536226403097521															0	6309		Fixation	8	542	556	4.30	67.64	184.13																				9635	747	691	732	556	739	623	549	623	299.82	11.55	293.82	66.24	296.82	38.89	307.92	196.78	693.59	352.59	202.10	692.51					720.87	720.87	4.03	3.96	0	0				
07/12/2018	3.3.2	Gaze Project	O4	3	M	Bilingual	G130	06/09/2018	89100	1280 x 720		Raw Data	Ord4_T6_R.avi	190	0	900	720									80312	10:17:09.333	1536226403105869															0	6310		Fixation	8	524	376	5.89	95.69	28.05																				9636	704	678	714	376	709	527	519	527	282.73	16.91	286.61	138.56	284.67	77.74	308.06	199.47	701.42	352.40	201.59	691.11					729.14	729.14	4.10	3.25	0	0				
07/12/2018	3.3.2	Gaze Project	O4	3	M	Bilingual	G130	06/09/2018	89100	1280 x 720		Raw Data	Ord4_T6_R.avi	190	0	900	720									80321	10:17:09.341	1536226403114227															0	6311		Fixation	8	504	603	7.42	264.98	169.29																				9637	716	683	694	603	705	643	515	643	287.26	14.90	278.44	47.10	282.85	31.00	307.83	196.91	693.41	351.55	198.47	681.93					720.73	720.73	4.11	4.09	0	0				
07/12/2018	3.3.2	Gaze Project	O4	3	M	Bilingual	G130	06/09/2018	89100	1280 x 720		Raw Data	Ord4_T6_R.avi	190	0	900	720									80329	10:17:09.350	1536226403122581															0	6312		Fixation	8	491	588	0.65	130.82	225.84																				9638	706	652	681	588	693	620	503	620	283.28	27.32	273.24	53.19	278.26	40.25	307.78	196.93	693.38	351.49	198.42	681.86					720.71	720.71	4.01	4.02	0	0				
07/12/2018	3.3.2	Gaze Project	O4	3	M	Bilingual	G130	06/09/2018	89100	1280 x 720		Raw Data	Ord4_T6_R.avi	190	0	900	720									80337	10:17:09.358	1536226403130832															0	6313		Fixation	8	531	510	2.81	62.93	292.10																				9639	730	701	721	510	725	605	535	605	293.00	7.63	289.61	84.50	291.30	46.06	307.73	196.97	693.41	352.30	201.72	691.80					720.75	720.75	4.12	3.76	0	0				
07/12/2018	3.3.2	Gaze Project	O4	3	M	Bilingual	G130	06/09/2018	89100	1280 x 720		Raw Data	Ord4_T6_R.avi	190	0	900	720									80346	10:17:09.366	1536226403139181															0	6314		Fixation	8	499	638	4.21	256.01	193.08																				9640	731	680	689	638	710	659	520	659	293.58	16.10	276.59	33.10	285.09	24.60	307.69	196.89	693.45	351.38	198.28	681.68					720.75	720.75	3.93	4.18	0	0				
07/12/2018	3.3.2	Gaze Project	O4	3	M	Bilingual	G130	06/09/2018	89100	1280 x 720		Raw Data	Ord4_T6_R.avi	190	0	900	720									80354	10:17:09.375	1536226403147538															0	6315		Fixation	8	527	552	2.90	72.02	176.01																				9641	744	675	717	552	730	613	540	613	298.72	18.10	287.75	67.83	293.23	42.96	307.66	196.98	693.26	351.34	198.23	681.65					720.60	720.60	4.15	3.79	0	0				
07/12/2018	3.3.2	Gaze Project	O4	3	M	Bilingual	G130	06/09/2018	89100	1280 x 720		Raw Data	Ord4_T6_R.avi	190	0	900	720									80362	10:17:09.383	1536226403155896															0	6316		Fixation	8	483	630	2.84	240.65	168.63																				9642	742	673	673	630	707	651	517	651	297.69	18.94	270.33	36.05	284.01	27.49	307.64	196.98	693.21	352.21	201.67	692.01					720.56	720.56	4.06	4.31	0	0				
07/12/2018	3.3.2	Gaze Project	O4	3	M	Bilingual	G130	06/09/2018	89100	1280 x 720		Raw Data	Ord4_T6_R.avi	190	0	900	720									80371	10:17:09.391	1536226403164145															0	6317		Fixation	8	484	640	0.32	275.69	35.04																				9643	729	709	674	640	701	674	511	674	292.64	4.58	270.41	32.23	281.52	18.40	307.63	196.99	693.17	351.29	198.04	681.39					720.52	720.52	4.11	4.10	0	0				
07/12/2018	3.3.2	Gaze Project	O4	3	M	Bilingual	G130	06/09/2018	89100	1280 x 720		Raw Data	Ord4_T6_R.avi	190	0	900	720									80379	10:17:09.400	1536226403172503															0	6318		Fixation	8	516	623	1.16	28.06	112.36																				9644	748	635	706	623	727	629	537	629	300.28	34.13	283.37	38.89	291.83	36.51	307.81	199.49	700.85	351.29	197.95	681.28					728.59	728.59	4.06	4.05	0	0				
07/12/2018	3.3.2	Gaze Project	O4	3	M	Bilingual	G130	06/09/2018	89100	1280 x 720		Raw Data	Ord4_T6_R.avi	190	0	900	720									80387	10:17:09.408	1536226403180853															0	6319		Fixation	8	474	646	1.52	208.78	180.73																				9645	751	617	664	646	707	631	517	631	301.29	41.63	266.54	29.84	283.91	35.73	307.65	196.99	693.09	352.27	201.69	692.55					720.45	720.45	3.91	4.34	0	0				
07/12/2018	3.3.2	Gaze Project	O4	3	M	Bilingual	G130	06/09/2018	89100	1280 x 720		Raw Data	Ord4_T6_R.avi	190	0	900	720									80396	10:17:09.416	1536226403189196															0	6320		Fixation	8	499	650	0.82	350.88	142.10																				9646	732	645	689	650	710	647	520	647	293.88	30.38	276.64	28.14	285.26	29.26	307.68	196.88	693.13	351.33	197.74	681.37					720.46	720.46	3.98	4.28	0	0				
07/12/2018	3.3.2	Gaze Project	O4	3	M	Bilingual	G130	06/09/2018	89100	1280 x 720		Raw Data	Ord4_T6_R.avi	190	0	900	720									80404	10:17:09.425	1536226403197564															0	6321		Fixation	8	507	668	0.63	293.89	303.01																				9647	750	692	697	668	723	680	533	680	301.14	11.15	279.94	20.76	290.54	15.96	307.72	196.99	693.03	351.35	197.70	681.09					720.39	720.39	4.09	4.34	0	0				
07/12/2018	3.3.2	Gaze Project	O4	3	M	Bilingual	G130	06/09/2018	89100	1280 x 720		Raw Data	Ord4_T6_R.avi	190	0	900	720									80412	10:17:09.433	1536226403205835															0	6322		Fixation	8	502	630	1.22	97.47	163.58																				9648	730	670	692	630	711	650	521	650	292.98	20.08	277.66	36.20	285.32	28.14	307.76	196.98	692.96	351.40	197.66	681.13					720.33	720.33	4.08	4.20	0	0				
07/12/2018	3.3.2	Gaze Project	O4	3	M	Bilingual	G130	06/09/2018	89100	1280 x 720		Raw Data	Ord4_T6_R.avi	190	0	900	720									80421	10:17:09.441	1536226403214169															0	6323		Fixation	8	515	669	1.32	288.38	190.91																				9649	710	663	705	669	707	666	517	666	285.07	23.08	282.87	20.62	283.97	21.85	307.81	196.95	692.85	351.46	197.49	681.19					720.22	720.22	4.11	4.28	0	0				
07/12/2018	3.3.2	Gaze Project	O4	3	M	Bilingual	G130	06/09/2018	89100	1280 x 720		Raw Data	Ord4_T6_R.avi	190	0	900	720									80429	10:17:09.450	1536226403222519															0	6324		Fixation	8	504	649	0.73	118.73	190.35																				9650	740	696	694	649	717	672	527	672	297.16	9.57	278.76	28.42	287.96	18.99	307.87	196.95	692.83	351.49	197.44	680.87					720.21	720.21	4.04	4.24	0	0				
07/12/2018	3.3.2	Gaze Project	O4	3	M	Bilingual	G130	06/09/2018	89100	1280 x 720		Raw Data	Ord4_T6_R.avi	190	0	900	720									80437	10:17:09.458	1536226403230876															0	6325		Fixation	8	492	652	0.40	194.08	75.35																				9651	741	686	682	652	711	669	521	669	297.40	13.62	273.72	27.28	285.56	20.45	307.93	196.96	692.82	351.55	197.38	680.86					720.20	720.20	4.04	4.23	0	0				
07/12/2018	3.3.2	Gaze Project	O4	3	M	Bilingual	G130	06/09/2018	89100	1280 x 720		Raw Data	Ord4_T6_R.avi	190	0	900	720									80446	10:17:09.466	1536226403239235															0	6326		Fixation	8	498	629	0.75	75.42	241.34																				9652	760	677	688	629	724	653	534	653	304.87	17.30	276.36	36.80	290.62	27.05	307.99	196.94	692.74	352.71	201.59	693.51					720.12	720.12	4.07	4.38	0	0				
07/12/2018	3.3.2	Gaze Project	O4	3	M	Bilingual	G130	06/09/2018	89100	1280 x 720		Raw Data	Ord4_T6_R.avi	190	0	900	720									80454	10:17:09.475	1536226403247500															0	6327		Fixation	8	488	658	0.96	251.03	175.61																				9653	749	602	678	658	713	630	523	630	300.77	47.50	272.04	24.98	286.41	36.24	308.05	196.93	692.68	351.67	197.19	680.67					720.07	720.07	3.68	4.16	0	0				
07/12/2018	3.3.2	Gaze Project	O4	3	M	Bilingual	G130	06/09/2018	89100	1280 x 720		Raw Data	Ord4_T6_R.avi	190	0	900	720									80462	10:17:09.483	1536226403255841															0	6328		Fixation	8	472	664	0.55	200.62	309.59																				9654	736	692	662	664	699	678	509	678	295.63	11.13	265.71	22.40	280.67	16.77	308.12	196.83	692.72	351.74	197.03	680.74					720.08	720.08	3.93	4.27	0	0				
07/12/2018	3.3.2	Gaze Project	O4	3	M	Bilingual	G130	06/09/2018	89100	1280 x 720		Raw Data	Ord4_T6_R.avi	190	0	900	720									80471	10:17:09.491	1536226403264196															0	6329		Fixation	8	500	636	1.25	45.09	204.48																				9655	755	672	690	636	722	654	532	654	303.24	19.13	276.85	33.68	290.04	26.40	308.36	199.11	699.37	351.81	197.03	680.55					727.11	727.11	4.00	4.25	0	0				
07/12/2018	3.3.2	Gaze Project	O4	3	M	Bilingual	G130	06/09/2018	89100	1280 x 720		Raw Data	Ord4_T6_R.avi	190	0	900	720									80479	10:17:09.500	1536226403272548															0	6330		Fixation	8	513	543	3.02	82.07	36.98																				9656	746	679	703	543	724	611	534	611	299.60	16.34	282.15	71.31	290.88	43.82	308.28	196.92	692.55	351.89	196.96	680.50					719.96	719.96	4.04	3.79	0	0				
07/12/2018	3.3.2	Gaze Project	O4	3	M	Bilingual	G130	06/09/2018	89100	1280 x 720		Raw Data	Ord4_T6_R.avi	190	0	900	720									80487	10:17:09.508	1536226403280819															0	6331		Fixation	8	503	633	2.92	263.68	181.61																				9657	766	644	693	633	729	638	539	638	307.30	30.77	278.14	34.84	292.72	32.80	308.37	196.90	692.46	351.98	196.90	680.46					719.87	719.87	4.22	4.14	0	0				
07/12/2018	3.3.2	Gaze Project	O4	3	M	Bilingual	G130	06/09/2018	89100	1280 x 720		Raw Data	Ord4_T6_R.avi	190	0	900	720									80496	10:17:09.516	1536226403289163															0	6332		Fixation	8	483	615	0.88	137.92	234.24																				9658	756	696	673	615	714	655	524	655	303.45	9.80	270.27	42.19	286.86	26.00	308.47	196.90	692.39	352.08	196.83	680.39					719.82	719.82	4.09	4.05	0	0				
07/12/2018	3.3.2	Gaze Project	O4	3	M	Bilingual	G130	06/09/2018	89100	1280 x 720		Raw Data	Ord4_T6_R.avi	190	0	900	720									80504	10:17:09.525	1536226403297506															0	6333		Fixation	8	512	639	1.23	320.30	182.38																				9659	738	666	702	639	720	652	530	652	296.42	21.62	281.65	32.74	289.03	27.18	308.58	196.91	692.35	352.20	196.69	680.45					719.79	719.79	4.10	4.27	0	0				
07/12/2018	3.3.2	Gaze Project	O4	3	M	Bilingual	G130	06/09/2018	89100	1280 x 720		Raw Data	Ord4_T6_R.avi	190	0	900	720									80512	10:17:09.533	1536226403305865															0	6334		Fixation	8	497	655	0.70	226.94	266.64																				9660	740	678	687	655	713	666	523	666	297.02	16.83	275.78	26.33	286.40	21.58	308.70	196.90	692.26	352.31	196.73	680.28					719.71	719.71	4.12	4.11	0	0				
07/12/2018	3.3.2	Gaze Project	O4	3	M	Bilingual	G130	06/09/2018	89100	1280 x 720		Raw Data	Ord4_T6_R.avi	190	0	900	720									80521	10:17:09.541	1536226403314222															0	6335		Fixation	8	512	630	0.92	59.12	192.18																				9661	723	677	702	630	712	653	522	653	290.35	17.17	281.67	36.26	286.01	26.72	308.83	196.90	692.16	352.45	196.68	680.21					719.62	719.62	4.09	4.05	0	0				
07/12/2018	3.3.2	Gaze Project	O4	3	M	Bilingual	G130	06/09/2018	89100	1280 x 720		Raw Data	Ord4_T6_R.avi	190	0	900	720									80529	10:17:09.550	1536226403322478															0	6336		Fixation	8	514	639	0.30	282.49	223.37																				9662	740	664	704	639	722	651	532	651	297.15	22.60	282.69	32.51	289.92	27.55	309.15	199.27	699.38	352.61	196.66	680.17					727.23	727.23	3.98	4.11	0	0				
07/12/2018	3.3.2	Gaze Project	O4	3	M	Bilingual	G130	06/09/2018	89100	1280 x 720		Raw Data	Ord4_T6_R.avi	190	0	900	720									80537	10:17:09.558	1536226403330815															0	6337		Fixation	8	475	637	1.27	177.05	254.56																				9663	733	625	665	637	699	631	509	631	294.12	38.29	267.05	33.47	280.58	35.88	309.14	196.90	691.98	352.80	196.76	680.13					719.47	719.47	4.01	4.02	0	0				
07/12/2018	3.3.2	Gaze Project	O4	3	M	Bilingual	G130	06/09/2018	89100	1280 x 720		Raw Data	Ord4_T6_R.avi	190	0	900	720									80546	10:17:09.566	1536226403339175															0	6338		Fixation	8	509	633	1.11	6.73	189.68																				9664	733	667	699	633	716	650	526	650	294.10	21.18	280.52	35.14	287.31	28.16	309.31	196.82	692.01	352.98	196.62	680.09					719.49	719.49	4.02	4.07	0	0				
07/12/2018	3.3.2	Gaze Project	O4	3	M	Bilingual	G130	06/09/2018	89100	1280 x 720		Raw Data	Ord4_T6_R.avi	190	0	900	720									80554	10:17:09.575	1536226403347535															0	6339		Fixation	8	609	610	3.35	12.99	6.26																				9665	733	695	799	610	766	652	576	652	294.07	9.90	320.77	44.15	307.42	27.03	309.66	199.15	698.71	353.18	196.60	680.05					726.59	726.59	4.09	3.75	0	0				
07/12/2018	3.3.2	Gaze Project	O4	3	M	Bilingual	G130	06/09/2018	89100	1280 x 720		Raw Data	Ord4_T6_R.avi	190	0	900	720									80562	10:17:09.583	1536226403355799															0	6340		Fixation	8	531	569	2.91	152.20	139.20																				9666	734	676	721	569	727	622	537	622	294.66	17.86	289.31	60.83	291.98	39.34	309.68	196.91	691.66	353.38	196.59	679.99					719.22	719.22	4.09	3.83	0	0				
07/12/2018	3.3.2	Gaze Project	O4	3	M	Bilingual	G130	06/09/2018	89100	1280 x 720		Raw Data	Ord4_T6_R.avi	190	0	900	720									80571	10:17:09.591	1536226403364150															0	6341		Fixation	8	560	438	4.41	77.56	285.36																				9667	732	637	750	438	741	537	551	537	293.89	33.48	300.94	113.37	297.42	73.42	309.87	196.91	691.54	353.60	196.49	680.03					719.12	719.12	3.92	3.41	0	0				
07/12/2018	3.3.2	Gaze Project	O4	3	M	Bilingual	G130	06/09/2018	89100	1280 x 720		Raw Data	Ord4_T6_R.avi	190	0	900	720									80579	10:17:09.600	1536226403372483															0	6342		Fixation	8	550	463	0.89	248.26	170.71																				9668	712	653	740	463	726	558	536	558	285.88	26.90	296.89	103.42	291.39	65.16	310.23	199.09	698.15	353.82	196.50	680.03					726.09	726.09	3.86	3.59	0	0				
07/12/2018	3.3.2	Gaze Project	O4	3	M	Bilingual	G130	06/09/2018	89100	1280 x 720		Raw Data	Ord4_T6_R.avi	190	0	900	720									80587	10:17:09.608	1536226403380847															0	6343		Fixation	8	496	643	6.05	253.35	5.09																				9669	733	673	686	643	709	658	519	658	294.22	18.81	275.48	31.10	284.85	24.96	310.24	196.92	691.25	354.88	199.85	689.60					718.87	718.87	4.04	4.12	0	0				
07/12/2018	3.3.2	Gaze Project	O4	3	M	Bilingual	G130	06/09/2018	89100	1280 x 720		Raw Data	Ord4_T6_R.avi	190	0	900	720									80596	10:17:09.616	1536226403389198															0	6344		Fixation	8	493	492	4.86	91.13	197.78																				9670	699	620	683	492	691	556	501	556	280.72	40.26	274.09	91.68	277.40	65.97	310.41	197.07	691.23	354.16	196.73	679.95					718.92	718.92	4.16	3.78	0	0				
07/12/2018	3.3.2	Gaze Project	O4	3	M	Bilingual	G130	06/09/2018	89100	1280 x 720		Raw Data	Ord4_T6_R.avi	190	0	900	720									80604	10:17:09.625	1536226403397473															0	6345		Fixation	8	453	419	2.77	118.64	27.51																				9671	650	547	643	419	646	483	456	483	260.92	69.70	258.22	121.17	259.57	95.44	310.79	199.89	699.34	354.30	196.87	679.98					727.51	727.51	4.13	3.86	0	0				
07/12/2018	3.3.2	Gaze Project	O4	3	M	Bilingual	G130	06/09/2018	89100	1280 x 720		Raw Data	Ord4_T6_R.avi	190	0	900	720									80612	10:17:09.633	1536226403405818															0	6346		Fixation	8	451	456	1.23	266.92	148.27																				9672	640	419	641	456	640	437	450	437	257.05	121.30	257.27	106.39	257.16	113.85	310.75	197.34	691.03	354.45	196.97	679.94					718.84	718.84	3.84	4.21	0	0				
07/12/2018	3.3.2	Gaze Project	O4	3	M	Bilingual	G130	06/09/2018	89100	1280 x 720		Raw Data	Ord4_T6_R.avi	190	0	900	720									80621	10:17:09.641	1536226403414158															0	6347		Fixation	8	453	431	0.83	85.44	178.52																				9673	647	386	643	431	645	408	455	408	259.63	134.70	258.22	116.29	258.93	125.50	310.92	197.43	690.95	354.62	197.08	679.97					718.81	718.81	3.80	4.24	0	0				
07/12/2018	3.3.2	Gaze Project	O4	3	M	Bilingual	G130	06/09/2018	89100	1280 x 720		Raw Data	Ord4_T6_R.avi	190	0	900	720									80629	10:17:09.650	1536226403422497															0	6348		Fixation	8	450	317	3.80	91.50	6.06																				9674	666	398	640	317	653	357	463	357	267.31	129.57	256.73	162.44	262.02	146.00	311.07	197.50	690.84	354.80	197.13	679.88					718.74	718.74	3.94	3.64	0	0				
07/12/2018	3.3.2	Gaze Project	O4	3	M	Bilingual	G130	06/09/2018	89100	1280 x 720		Raw Data	Ord4_T6_R.avi	190	0	900	720									80637	10:17:09.658	1536226403430873															0	6349		Fixation	8	454	284	1.11	83.11	351.61																				9675	647	368	644	284	645	326	455	326	259.81	141.60	258.69	175.67	259.25	158.64	311.20	197.55	690.75	354.97	197.18	679.88					718.68	718.68	3.80	3.47	0	0				
07/12/2018	3.3.2	Gaze Project	O4	3	M	Bilingual	G130	06/09/2018	89100	1280 x 720		Raw Data	Ord4_T6_R.avi	190	0	900	720									80646	10:17:09.666	1536226403439130															0	6350		Fixation	8	449	389	3.51	267.28	184.17																				9676	640	392	639	389	639	390	449	390	256.84	131.92	256.56	133.16	256.70	132.54	311.32	197.58	690.60	355.13	197.26	679.89					718.55	718.55	3.94	3.88	0	0				
07/12/2018	3.3.2	Gaze Project	O4	3	M	Bilingual	G130	06/09/2018	89100	1280 x 720		Raw Data	Ord4_T6_R.avi	190	0	900	720									80654	10:17:09.675	1536226403447467															0	6351		Fixation	8	476	319	2.50	68.97	161.69																				9677	666	321	666	319	666	320	476	320	267.39	160.50	267.34	161.33	267.37	160.91	311.44	197.66	690.54	355.28	197.23	679.90					718.53	718.53	3.72	3.79	0	0				
07/12/2018	3.3.2	Gaze Project	O4	3	M	Bilingual	G130	06/09/2018	89100	1280 x 720		Raw Data	Ord4_T6_R.avi	190	0	900	720									80662	10:17:09.683	1536226403455826															0	6352		Fixation	8	470	310	0.36	123.60	54.64																				9678	663	301	660	310	661	305	471	305	266.26	168.86	264.76	165.23	265.51	167.05	311.55	197.74	690.44	355.41	197.43	679.82					718.48	718.48	3.71	3.66	0	0				
07/12/2018	3.3.2	Gaze Project	O4	3	M	Bilingual	G130	06/09/2018	89100	1280 x 720		Raw Data	Ord4_T6_R.avi	190	0	900	720									80671	10:17:09.691	1536226403464169															0	6353		Fixation	8	482	277	1.18	70.08	306.47																				9679	652	338	672	277	662	307	472	307	261.64	153.82	269.74	178.54	265.69	166.18	311.64	197.83	690.40	355.52	197.53	679.79					718.47	718.47	3.74	3.41	0	0				
07/12/2018	3.3.2	Gaze Project	O4	3	M	Bilingual	G130	06/09/2018	89100	1280 x 720		Raw Data	Ord4_T6_R.avi	190	0	900	720									80679	10:17:09.700	1536226403472537															0	6354		Fixation	8	472	351	2.50	262.33	192.25																				9680	654	357	662	351	658	354	468	354	262.38	146.22	265.90	148.76	264.14	147.49	311.71	197.90	690.27	355.61	197.62	679.77					718.38	718.38	3.92	3.85	0	0				
07/12/2018	3.3.2	Gaze Project	O4	3	M	Bilingual	G130	06/09/2018	89100	1280 x 720		Raw Data	Ord4_T6_R.avi	190	0	900	720									80687	10:17:09.708	1536226403480788															0	6355		Fixation	8	488	310	1.47	68.74	166.42																				9681	681	330	678	310	679	320	489	320	273.17	157.15	272.30	165.28	272.73	161.21	311.79	198.03	690.33	355.69	197.73	679.80					718.48	718.48	3.80	3.68	0	0				
07/12/2018	3.3.2	Gaze Project	O4	3	M	Bilingual	G130	06/09/2018	89100	1280 x 720		Raw Data	Ord4_T6_R.avi	190	0	900	720									80696	10:17:09.716	1536226403489132															0	6356		Fixation	8	446	329	1.53	204.41	135.67																				9682	668	332	636	329	652	330	462	330	268.28	156.35	255.28	157.45	261.78	156.90	312.01	200.19	696.70	355.75	197.84	679.83					725.21	725.21	3.81	3.80	0	0				
07/12/2018	3.3.2	Gaze Project	O4	3	M	Bilingual	G130	06/09/2018	89100	1280 x 720		Raw Data	Ord4_T6_R.avi	190	0	900	720									80704	10:17:09.725	1536226403497497															0	6357		Fixation	8	503	319	1.92	9.98	165.57																				9683	688	274	693	319	690	296	500	296	276.29	179.72	278.34	161.51	277.32	170.62	311.86	198.22	690.31	355.79	197.92	679.81					718.53	718.53	3.34	3.71	0	0				
07/12/2018	3.3.2	Gaze Project	O4	3	M	Bilingual	G130	06/09/2018	89100	1280 x 720		Raw Data	Ord4_T6_R.avi	190	0	900	720									80712	10:17:09.733	1536226403505852															0	6358		Fixation	8	477	323	0.87	188.77	178.79																				9684	665	424	667	323	666	373	476	373	267.04	119.18	267.76	159.86	267.40	139.52	311.87	198.31	690.30	356.50	200.50	687.33					718.55	718.55	3.86	3.83	0	0				
07/12/2018	3.3.2	Gaze Project	O4	3	M	Bilingual	G130	06/09/2018	89100	1280 x 720		Raw Data	Ord4_T6_R.avi	190	0	900	720									80721	10:17:09.741	1536226403514121															0	6359		Fixation	8	461	274	1.72	108.03	279.26																				9685	680	271	651	274	665	272	475	272	272.93	180.96	261.40	179.69	267.17	180.32	311.87	198.39	690.32	355.81	198.09	679.89					718.60	718.60	3.40	3.46	0	0				
07/12/2018	3.3.2	Gaze Project	O4	3	M	Bilingual	G130	06/09/2018	89100	1280 x 720		Raw Data	Ord4_T6_R.avi	190	0	900	720									80729	10:17:09.750	1536226403522465															0	6360		Fixation	8	449	278	0.42	198.49	90.46																				9686	643	269	639	278	641	273	451	273	258.13	181.55	256.48	178.14	257.31	179.84	311.86	198.49	690.35	356.55	200.89	688.08					718.65	718.65	3.40	3.66	0	0				
07/12/2018	3.3.2	Gaze Project	O4	3	M	Bilingual	G130	06/09/2018	89100	1280 x 720		Raw Data	Ord4_T6_R.avi	190	0	900	720									80737	10:17:09.758	1536226403530810															0			Unclassified	8																									9687	653	322			653	322	463	322	261.98	160.39					311.83	198.58	690.43		-34.01						718.76		3.62		0	4				
07/12/2018	3.3.2	Gaze Project	O4	3	M	Bilingual	G130	06/09/2018	89100	1280 x 720		Raw Data	Ord4_T6_R.avi	190	0	900	720									80746	10:17:09.766	1536226403539167															0	6361		Fixation	8	438	288	0.49	222.37	23.88																				9688	658	319	628	288	643	303	453	303	264.20	161.59	252.15	174.00	258.17	167.79	311.99	200.93	697.47	355.74	198.28	679.99					726.17	726.17	3.68	3.60	0	0				
07/12/2018	3.3.2	Gaze Project	O4	3	M	Bilingual	G130	06/09/2018	89100	1280 x 720		Raw Data	Ord4_T6_R.avi	190	0	900	720									80754	10:17:09.775	1536226403547522															0	6362		Fixation	8	528	274	3.03	8.87	146.50																				9689	666	295	718	274	692	284	502	284	267.32	171.30	288.23	179.41	277.78	175.36	311.75	198.72	690.51	355.68	198.20	680.02					718.87	718.87	3.50	3.49	0	0				
07/12/2018	3.3.2	Gaze Project	O4	3	M	Bilingual	G130	06/09/2018	89100	1280 x 720		Raw Data	Ord4_T6_R.avi	190	0	900	720									80762	10:17:09.783	1536226403555782															0	6363		Fixation	8	468	286	2.03	191.35	182.48																				9690	657	326	658	286	657	306	467	306	263.86	158.52	264.14	174.69	264.00	166.61	311.70	198.79	690.58	356.51	201.54	689.49					718.95	718.95	3.64	3.76	0	0				
07/12/2018	3.3.2	Gaze Project	O4	3	M	Bilingual	G130	06/09/2018	89100	1280 x 720		Raw Data	Ord4_T6_R.avi	190	0	900	720									80771	10:17:09.791	1536226403564116															0	6364		Fixation	8	489	288	0.70	354.54	163.20																				9691	685	299	679	288	682	293	492	293	274.98	169.56	272.37	174.15	273.68	171.85	311.65	198.85	690.65	355.59	198.42	680.17					719.04	719.04	3.48	3.72	0	0				
07/12/2018	3.3.2	Gaze Project	O4	3	M	Bilingual	G130	06/09/2018	89100	1280 x 720		Raw Data	Ord4_T6_R.avi	190	0	900	720									80779	10:17:09.800	1536226403572476															0	6365		Fixation	8	496	277	0.44	57.61	63.07																				9692	667	294	686	277	676	285	486	285	267.54	171.70	275.32	178.58	271.43	175.14	311.59	198.89	690.69	355.53	198.43	680.17					719.08	719.08	3.44	3.58	0	0				
07/12/2018	3.3.2	Gaze Project	O4	3	M	Bilingual	G130	06/09/2018	89100	1280 x 720		Raw Data	Ord4_T6_R.avi	190	0	900	720									80787	10:17:09.808	1536226403580834															0	6366		Fixation	8	482	293	0.71	228.91	171.29																				9693	707	289	672	293	689	291	499	291	283.80	173.69	269.74	172.05	276.77	172.87	311.53	198.94	690.74	355.47	198.46	680.21					719.14	719.14	3.39	3.70	0	0				
07/12/2018	3.3.2	Gaze Project	O4	3	M	Bilingual	G130	06/09/2018	89100	1280 x 720		Raw Data	Ord4_T6_R.avi	190	0	900	720									80796	10:17:09.816	1536226403589112															0	6367		Fixation	8	466	167	4.23	97.21	228.31																				9694	664	262	656	167	660	214	470	214	266.54	184.52	263.50	222.80	265.02	203.66	311.48	199.00	690.84	357.92	203.09	693.05					719.25	719.25	3.21	3.05	0	0				
07/12/2018	3.3.2	Gaze Project	O4	3	M	Bilingual	G130	06/09/2018	89100	1280 x 720		Raw Data	Ord4_T6_R.avi	190	0	900	720									80804	10:17:09.825	1536226403597461															0	6368		Fixation	8	480	238	2.41	281.12	183.91																				9695	651	325	670	238	660	281	470	281	261.29	159.19	269.02	194.29	265.15	176.74	311.43	199.05	690.93	355.36	198.51	680.32					719.35	719.35	3.54	3.46	0	0				
07/12/2018	3.3.2	Gaze Project	O4	3	M	Bilingual	G130	06/09/2018	89100	1280 x 720		Raw Data	Ord4_T6_R.avi	190	0	900	720									80812	10:17:09.833	1536226403605790															0	6369		Fixation	8	535	260	1.97	338.13	57.02																				9696	671	290	725	260	698	275	508	275	269.15	173.07	291.16	185.27	280.15	179.17	311.37	199.08	690.97	356.13	201.53	689.32					719.40	719.40	3.50	3.39	0	0				
07/12/2018	3.3.2	Gaze Project	O4	3	M	Bilingual	G130	06/09/2018	89100	1280 x 720		Raw Data	Ord4_T6_R.avi	190	0	900	720									80821	10:17:09.841	1536226403614148															0	6370		Fixation	8	473	296	2.36	210.22	232.09																				9697	681	323	663	296	672	309	482	309	273.33	159.84	265.95	170.88	269.64	165.36	311.32	199.10	691.03	356.08	201.55	689.42					719.45	719.45	3.63	4.00	0	0				
07/12/2018	3.3.2	Gaze Project	O4	3	M	Bilingual	G130	06/09/2018	89100	1280 x 720		Raw Data	Ord4_T6_R.avi	190	0	900	720									80829	10:17:09.850	1536226403622503															0	6371		Fixation	8	453	275	0.96	133.51	283.29																				9698	639	326	643	275	641	300	451	300	256.48	158.56	258.27	179.30	257.38	168.93	311.28	199.13	691.12	355.96	201.27	688.66					719.54	719.54	3.58	3.82	0	0				
07/12/2018	3.3.2	Gaze Project	O4	3	M	Bilingual	G130	06/09/2018	89100	1280 x 720		Raw Data	Ord4_T6_R.avi	190	0	900	720									80837	10:17:09.858	1536226403630774															0	6372		Fixation	8	478	277	0.82	355.41	221.90																				9699	660	317	668	277	664	297	474	297	264.82	162.39	268.25	178.55	266.53	170.47	311.24	199.00	691.17	355.90	201.19	688.51					719.54	719.54	3.65	3.69	0	0				
07/12/2018	3.3.2	Gaze Project	O4	3	M	Bilingual	G130	06/09/2018	89100	1280 x 720		Raw Data	Ord4_T6_R.avi	190	0	900	720									80846	10:17:09.866	1536226403639108															0	6373		Fixation	8	459	267	0.71	152.17	156.75																				9700	670	268	649	267	659	267	469	267	268.82	181.83	260.47	182.32	264.64	182.07	311.19	199.13	691.18	356.01	201.76	690.19					719.59	719.59	3.43	3.77	0	0				
07/12/2018	3.3.2	Gaze Project	O4	3	M	Bilingual	G130	06/09/2018	89100	1280 x 720		Raw Data	Ord4_T6_R.avi	190	0	900	720									80854	10:17:09.875	1536226403647460															0	6374		Fixation	8	480	313	1.67	294.47	142.30																				9701	655	369	670	313	662	341	472	341	262.84	141.38	269.01	163.87	265.92	152.62	311.38	201.86	699.53	355.99	201.76	690.28					728.37	728.37	3.85	3.99	0	0				
07/12/2018	3.3.2	Gaze Project	O4	3	M	Bilingual	G130	06/09/2018	89100	1280 x 720		Raw Data	Ord4_T6_R.avi	190	0	900	720									80862	10:17:09.883	1536226403655817															0	6375		Fixation	8	436	285	1.72	147.45	212.98																				9702	672	242	626	285	649	263	459	263	269.94	192.29	251.27	175.26	260.61	183.78	311.12	199.13	691.30	355.85	201.34	689.15					719.70	719.70	3.27	3.84	0	0				
07/12/2018	3.3.2	Gaze Project	O4	3	M	Bilingual	G130	06/09/2018	89100	1280 x 720		Raw Data	Ord4_T6_R.avi	190	0	900	720									80871	10:17:09.891	1536226403664173															0	6376		Fixation	8	431	260	0.84	101.27	313.83																				9703	675	366	621	260	648	313	458	313	270.95	142.51	249.15	185.09	260.05	163.80	311.09	199.12	691.31	357.63	203.25	693.99					719.71	719.71	3.96	3.72	0	0				
07/12/2018	3.3.2	Gaze Project	O4	3	M	Bilingual	G130	06/09/2018	89100	1280 x 720		Raw Data	Ord4_T6_R.avi	190	0	900	720									80879	10:17:09.900	1536226403672431															0	6377		Fixation	8	442	365	3.49	275.96	174.69																				9704	670	361	632	365	651	363	461	363	269.13	144.50	253.65	142.80	261.39	143.65	311.06	199.12	691.37	355.05	198.54	680.96					719.75	719.75	3.99	4.02	0	0				
07/12/2018	3.3.2	Gaze Project	O4	3	M	Bilingual	G130	06/09/2018	89100	1280 x 720		Raw Data	Ord4_T6_R.avi	190	0	900	720									80887	10:17:09.908	1536226403680777															0	6378		Fixation	8	460	275	3.05	78.73	162.76																				9705	669	375	650	275	659	325	469	325	268.42	139.13	261.10	179.01	264.76	159.07	311.04	199.22	691.32	355.71	201.01	688.43					719.75	719.75	4.16	3.66	0	0				
07/12/2018	3.3.2	Gaze Project	O4	3	M	Bilingual	G130	06/09/2018	89100	1280 x 720		Raw Data	Ord4_T6_R.avi	190	0	900	720									80896	10:17:09.916	1536226403689128															0	6379		Fixation	8	500	245	1.66	36.96	318.23																				9706	686	334	690	245	688	289	498	289	275.20	155.56	277.03	191.11	276.11	173.34	311.01	199.08	691.33	355.02	198.52	681.01					719.70	719.70	3.76	3.85	0	0				
07/12/2018	3.3.2	Gaze Project	O4	3	M	Bilingual	G130	06/09/2018	89100	1280 x 720		Raw Data	Ord4_T6_R.avi	190	0	900	720									80904	10:17:09.925	1536226403697486															0	6380		Fixation	8	457	363	4.20	250.04	213.08																				9707	658	381	647	363	652	372	462	372	264.00	136.60	259.59	143.79	261.80	140.20	310.99	199.08	691.33	355.02	198.54	681.08					719.70	719.70	3.98	4.15	0	0				
07/12/2018	3.3.2	Gaze Project	O4	3	M	Bilingual	G130	06/09/2018	89100	1280 x 720		Raw Data	Ord4_T6_R.avi	190	0	900	720									80912	10:17:09.933	1536226403705763															0	6381		Fixation	8	437	329	1.32	120.39	230.35																				9708	681	398	627	329	654	363	464	363	273.22	129.56	251.60	157.62	262.41	143.59	310.97	199.07	691.31	355.01	198.57	681.13					719.68	719.68	4.05	3.94	0	0				
07/12/2018	3.3.2	Gaze Project	O4	3	M	Bilingual	G130	06/09/2018	89100	1280 x 720		Raw Data	Ord4_T6_R.avi	190	0	900	720									80921	10:17:09.941	1536226403714109															0	6382		Fixation	8	441	452	4.09	271.86	151.47																				9709	657	309	631	452	644	380	454	380	263.60	165.55	253.43	107.94	258.51	136.75	311.17	201.82	699.68	355.00	198.58	681.16					728.48	728.48	3.94	4.51	0	0				
07/12/2018	3.3.2	Gaze Project	O4	3	M	Bilingual	G130	06/09/2018	89100	1280 x 720		Raw Data	Ord4_T6_R.avi	190	0	900	720									80929	10:17:09.950	1536226403722441															0	6383		Fixation	8	454	337	3.83	83.57	171.71																				9710	649	366	644	337	646	351	456	351	260.37	142.69	258.39	154.44	259.38	148.56	310.92	199.07	691.31	354.99	198.62	681.22					719.68	719.68	3.97	4.00	0	0				
07/12/2018	3.3.2	Gaze Project	O4	3	M	Bilingual	G130	06/09/2018	89100	1280 x 720		Raw Data	Ord4_T6_R.avi	190	0	900	720									80937	10:17:09.958	1536226403730787															0	6384		Fixation	8	451	351	0.48	257.94	174.37																				9711	668	362	641	351	654	356	464	356	268.10	144.23	257.14	148.60	262.62	146.42	310.89	199.10	691.35	354.98	198.69	681.36					719.72	719.72	3.98	4.19	0	0				
07/12/2018	3.3.2	Gaze Project	O4	3	M	Bilingual	G130	06/09/2018	89100	1280 x 720		Raw Data	Ord4_T6_R.avi	190	0	900	720									80946	10:17:09.966	1536226403739158															0	6385		Fixation	8	466	355	0.51	345.02	87.08																				9712	675	364	656	355	665	359	475	359	271.04	143.44	263.34	147.16	267.19	145.30	310.85	199.08	691.26	354.96	198.71	681.33					719.63	719.63	4.00	4.21	0	0				
07/12/2018	3.3.2	Gaze Project	O4	3	M	Bilingual	G130	06/09/2018	89100	1280 x 720		Raw Data	Ord4_T6_R.avi	190	0	900	720									80954	10:17:09.975	1536226403747424															0	6386		Fixation	8	442	384	1.24	230.48	245.46																				9713	661	325	632	384	646	354	456	354	265.52	159.09	253.58	135.11	259.55	147.10	310.81	199.10	691.26	354.93	198.76	681.36					719.63	719.63	4.00	4.15	0	0				
07/12/2018	3.3.2	Gaze Project	O4	3	M	Bilingual	G130	06/09/2018	89100	1280 x 720		Raw Data	Ord4_T6_R.avi	190	0	900	720									80962	10:17:09.983	1536226403755754															0	6387		Fixation	8	442	513	4.22	270.00	39.52																				9714	671	352	632	513	651	432	461	432	269.54	148.36	253.53	83.21	261.53	115.78	310.77	199.12	691.24	355.56	201.25	688.72					719.61	719.61	4.05	4.49	0	0				
07/12/2018	3.3.2	Gaze Project	O4	3	M	Bilingual	G130	06/09/2018	89100	1280 x 720		Raw Data	Ord4_T6_R.avi	190	0	900	720									80971	10:17:09.991	1536226403764119															0	6388		Fixation	8	455	341	5.66	85.69	175.69																				9715	660	313	645	341	652	327	462	327	264.97	163.73	259.03	152.45	262.00	158.09	310.93	201.80	699.30	354.85	198.86	681.38					728.10	728.10	3.83	4.08	0	0				
07/12/2018	3.3.2	Gaze Project	O4	3	M	Bilingual	G130	06/09/2018	89100	1280 x 720		Raw Data	Ord4_T6_R.avi	190	0	900	720									80979	10:17:10.000	1536226403772463															0	6389		Fixation	8	436	356	0.80	218.38	132.69																				9716	700	277	626	356	663	316	473	316	280.92	178.21	251.36	146.58	266.14	162.40	310.66	199.16	691.21	354.81	198.94	681.50					719.59	719.59	3.44	4.12	0	0				
07/12/2018	3.3.2	Gaze Project	O4	3	M	Bilingual	G130	06/09/2018	89100	1280 x 720		Raw Data	Ord4_T6_R.avi	190	0	900	720									80987	10:17:10.008	1536226403780828															0	6390		Fixation	8	472	319	1.71	45.88	187.50																				9717	643	255	662	319	652	287	462	287	258.18	187.42	265.87	161.48	262.03	174.45	310.59	199.18	691.19	354.76	198.99	681.50					719.57	719.57	3.38	3.91	0	0				
07/12/2018	3.3.2	Gaze Project	O4	3	M	Bilingual	G130	06/09/2018	89100	1280 x 720		Raw Data	Ord4_T6_R.avi	190	0	900	720									80995	10:17:10.016	1536226403789068															0	6391		Fixation	8	468	419	3.33	267.72	221.84																				9718	652	324	658	419	655	371	465	371	261.71	159.59	264.03	121.29	262.87	140.44	310.53	199.24	691.27	354.69	198.93	681.53					719.67	719.67	3.71	4.45	0	0				
07/12/2018	3.3.2	Gaze Project	O4	3	M	Bilingual	G130	06/09/2018	89100	1280 x 720		Raw Data	Ord4_T6_R.avi	190	0	900	720									81004	10:17:10.025	1536226403797416															0	6392		Fixation	8	470	348	2.35	88.39	180.67																				9719	672	280	660	348	666	314	476	314	269.59	177.10	264.90	149.63	267.24	163.37	310.45	199.24	691.18	355.35	201.77	689.53					719.57	719.57	3.50	4.45	0	0				
07/12/2018	3.3.2	Gaze Project	O4	3	M	Bilingual	G130	06/09/2018	89100	1280 x 720		Raw Data	Ord4_T6_R.avi	190	0	900	720									81012	10:17:10.033	1536226403805784															0	6393		Fixation	8	467	202	4.87	91.17	2.78																				9720	599	268	657	202	628	235	438	235	240.30	181.82	263.75	208.76	252.03	195.29	310.37	199.27	691.23	354.54	199.13	681.51					719.62	719.62	3.39	3.46	0	0				
07/12/2018	3.3.2	Gaze Project	O4	3	M	Bilingual	G130	06/09/2018	89100	1280 x 720		Raw Data	Ord4_T6_R.avi	190	0	900	720									81021	10:17:10.041	1536226403814125															0	6394		Fixation	8	458	268	2.21	262.26	171.09																				9721	640	227	648	268	644	247	454	247	257.01	198.55	260.01	182.18	258.51	190.37	310.28	199.30	691.21	356.78	203.49	693.47					719.61	719.61	3.44	3.82	0	0				
07/12/2018	3.3.2	Gaze Project	O4	3	M	Bilingual	G130	06/09/2018	89100	1280 x 720		Raw Data	Ord4_T6_R.avi	190	0	900	720									81029	10:17:10.050	1536226403822407															0	6395		Fixation	8	507	259	1.63	10.44	108.18																				9722	707	277	697	259	702	268	512	268	283.92	178.22	279.59	185.83	281.76	182.02	310.25	199.34	691.31	355.25	202.34	690.84					719.71	719.71	3.50	3.55	0	0				
07/12/2018	3.3.2	Gaze Project	O4	3	M	Bilingual	G130	06/09/2018	89100	1280 x 720		Raw Data	Ord4_T6_R.avi	190	0	900	720									81037	10:17:10.058	1536226403830747															0	6396		Fixation	8	541	259	1.13	0.00	349.56																				9723	730	266	731	259	730	262	540	262	292.88	182.98	293.46	185.63	293.17	184.31	310.20	199.28	691.16	354.37	199.24	681.61					719.55	719.55	3.29	3.52	0	0				
07/12/2018	3.3.2	Gaze Project	O4	3	M	Bilingual	G130	06/09/2018	89100	1280 x 720		Raw Data	Ord4_T6_R.avi	190	0	900	720									81046	10:17:10.066	1536226403839095															0	6397		Fixation	8	514	353	3.28	254.02	254.02																				9724	723	271	704	353	713	312	523	312	290.10	180.89	282.67	147.59	286.38	164.24	310.13	199.32	691.25	354.31	199.28	681.70					719.64	719.64	3.36	3.93	0	0				
07/12/2018	3.3.2	Gaze Project	O4	3	M	Bilingual	G130	06/09/2018	89100	1280 x 720		Raw Data	Ord4_T6_R.avi	190	0	900	720									81054	10:17:10.075	1536226403847452															0			Unclassified	8																									9725	705	361			705	361	515	361	282.96	144.43					310.02	199.32	691.22		-34.01						719.61		3.81		0	4				
07/12/2018	3.3.2	Gaze Project	O4	3	M	Bilingual	G130	06/09/2018	89100	1280 x 720		Raw Data	Ord4_T6_R.avi	190	0	900	720									81062	10:17:10.083	1536226403855809															0	6398		Fixation	8	535	315	1.45	61.15	167.13																				9726	727	352	725	315	726	333	536	333	291.80	148.23	290.91	163.04	291.35	155.63	309.91	199.35	691.25	354.10	199.33	681.73					719.63	719.63	3.82	3.80	0	0				
07/12/2018	3.3.2	Gaze Project	O4	3	M	Bilingual	G130	06/09/2018	89100	1280 x 720		Raw Data	Ord4_T6_R.avi	190	0	900	720									81071	10:17:10.091	1536226403864077															0	6399		Fixation	8	528	302	0.50	118.22	57.07																				9727	741	464	718	302	729	383	539	383	297.46	102.93	288.34	168.49	292.90	135.71	309.80	199.35	691.22	354.00	199.35	681.74					719.60	719.60	4.12	3.80	0	0				
07/12/2018	3.3.2	Gaze Project	O4	3	M	Bilingual	G130	06/09/2018	89100	1280 x 720		Raw Data	Ord4_T6_R.avi	190	0	900	720									81079	10:17:10.100	1536226403872399															0	6400		Fixation	8	495	412	3.80	253.35	135.13																				9728	711	383	685	412	698	397	508	397	285.23	135.52	274.83	124.06	280.03	129.79	309.71	199.26	691.26	354.90	203.18	692.99					719.60	719.60	3.86	4.29	0	0				
07/12/2018	3.3.2	Gaze Project	O4	3	M	Bilingual	G130	06/09/2018	89100	1280 x 720		Raw Data	Ord4_T6_R.avi	190	0	900	720									81087	10:17:10.108	1536226403880763															0	6401		Fixation	8	551	370	2.30	36.96	143.61																				9729	733	375	741	370	737	372	547	372	294.35	139.06	297.59	140.82	295.97	139.94	309.58	199.38	691.24	353.78	199.40	681.78					719.61	719.61	3.95	3.90	0	0				
07/12/2018	3.3.2	Gaze Project	O4	3	M	Bilingual	G130	06/09/2018	89100	1280 x 720		Raw Data	Ord4_T6_R.avi	190	0	900	720									81096	10:17:10.116	1536226403889122															0	6402		Fixation	8	559	334	1.24	77.51	40.55																				9730	719	372	749	334	734	353	544	353	288.65	140.34	300.61	155.56	294.63	147.95	309.47	199.38	691.21	353.65	199.52	681.74					719.58	719.58	3.89	3.93	0	0				
07/12/2018	3.3.2	Gaze Project	O4	3	M	Bilingual	G130	06/09/2018	89100	1280 x 720		Raw Data	Ord4_T6_R.avi	190	0	900	720									81104	10:17:10.125	1536226403897399															0	6403		Fixation	8	516	441	3.84	248.17	170.66																				9731	718	372	706	441	712	406	522	406	288.02	140.14	283.35	112.44	285.68	126.29	309.36	199.39	691.23	353.57	199.41	681.79					719.59	719.59	3.93	4.32	0	0				
07/12/2018	3.3.2	Gaze Project	O4	3	M	Bilingual	G130	06/09/2018	89100	1280 x 720		Raw Data	Ord4_T6_R.avi	190	0	900	720									81112	10:17:10.133	1536226403905738															0	6404		Fixation	8	551	288	5.20	77.15	188.98																				9732	739	358	741	288	740	323	550	323	296.65	145.83	297.28	174.03	296.96	159.93	309.25	199.40	691.23	354.45	203.18	692.90					719.58	719.58	3.93	3.84	0	0				
07/12/2018	3.3.2	Gaze Project	O4	3	M	Bilingual	G130	06/09/2018	89100	1280 x 720		Raw Data	Ord4_T6_R.avi	190	0	900	720									81121	10:17:10.141	1536226403914068															0	6405		Fixation	8	539	327	1.36	252.95	175.79																				9733	727	434	729	327	728	380	538	380	292.00	115.10	292.56	158.38	292.28	136.74	309.14	199.38	691.19	353.36	199.42	681.78					719.53	719.53	4.08	3.86	0	0				
07/12/2018	3.3.2	Gaze Project	O4	3	M	Bilingual	G130	06/09/2018	89100	1280 x 720		Raw Data	Ord4_T6_R.avi	190	0	900	720									81129	10:17:10.150	1536226403922433															0	6406		Fixation	8	468	283	2.79	148.13	255.18																				9734	711	452	658	283	684	367	494	367	285.22	107.88	264.31	176.05	274.76	141.97	309.04	199.38	691.18	353.25	199.31	681.82					719.51	719.51	4.34	3.70	0	0				
07/12/2018	3.3.2	Gaze Project	O4	3	M	Bilingual	G130	06/09/2018	89100	1280 x 720		Raw Data	Ord4_T6_R.avi	190	0	900	720									81137	10:17:10.158	1536226403930791															0	6407		Fixation	8	500	341	2.22	298.81	150.68																				9735	724	417	690	341	707	379	517	379	290.52	121.87	276.86	152.52	283.69	137.19	308.93	199.36	691.15	353.15	199.30	681.82					719.48	719.48	4.04	3.88	0	0				
07/12/2018	3.3.2	Gaze Project	O4	3	M	Bilingual	G130	06/09/2018	89100	1280 x 720		Raw Data	Ord4_T6_R.avi	190	0	900	720									81145	10:17:10.166	1536226403939057															0	6408		Fixation	8	553	315	1.97	26.20	87.40																				9736	753	288	743	315	748	301	558	301	302.38	174.13	298.21	163.20	300.29	168.67	308.85	199.25	691.20	353.05	199.40	681.74					719.48	719.48	3.56	3.71	0	0				
07/12/2018	3.3.2	Gaze Project	O4	3	M	Bilingual	G130	06/09/2018	89100	1280 x 720		Raw Data	Ord4_T6_R.avi	190	0	900	720									81154	10:17:10.175	1536226403947404															0	6409		Fixation	8	552	375	2.00	269.05	242.84																				9737	704	426	742	375	723	400	533	400	282.59	118.55	297.73	139.10	290.16	128.82	308.73	199.33	691.12	355.17	203.58	693.27					719.42	719.42	4.26	4.11	0	0				
07/12/2018	3.3.2	Gaze Project	O4	3	M	Bilingual	G130	06/09/2018	89100	1280 x 720		Raw Data	Ord4_T6_R.avi	190	0	900	720									81162	10:17:10.183	1536226403955748															0	6410		Fixation	8	554	275	3.30	88.86	179.81																				9738	735	334	744	275	739	304	549	304	294.99	155.61	298.58	179.02	296.79	167.32	308.63	199.30	691.08	353.82	203.10	692.69					719.36	719.36	3.91	3.73	0	0				
07/12/2018	3.3.2	Gaze Project	O4	3	M	Bilingual	G130	06/09/2018	89100	1280 x 720		Raw Data	Ord4_T6_R.avi	190	0	900	720									81171	10:17:10.191	1536226403964093															0	6411		Fixation	8	567	348	2.48	280.07	191.21																				9739	740	387	757	348	748	367	558	367	296.92	134.23	304.06	149.79	300.49	142.01	308.53	199.28	691.06	352.77	199.38	681.73					719.33	719.33	3.98	3.88	0	0				
07/12/2018	3.3.2	Gaze Project	O4	3	M	Bilingual	G130	06/09/2018	89100	1280 x 720		Raw Data	Ord4_T6_R.avi	190	0	900	720									81179	10:17:10.200	1536226403972460															0	6412		Fixation	8	446	387	4.21	197.92	277.85																				9740	710	348	636	387	673	367	483	367	285.13	149.90	255.12	134.20	270.13	142.05	308.69	203.08	702.47	352.66	199.35	681.66					731.33	731.33	4.04	3.98	0	0				
07/12/2018	3.3.2	Gaze Project	O4	3	M	Bilingual	G130	06/09/2018	89100	1280 x 720		Raw Data	Ord4_T6_R.avi	190	0	900	720									81187	10:17:10.208	1536226403980722															0	6413		Fixation	8	530	399	2.81	351.84	153.93																				9741	719	332	720	399	719	365	529	365	288.54	156.29	288.97	129.43	288.75	142.86	308.58	202.97	702.21	352.57	199.36	681.69					731.05	731.05	3.88	4.14	0	0				
07/12/2018	3.3.2	Gaze Project	O4	3	M	Bilingual	G130	06/09/2018	89100	1280 x 720		Raw Data	Ord4_T6_R.avi	190	0	900	720									81195	10:17:10.216	1536226403989060															0	6414		Fixation	8	510	343	1.99	109.60	117.75																				9742	725	358	700	343	712	350	522	350	290.90	145.84	280.84	151.65	285.87	148.74	308.22	199.21	691.03	352.46	199.48	681.64					719.26	719.26	3.93	3.96	0	0				
07/12/2018	3.3.2	Gaze Project	O4	3	M	Bilingual	G130	06/09/2018	89100	1280 x 720		Raw Data	Ord4_T6_R.avi	190	0	900	720									81204	10:17:10.225	1536226403997405															0	6415		Fixation	8	534	264	2.77	73.15	323.56																				9743	728	334	724	264	726	299	536	299	292.41	155.35	290.81	183.83	291.61	169.59	308.12	199.18	690.98	352.37	199.25	681.73					719.19	719.19	3.86	3.39	0	0				
07/12/2018	3.3.2	Gaze Project	O4	3	M	Bilingual	G130	06/09/2018	89100	1280 x 720		Raw Data	Ord4_T6_R.avi	190	0	900	720									81212	10:17:10.233	1536226404005772															0	6416		Fixation	8	483	408	5.10	250.56	177.40																				9744	750	297	673	408	711	352	521	352	300.98	170.36	270.29	125.76	285.63	148.06	308.03	199.06	691.03	352.26	199.33	681.58					719.19	719.19	3.56	4.24	0	0				
07/12/2018	3.3.2	Gaze Project	O4	3	M	Bilingual	G130	06/09/2018	89100	1280 x 720		Raw Data	Ord4_T6_R.avi	190	0	900	720									81220	10:17:10.241	1536226404014045															0	6417		Fixation	8	506	365	1.62	61.93	171.38																				9745	728	432	696	365	712	398	522	398	292.22	116.06	279.37	143.02	285.80	129.54	307.93	199.28	690.94	352.15	199.32	681.53					719.17	719.17	4.35	3.95	0	0				
07/12/2018	3.3.2	Gaze Project	O4	3	M	Bilingual	G130	06/09/2018	89100	1280 x 720		Raw Data	Ord4_T6_R.avi	190	0	900	720									81229	10:17:10.250	1536226404022370															0	6418		Fixation	8	547	321	2.01	47.11	345.18																				9746	731	492	737	321	734	406	544	406	293.30	91.72	295.73	160.84	294.51	126.28	307.79	199.09	690.86	352.06	199.35	681.59					719.03	719.03	4.29	3.89	0	0				
07/12/2018	3.3.2	Gaze Project	O4	3	M	Bilingual	G130	06/09/2018	89100	1280 x 720		Raw Data	Ord4_T6_R.avi	190	0	900	720									81237	10:17:10.258	1536226404030726															0	6419		Fixation	8	474	467	5.41	243.51	196.40																				9747	715	426	664	467	689	446	499	446	286.93	118.59	266.64	101.92	276.79	110.25	307.68	199.05	690.80	351.94	199.34	681.55					718.96	718.96	4.05	4.42	0	0				
07/12/2018	3.3.2	Gaze Project	O4	3	M	Bilingual	G130	06/09/2018	89100	1280 x 720		Raw Data	Ord4_T6_R.avi	190	0	900	720									81246	10:17:10.266	1536226404039084															0	6420		Fixation	8	496	488	1.01	316.24	72.73																				9748	730	396	686	488	708	442	518	442	292.94	130.50	275.22	93.50	284.08	112.00	307.55	199.01	690.74	351.83	199.24	681.59					718.88	718.88	4.03	4.67	0	0				
07/12/2018	3.3.2	Gaze Project	O4	3	M	Bilingual	G130	06/09/2018	89100	1280 x 720		Raw Data	Ord4_T6_R.avi	190	0	900	720									81254	10:17:10.275	1536226404047445															0	6421		Fixation	8	498	478	0.33	78.73	122.49																				9749	753	349	688	478	720	413	530	413	302.33	149.45	275.99	97.60	289.16	123.52	307.45	198.89	690.79	351.71	199.25	681.58					718.88	718.88	3.61	4.61	0	0				
07/12/2018	3.3.2	Gaze Project	O4	3	M	Bilingual	G130	06/09/2018	89100	1280 x 720		Raw Data	Ord4_T6_R.avi	190	0	900	720									81262	10:17:10.283	1536226404055709															0	6422		Fixation	8	524	417	2.18	66.98	348.26																				9750	730	441	714	417	722	429	532	429	292.86	112.43	286.59	122.14	289.73	117.29	307.32	198.97	690.71	351.59	199.26	681.58					718.81	718.81	4.11	4.42	0	0				
07/12/2018	3.3.2	Gaze Project	O4	3	M	Bilingual	G130	06/09/2018	89100	1280 x 720		Raw Data	Ord4_T6_R.avi	190	0	900	720									81270	10:17:10.291	1536226404064058															0	6423		Fixation	8	525	456	1.28	271.46	204.48																				9751	734	391	715	456	724	423	534	423	294.52	132.42	287.17	106.32	290.84	119.37	307.19	198.94	690.65	352.45	203.24	692.88					718.74	718.74	4.01	4.66	0	0				
07/12/2018	3.3.2	Gaze Project	O4	3	M	Bilingual	G130	06/09/2018	89100	1280 x 720		Raw Data	Ord4_T6_R.avi	190	0	900	720									81279	10:17:10.300	1536226404072396															0	6424		Fixation	8	504	454	0.69	174.54	263.08																				9752	725	480	694	454	709	467	519	467	291.15	96.64	278.72	107.03	284.94	101.84	307.28	202.39	701.07	351.34	199.29	681.57					729.70	729.70	4.49	4.60	0	0				
07/12/2018	3.3.2	Gaze Project	O4	3	M	Bilingual	G130	06/09/2018	89100	1280 x 720		Raw Data	Ord4_T6_R.avi	190	0	900	720									81287	10:17:10.308	1536226404080754															0	6425		Fixation	8	507	405	1.63	86.51	271.97																				9753	716	449	697	405	706	427	516	427	287.58	109.09	279.59	126.81	283.59	117.95	308.16	202.47	700.57	351.20	199.33	681.28					729.32	729.32	4.36	4.23	0	0				
07/12/2018	3.3.2	Gaze Project	O4	3	M	Bilingual	G130	06/09/2018	89100	1280 x 720		Raw Data	Ord4_T6_R.avi	190	0	900	720									81296	10:17:10.316	1536226404089114															0	6426		Fixation	8	518	448	1.48	284.31	197.80																				9754	723	423	708	448	715	435	525	435	290.14	119.48	284.11	109.45	287.12	114.47	306.80	198.87	690.57	351.06	199.33	681.21					718.61	718.61	4.04	4.35	0	0				
07/12/2018	3.3.2	Gaze Project	O4	3	M	Bilingual	G130	06/09/2018	89100	1280 x 720		Raw Data	Ord4_T6_R.avi	190	0	900	720									81304	10:17:10.325	1536226404097376															0	6427		Fixation	8	496	495	1.69	244.99	320.68																				9755	729	443	686	495	707	469	517	469	292.46	111.70	275.39	90.78	283.93	101.24	306.66	198.84	690.53	351.80	202.82	691.50					718.56	718.56	4.07	4.62	0	0				
07/12/2018	3.3.2	Gaze Project	O4	3	M	Bilingual	G130	06/09/2018	89100	1280 x 720		Raw Data	Ord4_T6_R.avi	190	0	900	720									81312	10:17:10.333	1536226404105710															0	6428		Fixation	8	513	448	1.63	70.17	185.19																				9756	733	398	703	448	718	423	528	423	294.12	129.60	282.38	109.38	288.25	119.49	306.52	198.82	690.48	350.78	199.35	681.14					718.49	718.49	4.04	4.48	0	0				
07/12/2018	3.3.2	Gaze Project	O4	3	M	Bilingual	G130	06/09/2018	89100	1280 x 720		Raw Data	Ord4_T6_R.avi	190	0	900	720									81321	10:17:10.341	1536226404114070															0	6429		Fixation	8	515	403	1.50	87.46	17.29																				9757	734	425	705	403	719	414	529	414	294.53	118.84	282.85	127.49	288.69	123.16	306.39	198.83	690.55	350.64	199.36	681.12					718.55	718.55	4.12	4.20	0	0				
07/12/2018	3.3.2	Gaze Project	O4	3	M	Bilingual	G130	06/09/2018	89100	1280 x 720		Raw Data	Ord4_T6_R.avi	190	0	900	720									81329	10:17:10.350	1536226404122428															0	6430		Fixation	8	530	432	1.09	297.27	209.81																				9758	708	399	720	432	714	415	524	415	284.39	129.12	288.91	116.14	286.65	122.63	306.24	198.81	690.50	350.50	199.39	681.12					718.49	718.49	4.14	4.33	0	0				
07/12/2018	3.3.2	Gaze Project	O4	3	M	Bilingual	G130	06/09/2018	89100	1280 x 720		Raw Data	Ord4_T6_R.avi	190	0	900	720									81337	10:17:10.358	1536226404130694															0	6431		Fixation	8	521	435	0.31	198.49	261.22																				9759	743	293	711	435	727	364	537	364	298.17	171.90	285.41	114.80	291.79	143.35	306.30	202.17	700.61	350.35	199.39	681.07					729.13	729.13	3.65	4.39	0	0				
07/12/2018	3.3.2	Gaze Project	O4	3	M	Bilingual	G130	06/09/2018	89100	1280 x 720		Raw Data	Ord4_T6_R.avi	190	0	900	720									81345	10:17:10.366	1536226404139041															0			Unclassified	8																									9760	728	288			728	288	538	288	292.37	174.16					305.96	198.78	690.43		-34.01						718.39		3.35		0	4				
07/12/2018	3.3.2	Gaze Project	O4	3	M	Bilingual	G130	06/09/2018	89100	1280 x 720		Raw Data	Ord4_T6_R.avi	190	0	900	720									81354	10:17:10.375	1536226404147376															0	6432		Fixation	8	476	264	5.93	104.70	266.21																				9761	778	286	666	264	722	275	532	275	312.31	174.67	267.15	183.65	289.73	179.16	305.82	198.80	690.44	350.05	199.39	680.92					718.40	718.40	3.31	3.43	0	0				
07/12/2018	3.3.2	Gaze Project	O4	3	M	Bilingual	G130	06/09/2018	89100	1280 x 720		Raw Data	Ord4_T6_R.avi	190	0	900	720									81362	10:17:10.383	1536226404155735															0			Unclassified	8																									9762	733	334			733	334	543	334	294.40	155.26					305.70	198.69	690.48		-34.01						718.40		3.54		0	4				
07/12/2018	3.3.2	Gaze Project	O4	3	M	Bilingual	G130	06/09/2018	89100	1280 x 720		Raw Data	Ord4_T6_R.avi	190	0	900	720									81371	10:17:10.391	1536226404164096															0			Unclassified	8																									9763																			-34.01										4	4				
07/12/2018	3.3.2	Gaze Project	O4	3	M	Bilingual	G130	06/09/2018	89100	1280 x 720		Raw Data	Ord4_T6_R.avi	190	0	900	720									81379	10:17:10.400	1536226404172364															0	6433		Fixation	8	511	253	1.22	17.50	272.80																				9764	721	324	701	253	711	288	521	288	289.52	159.31	281.33	187.93	285.43	173.62	305.41	198.79	690.36	349.64	199.37	680.93					718.29	718.29	3.97	3.65	0	0				
07/12/2018	3.3.2	Gaze Project	O4	3	M	Bilingual	G130	06/09/2018	89100	1280 x 720		Raw Data	Ord4_T6_R.avi	190	0	900	720									81387	10:17:10.408	1536226404180691															0	6434		Fixation	8	500	367	3.85	264.51	247.01																				9765	728	363	690	367	709	365	519	365	292.17	143.68	276.81	142.31	284.49	143.00	305.28	198.81	690.40	349.51	199.49	680.83					718.33	718.33	3.92	4.09	0	0				
07/12/2018	3.3.2	Gaze Project	O4	3	M	Bilingual	G130	06/09/2018	89100	1280 x 720		Raw Data	Ord4_T6_R.avi	190	0	900	720									81395	10:17:10.416	1536226404189047															0	6435		Fixation	8	492	391	0.84	251.62	347.11																				9766	750	294	682	391	716	342	526	342	301.05	171.64	273.72	132.42	287.38	152.03	305.34	202.10	700.27	349.38	199.52	680.82					728.71	728.71	3.65	4.07	0	0				
07/12/2018	3.3.2	Gaze Project	O4	3	M	Bilingual	G130	06/09/2018	89100	1280 x 720		Raw Data	Ord4_T6_R.avi	190	0	900	720									81404	10:17:10.425	1536226404197411															0	6436		Fixation	8	516	401	0.87	337.31	85.69																				9767	746	274	706	401	726	337	536	337	299.32	179.73	283.56	128.38	291.44	154.05	305.04	198.81	690.37	349.25	199.52	680.77					718.28	718.28	3.48	4.16	0	0				
07/12/2018	3.3.2	Gaze Project	O4	3	M	Bilingual	G130	06/09/2018	89100	1280 x 720		Raw Data	Ord4_T6_R.avi	190	0	900	720									81412	10:17:10.433	1536226404205762															0	6437		Fixation	8	517	436	1.17	271.63	294.32																				9768	756	275	707	436	731	355	541	355	303.42	179.33	283.84	114.49	293.63	146.91	304.92	198.83	690.42	349.13	199.54	680.77					718.34	718.34	3.43	4.37	0	0				
07/12/2018	3.3.2	Gaze Project	O4	3	M	Bilingual	G130	06/09/2018	89100	1280 x 720		Raw Data	Ord4_T6_R.avi	190	0	900	720									81420	10:17:10.441	1536226404214025															0			Unclassified	8																									9769	723	368			723	368	533	368	290.25	141.77					304.82	198.95	690.38		-34.01						718.32		3.88		0	4				
07/12/2018	3.3.2	Gaze Project	O4	3	M	Bilingual	G130	06/09/2018	89100	1280 x 720		Raw Data	Ord4_T6_R.avi	190	0	900	720									81429	10:17:10.450	1536226404222358															0	6438		Fixation	8	595	336	4.19	52.14	140.50																				9770	745	362	785	336	765	349	575	349	299.18	144.23	315.16	154.81	307.17	149.52	304.69	198.82	690.44	351.07	203.78	692.42					718.34	718.34	3.79	4.07	0	0				
07/12/2018	3.3.2	Gaze Project	O4	3	M	Bilingual	G130	06/09/2018	89100	1280 x 720		Raw Data	Ord4_T6_R.avi	190	0	900	720									81437	10:17:10.458	1536226404230706															0	6439		Fixation	8	550	327	1.53	168.65	116.52																				9771	748	371	740	327	744	349	554	349	300.11	140.69	297.12	158.07	298.61	149.38	304.58	198.83	690.47	348.78	199.57	680.78					718.35	718.35	3.75	3.71	0	0				
07/12/2018	3.3.2	Gaze Project	O4	3	M	Bilingual	G130	06/09/2018	89100	1280 x 720		Raw Data	Ord4_T6_R.avi	190	0	900	720									81446	10:17:10.466	1536226404239076															0	6440		Fixation	8	565	278	1.71	73.03	264.38																				9772	754	348	755	278	754	313	564	313	302.48	149.82	302.93	177.94	302.70	163.88	304.47	198.85	690.50	350.72	203.58	691.82					718.38	718.38	3.86	3.69	0	0				
07/12/2018	3.3.2	Gaze Project	O4	3	M	Bilingual	G130	06/09/2018	89100	1280 x 720		Raw Data	Ord4_T6_R.avi	190	0	900	720									81454	10:17:10.475	1536226404247346															0			Unclassified	8																									9773	740	222			740	222	550	222	296.87	200.53					304.38	198.97	690.45		-34.01						718.37		3.22		0	4				
07/12/2018	3.3.2	Gaze Project	O4	3	M	Bilingual	G130	06/09/2018	89100	1280 x 720		Raw Data	Ord4_T6_R.avi	190	0	900	720									81462	10:17:10.483	1536226404255684															0	6441		Fixation	8	579	228	1.73	74.41	1.37																				9774	692	262	769	228	730	245	540	245	277.81	184.63	308.76	198.25	293.28	191.44	304.45	202.66	701.89	350.35	203.33	691.03					730.37	730.37	3.36	3.32	0	0				
07/12/2018	3.3.2	Gaze Project	O4	3	M	Bilingual	G130	06/09/2018	89100	1280 x 720		Raw Data	Ord4_T6_R.avi	190	0	900	720									81470	10:17:10.491	1536226404264030															0	6442		Fixation	8	497	368	5.41	239.72	165.32																				9775	779	274	687	368	733	321	543	321	312.65	179.75	275.70	141.73	294.18	160.74	304.34	202.53	701.48	348.34	199.64	680.85					729.93	729.93	3.36	4.03	0	0				
07/12/2018	3.3.2	Gaze Project	O4	3	M	Bilingual	G130	06/09/2018	89100	1280 x 720		Raw Data	Ord4_T6_R.avi	190	0	900	720									81479	10:17:10.500	1536226404272376															0	6443		Fixation	8	521	369	0.80	357.61	117.88																				9776	754	376	711	369	732	372	542	372	302.67	138.63	285.23	141.16	293.95	139.90	304.06	198.91	690.59	348.25	199.67	680.90					718.46	718.46	3.92	4.09	0	0				
07/12/2018	3.3.2	Gaze Project	O4	3	M	Bilingual	G130	06/09/2018	89100	1280 x 720		Raw Data	Ord4_T6_R.avi	190	0	900	720									81487	10:17:10.508	1536226404280745															0	6444		Fixation	8	535	324	1.58	72.77	75.16																				9777	738	480	725	324	731	402	541	402	296.35	96.82	290.92	159.66	293.64	128.24	303.97	198.99	690.76	348.15	199.70	680.95					718.64	718.64	4.58	3.89	0	0				
07/12/2018	3.3.2	Gaze Project	O4	3	M	Bilingual	G130	06/09/2018	89100	1280 x 720		Raw Data	Ord4_T6_R.avi	190	0	900	720									81495	10:17:10.516	1536226404289018															0	6445		Fixation	8	563	303	1.17	36.96	324.19																				9778	724	378	753	303	738	340	548	340	290.59	137.88	302.15	167.99	296.37	152.94	303.88	199.01	690.77	348.06	199.71	680.96					718.66	718.66	4.00	3.78	0	0				
07/12/2018	3.3.2	Gaze Project	O4	3	M	Bilingual	G130	06/09/2018	89100	1280 x 720		Raw Data	Ord4_T6_R.avi	190	0	900	720									81504	10:17:10.525	1536226404297340															0	6446		Fixation	8	540	393	3.12	255.71	218.75																				9779	692	387	730	393	711	390	521	390	277.84	133.92	293.01	131.52	285.43	132.72	304.02	203.49	704.02	347.98	199.77	681.08					732.62	732.62	3.98	4.03	0	0				
07/12/2018	3.3.2	Gaze Project	O4	3	M	Bilingual	G130	06/09/2018	89100	1280 x 720		Raw Data	Ord4_T6_R.avi	190	0	900	720									81512	10:17:10.533	1536226404305700															0	6447		Fixation	8	489	240	5.38	108.38	212.67																				9780	737	276	679	240	708	258	518	258	295.76	178.62	272.66	193.18	284.21	185.90	303.73	199.11	690.92	348.72	203.24	691.28					718.81	718.81	3.41	3.69	0	0				
07/12/2018	3.3.2	Gaze Project	O4	3	M	Bilingual	G130	06/09/2018	89100	1280 x 720		Raw Data	Ord4_T6_R.avi	190	0	900	720									81520	10:17:10.541	1536226404314057															0	6448		Fixation	8	516	371	4.46	281.61	173.23																				9781	725	397	706	371	715	384	525	384	291.15	130.00	283.30	140.50	287.22	135.25	303.66	199.18	691.02	347.82	199.83	681.17					718.93	718.93	4.12	4.12	0	0				
07/12/2018	3.3.2	Gaze Project	O4	3	M	Bilingual	G130	06/09/2018	89100	1280 x 720		Raw Data	Ord4_T6_R.avi	190	0	900	720									81529	10:17:10.550	1536226404322337															0	6449		Fixation	8	550	296	2.74	65.68	144.07																				9782	764	345	740	296	752	320	562	320	306.55	150.82	297.11	170.90	301.83	160.86	303.59	199.23	691.10	348.69	203.82	692.85					719.01	719.01	3.87	3.95	0	0				
07/12/2018	3.3.2	Gaze Project	O4	3	M	Bilingual	G130	06/09/2018	89100	1280 x 720		Raw Data	Ord4_T6_R.avi	190	0	900	720									81537	10:17:10.558	1536226404330677															0	6450		Fixation	8	522	400	3.58	254.98	189.29																				9783	707	323	712	400	709	361	519	361	283.85	159.97	285.68	128.88	284.77	144.43	303.72	203.18	702.77	347.69	199.88	681.24					731.32	731.32	3.85	4.26	0	0				
07/12/2018	3.3.2	Gaze Project	O4	3	M	Bilingual	G130	06/09/2018	89100	1280 x 720		Raw Data	Ord4_T6_R.avi	190	0	900	720									81545	10:17:10.566	1536226404339007															0	6451		Fixation	8	534	364	1.27	71.62	176.64																				9784	730	369	724	364	727	366	537	366	292.92	141.24	290.56	143.52	291.74	142.38	303.48	199.35	691.22	347.63	199.93	681.33					719.16	719.16	3.90	4.13	0	0				
07/12/2018	3.3.2	Gaze Project	O4	3	M	Bilingual	G130	06/09/2018	89100	1280 x 720		Raw Data	Ord4_T6_R.avi	190	0	900	720									81554	10:17:10.575	1536226404347375															0	6452		Fixation	8	556	349	0.89	34.37	322.75																				9785	739	378	746	349	742	363	552	363	296.59	137.88	299.63	149.43	298.11	143.65	303.44	199.44	691.39	347.58	199.95	681.38					719.35	719.35	3.92	3.94	0	0				
07/12/2018	3.3.2	Gaze Project	O4	3	M	Bilingual	G130	06/09/2018	89100	1280 x 720		Raw Data	Ord4_T6_R.avi	190	0	900	720									81562	10:17:10.583	1536226404355728															0	6453		Fixation	8	551	322	0.92	100.46	66.09																				9786	731	414	741	322	736	368	546	368	293.40	123.42	297.25	160.25	295.33	141.84	303.60	203.59	703.65	348.38	203.54	691.97					732.28	732.28	4.00	4.07	0	0				
07/12/2018	3.3.2	Gaze Project	O4	3	M	Bilingual	G130	06/09/2018	89100	1280 x 720		Raw Data	Ord4_T6_R.avi	190	0	900	720									81570	10:17:10.591	1536226404363999															0	6454		Fixation	8	483	518	6.81	250.92	150.46																				9787	734	413	673	518	703	465	513	465	294.77	123.59	270.21	81.54	282.49	102.56	303.37	199.56	691.56	347.51	200.02	681.57					719.55	719.55	3.98	4.68	0	0				
07/12/2018	3.3.2	Gaze Project	O4	3	M	Bilingual	G130	06/09/2018	89100	1280 x 720		Raw Data	Ord4_T6_R.avi	190	0	900	720									81579	10:17:10.600	1536226404372350															0	6455		Fixation	8	522	393	4.31	72.72	181.80																				9788	748	394	712	393	730	393	540	393	300.11	131.26	285.95	131.85	293.03	131.56	303.34	199.61	691.65	347.49	200.04	681.63					719.65	719.65	4.09	4.23	0	0				
07/12/2018	3.3.2	Gaze Project	O4	3	M	Bilingual	G130	06/09/2018	89100	1280 x 720		Raw Data	Ord4_T6_R.avi	190	0	900	720									81587	10:17:10.608	1536226404380683															0	6456		Fixation	8	566	346	2.13	46.98	334.26																				9789	741	424	756	346	748	385	558	385	297.48	119.34	303.49	150.71	300.48	135.03	303.39	199.66	691.78	348.20	202.94	690.33					719.78	719.78	4.13	4.07	0	0				
07/12/2018	3.3.2	Gaze Project	O4	3	M	Bilingual	G130	06/09/2018	89100	1280 x 720		Raw Data	Ord4_T6_R.avi	190	0	900	720									81595	10:17:10.616	1536226404389040															0	6457		Fixation	8	600	261	3.06	68.26	21.28																				9790	805	444	790	261	797	352	607	352	323.02	110.95	317.24	184.79	320.13	147.87	303.50	199.62	691.76	347.55	199.86	681.69					719.76	719.76	4.12	3.49	0	0				
07/12/2018	3.3.2	Gaze Project	O4	3	M	Bilingual	G130	06/09/2018	89100	1280 x 720		Raw Data	Ord4_T6_R.avi	190	0	900	720									81604	10:17:10.625	1536226404397408															0	6458		Fixation	8	645	551	9.79	278.79	210.53																				9791	868	551	835	551	851	551	661	551	348.54	67.89	335.08	68.08	341.81	67.98	303.65	199.65	691.97	347.68	200.00	681.99					719.98	719.98	4.46	4.46	0	0				
07/12/2018	3.3.2	Gaze Project	O4	3	M	Bilingual	G130	06/09/2018	89100	1280 x 720		Raw Data	Ord4_T6_R.avi	190	0	900	720									81612	10:17:10.633	1536226404405668															0	6459		Fixation	8	681	622	2.59	296.81	18.02																				9792	875	608	871	622	873	615	683	615	351.30	44.99	349.52	39.29	350.41	42.14	305.13	203.76	703.67	347.75	199.92	682.01					732.45	732.45	4.52	4.67	0	0				
07/12/2018	3.3.2	Gaze Project	O4	3	M	Bilingual	G130	06/09/2018	89100	1280 x 720		Raw Data	Ord4_T6_R.avi	190	0	900	720									81620	10:17:10.641	1536226404414002															0	6460		Fixation	8	708	686	2.19	292.81	356.00																				9793	907	644	898	686	902	665	712	665	363.96	30.58	360.35	13.73	362.16	22.15	303.86	199.60	692.21	348.81	203.99	694.18					720.20	720.20	4.32	4.76	0	0				
07/12/2018	3.3.2	Gaze Project	O4	3	M	Bilingual	G130	06/09/2018	89100	1280 x 720		Raw Data	Ord4_T6_R.avi	190	0	900	720									81629	10:17:10.650	1536226404422355															0	6461		Fixation	8	749	666	1.47	26.08	93.27																				9794	908	677	939	666	923	671	733	671	364.60	17.29	376.80	21.92	370.70	19.61	303.93	199.61	692.34	347.87	199.69	682.09					720.33	720.33	4.33	4.33	0	0				
07/12/2018	3.3.2	Gaze Project	O4	3	M	Bilingual	G130	06/09/2018	89100	1280 x 720		Raw Data	Ord4_T6_R.avi	190	0	900	720									81637	10:17:10.658	1536226404430709															0	6462		Fixation	8	757	699	1.07	283.58	257.51																				9795	928	668	947	699	937	683	747	683	372.32	20.80	380.13	8.36	376.22	14.58	303.97	199.70	692.56	347.98	199.97	682.56					720.57	720.57	4.28	4.42	0	0				
07/12/2018	3.3.2	Gaze Project	O4	3	M	Bilingual	G130	06/09/2018	89100	1280 x 720		Raw Data	Ord4_T6_R.avi	190	0	900	720									81645	10:17:10.666	1536226404438982															0	6463		Fixation	8	750	690	0.36	127.79	204.20																				9796	923	643	940	690	931	666	741	666	370.39	31.13	377.27	12.01	373.83	21.57	303.98	199.82	692.51	348.04	199.98	682.69					720.56	720.56	4.25	4.52	0	0				
07/12/2018	3.3.2	Gaze Project	O4	3	M	Bilingual	G130	06/09/2018	89100	1280 x 720		Raw Data	Ord4_T6_R.avi	190	0	900	720									81654	10:17:10.675	1536226404447332															0	6464		Fixation	8	742	686	0.29	153.36	25.58																				9797	939	681	932	686	935	683	745	683	376.79	15.77	374.29	13.83	375.54	14.80	304.04	199.78	692.80	348.88	203.25	692.47					720.83	720.83	4.30	4.34	0	0				
07/12/2018	3.3.2	Gaze Project	O4	3	M	Bilingual	G130	06/09/2018	89100	1280 x 720		Raw Data	Ord4_T6_R.avi	190	0	900	720									81662	10:17:10.683	1536226404455654															0	6465		Fixation	8	795	691	1.71	354.59	201.23																				9798	935	691	985	691	960	691	770	691	375.36	11.59	395.21	11.82	385.28	11.71	304.24	202.67	701.57	348.17	200.01	682.96					730.06	730.06	4.42	4.16	0	0				
07/12/2018	3.3.2	Gaze Project	O4	3	M	Bilingual	G130	06/09/2018	89100	1280 x 720		Raw Data	Ord4_T6_R.avi	190	0	900	720									81670	10:17:10.691	1536226404464028															0	6466		Fixation	8	761	578	3.75	106.69	112.10																				9799	942	632	951	578	946	605	756	605	378.06	35.45	381.60	56.99	379.83	46.22	304.16	199.83	693.03	348.24	200.03	683.10					721.07	721.07	4.05	3.92	0	0				
07/12/2018	3.3.2	Gaze Project	O4	3	M	Bilingual	G130	06/09/2018	89100	1280 x 720		Raw Data	Ord4_T6_R.avi	190	0	900	720									81679	10:17:10.700	1536226404472379															0	6467		Fixation	8	718	649	2.66	238.88	132.19																				9800	931	675	908	649	919	662	729	662	373.80	18.14	364.63	28.51	369.21	23.32	304.23	199.85	693.15	349.20	203.70	694.05					721.19	721.19	4.14	4.28	0	0				
07/12/2018	3.3.2	Gaze Project	O4	3	M	Bilingual	G130	06/09/2018	89100	1280 x 720		Raw Data	Ord4_T6_R.avi	190	0	900	720									81687	10:17:10.708	1536226404480626															0	6468		Fixation	8	747	657	0.97	344.53	105.65																				9801	935	662	937	657	936	659	746	659	375.16	23.48	376.04	25.25	375.60	24.37	304.31	199.88	693.30	348.42	200.07	683.41					721.35	721.35	4.12	4.22	0	0				
07/12/2018	3.3.2	Gaze Project	O4	3	M	Bilingual	G130	06/09/2018	89100	1280 x 720		Raw Data	Ord4_T6_R.avi	190	0	900	720									81695	10:17:10.716	1536226404489002															0	6469		Fixation	8			2.04	267.37	282.84																				9802	937	662	934	722	935	692	745	692	376.32	23.20	375.02	-0.76	375.67	11.22	304.39	199.88	693.38	348.51	200.10	683.58					721.44	721.44	4.18	4.26	0	0				
07/12/2018	3.3.2	Gaze Project	O4	3	M	Bilingual	G130	06/09/2018	89100	1280 x 720		Raw Data	Ord4_T6_R.avi	190	0	900	720									81704	10:17:10.725	1536226404497325															0	6470		Fixation	8	832	550	6.21	62.98	155.61																				9803	949	689	1022	550	985	619	795	619	381.11	12.41	410.09	68.32	395.60	40.36	304.47	199.92	693.54	348.61	200.15	683.76					721.60	721.60	4.23	3.79	0	0				
07/12/2018	3.3.2	Gaze Project	O4	3	M	Bilingual	G130	06/09/2018	89100	1280 x 720		Raw Data	Ord4_T6_R.avi	190	0	900	720									81712	10:17:10.733	1536226404505678															0	6471		Fixation	8	733	651	4.61	225.67	162.69																				9804	926	685	923	651	924	668	734	668	371.56	14.19	370.39	27.85	370.98	21.02	304.72	202.97	702.76	348.71	200.22	684.01					731.31	731.31	4.49	4.19	0	0				
07/12/2018	3.3.2	Gaze Project	O4	3	M	Bilingual	G130	06/09/2018	89100	1280 x 720		Raw Data	Ord4_T6_R.avi	190	0	900	720									81720	10:17:10.741	1536226404514050															0	6472		Fixation	8	733	680	0.92	270.00	44.33																				9805	925	696	923	680	924	688	734	688	371.35	9.49	370.48	16.05	370.91	12.77	304.64	199.98	693.78	348.79	200.23	684.06					721.86	721.86	4.37	4.21	0	0				
07/12/2018	3.3.2	Gaze Project	O4	3	M	Bilingual	G130	06/09/2018	89100	1280 x 720		Raw Data	Ord4_T6_R.avi	190	0	900	720									81729	10:17:10.749	1536226404522317															0	6473		Fixation	8	770	691	1.24	343.39	73.39																				9806	937	695	960	691	948	693	758	693	376.20	10.19	385.25	11.82	380.73	11.00	304.72	200.04	693.96	348.88	200.27	684.19					722.05	722.05	4.35	4.09	0	0				
07/12/2018	3.3.2	Gaze Project	O4	3	M	Bilingual	G130	06/09/2018	89100	1280 x 720		Raw Data	Ord4_T6_R.avi	190	0	900	720									81737	10:17:10.758	1536226404530648															0	6474		Fixation	8	698	657	2.54	154.65	171.26																				9807	923	690	888	657	905	673	715	673	370.42	12.24	356.45	25.51	363.44	18.88	304.80	200.09	694.12	349.84	203.92	694.99					722.22	722.22	4.35	4.35	0	0				
07/12/2018	3.3.2	Gaze Project	O4	3	M	Bilingual	G130	06/09/2018	89100	1280 x 720		Raw Data	Ord4_T6_R.avi	190	0	900	720									81745	10:17:10.766	1536226404539004															0	6475		Fixation	8	725	662	0.88	349.48	194.82																				9808	915	705	915	662	915	683	725	683	367.43	5.84	367.11	23.25	367.27	14.55	304.88	200.13	694.26	349.06	200.38	684.53					722.38	722.38	4.29	4.20	0	0				
07/12/2018	3.3.2	Gaze Project	O4	3	M	Bilingual	G130	06/09/2018	89100	1280 x 720		Raw Data	Ord4_T6_R.avi	190	0	900	720									81754	10:17:10.775	1536226404547364															0	6476		Fixation	8	770	653	1.49	11.35	21.87																				9809	955	670	960	653	957	661	767	661	383.15	20.29	385.37	27.13	384.26	23.71	304.94	200.02	694.31	349.14	200.44	684.68					722.39	722.39	4.26	4.16	0	0				
07/12/2018	3.3.2	Gaze Project	O4	3	M	Bilingual	G130	06/09/2018	89100	1280 x 720		Raw Data	Ord4_T6_R.avi	190	0	900	720									81762	10:17:10.783	1536226404555639															0	6477		Fixation	8	763	635	0.61	111.19	99.84																				9810	913	702	953	635	933	668	743	668	366.39	7.42	382.56	34.30	374.48	20.86	305.03	200.23	694.59	349.21	200.49	684.83					722.73	722.73	4.35	4.10	0	0				
07/12/2018	3.3.2	Gaze Project	O4	3	M	Bilingual	G130	06/09/2018	89100	1280 x 720		Raw Data	Ord4_T6_R.avi	190	0	900	720									81770	10:17:10.791	1536226404563980															0	6478		Fixation	8	727	704	2.48	242.52	131.33																				9811	929	688	917	704	923	696	733	696	372.82	12.77	368.25	6.42	370.54	9.59	305.10	200.29	694.77	349.29	200.60	685.13					722.92	722.92	4.30	4.18	0	0				
07/12/2018	3.3.2	Gaze Project	O4	3	M	Bilingual	G130	06/09/2018	89100	1280 x 720		Raw Data	Ord4_T6_R.avi	190	0	900	720									81779	10:17:10.800	1536226404572319															0	6479		Fixation	8	772	663	1.95	42.43	159.91																				9812	942	691	962	663	952	677	762	677	378.26	11.50	386.10	23.13	382.18	17.32	305.16	200.35	694.99	349.35	200.64	685.26					723.15	723.15	4.37	4.06	0	0				
07/12/2018	3.3.2	Gaze Project	O4	3	M	Bilingual	G130	06/09/2018	89100	1280 x 720		Raw Data	Ord4_T6_R.avi	190	0	900	720									81787	10:17:10.808	1536226404580680															0	6480		Fixation	8	724	678	1.63	197.41	154.98																				9813	909	674	914	678	911	676	721	676	365.00	18.62	366.75	16.85	365.87	17.73	305.22	200.41	695.18	349.41	200.71	685.45					723.35	723.35	4.39	4.26	0	0				
07/12/2018	3.3.2	Gaze Project	O4	3	M	Bilingual	G130	06/09/2018	89100	1280 x 720		Raw Data	Ord4_T6_R.avi	190	0	900	720									81795	10:17:10.816	1536226404589033															0	6481		Fixation	8	708	678	0.52	180.00	342.59																				9814	924	685	898	678	911	681	721	681	370.76	14.29	360.33	16.93	365.54	15.61	305.28	200.47	695.40	349.47	200.78	685.65					723.59	723.59	4.39	4.21	0	0				
07/12/2018	3.3.2	Gaze Project	O4	3	M	Bilingual	G130	06/09/2018	89100	1280 x 720		Raw Data	Ord4_T6_R.avi	190	0	900	720									81804	10:17:10.824	1536226404597294															0	6482		Fixation	8	751	691	1.45	343.13	163.13																				9815	917	681	941	691	929	686	739	686	367.89	15.62	377.87	11.63	372.88	13.62	305.33	200.54	695.62	349.51	200.86	685.84					723.83	723.83	4.24	4.19	0	0				
07/12/2018	3.3.2	Gaze Project	O4	3	M	Bilingual	G130	06/09/2018	89100	1280 x 720		Raw Data	Ord4_T6_R.avi	190	0	900	720									81812	10:17:10.833	1536226404605641															0	6483		Fixation	8	779	657	1.41	50.62	67.49																				9816	905	686	969	657	937	671	747	671	363.17	13.63	388.87	25.44	376.02	19.54	305.36	200.44	695.67	349.56	200.94	686.05					723.83	723.83	4.28	4.08	0	0				
07/12/2018	3.3.2	Gaze Project	O4	3	M	Bilingual	G130	06/09/2018	89100	1280 x 720		Raw Data	Ord4_T6_R.avi	190	0	900	720									81820	10:17:10.841	1536226404613991															0	6484		Fixation	8	822	640	1.50	21.63	331.02																				9817	1059	604	1012	640	1035	622	845	622	424.93	46.79	406.24	32.24	415.58	39.51	305.43	200.68	696.07	349.57	200.84	686.09					724.29	724.29	3.73	4.09	0	0				
07/12/2018	3.3.2	Gaze Project	O4	3	M	Bilingual	G130	06/09/2018	89100	1280 x 720		Raw Data	Ord4_T6_R.avi	190	0	900	720									81829	10:17:10.850	1536226404622349															0	6485		Fixation	8	784	681	1.80	227.27	205.63																				9818	933	666	974	681	953	673	763	673	374.35	21.74	390.92	15.73	382.63	18.73	305.46	200.75	696.31	349.63	201.08	686.38					724.55	724.55	4.26	4.09	0	0				
07/12/2018	3.3.2	Gaze Project	O4	3	M	Bilingual	G130	06/09/2018	89100	1280 x 720		Raw Data	Ord4_T6_R.avi	190	0	900	720									81837	10:17:10.858	1536226404630702															0	6486		Fixation	8	756	667	1.00	153.36	286.09																				9819	958	657	946	667	952	662	762	662	384.71	25.31	379.91	21.40	382.31	23.35	305.51	200.83	696.56	349.66	201.16	686.59					724.81	724.81	4.12	4.07	0	0				
07/12/2018	3.3.2	Gaze Project	O4	3	M	Bilingual	G130	06/09/2018	89100	1280 x 720		Raw Data	Ord4_T6_R.avi	190	0	900	720									81845	10:17:10.866	1536226404638962															0	6487		Fixation	8	784	611	2.00	63.51	270.15																				9820	952	600	974	611	963	605	773	605	382.24	48.36	391.00	44.07	386.62	46.21	305.54	200.89	696.75	349.68	201.24	686.79					725.01	725.01	3.97	3.99	0	0				
07/12/2018	3.3.2	Gaze Project	O4	3	M	Bilingual	G130	06/09/2018	89100	1280 x 720		Raw Data	Ord4_T6_R.avi	190	0	900	720									81854	10:17:10.874	1536226404647298															0	6488		Fixation	8	739	665	2.26	230.29	166.78																				9821	931	661	929	665	930	663	740	663	373.82	23.68	372.88	22.19	373.35	22.93	305.58	200.98	697.03	349.71	201.31	686.98					725.31	725.31	4.14	4.13	0	0				
07/12/2018	3.3.2	Gaze Project	O4	3	M	Bilingual	G130	06/09/2018	89100	1280 x 720		Raw Data	Ord4_T6_R.avi	190	0	900	720									81862	10:17:10.883	1536226404655661															0	6489		Fixation	8	815	671	2.46	355.47	125.19																				9822	924	667	1005	671	964	669	774	669	370.77	21.49	403.35	19.75	387.06	20.62	305.61	201.04	697.24	349.73	201.39	687.19					725.53	725.53	4.18	4.02	0	0				
07/12/2018	3.3.2	Gaze Project	O4	3	M	Bilingual	G130	06/09/2018	89100	1280 x 720		Raw Data	Ord4_T6_R.avi	190	0	900	720									81870	10:17:10.891	1536226404664015															0	6490		Fixation	8	724	667	2.94	177.48	182.00																				9823	914	655	914	667	914	661	724	661	366.92	26.24	366.98	21.44	366.95	23.84	305.64	201.11	697.49	349.75	201.45	687.35					725.79	725.79	4.16	4.22	0	0				
07/12/2018	3.3.2	Gaze Project	O4	3	M	Bilingual	G130	06/09/2018	89100	1280 x 720		Raw Data	Ord4_T6_R.avi	190	0	900	720									81879	10:17:10.899	1536226404672259															0	6491		Fixation	8	754	666	0.97	1.92	184.44																				9824	957	633	944	666	950	649	760	649	384.18	35.15	378.73	21.58	381.46	28.37	305.67	201.18	697.73	349.77	201.54	687.60					726.04	726.04	4.05	4.07	0	0				
07/12/2018	3.3.2	Gaze Project	O4	3	M	Bilingual	G130	06/09/2018	89100	1280 x 720		Raw Data	Ord4_T6_R.avi	190	0	900	720									81887	10:17:10.908	1536226404680632															0	6492		Fixation	8	689	710	2.49	214.18	212.27																				9825	963	625	879	710	921	667	731	667	386.39	38.15	352.85	3.90	369.62	21.03	305.70	201.26	697.98	350.82	205.79	700.10					726.30	726.30	4.01	4.40	0	0				
07/12/2018	3.3.2	Gaze Project	O4	3	M	Bilingual	G130	06/09/2018	89100	1280 x 720		Raw Data	Ord4_T6_R.avi	190	0	900	720									81895	10:17:10.916	1536226404688976															0	6493		Fixation	8	780	714	2.90	357.48	143.29																				9826	933	589	970	714	951	651	761	651	374.42	52.67	389.29	2.48	381.85	27.58	305.74	201.34	698.28	349.82	201.67	687.99					726.62	726.62	4.05	4.11	0	0				
07/12/2018	3.3.2	Gaze Project	O4	3	M	Bilingual	G130	06/09/2018	89100	1280 x 720		Raw Data	Ord4_T6_R.avi	190	0	900	720									81904	10:17:10.925	1536226404697329															0	6494		Fixation	8	704	686	2.58	159.72	162.24																				9827	932	672	894	686	913	679	723	679	373.97	19.34	358.67	13.84	366.32	16.59	305.78	201.39	698.51	349.86	201.77	688.30					726.85	726.85	4.15	4.36	0	0				
07/12/2018	3.3.2	Gaze Project	O4	3	M	Bilingual	G130	06/09/2018	89100	1280 x 720		Raw Data	Ord4_T6_R.avi	190	0	900	720									81912	10:17:10.933	1536226404705683															0	6495		Fixation	8			1.24	284.34	124.62																				9828	952	711	904	725	928	718	738	718	382.27	3.71	363.01	-1.91	372.64	0.90	306.01	204.99	709.39	350.64	204.91	697.68					738.30	738.30	4.23	4.55	0	0				
07/12/2018	3.3.2	Gaze Project	O4	3	M	Bilingual	G130	06/09/2018	89100	1280 x 720		Raw Data	Ord4_T6_R.avi	190	0	900	720									81920	10:17:10.941	1536226404713950															0	6496		Fixation	8	710	696	0.89	97.83	173.49																				9829	919	727	900	696	909	711	719	711	368.94	-2.71	361.39	9.75	365.17	3.52	306.66	203.96	705.73	350.72	205.15	698.41					734.56	734.56	4.24	4.42	0	0				
07/12/2018	3.3.2	Gaze Project	O4	3	M	Bilingual	G130	06/09/2018	89100	1280 x 720		Raw Data	Ord4_T6_R.avi	190	0	900	720									81929	10:17:10.949	1536226404722304															0	6497		Fixation	8	725	704	0.54	331.85	234.02																				9830	941	691	915	704	928	697	738	697	377.76	11.69	367.20	6.56	372.48	9.12	305.89	201.54	699.21	349.94	201.90	688.86					727.57	727.57	4.18	4.26	0	0				
07/12/2018	3.3.2	Gaze Project	O4	3	M	Bilingual	G130	06/09/2018	89100	1280 x 720		Raw Data	Ord4_T6_R.avi	190	0	900	720									81937	10:17:10.958	1536226404730644															0	6498		Fixation	8	738	686	0.70	54.25	82.40																				9831	959	683	928	686	943	684	753	684	384.86	14.78	372.55	13.53	378.70	14.15	305.93	201.58	699.45	350.79	205.19	698.69					727.81	727.81	3.98	4.16	0	0				
07/12/2018	3.3.2	Gaze Project	O4	3	M	Bilingual	G130	06/09/2018	89100	1280 x 720		Raw Data	Ord4_T6_R.avi	190	0	900	720									81945	10:17:10.966	1536226404738995															0	6499		Fixation	8	706	644	1.65	127.22	72.97																				9832	952	707	896	644	924	675	734	675	381.97	5.04	359.55	30.63	370.76	17.83	305.98	201.62	699.68	350.76	204.92	698.03					728.04	728.04	4.03	4.19	0	0				
07/12/2018	3.3.2	Gaze Project	O4	3	M	Bilingual	G130	06/09/2018	89100	1280 x 720		Raw Data	Ord4_T6_R.avi	190	0	900	720									81954	10:17:10.975	1536226404747358															0	6500		Fixation	8	692	666	0.82	237.61	110.40																				9833	967	705	882	666	924	685	734	685	388.04	6.10	354.05	21.60	371.05	13.85	306.03	201.67	699.97	350.86	205.20	698.93					728.34	728.34	4.01	4.17	0	0				
07/12/2018	3.3.2	Gaze Project	O4	3	M	Bilingual	G130	06/09/2018	89100	1280 x 720		Raw Data	Ord4_T6_R.avi	190	0	900	720									81962	10:17:10.983	1536226404755615															0	6501		Fixation	8	725	684	1.19	331.31	93.70																				9834	950	685	915	684	932	684	742	684	381.42	14.09	367.22	14.38	374.32	14.23	306.08	201.67	700.09	350.12	202.03	689.65					728.46	728.46	4.11	4.21	0	0				
07/12/2018	3.3.2	Gaze Project	O4	3	M	Bilingual	G130	06/09/2018	89100	1280 x 720		Raw Data	Ord4_T6_R.avi	190	0	900	720									81970	10:17:10.991	1536226404763945															0	6502		Fixation	8	713	678	0.43	153.36	182.05																				9835	941	686	903	678	922	682	732	682	377.65	13.79	362.66	17.00	370.16	15.40	306.10	201.75	700.06	350.16	201.88	689.71					728.46	728.46	4.21	4.05	0	0				
07/12/2018	3.3.2	Gaze Project	O4	3	M	Bilingual	G130	06/09/2018	89100	1280 x 720		Raw Data	Ord4_T6_R.avi	190	0	900	720									81979	10:17:10.999	1536226404772313															0	6503		Fixation	8	724	647	1.03	70.52	277.16																				9836	951	702	914	647	932	674	742	674	381.71	7.20	366.82	29.56	374.27	18.38	306.19	201.46	700.18	351.11	205.60	700.48					728.48	728.48	3.94	4.17	0	0				
07/12/2018	3.3.2	Gaze Project	O4	3	M	Bilingual	G130	06/09/2018	89100	1280 x 720		Raw Data	Ord4_T6_R.avi	190	0	900	720									81987	10:17:11.008	1536226404780665															0	6504		Fixation	8	712	695	1.54	256.01	185.49																				9837	979	701	902	695	940	698	750	698	392.99	7.49	361.99	10.22	377.49	8.85	306.23	201.41	700.20	350.29	202.07	690.19					728.48	728.48	3.92	4.22	0	0				
07/12/2018	3.3.2	Gaze Project	O4	3	M	Bilingual	G130	06/09/2018	89100	1280 x 720		Raw Data	Ord4_T6_R.avi	190	0	900	720									81995	10:17:11.016	1536226404788934															0	6505		Fixation	8	785	655	2.67	28.80	132.79																				9838	1005	680	975	655	990	667	800	667	403.58	16.20	391.36	26.16	397.47	21.18	306.33	201.72	700.89	350.34	201.91	690.25					729.25	729.25	3.88	3.91	0	0				
07/12/2018	3.3.2	Gaze Project	O4	3	M	Bilingual	G130	06/09/2018	89100	1280 x 720		Raw Data	Ord4_T6_R.avi	190	0	900	720									82004	10:17:11.024	1536226404797269															0	6506		Fixation	8	773	683	0.96	246.87	218.07																				9839	949	670	963	683	956	676	766	676	380.76	19.99	386.61	15.02	383.68	17.50	306.41	201.70	700.98	350.44	202.11	690.62					729.32	729.32	4.11	4.05	0	0				
07/12/2018	3.3.2	Gaze Project	O4	3	M	Bilingual	G130	06/09/2018	89100	1280 x 720		Raw Data	Ord4_T6_R.avi	190	0	900	720									82012	10:17:11.033	1536226404805620															0	6507		Fixation	8	780	672	0.41	57.61	170.74																				9840	951	667	970	672	960	669	770	669	381.68	21.49	389.23	19.34	385.46	20.42	306.46	201.55	701.04	350.51	202.09	690.71					729.34	729.34	3.89	4.14	0	0				
07/12/2018	3.3.2	Gaze Project	O4	3	M	Bilingual	G130	06/09/2018	89100	1280 x 720		Raw Data	Ord4_T6_R.avi	190	0	900	720									82020	10:17:11.041	1536226404813969															0	6508		Fixation	8	766	690	0.72	232.21	174.60																				9841	952	669	956	690	954	679	764	679	382.08	20.35	383.63	12.09	382.85	16.22	306.77	205.17	711.71	351.61	206.24	703.12					740.60	740.60	4.10	4.11	0	0				
07/12/2018	3.3.2	Gaze Project	O4	3	M	Bilingual	G130	06/09/2018	89100	1280 x 720		Raw Data	Ord4_T6_R.avi	190	0	900	720									82029	10:17:11.050	1536226404822331															0	6509		Fixation	8	689	703	2.48	189.61	317.40																				9842	940	678	879	703	909	690	719	690	377.51	17.08	353.03	6.94	365.27	12.01	306.62	201.70	701.37	350.67	202.10	691.04					729.71	729.71	4.10	4.20	0	0				
07/12/2018	3.3.2	Gaze Project	O4	3	M	Bilingual	G130	06/09/2018	89100	1280 x 720		Raw Data	Ord4_T6_R.avi	190	0	900	720									82037	10:17:11.058	1536226404830600															0	6510		Fixation	8	747	566	4.71	67.12	237.51																				9843	956	678	937	566	946	622	756	622	383.79	16.88	376.11	61.98	379.95	39.43	306.70	201.73	701.56	350.77	202.15	691.32					729.91	729.91	4.06	3.80	0	0				
07/12/2018	3.3.2	Gaze Project	O4	3	M	Bilingual	G130	06/09/2018	89100	1280 x 720		Raw Data	Ord4_T6_R.avi	190	0	900	720									82045	10:17:11.066	1536226404838930															0	6511		Fixation	8	777	682	3.78	284.46	217.34																				9844	930	649	967	682	948	665	758	665	373.38	28.71	388.16	15.24	380.77	21.97	306.79	201.78	701.75	350.83	202.11	691.29					730.11	730.11	4.03	4.13	0	0				
07/12/2018	3.3.2	Gaze Project	O4	3	M	Bilingual	G130	06/09/2018	89100	1280 x 720		Raw Data	Ord4_T6_R.avi	190	0	900	720									82054	10:17:11.074	1536226404847292															0	6512		Fixation	8	763	667	0.64	132.93	208.48																				9845	966	645	953	667	959	656	769	656	387.70	30.22	382.49	21.22	385.10	25.72	306.87	201.78	701.81	350.93	202.14	691.47					730.17	730.17	3.86	4.03	0	0				
07/12/2018	3.3.2	Gaze Project	O4	3	M	Bilingual	G130	06/09/2018	89100	1280 x 720		Raw Data	Ord4_T6_R.avi	190	0	900	720									82062	10:17:11.083	1536226404855650															0	6513		Fixation	8	759	681	0.46	254.10	121.17																				9846	958	610	949	681	953	645	763	645	384.64	44.34	380.91	15.82	382.77	30.08	306.95	201.83	701.96	351.02	202.18	691.61					730.33	730.33	3.72	4.13	0	0				
07/12/2018	3.3.2	Gaze Project	O4	3	M	Bilingual	G130	06/09/2018	89100	1280 x 720		Raw Data	Ord4_T6_R.avi	190	0	900	720									82070	10:17:11.091	1536226404863928															0	6514		Fixation	8	730	690	0.97	197.29	303.19																				9847	954	676	920	690	937	683	747	683	382.75	17.65	369.44	12.02	376.09	14.83	307.04	201.87	702.07	351.10	202.19	691.68					730.45	730.45	4.07	4.22	0	0				
07/12/2018	3.3.2	Gaze Project	O4	3	M	Bilingual	G130	06/09/2018	89100	1280 x 720		Raw Data	Ord4_T6_R.avi	190	0	900	720									82079	10:17:11.099	1536226404872268															0	6515		Fixation	8	731	674	0.50	86.43	249.14																				9848	931	689	921	674	926	681	736	681	373.74	12.69	369.79	18.53	371.77	15.61	307.12	201.90	702.12	351.19	202.24	691.84					730.52	730.52	4.13	4.09	0	0				
07/12/2018	3.3.2	Gaze Project	O4	3	M	Bilingual	G130	06/09/2018	89100	1280 x 720		Raw Data	Ord4_T6_R.avi	190	0	900	720									82087	10:17:11.108	1536226404880608															0	6516		Fixation	8	793	670	1.99	3.70	277.27																				9849	909	694	983	670	946	682	756	682	364.91	10.27	394.76	20.20	379.83	15.24	307.42	205.34	712.47	351.28	202.28	691.96					741.42	741.42	4.10	3.93	0	0				
07/12/2018	3.3.2	Gaze Project	O4	3	M	Bilingual	G130	06/09/2018	89100	1280 x 720		Raw Data	Ord4_T6_R.avi	190	0	900	720									82095	10:17:11.116	1536226404888968															0	6517		Fixation	8	770	661	0.79	158.57	154.86																				9850	940	680	960	661	950	670	760	670	377.31	16.28	385.26	23.79	381.28	20.04	307.29	201.97	702.22	351.38	202.34	692.10					730.64	730.64	4.03	3.94	0	0				
07/12/2018	3.3.2	Gaze Project	O4	3	M	Bilingual	G130	06/09/2018	89100	1280 x 720		Raw Data	Ord4_T6_R.avi	190	0	900	720									82104	10:17:11.125	1536226404897319															0	6518		Fixation	8	755	632	1.02	117.27	318.71																				9851	932	667	945	632	938	649	748	649	374.13	21.23	379.46	35.26	376.80	28.25	307.38	202.05	702.39	352.42	206.17	703.43					730.84	730.84	3.96	4.10	0	0				
07/12/2018	3.3.2	Gaze Project	O4	3	M	Bilingual	G130	06/09/2018	89100	1280 x 720		Raw Data	Ord4_T6_R.avi	190	0	900	720									82112	10:17:11.133	1536226404905585															0	6519		Fixation	8	729	555	2.56	108.60	351.33																				9852	931	624	919	555	925	589	735	589	373.71	38.46	368.89	66.28	371.30	52.37	307.47	202.14	702.57	351.57	202.44	692.34					731.04	731.04	3.85	3.83	0	0				
07/12/2018	3.3.2	Gaze Project	O4	3	M	Bilingual	G130	06/09/2018	89100	1280 x 720		Raw Data	Ord4_T6_R.avi	190	0	900	720									82120	10:17:11.141	1536226404913938															0	6520		Fixation	8	753	606	1.80	295.13	186.53																				9853	929	679	943	606	936	642	746	642	372.95	16.49	378.57	45.91	375.76	31.20	307.56	202.17	702.55	351.65	202.45	692.36					731.04	731.04	4.08	3.90	0	0				
07/12/2018	3.3.2	Gaze Project	O4	3	M	Bilingual	G130	06/09/2018	89100	1280 x 720		Raw Data	Ord4_T6_R.avi	190	0	900	720									82129	10:17:11.149	1536226404922274															0	6521		Fixation	8	743	676	2.22	261.90	326.77																				9854	922	639	933	676	927	657	737	657	370.21	32.54	374.62	17.65	372.42	25.10	307.64	202.23	702.60	351.74	202.50	692.47					731.12	731.12	4.01	4.21	0	0				
07/12/2018	3.3.2	Gaze Project	O4	3	M	Bilingual	G130	06/09/2018	89100	1280 x 720		Raw Data	Ord4_T6_R.avi	190	0	900	720									82137	10:17:11.158	1536226404930631															0	6522		Fixation	8	728	659	0.71	131.33	229.44																				9855	954	593	918	659	936	626	746	626	382.76	51.33	368.42	24.44	375.59	37.89	307.72	202.27	702.62	351.83	202.41	692.51					731.15	731.15	3.90	3.97	0	0				
07/12/2018	3.3.2	Gaze Project	O4	3	M	Bilingual	G130	06/09/2018	89100	1280 x 720		Raw Data	Ord4_T6_R.avi	190	0	900	720									82145	10:17:11.166	1536226404938987															0	6523		Fixation	8	730	646	0.41	81.28	309.95																				9856	938	683	920	646	929	664	739	664	376.49	14.71	369.43	29.77	372.96	22.24	307.81	202.34	702.68	351.91	202.42	692.51					731.24	731.24	4.08	3.91	0	0				
07/12/2018	3.3.2	Gaze Project	O4	3	M	Bilingual	G130	06/09/2018	89100	1280 x 720		Raw Data	Ord4_T6_R.avi	190	0	900	720									82154	10:17:11.174	1536226404947254															0	6524		Fixation	8	733	677	0.97	275.51	194.23																				9857	956	704	923	677	939	690	749	690	383.93	6.53	370.55	17.33	377.24	11.93	308.15	206.33	714.53	352.03	202.64	692.73					743.73	743.73	4.17	4.01	0	0				
07/12/2018	3.3.2	Gaze Project	O4	3	M	Bilingual	G130	06/09/2018	89100	1280 x 720		Raw Data	Ord4_T6_R.avi	190	0	900	720									82162	10:17:11.183	1536226404955585															0			Unclassified	8																									9858	940	678			940	678	750	678	377.18	16.99					307.99	202.45	702.78		-34.01						731.38		3.97		0	4				
07/12/2018	3.3.2	Gaze Project	O4	3	M	Bilingual	G130	06/09/2018	89100	1280 x 720		Raw Data	Ord4_T6_R.avi	190	0	900	720									82170	10:17:11.191	1536226404963937															0	6525		Fixation	8	792	705	2.06	334.54	59.03																				9859	936	645	982	705	959	675	769	675	375.66	30.27	393.99	6.21	384.83	18.24	308.07	202.51	702.84	352.23	202.76	693.02					731.46	731.46	3.94	4.31	0	0				
07/12/2018	3.3.2	Gaze Project	O4	3	M	Bilingual	G130	06/09/2018	89100	1280 x 720		Raw Data	Ord4_T6_R.avi	190	0	900	720									82179	10:17:11.199	1536226404972290															0	6526		Fixation	8	779	698	0.46	151.62	177.08																				9860	927	673	969	698	948	685	758	685	372.14	19.05	389.00	9.04	380.57	14.04	309.57	206.64	714.31	352.31	202.74	692.92					743.73	743.73	4.24	3.99	0	0				
07/12/2018	3.3.2	Gaze Project	O4	3	M	Bilingual	G130	06/09/2018	89100	1280 x 720		Raw Data	Ord4_T6_R.avi	190	0	900	720									82187	10:17:11.208	1536226404980558															0	6527		Fixation	8	791	695	0.39	14.08	222.46																				9861	944	692	981	695	962	693	772	693	379.02	11.20	393.66	9.99	386.34	10.60	308.26	202.61	702.89	352.43	202.82	693.10					731.55	731.55	3.99	4.05	0	0				
07/12/2018	3.3.2	Gaze Project	O4	3	M	Bilingual	G130	06/09/2018	89100	1280 x 720		Raw Data	Ord4_T6_R.avi	190	0	900	720									82195	10:17:11.216	1536226404988917															0	6528		Fixation	8	800	712	0.59	297.82	283.74																				9862	925	694	990	712	957	703	767	703	371.46	10.35	397.55	3.04	384.50	6.69	308.36	202.69	703.01	352.52	202.80	693.02					731.69	731.69	4.27	4.10	0	0				
07/12/2018	3.3.2	Gaze Project	O4	3	M	Bilingual	G130	06/09/2018	89100	1280 x 720		Raw Data	Ord4_T6_R.avi	190	0	900	720									82204	10:17:11.224	1536226404997250															0	6529		Fixation	8	784	711	0.51	176.41	238.59																				9863	951	691	974	711	962	701	772	701	381.83	11.77	391.11	3.50	386.47	7.63	308.45	202.64	702.74	352.65	202.87	693.18					731.43	731.43	4.16	4.11	0	0				
07/12/2018	3.3.2	Gaze Project	O4	3	M	Bilingual	G130	06/09/2018	89100	1280 x 720		Raw Data	Ord4_T6_R.avi	190	0	900	720									82212	10:17:11.233	1536226405005611															0	6530		Fixation	8	752	699	1.08	159.38	342.97																				9864	941	692	942	699	941	695	751	695	377.53	11.19	378.15	8.27	377.84	9.73	308.56	202.73	702.91	352.76	202.86	693.14					731.63	731.63	4.19	4.08	0	0				
07/12/2018	3.3.2	Gaze Project	O4	3	M	Bilingual	G130	06/09/2018	89100	1280 x 720		Raw Data	Ord4_T6_R.avi	190	0	900	720									82220	10:17:11.241	1536226405013969															0	6531		Fixation	8	738	686	0.60	137.03	337.65																				9865	943	670	928	686	935	678	745	678	378.39	20.11	372.64	13.55	375.52	16.83	309.51	205.20	709.58	352.88	202.85	693.13					738.79	738.79	4.16	4.29	0	0				
07/12/2018	3.3.2	Gaze Project	O4	3	M	Bilingual	G130	06/09/2018	89100	1280 x 720		Raw Data	Ord4_T6_R.avi	190	0	900	720									82229	10:17:11.249	1536226405022240															0	6532		Fixation	8	704	694	1.12	193.28	56.25																				9866	935	706	894	694	914	700	724	700	375.29	5.58	358.87	10.31	367.08	7.95	309.01	205.78	711.93	353.04	202.92	693.34					741.16	741.16	4.08	4.09	0	0				
07/12/2018	3.3.2	Gaze Project	O4	3	M	Bilingual	G130	06/09/2018	89100	1280 x 720		Raw Data	Ord4_T6_R.avi	190	0	900	720									82237	10:17:11.258	1536226405030590															0	6533		Fixation	8	729	695	0.80	357.70	164.42																				9867	922	692	919	695	920	693	730	693	370.09	11.47	369.04	10.25	369.57	10.86	308.93	202.78	702.77	353.18	202.89	693.29					731.54	731.54	4.08	4.06	0	0				
07/12/2018	3.3.2	Gaze Project	O4	3	M	Bilingual	G130	06/09/2018	89100	1280 x 720		Raw Data	Ord4_T6_R.avi	190	0	900	720									82245	10:17:11.266	1536226405038926															0	6534		Fixation	8	774	662	1.77	36.34	38.64																				9868	918	702	964	662	941	682	751	682	368.42	7.07	386.79	23.49	377.61	15.28	309.08	202.85	702.87	353.34	202.89	693.32					731.67	731.67	4.07	3.88	0	0				
07/12/2018	3.3.2	Gaze Project	O4	3	M	Bilingual	G130	06/09/2018	89100	1280 x 720		Raw Data	Ord4_T6_R.avi	190	0	900	720									82254	10:17:11.274	1536226405047289															0	6535		Fixation	8	743	692	1.37	224.15	187.81																				9869	925	673	933	692	929	682	739	682	371.32	19.02	374.66	11.48	372.99	15.25	309.44	205.81	711.70	353.51	202.86	693.30					740.98	740.98	4.05	4.00	0	0				
07/12/2018	3.3.2	Gaze Project	O4	3	M	Bilingual	G130	06/09/2018	89100	1280 x 720		Raw Data	Ord4_T6_R.avi	190	0	900	720									82262	10:17:11.283	1536226405055637															0	6536		Fixation	8	772	697	0.94	350.19	126.03																				9870	973	642	962	697	967	669	777	669	390.51	31.40	385.96	9.30	388.24	20.35	309.39	202.83	702.55	353.72	202.89	693.43					731.38	731.38	3.64	4.03	0	0				
07/12/2018	3.3.2	Gaze Project	O4	3	M	Bilingual	G130	06/09/2018	89100	1280 x 720		Raw Data	Ord4_T6_R.avi	190	0	900	720									82270	10:17:11.291	1536226405063893															0	6537		Fixation	8	732	695	1.28	177.13	186.94																				9871	948	686	922	695	935	690	745	690	380.69	13.88	370.26	9.91	375.47	11.90	309.58	202.83	702.43	353.95	202.89	693.49					731.29	731.29	3.88	4.04	0	0				
07/12/2018	3.3.2	Gaze Project	O4	3	M	Bilingual	G130	06/09/2018	89100	1280 x 720		Raw Data	Ord4_T6_R.avi	190	0	900	720									82279	10:17:11.299	1536226405072240															0	6538		Fixation	8	745	700	0.44	338.90	161.77																				9872	968	729	935	700	951	714	761	714	388.68	-3.81	375.22	8.13	381.95	2.16	309.79	202.89	702.40	354.17	202.98	693.45					731.29	731.29	3.90	4.12	0	0				
07/12/2018	3.3.2	Gaze Project	O4	3	M	Bilingual	G130	06/09/2018	89100	1280 x 720		Raw Data	Ord4_T6_R.avi	190	0	900	720									82287	10:17:11.308	1536226405080595															0	6539		Fixation	8			1.45	220.69	241.79																				9873	938	725	900	730	919	727			376.60	-1.83	361.30	-4.07	368.95	-2.95	310.01	202.88	702.16	354.44	202.83	693.47					731.08	731.08	3.89	4.14	0	0				
07/12/2018	3.3.2	Gaze Project	O4	3	M	Bilingual	G130	06/09/2018	89100	1280 x 720		Raw Data	Ord4_T6_R.avi	190	0	900	720									82295	10:17:11.316	1536226405088957															0	6540		Fixation	8	747	674	2.08	56.63	195.94																				9874	958	704	937	674	947	689	757	689	384.62	6.57	376.02	18.34	380.32	12.45	310.28	202.93	702.05	355.60	206.00	702.97					731.01	731.01	3.84	3.95	0	0				
07/12/2018	3.3.2	Gaze Project	O4	3	M	Bilingual	G130	06/09/2018	89100	1280 x 720		Raw Data	Ord4_T6_R.avi	190	0	900	720									82304	10:17:11.324	1536226405097221															0	6541		Fixation	8	769	672	0.70	5.21	308.58																				9875	954	723	959	672	956	697	766	697	382.87	-1.12	384.90	19.20	383.89	9.04	310.56	202.95	701.81	355.92	205.93	702.83					730.81	730.81	3.92	3.82	0	0				
07/12/2018	3.3.2	Gaze Project	O4	3	M	Bilingual	G130	06/09/2018	89100	1280 x 720		Raw Data	Ord4_T6_R.avi	190	0	900	720									82312	10:17:11.333	1536226405105569															0	6542		Fixation	8	742	692	1.06	216.62	211.41																				9876	938	705	932	692	935	698	745	698	376.61	6.15	373.96	11.11	375.29	8.63	310.88	202.99	701.56	355.47	202.84	693.67					730.61	730.61	3.89	4.02	0	0				
07/12/2018	3.3.2	Gaze Project	O4	3	M	Bilingual	G130	06/09/2018	89100	1280 x 720		Raw Data	Ord4_T6_R.avi	190	0	900	720									82320	10:17:11.341	1536226405113913															0	6543		Fixation	8	735	668	0.77	106.21	249.59																				9877	984	670	925	668	954	669	764	669	395.12	20.32	371.11	20.84	383.12	20.58	311.25	203.02	701.28	356.60	205.43	701.55					730.38	730.38	3.71	3.86	0	0				
07/12/2018	3.3.2	Gaze Project	O4	3	M	Bilingual	G130	06/09/2018	89100	1280 x 720		Raw Data	Ord4_T6_R.avi	190	0	900	720									82329	10:17:11.349	1536226405122251															0	6544		Fixation	8	753	680	0.68	326.22	220.01																				9878	1003	720	943	680	973	700	783	700	402.54	0.07	378.44	16.05	390.49	8.06	311.90	206.03	709.90	357.22	206.02	703.31					739.54	739.54	3.78	3.85	0	0				
07/12/2018	3.3.2	Gaze Project	O4	3	M	Bilingual	G130	06/09/2018	89100	1280 x 720		Raw Data	Ord4_T6_R.avi	190	0	900	720									82337	10:17:11.358	1536226405130623															0	6545		Fixation	8	721	697	1.14	208.06	241.83																				9879	947	742	911	697	929	719	739	719	380.23	-8.89	365.65	9.29	372.94	0.20	312.09	203.10	700.64	357.56	205.37	701.46					729.87	729.87	3.82	3.87	0	0				
07/12/2018	3.3.2	Gaze Project	O4	3	M	Bilingual	G130	06/09/2018	89100	1280 x 720		Raw Data	Ord4_T6_R.avi	190	0	900	720									82345	10:17:11.366	1536226405138891															0	6546		Fixation	8	724	697	0.09	0.00	151.94																				9880			914	697	914	697	724	697			366.84	9.34						358.24	205.88	702.97						0.00		4.05	4	0				
07/12/2018	3.3.2	Gaze Project	O4	3	M	Bilingual	G130	06/09/2018	89100	1280 x 720		Raw Data	Ord4_T6_R.avi	190	0	900	720									82354	10:17:11.374	1536226405147233															0	6547		Fixation	8	765	688	1.33	12.42	12.42																				9881	951	719	955	688	953	703	763	703	381.84	0.23	383.53	13.06	382.68	6.64	314.02	205.75	706.80	358.00	202.90	694.09					736.69	736.69	4.03	4.00	0	0				
07/12/2018	3.3.2	Gaze Project	O4	3	M	Bilingual	G130	06/09/2018	89100	1280 x 720		Raw Data	Ord4_T6_R.avi	190	0	900	720									82362	10:17:11.383	1536226405155576															0	6548		Fixation	8	720	699	1.48	193.78	181.36																				9882	980	735	910	699	945	717	755	717	393.36	-5.96	365.09	8.37	379.22	1.21	313.96	206.09	707.98	358.64	202.94	694.22					737.91	737.91	4.03	3.98	0	0				
07/12/2018	3.3.2	Gaze Project	O4	3	M	Bilingual	G130	06/09/2018	89100	1280 x 720		Raw Data	Ord4_T6_R.avi	190	0	900	720									82370	10:17:11.391	1536226405163935															0	6549		Fixation	8	774	670	1.95	28.31	194.54																				9883			964	670	964	670	774	670			386.89	20.28						359.31	202.83	694.27						0.00		3.84	4	0				
07/12/2018	3.3.2	Gaze Project	O4	3	M	Bilingual	G130	06/09/2018	89100	1280 x 720		Raw Data	Ord4_T6_R.avi	190	0	900	720									82379	10:17:11.399	1536226405172295															0	6550		Fixation	8	738	688	1.28	206.64	178.32																				9884	973	749	928	688	950	718	760	718	390.70	-11.73	372.64	12.87	381.67	0.57	315.25	206.06	706.69	360.03	203.01	694.43					736.77	736.77	3.78	4.01	0	0				
07/12/2018	3.3.2	Gaze Project	O4	3	M	Bilingual	G130	06/09/2018	89100	1280 x 720		Raw Data	Ord4_T6_R.avi	190	0	900	720									82387	10:17:11.408	1536226405180556															0	6551		Fixation	8	746	692	0.28	333.36	126.72																				9885	949	734	936	692	942	713	752	713	381.04	-5.72	375.65	11.24	378.35	2.76	316.40	205.43	703.47	361.58	205.76	702.69					733.63	733.63	4.13	3.89	0	0				
07/12/2018	3.3.2	Gaze Project	O4	3	M	Bilingual	G130	06/09/2018	89100	1280 x 720		Raw Data	Ord4_T6_R.avi	190	0	900	720									82395	10:17:11.416	1536226405188891															0	6552		Fixation	8	747	676	0.49	86.44	113.07																				9886	1015	751	937	676	976	713	786	713	407.53	-12.56	376.07	17.80	391.80	2.62	316.73	206.47	706.57	362.40	205.94	703.20					736.91	736.91	3.76	3.95	0	0				
07/12/2018	3.3.2	Gaze Project	O4	3	M	Bilingual	G130	06/09/2018	89100	1280 x 720		Raw Data	Ord4_T6_R.avi	190	0	900	720									82404	10:17:11.424	1536226405197250															0	6553		Fixation	8	755	688	0.44	303.60	217.17																				9887	943	712	945	688	944	700	754	700	378.53	3.23	379.42	12.75	378.97	7.99	317.52	206.64	706.43	363.32	206.38	704.47					736.90	736.90	3.71	3.97	0	0				
07/12/2018	3.3.2	Gaze Project	O4	3	M	Bilingual	G130	06/09/2018	89100	1280 x 720		Raw Data	Ord4_T6_R.avi	190	0	900	720									82412	10:17:11.433	1536226405205608															0	6554		Fixation	8	767	688	0.38	0.00	56.40																				9888	950	719	957	688	953	703	763	703	381.41	0.33	383.96	12.88	382.68	6.61	318.32	206.72	705.95	364.04	206.09	703.69					736.55	736.55	3.83	3.96	0	0				
07/12/2018	3.3.2	Gaze Project	O4	3	M	Bilingual	G130	06/09/2018	89100	1280 x 720		Raw Data	Ord4_T6_R.avi	190	0	900	720									82420	10:17:11.441	1536226405213880															0	6555		Fixation	8	717	718	1.82	211.05	211.05																				9889	935	681	907	718	921	699	731	699	375.51	15.61	364.15	0.87	369.83	8.24	318.79	203.72	696.31	364.94	206.36	704.45					726.53	726.53	3.79	4.01	0	0				
07/12/2018	3.3.2	Gaze Project	O4	3	M	Bilingual	G130	06/09/2018	89100	1280 x 720		Raw Data	Ord4_T6_R.avi	190	0	900	720									82429	10:17:11.449	1536226405222216															0	6556		Fixation	8	729	694	0.82	63.51	212.46																				9890	966	710	919	694	942	702	752	702	387.80	3.88	368.80	10.52	378.30	7.20	319.62	203.81	695.86	365.67	206.09	703.72					726.20	726.20	3.78	4.02	0	0				
07/12/2018	3.3.2	Gaze Project	O4	3	M	Bilingual	G130	06/09/2018	89100	1280 x 720		Raw Data	Ord4_T6_R.avi	190	0	900	720									82437	10:17:11.458	1536226405230557															0	6557		Fixation	8	766	702	1.19	347.76	284.25																				9891	960	719	956	702	958	710	768	710	385.20	0.51	383.62	7.06	384.41	3.79	320.85	207.20	705.20	366.54	206.28	704.26					736.21	736.21	3.70	3.97	0	0				
07/12/2018	3.3.2	Gaze Project	O4	3	M	Bilingual	G130	06/09/2018	89100	1280 x 720		Raw Data	Ord4_T6_R.avi	190	0	900	720									82445	10:17:11.466	1536226405238905															0	6558		Fixation	8	722	699	1.39	176.09	188.33																				9892	940	736	912	699	926	717	736	717	377.21	-6.36	366.16	8.44	371.69	1.04	321.28	204.00	695.01	367.31	206.15	703.92					725.62	725.62	3.89	4.05	0	0				
07/12/2018	3.3.2	Gaze Project	O4	3	M	Bilingual	G130	06/09/2018	89100	1280 x 720		Raw Data	Ord4_T6_R.avi	190	0	900	720									82454	10:17:11.474	1536226405247273															0	6559		Fixation	8	727	708	0.31	298.98	122.89																				9893	957	743	917	708	937	725			383.98	-9.13	368.24	4.63	376.11	-2.25	322.10	204.08	694.57	368.28	206.76	705.68					725.30	725.30	3.79	4.09	0	0				
07/12/2018	3.3.2	Gaze Project	O4	3	M	Bilingual	G130	06/09/2018	89100	1280 x 720		Raw Data	Ord4_T6_R.avi	190	0	900	720									82462	10:17:11.483	1536226405255530															0	6560		Fixation	8	735	709	0.25	352.85	53.88																				9894	935	693	925	709	930	701	740	701	375.24	11.04	371.24	4.28	373.24	7.66	322.93	204.18	694.21	369.23	207.38	707.45					725.07	725.07	4.12	4.09	0	0				
07/12/2018	3.3.2	Gaze Project	O4	3	M	Bilingual	G130	06/09/2018	89100	1280 x 720		Raw Data	Ord4_T6_R.avi	190	0	900	720									82470	10:17:11.491	1536226405263876															0			Unclassified	8																									9895																			-34.01										4	4				
07/12/2018	3.3.2	Gaze Project	O4	3	M	Bilingual	G130	06/09/2018	89100	1280 x 720		Raw Data	Ord4_T6_R.avi	190	0	900	720									82479	10:17:11.499	1536226405272229															0	6561		Fixation	8			0.90	295.64	302.79																				9896	961	713	938	736	949	724			385.92	2.89	376.45	-6.32	381.18	-1.71	325.11	206.06	697.86	370.91	208.24	709.81					729.32	729.32	3.68	4.27	0	0				
07/12/2018	3.3.2	Gaze Project	O4	3	M	Bilingual	G130	06/09/2018	89100	1280 x 720		Raw Data	Ord4_T6_R.avi	190	0	900	720									82487	10:17:11.508	1536226405280587															0	6562		Fixation	8	722	673	2.06	112.36	176.72																				9897	919	703	912	673	915	688	725	688	369.09	7.01	366.12	19.08	367.60	13.04	325.19	204.55	693.33	371.73	208.78	711.30					724.57	724.57	3.98	4.36	0	0				
07/12/2018	3.3.2	Gaze Project	O4	3	M	Bilingual	G130	06/09/2018	89100	1280 x 720		Raw Data	Ord4_T6_R.avi	190	0	900	720									82495	10:17:11.516	1536226405288943															0			Unclassified	8																									9898	950	703			950	703	760	703	381.22	6.93					325.86	204.65	693.01		-34.01						724.37		4.07		0	4				
07/12/2018	3.3.2	Gaze Project	O4	3	M	Bilingual	G130	06/09/2018	89100	1280 x 720		Raw Data	Ord4_T6_R.avi	190	0	900	720									82504	10:17:11.524	1536226405297207															0	6563		Fixation	8	754	697	1.24	323.04	210.68																				9899	935	739	944	697	939	718	749	718	375.13	-7.53	379.07	9.26	377.10	0.86	326.46	204.73	692.97	372.53	207.72	708.00					724.42	724.42	4.19	4.23	0	0				
07/12/2018	3.3.2	Gaze Project	O4	3	M	Bilingual	G130	06/09/2018	89100	1280 x 720		Raw Data	Ord4_T6_R.avi	190	0	900	720									82512	10:17:11.533	1536226405305542															0	6564		Fixation	8	768	701	0.45	344.01	20.96																				9900	936	709	958	701	947	705	757	705	375.69	4.57	384.39	7.84	380.04	6.21	327.04	204.90	692.90	373.10	207.96	708.55					724.46	724.46	3.99	4.25	0	0				
07/12/2018	3.3.2	Gaze Project	O4	3	M	Bilingual	G130	06/09/2018	89100	1280 x 720		Raw Data	Ord4_T6_R.avi	190	0	900	720									82520	10:17:11.541	1536226405313901															0			Unclassified	8																									9901	965	642			965	642	775	642	387.50	31.40					327.58	205.28	692.76		-34.01						724.51		3.69		0	4				
07/12/2018	3.3.2	Gaze Project	O4	3	M	Bilingual	G130	06/09/2018	89100	1280 x 720		Raw Data	Ord4_T6_R.avi	190	0	900	720									82529	10:17:11.549	1536226405322257															0	6565		Fixation	8	782	685	0.65	48.91	64.90																				9902	924	755	972	685	948	720			370.79	-13.97	390.25	14.22	380.52	0.13	328.00	205.16	692.30	374.10	208.52	709.81					724.08	724.08	4.09	4.24	0	0				
07/12/2018	3.3.2	Gaze Project	O4	3	M	Bilingual	G130	06/09/2018	89100	1280 x 720		Raw Data	Ord4_T6_R.avi	190	0	900	720									82537	10:17:11.558	1536226405330522															0	6566		Fixation	8	759	680	0.73	167.70	118.79																				9903	919	724	949	680	934	702	744	702	369.07	-1.49	381.06	16.01	375.06	7.26	328.39	205.32	692.30	374.39	208.41	709.32					724.17	724.17	4.08	3.95	0	0				
07/12/2018	3.3.2	Gaze Project	O4	3	M	Bilingual	G130	06/09/2018	89100	1280 x 720		Raw Data	Ord4_T6_R.avi	190	0	900	720									82545	10:17:11.566	1536226405338870															0	6567		Fixation	8	729	692	1.01	201.87	34.17																				9904	909	711	919	692	914	701	724	701	364.92	3.49	369.04	11.12	366.98	7.30	329.18	208.42	700.94	374.76	208.66	709.88					733.39	733.39	4.23	4.25	0	0				
07/12/2018	3.3.2	Gaze Project	O4	3	M	Bilingual	G130	06/09/2018	89100	1280 x 720		Raw Data	Ord4_T6_R.avi	190	0	900	720									82554	10:17:11.574	1536226405347213															0			Unclassified	8																									9905	997	593			997	593	807	593	400.09	51.19					329.90	207.75	697.94		-34.01						730.41		3.62		0	4				
07/12/2018	3.3.2	Gaze Project	O4	3	M	Bilingual	G130	06/09/2018	89100	1280 x 720		Raw Data	Ord4_T6_R.avi	190	0	900	720									82562	10:17:11.583	1536226405355573															0			Unclassified	8																									9906	949	716			949	716	759	716	380.85	1.74					329.24	205.71	692.22		-34.01						724.31		3.99		0	4				
07/12/2018	3.3.2	Gaze Project	O4	3	M	Bilingual	G130	06/09/2018	89100	1280 x 720		Raw Data	Ord4_T6_R.avi	190	0	900	720									82570	10:17:11.591	1536226405363930															0	6568		Fixation	8	769	656	1.66	42.08	200.21																				9907	951	708	959	656	955	682	765	682	381.69	4.65	384.75	25.67	383.22	15.16	329.42	205.81	692.19	375.37	208.79	709.81					724.34	724.34	4.16	3.93	0	0				
07/12/2018	3.3.2	Gaze Project	O4	3	M	Bilingual	G130	06/09/2018	89100	1280 x 720		Raw Data	Ord4_T6_R.avi	190	0	900	720									82579	10:17:11.599	1536226405372194															0			Unclassified	8																									9908	934	716			934	716	744	716	374.93	1.69					329.53	205.81	692.19		-34.01						724.34		4.12		0	4				
07/12/2018	3.3.2	Gaze Project	O4	3	M	Bilingual	G130	06/09/2018	89100	1280 x 720		Raw Data	Ord4_T6_R.avi	190	0	900	720									82587	10:17:11.608	1536226405380522															0			Unclassified	8																									9909	919	729			919	729			368.98	-3.72					329.64	206.11	692.07		-34.01						724.34		4.02		0	4				
07/12/2018	3.3.2	Gaze Project	O4	3	M	Bilingual	G130	06/09/2018	89100	1280 x 720		Raw Data	Ord4_T6_R.avi	190	0	900	720									82595	10:17:11.616	1536226405388883															0	6569		Fixation	8	733	691	1.55	224.29	182.21																				9910			923	691	923	691	733	691			370.51	11.66						375.98	209.82	712.48						0.00		4.44	4	0				
07/12/2018	3.3.2	Gaze Project	O4	3	M	Bilingual	G130	06/09/2018	89100	1280 x 720		Raw Data	Ord4_T6_R.avi	190	0	900	720									82604	10:17:11.624	1536226405397238															0			Unclassified	8																									9911	878	658			878	658	688	658	352.28	25.01					329.73	206.10	692.07		-34.01						724.35		4.24		0	4				
07/12/2018	3.3.2	Gaze Project	O4	3	M	Bilingual	G130	06/09/2018	89100	1280 x 720		Raw Data	Ord4_T6_R.avi	190	0	900	720									82612	10:17:11.633	1536226405405516															0			Unclassified	8																									9912	836	555			836	555	646	555	335.59	66.31					329.72	206.63	692.63		-34.01						725.05		4.28		0	4				
07/12/2018	3.3.2	Gaze Project	O4	3	M	Bilingual	G130	06/09/2018	89100	1280 x 720		Raw Data	Ord4_T6_R.avi	190	0	900	720									82620	10:17:11.641	1536226405413858															0			Unclassified	8																									9913	805	495			805	495	615	495	323.29	90.75					331.29	210.63	702.99		-34.01						736.25		4.30		0	4				
07/12/2018	3.3.2	Gaze Project	O4	3	M	Bilingual	G130	06/09/2018	89100	1280 x 720		Raw Data	Ord4_T6_R.avi	190	0	900	720									82629	10:17:11.649	1536226405422188															0	6570		Fixation	8	531	511	8.49	138.20	273.92																				9914	792	476	721	511	756	493	566	493	317.87	98.26	289.52	84.25	303.70	91.26	330.31	210.68	703.49	375.19	208.21	707.05					736.64	736.64	4.22	4.59	0	0				
07/12/2018	3.3.2	Gaze Project	O4	3	M	Bilingual	G130	06/09/2018	89100	1280 x 720		Raw Data	Ord4_T6_R.avi	190	0	900	720									82637	10:17:11.658	1536226405430555															0	6571		Fixation	8	567	343	5.45	77.94	299.74																				9915	730	541	757	343	743	442	553	442	292.88	72.16	304.00	151.91	298.44	112.03	330.89	209.74	699.85	375.71	209.57	710.94					732.96	732.96	4.41	4.42	0	0				
07/12/2018	3.3.2	Gaze Project	O4	3	M	Bilingual	G130	06/09/2018	89100	1280 x 720		Raw Data	Ord4_T6_R.avi	190	0	900	720									82645	10:17:11.666	1536226405438909															0	6572		Fixation	8	531	467	4.09	253.86	175.92																				9916			721	467	721	467	531	467			289.52	101.69						375.86	209.62	711.14						0.00		4.51	4	0				
07/12/2018	3.3.2	Gaze Project	O4	3	M	Bilingual	G130	06/09/2018	89100	1280 x 720		Raw Data	Ord4_T6_R.avi	190	0	900	720									82654	10:17:11.674	1536226405447178															0			Unclassified	8																									9917	761	443			761	443	571	443	305.37	111.55					330.88	212.10	706.83		-34.01						740.30		4.39		0	4				
07/12/2018	3.3.2	Gaze Project	O4	3	M	Bilingual	G130	06/09/2018	89100	1280 x 720		Raw Data	Ord4_T6_R.avi	190	0	900	720									82662	10:17:11.683	1536226405455521															0	6573		Fixation	8	550	429	1.33	63.51	169.65																				9918	750	477	740	429	745	453	555	453	300.95	97.89	297.07	117.07	299.01	107.48	330.36	207.54	693.46	376.17	209.53	711.02					726.20	726.20	4.43	4.34	0	0				
07/12/2018	3.3.2	Gaze Project	O4	3	M	Bilingual	G130	06/09/2018	89100	1280 x 720		Raw Data	Ord4_T6_R.avi	190	0	900	720									82670	10:17:11.691	1536226405463863															0			Unclassified	8																									9919	756	453			756	453	566	453	303.31	107.56					331.60	209.97	699.72		-34.01						732.99		4.49		0	4				
07/12/2018	3.3.2	Gaze Project	O4	3	M	Bilingual	G130	06/09/2018	89100	1280 x 720		Raw Data	Ord4_T6_R.avi	190	0	900	720									82679	10:17:11.699	1536226405472220															0	6574		Fixation	8	562	348	2.60	81.60	18.09																				9920			752	348	752	348	562	348			301.77	149.97						376.81	209.90	712.32						0.00		4.28	4	0				
07/12/2018	3.3.2	Gaze Project	O4	3	M	Bilingual	G130	06/09/2018	89100	1280 x 720		Raw Data	Ord4_T6_R.avi	190	0	900	720									82687	10:17:11.708	1536226405480577															0	6575		Fixation	8	562	409	1.94	270.00	188.40																				9921	741	479	752	409	746	444	556	444	297.35	97.14	301.77	125.07	299.56	111.10	331.33	207.80	693.71	377.18	210.00	712.83					726.61	726.61	4.47	4.42	0	0				
07/12/2018	3.3.2	Gaze Project	O4	3	M	Bilingual	G130	06/09/2018	89100	1280 x 720		Raw Data	Ord4_T6_R.avi	190	0	900	720									82695	10:17:11.716	1536226405488830															0			Unclassified	8																									9922	763	398			763	398	573	398	306.45	129.64					331.78	207.73	693.73		-34.01						726.66		4.23		0	4				
07/12/2018	3.3.2	Gaze Project	O4	3	M	Bilingual	G130	06/09/2018	89100	1280 x 720		Raw Data	Ord4_T6_R.avi	190	0	900	720									82704	10:17:11.724	1536226405497177															0	6576		Fixation	8	542	389	0.90	134.91	224.91																				9923	774	379	732	389	753	384	563	384	310.64	137.19	294.02	133.42	302.33	135.31	332.33	207.87	693.74	378.07	210.07	713.58					726.76	726.76	3.97	4.33	0	0				
07/12/2018	3.3.2	Gaze Project	O4	3	M	Bilingual	G130	06/09/2018	89100	1280 x 720		Raw Data	Ord4_T6_R.avi	190	0	900	720									82712	10:17:11.733	1536226405505532															0	6577		Fixation	8	536	439	1.59	263.18	128.27																				9924	787	367	726	439	756	403	566	403	315.77	142.30	291.24	113.18	303.51	127.74	332.99	207.98	693.97	378.69	210.31	714.60					727.08	727.08	4.21	4.55	0	0				
07/12/2018	3.3.2	Gaze Project	O4	3	M	Bilingual	G130	06/09/2018	89100	1280 x 720		Raw Data	Ord4_T6_R.avi	190	0	900	720									82720	10:17:11.741	1536226405513894															0	6578		Fixation	8	561	379	2.04	67.45	164.27																				9925	736	414	751	379	743	396	553	396	295.59	123.30	301.63	137.14	298.61	130.22	333.74	208.00	693.99	379.53	210.90	716.70					727.19	727.19	4.09	4.35	0	0				
07/12/2018	3.3.2	Gaze Project	O4	3	M	Bilingual	G130	06/09/2018	89100	1280 x 720		Raw Data	Ord4_T6_R.avi	190	0	900	720									82729	10:17:11.749	1536226405522169															0	6579		Fixation	8	638	296	3.60	47.24	339.79																				9926	776	296	828	296	802	296	612	296	311.65	170.70	332.31	170.58	321.98	170.64	334.60	208.06	694.07	379.81	209.69	713.68					727.38	727.38	3.96	4.18	0	0				
07/12/2018	3.3.2	Gaze Project	O4	3	M	Bilingual	G130	06/09/2018	89100	1280 x 720		Raw Data	Ord4_T6_R.avi	190	0	900	720									82737	10:17:11.758	1536226405530507															0	6580		Fixation	8	569	375	3.33	228.96	181.72																				9927	804	328	759	375	781	351	591	351	322.75	157.72	304.79	139.11	313.77	148.42	335.55	207.97	694.10	381.05	211.05	718.04					727.48	727.48	3.65	4.46	0	0				
07/12/2018	3.3.2	Gaze Project	O4	3	M	Bilingual	G130	06/09/2018	89100	1280 x 720		Raw Data	Ord4_T6_R.avi	190	0	900	720									82745	10:17:11.766	1536226405538842															0	6581		Fixation	8	550	479	3.31	259.68	30.72																				9928	773	387	740	479	756	433	566	433	310.38	133.93	297.19	96.88	303.78	115.41	336.61	208.15	694.19	382.11	211.69	720.31					727.74	727.74	4.01	4.59	0	0				
07/12/2018	3.3.2	Gaze Project	O4	3	M	Bilingual	G130	06/09/2018	89100	1280 x 720		Raw Data	Ord4_T6_R.avi	190	0	900	720									82754	10:17:11.774	1536226405547201															0	6582		Fixation	8	606	374	3.71	62.00	162.32																				9929	781	365	796	374	788	369	598	369	313.53	143.09	319.68	139.21	316.61	141.15	337.78	208.24	694.32	382.93	211.50	720.25					728.02	728.02	3.91	4.46	0	0				
07/12/2018	3.3.2	Gaze Project	O4	3	M	Bilingual	G130	06/09/2018	89100	1280 x 720		Raw Data	Ord4_T6_R.avi	190	0	900	720									82762	10:17:11.783	1536226405555560															0	6583		Fixation	8	701	275	4.36	46.27	344.27																				9930	865	500	891	275	878	387	688	387	347.08	88.73	357.62	179.02	352.35	133.88	339.15	208.43	694.25	383.34	209.59	715.17					728.16	728.16	4.55	3.80	0	0				
07/12/2018	3.3.2	Gaze Project	O4	3	M	Bilingual	G130	06/09/2018	89100	1280 x 720		Raw Data	Ord4_T6_R.avi	190	0	900	720									82770	10:17:11.791	1536226405563823															0	6584		Fixation	8	848	319	4.94	343.29	297.01																				9931	1006	425	1038	319	1022	372	832	372	403.97	118.84	416.55	161.42	410.26	140.13	340.72	208.26	694.31	383.88	207.63	710.10					728.34	728.34	3.99	4.13	0	0				
07/12/2018	3.3.2	Gaze Project	O4	3	M	Bilingual	G130	06/09/2018	89100	1280 x 720		Raw Data	Ord4_T6_R.avi	190	0	900	720									82779	10:17:11.799	1536226405572181															0	6585		Fixation	8			6.53	323.04	339.76																				9932	1159	363	1202	442	1180	402			465.35	143.73	482.42	111.96	473.89	127.85	342.43	208.64	694.87	384.84	206.84	708.37					729.20	729.20	3.79	4.53	0	0				
07/12/2018	3.3.2	Gaze Project	O4	3	M	Bilingual	G130	06/09/2018	89100	1280 x 720		Raw Data	Ord4_T6_R.avi	190	0	900	720									82787	10:17:11.808	1536226405580512															0			Unclassified	8																									9933	1281	406			1281	406			514.22	126.32					344.15	208.71	694.84		-34.01						729.39		4.17		0	4				
07/12/2018	3.3.2	Gaze Project	O4	3	M	Bilingual	G130	06/09/2018	89100	1280 x 720		Raw Data	Ord4_T6_R.avi	190	0	900	720									82795	10:17:11.816	1536226405588874															0			Unclassified	8																									9934	1521	418			1521	418			610.54	121.65					345.93	208.86	695.11		-34.01						729.92		3.96		0	4				
07/12/2018	3.3.2	Gaze Project	O4	3	M	Bilingual	G130	06/09/2018	89100	1280 x 720		Raw Data	Ord4_T6_R.avi	190	0	900	720									82804	10:17:11.824	1536226405597229															0			Unclassified	8																									9935	1647	432			1647	432			660.94	116.16					347.72	209.09	695.69		-34.01						730.75		4.05		0	4				
07/12/2018	3.3.2	Gaze Project	O4	3	M	Bilingual	G130	06/09/2018	89100	1280 x 720		Raw Data	Ord4_T6_R.avi	190	0	900	720									82812	10:17:11.833	1536226405605495															0			Unclassified	8																									9936	1773	412			1773	412			711.79	124.01					349.59	209.06	695.69		-34.01						730.98		3.93		0	4				
07/12/2018	3.3.2	Gaze Project	O4	3	M	Bilingual	G130	06/09/2018	89100	1280 x 720		Raw Data	Ord4_T6_R.avi	190	0	900	720									82820	10:17:11.841	1536226405613821															0			Unclassified	8																									9937																			-34.01										4	4				
07/12/2018	3.3.2	Gaze Project	O4	3	M	Bilingual	G130	06/09/2018	89100	1280 x 720		Raw Data	Ord4_T6_R.avi	190	0	900	720									82829	10:17:11.849	1536226405622185															0			Unclassified	8																									9938																			-34.01										4	4				
07/12/2018	3.3.2	Gaze Project	O4	3	M	Bilingual	G130	06/09/2018	89100	1280 x 720		Raw Data	Ord4_T6_R.avi	190	0	900	720									82837	10:17:11.858	1536226405630543															0			Unclassified	8																									9939																			-34.01										4	4				
07/12/2018	3.3.2	Gaze Project	O4	3	M	Bilingual	G130	06/09/2018	89100	1280 x 720		Raw Data	Ord4_T6_R.avi	190	0	900	720									82845	10:17:11.866	1536226405638811															0			Unclassified	8																									9940																			-34.01										4	4				
07/12/2018	3.3.2	Gaze Project	O4	3	M	Bilingual	G130	06/09/2018	89100	1280 x 720		Raw Data	Ord4_T6_R.avi	190	0	900	720									82854	10:17:11.874	1536226405647176															0			Unclassified	8																									9941																			-34.01										4	4				
07/12/2018	3.3.2	Gaze Project	O4	3	M	Bilingual	G130	06/09/2018	89100	1280 x 720		Raw Data	Ord4_T6_R.avi	190	0	900	720									82862	10:17:11.883	1536226405655494															0			Unclassified	8																									9942																			-34.01										4	4				
07/12/2018	3.3.2	Gaze Project	O4	3	M	Bilingual	G130	06/09/2018	89100	1280 x 720		Raw Data	Ord4_T6_R.avi	190	0	900	720									82870	10:17:11.891	1536226405663861															0			Unclassified	8																									9943																			-34.01										4	4				
07/12/2018	3.3.2	Gaze Project	O4	3	M	Bilingual	G130	06/09/2018	89100	1280 x 720		Raw Data	Ord4_T6_R.avi	190	0	900	720									82879	10:17:11.899	1536226405672214															0			Unclassified	8																									9944																			-34.01										4	4				
07/12/2018	3.3.2	Gaze Project	O4	3	M	Bilingual	G130	06/09/2018	89100	1280 x 720		Raw Data	Ord4_T6_R.avi	190	0	900	720									82887	10:17:11.908	1536226405680475															0			Unclassified	8																									9945																			-34.01										4	4				
07/12/2018	3.3.2	Gaze Project	O4	3	M	Bilingual	G130	06/09/2018	89100	1280 x 720		Raw Data	Ord4_T6_R.avi	190	0	900	720									82895	10:17:11.916	1536226405688812															0			Unclassified	8																									9946																			-34.01										4	4				
07/12/2018	3.3.2	Gaze Project	O4	3	M	Bilingual	G130	06/09/2018	89100	1280 x 720		Raw Data	Ord4_T6_R.avi	190	0	900	720									82904	10:17:11.924	1536226405697162															0			Unclassified	8																									9947																			-34.01										4	4				
07/12/2018	3.3.2	Gaze Project	O4	3	M	Bilingual	G130	06/09/2018	89100	1280 x 720		Raw Data	Ord4_T6_R.avi	190	0	900	720									82912	10:17:11.933	1536226405705525															0			Unclassified	8																									9948																			-34.01										4	4				
07/12/2018	3.3.2	Gaze Project	O4	3	M	Bilingual	G130	06/09/2018	89100	1280 x 720		Raw Data	Ord4_T6_R.avi	190	0	900	720									82920	10:17:11.941	1536226405713878															0			Unclassified	8																									9949																			-34.01										4	4				
07/12/2018	3.3.2	Gaze Project	O4	3	M	Bilingual	G130	06/09/2018	89100	1280 x 720		Raw Data	Ord4_T6_R.avi	190	0	900	720									82929	10:17:11.949	1536226405722143															0			Unclassified	8																									9950																			-34.01										4	4				
07/12/2018	3.3.2	Gaze Project	O4	3	M	Bilingual	G130	06/09/2018	89100	1280 x 720		Raw Data	Ord4_T6_R.avi	190	0	900	720									82937	10:17:11.958	1536226405730476															0			Unclassified	8																									9951																			-34.01										4	4				
07/12/2018	3.3.2	Gaze Project	O4	3	M	Bilingual	G130	06/09/2018	89100	1280 x 720		Raw Data	Ord4_T6_R.avi	190	0	900	720									82945	10:17:11.966	1536226405738835															0			Unclassified	8																									9952																			-34.01										4	4				
07/12/2018	3.3.2	Gaze Project	O4	3	M	Bilingual	G130	06/09/2018	89100	1280 x 720		Raw Data	Ord4_T6_R.avi	190	0	900	720									82954	10:17:11.974	1536226405747192															0			Unclassified	8																									9953																			-34.01										4	4				
07/12/2018	3.3.2	Gaze Project	O4	3	M	Bilingual	G130	06/09/2018	89100	1280 x 720		Raw Data	Ord4_T6_R.avi	190	0	900	720									82962	10:17:11.983	1536226405755464															0			Unclassified	8																									9954																			-34.01										4	4				
07/12/2018	3.3.2	Gaze Project	O4	3	M	Bilingual	G130	06/09/2018	89100	1280 x 720		Raw Data	Ord4_T6_R.avi	190	0	900	720									82970	10:17:11.991	1536226405763825															0			Unclassified	8																									9955																			-34.01										4	4				
07/12/2018	3.3.2	Gaze Project	O4	3	M	Bilingual	G130	06/09/2018	89100	1280 x 720		Raw Data	Ord4_T6_R.avi	190	0	900	720									82979	10:17:11.999	1536226405772151															0			Unclassified	8																									9956																			-34.01										4	4				
07/12/2018	3.3.2	Gaze Project	O4	3	M	Bilingual	G130	06/09/2018	89100	1280 x 720		Raw Data	Ord4_T6_R.avi	190	0	900	720									82987	10:17:12.008	1536226405780494															0			Unclassified	8																									9957																			-34.01										4	4				
07/12/2018	3.3.2	Gaze Project	O4	3	M	Bilingual	G130	06/09/2018	89100	1280 x 720		Raw Data	Ord4_T6_R.avi	190	0	900	720									82995	10:17:12.016	1536226405788862															0			Unclassified	8																									9958																			-34.01										4	4				
07/12/2018	3.3.2	Gaze Project	O4	3	M	Bilingual	G130	06/09/2018	89100	1280 x 720		Raw Data	Ord4_T6_R.avi	190	0	900	720									83004	10:17:12.024	1536226405797134															0			Unclassified	8																									9959																			-34.01										4	4				
07/12/2018	3.3.2	Gaze Project	O4	3	M	Bilingual	G130	06/09/2018	89100	1280 x 720		Raw Data	Ord4_T6_R.avi	190	0	900	720									83012	10:17:12.033	1536226405805459															0			Unclassified	8																									9960																			-34.01										4	4				
07/12/2018	3.3.2	Gaze Project	O4	3	M	Bilingual	G130	06/09/2018	89100	1280 x 720		Raw Data	Ord4_T6_R.avi	190	0	900	720									83020	10:17:12.041	1536226405813819															0			Unclassified	8																									9961																			-34.01										4	4				
07/12/2018	3.3.2	Gaze Project	O4	3	M	Bilingual	G130	06/09/2018	89100	1280 x 720		Raw Data	Ord4_T6_R.avi	190	0	900	720									83029	10:17:12.049	1536226405822181															0			Unclassified	8																									9962																			-34.01										4	4				
07/12/2018	3.3.2	Gaze Project	O4	3	M	Bilingual	G130	06/09/2018	89100	1280 x 720		Raw Data	Ord4_T6_R.avi	190	0	900	720									83037	10:17:12.058	1536226405830459															0			Unclassified	8																									9963																			-34.01										4	4				
07/12/2018	3.3.2	Gaze Project	O4	3	M	Bilingual	G130	06/09/2018	89100	1280 x 720		Raw Data	Ord4_T6_R.avi	190	0	900	720									83045	10:17:12.066	1536226405838800															0			Unclassified	8																									9964																			-34.01										4	4				
07/12/2018	3.3.2	Gaze Project	O4	3	M	Bilingual	G130	06/09/2018	89100	1280 x 720		Raw Data	Ord4_T6_R.avi	190	0	900	720									83054	10:17:12.074	1536226405847128															0			Unclassified	8																									9965																			-34.01										4	4				
07/12/2018	3.3.2	Gaze Project	O4	3	M	Bilingual	G130	06/09/2018	89100	1280 x 720		Raw Data	Ord4_T6_R.avi	190	0	900	720									83062	10:17:12.083	1536226405855497															0			Unclassified	8																									9966																			-34.01										4	4				
07/12/2018	3.3.2	Gaze Project	O4	3	M	Bilingual	G130	06/09/2018	89100	1280 x 720		Raw Data	Ord4_T6_R.avi	190	0	900	720									83070	10:17:12.091	1536226405863845															0			Unclassified	8																									9967																			-34.01										4	4				
07/12/2018	3.3.2	Gaze Project	O4	3	M	Bilingual	G130	06/09/2018	89100	1280 x 720		Raw Data	Ord4_T6_R.avi	190	0	900	720									83079	10:17:12.099	1536226405872119															0			Unclassified	8																									9968																			-34.01										4	4				
07/12/2018	3.3.2	Gaze Project	O4	3	M	Bilingual	G130	06/09/2018	89100	1280 x 720		Raw Data	Ord4_T6_R.avi	190	0	900	720									83087	10:17:12.108	1536226405880466															0			Unclassified	8																									9969																			-34.01										4	4				
07/12/2018	3.3.2	Gaze Project	O4	3	M	Bilingual	G130	06/09/2018	89100	1280 x 720		Raw Data	Ord4_T6_R.avi	190	0	900	720									83095	10:17:12.116	1536226405888800															0			Unclassified	8																									9970																			-34.01										4	4				
07/12/2018	3.3.2	Gaze Project	O4	3	M	Bilingual	G130	06/09/2018	89100	1280 x 720		Raw Data	Ord4_T6_R.avi	190	0	900	720									83104	10:17:12.124	1536226405897159															0			Unclassified	8																									9971																			-34.01										4	4				
07/12/2018	3.3.2	Gaze Project	O4	3	M	Bilingual	G130	06/09/2018	89100	1280 x 720		Raw Data	Ord4_T6_R.avi	190	0	900	720									83112	10:17:12.133	1536226405905515															0			Unclassified	8																									9972																			-34.01										4	4				
07/12/2018	3.3.2	Gaze Project	O4	3	M	Bilingual	G130	06/09/2018	89100	1280 x 720		Raw Data	Ord4_T6_R.avi	190	0	900	720									83120	10:17:12.141	1536226405913778															0			Unclassified	8																									9973																			-34.01										4	4				
07/12/2018	3.3.2	Gaze Project	O4	3	M	Bilingual	G130	06/09/2018	89100	1280 x 720		Raw Data	Ord4_T6_R.avi	190	0	900	720									83129	10:17:12.149	1536226405922109															0			Unclassified	8																									9974																			-34.01										4	4				
07/12/2018	3.3.2	Gaze Project	O4	3	M	Bilingual	G130	06/09/2018	89100	1280 x 720		Raw Data	Ord4_T6_R.avi	190	0	900	720									83137	10:17:12.158	1536226405930474															0			Unclassified	8																									9975																			-34.01										4	4				
07/12/2018	3.3.2	Gaze Project	O4	3	M	Bilingual	G130	06/09/2018	89100	1280 x 720		Raw Data	Ord4_T6_R.avi	190	0	900	720									83145	10:17:12.166	1536226405938831															0			Unclassified	8																									9976																			-34.01										4	4				
07/12/2018	3.3.2	Gaze Project	O4	3	M	Bilingual	G130	06/09/2018	89100	1280 x 720		Raw Data	Ord4_T6_R.avi	190	0	900	720									83154	10:17:12.174	1536226405947097															0			Unclassified	8																									9977																			-34.01										4	4				
07/12/2018	3.3.2	Gaze Project	O4	3	M	Bilingual	G130	06/09/2018	89100	1280 x 720		Raw Data	Ord4_T6_R.avi	190	0	900	720									83162	10:17:12.183	1536226405955450															0			Unclassified	8																									9978																			-34.01										4	4				
07/12/2018	3.3.2	Gaze Project	O4	3	M	Bilingual	G130	06/09/2018	89100	1280 x 720		Raw Data	Ord4_T6_R.avi	190	0	900	720									83170	10:17:12.191	1536226405963781															0			Unclassified	8																									9979																			-34.01										4	4				
07/12/2018	3.3.2	Gaze Project	O4	3	M	Bilingual	G130	06/09/2018	89100	1280 x 720		Raw Data	Ord4_T6_R.avi	190	0	900	720									83179	10:17:12.199	1536226405972150															0			Unclassified	8																									9980																			-34.01										4	4				
07/12/2018	3.3.2	Gaze Project	O4	3	M	Bilingual	G130	06/09/2018	89100	1280 x 720		Raw Data	Ord4_T6_R.avi	190	0	900	720									83187	10:17:12.208	1536226405980500															0			Unclassified	8																									9981																			-34.01										4	4				
07/12/2018	3.3.2	Gaze Project	O4	3	M	Bilingual	G130	06/09/2018	89100	1280 x 720		Raw Data	Ord4_T6_R.avi	190	0	900	720									83195	10:17:12.216	1536226405988783															0			Unclassified	8																									9982																			-34.01										4	4				
07/12/2018	3.3.2	Gaze Project	O4	3	M	Bilingual	G130	06/09/2018	89100	1280 x 720		Raw Data	Ord4_T6_R.avi	190	0	900	720									83204	10:17:12.224	1536226405997109															0			Unclassified	8																									9983																			-34.01										4	4				
07/12/2018	3.3.2	Gaze Project	O4	3	M	Bilingual	G130	06/09/2018	89100	1280 x 720		Raw Data	Ord4_T6_R.avi	190	0	900	720									83212	10:17:12.233	1536226406005452															0			Unclassified	8																									9984																			-34.01										4	4				
07/12/2018	3.3.2	Gaze Project	O4	3	M	Bilingual	G130	06/09/2018	89100	1280 x 720		Raw Data	Ord4_T6_R.avi	190	0	900	720									83220	10:17:12.241	1536226406013816															0			Unclassified	8																									9985																			-34.01										4	4				
07/12/2018	3.3.2	Gaze Project	O4	3	M	Bilingual	G130	06/09/2018	89100	1280 x 720		Raw Data	Ord4_T6_R.avi	190	0	900	720									83229	10:17:12.249	1536226406022169															0			Unclassified	8																									9986																			-34.01										4	4				
07/12/2018	3.3.2	Gaze Project	O4	3	M	Bilingual	G130	06/09/2018	89100	1280 x 720		Raw Data	Ord4_T6_R.avi	190	0	900	720									83237	10:17:12.258	1536226406030434															0			Unclassified	8																									9987																			-34.01										4	4				
07/12/2018	3.3.2	Gaze Project	O4	3	M	Bilingual	G130	06/09/2018	89100	1280 x 720		Raw Data	Ord4_T6_R.avi	190	0	900	720									83245	10:17:12.266	1536226406038764															0			Unclassified	8																									9988																			-34.01										4	4				
07/12/2018	3.3.2	Gaze Project	O4	3	M	Bilingual	G130	06/09/2018	89100	1280 x 720		Raw Data	Ord4_T6_R.avi	190	0	900	720									83254	10:17:12.274	1536226406047124															0			Unclassified	8																									9989																			-34.01										4	4				
07/12/2018	3.3.2	Gaze Project	O4	3	M	Bilingual	G130	06/09/2018	89100	1280 x 720		Raw Data	Ord4_T6_R.avi	190	0	900	720									83262	10:17:12.283	1536226406055481															0			Unclassified	8																									9990																			-34.01										4	4				
07/12/2018	3.3.2	Gaze Project	O4	3	M	Bilingual	G130	06/09/2018	89100	1280 x 720		Raw Data	Ord4_T6_R.avi	190	0	900	720									83270	10:17:12.291	1536226406063764															0			Unclassified	8																									9991																			-34.01										4	4				
07/12/2018	3.3.2	Gaze Project	O4	3	M	Bilingual	G130	06/09/2018	89100	1280 x 720		Raw Data	Ord4_T6_R.avi	190	0	900	720									83279	10:17:12.299	1536226406072098															0			Unclassified	8																									9992																			-34.01										4	4				
07/12/2018	3.3.2	Gaze Project	O4	3	M	Bilingual	G130	06/09/2018	89100	1280 x 720		Raw Data	Ord4_T6_R.avi	190	0	900	720									83287	10:17:12.308	1536226406080429															0			Unclassified	8																									9993																			-34.01										4	4				
07/12/2018	3.3.2	Gaze Project	O4	3	M	Bilingual	G130	06/09/2018	89100	1280 x 720		Raw Data	Ord4_T6_R.avi	190	0	900	720									83295	10:17:12.316	1536226406088783															0			Unclassified	8																									9994																			-34.01										4	4				
07/12/2018	3.3.2	Gaze Project	O4	3	M	Bilingual	G130	06/09/2018	89100	1280 x 720		Raw Data	Ord4_T6_R.avi	190	0	900	720									83304	10:17:12.324	1536226406097153															0			Unclassified	8																									9995																			-34.01										4	4				
07/12/2018	3.3.2	Gaze Project	O4	3	M	Bilingual	G130	06/09/2018	89100	1280 x 720		Raw Data	Ord4_T6_R.avi	190	0	900	720									83312	10:17:12.333	1536226406105433															0			Unclassified	8																									9996																			-34.01										4	4				
07/12/2018	3.3.2	Gaze Project	O4	3	M	Bilingual	G130	06/09/2018	89100	1280 x 720		Raw Data	Ord4_T6_R.avi	190	0	900	720									83320	10:17:12.341	1536226406113767															0			Unclassified	8																									9997																			-34.01										4	4				
07/12/2018	3.3.2	Gaze Project	O4	3	M	Bilingual	G130	06/09/2018	89100	1280 x 720		Raw Data	Ord4_T6_R.avi	190	0	900	720									83329	10:17:12.349	1536226406122106															0			Unclassified	8																									9998																			-34.01										4	4				
07/12/2018	3.3.2	Gaze Project	O4	3	M	Bilingual	G130	06/09/2018	89100	1280 x 720		Raw Data	Ord4_T6_R.avi	190	0	900	720									83337	10:17:12.358	1536226406130463															0			Unclassified	8																									9999																			-34.01										4	4				
07/12/2018	3.3.2	Gaze Project	O4	3	M	Bilingual	G130	06/09/2018	89100	1280 x 720		Raw Data	Ord4_T6_R.avi	190	0	900	720									83345	10:17:12.366	1536226406138821															0			Unclassified	8																									10000																			-34.01										4	4				
07/12/2018	3.3.2	Gaze Project	O4	3	M	Bilingual	G130	06/09/2018	89100	1280 x 720		Raw Data	Ord4_T6_R.avi	190	0	900	720									83354	10:17:12.374	1536226406147082															0			Unclassified	8																									10001																			-34.01										4	4				
07/12/2018	3.3.2	Gaze Project	O4	3	M	Bilingual	G130	06/09/2018	89100	1280 x 720		Raw Data	Ord4_T6_R.avi	190	0	900	720									83362	10:17:12.383	1536226406155416															0			Unclassified	8																									10002																			-34.01										4	4				
07/12/2018	3.3.2	Gaze Project	O4	3	M	Bilingual	G130	06/09/2018	89100	1280 x 720		Raw Data	Ord4_T6_R.avi	190	0	900	720									83370	10:17:12.391	1536226406163781															0			Unclassified	8																									10003																			-34.01										4	4				
07/12/2018	3.3.2	Gaze Project	O4	3	M	Bilingual	G130	06/09/2018	89100	1280 x 720		Raw Data	Ord4_T6_R.avi	190	0	900	720									83379	10:17:12.399	1536226406172131															0			Unclassified	8																									10004																			-34.01										4	4				
07/12/2018	3.3.2	Gaze Project	O4	3	M	Bilingual	G130	06/09/2018	89100	1280 x 720		Raw Data	Ord4_T6_R.avi	190	0	900	720									83387	10:17:12.408	1536226406180404															0			Unclassified	8																									10005																			-34.01										4	4				
07/12/2018	3.3.2	Gaze Project	O4	3	M	Bilingual	G130	06/09/2018	89100	1280 x 720		Raw Data	Ord4_T6_R.avi	190	0	900	720									83395	10:17:12.416	1536226406188750															0			Unclassified	8																									10006																			-34.01										4	4				
07/12/2018	3.3.2	Gaze Project	O4	3	M	Bilingual	G130	06/09/2018	89100	1280 x 720		Raw Data	Ord4_T6_R.avi	190	0	900	720									83404	10:17:12.424	1536226406197075															0			Unclassified	8																									10007																			-34.01										4	4				
07/12/2018	3.3.2	Gaze Project	O4	3	M	Bilingual	G130	06/09/2018	89100	1280 x 720		Raw Data	Ord4_T6_R.avi	190	0	900	720									83412	10:17:12.433	1536226406205447															0			Unclassified	8																									10008																			-34.01										4	4				
07/12/2018	3.3.2	Gaze Project	O4	3	M	Bilingual	G130	06/09/2018	89100	1280 x 720		Raw Data	Ord4_T6_R.avi	190	0	900	720									83420	10:17:12.441	1536226406213805															0			Unclassified	8																									10009																			-34.01										4	4				
07/12/2018	3.3.2	Gaze Project	O4	3	M	Bilingual	G130	06/09/2018	89100	1280 x 720		Raw Data	Ord4_T6_R.avi	190	0	900	720									83429	10:17:12.449	1536226406222074															0			Unclassified	8																									10010																			-34.01										4	4				
07/12/2018	3.3.2	Gaze Project	O4	3	M	Bilingual	G130	06/09/2018	89100	1280 x 720		Raw Data	Ord4_T6_R.avi	190	0	900	720									83437	10:17:12.458	1536226406230401															0			Unclassified	8																									10011	2528	1023	2050	977	2289	1000			1014.63	-121.99	822.81	-103.53	918.72	-112.76	357.64	179.67	628.93	357.64	179.67	628.93					660.08	660.08	4.32	4.32	1	3				
07/12/2018	3.3.2	Gaze Project	O4	3	M	Bilingual	G130	06/09/2018	89100	1280 x 720		Raw Data	Ord4_T6_R.avi	190	0	900	720									83445	10:17:12.466	1536226406238758															0			Unclassified	8																									10012																			-34.01										4	4				
07/12/2018	3.3.2	Gaze Project	O4	3	M	Bilingual	G130	06/09/2018	89100	1280 x 720		Raw Data	Ord4_T6_R.avi	190	0	900	720									83454	10:17:12.474	1536226406247114															0			Unclassified	8																									10013																			-34.01										4	4				
07/12/2018	3.3.2	Gaze Project	O4	3	M	Bilingual	G130	06/09/2018	89100	1280 x 720		Raw Data	Ord4_T6_R.avi	190	0	900	720									83462	10:17:12.483	1536226406255473															0			Unclassified	8																									10014																			-34.01										4	4				
07/12/2018	3.3.2	Gaze Project	O4	3	M	Bilingual	G130	06/09/2018	89100	1280 x 720		Raw Data	Ord4_T6_R.avi	190	0	900	720									83470	10:17:12.491	1536226406263731															0			Unclassified	8																									10015																			-34.01										4	4				
07/12/2018	3.3.2	Gaze Project	O4	3	M	Bilingual	G130	06/09/2018	89100	1280 x 720		Raw Data	Ord4_T6_R.avi	190	0	900	720									83479	10:17:12.499	1536226406272068															0			Unclassified	8																									10016																			-34.01										4	4				
07/12/2018	3.3.2	Gaze Project	O4	3	M	Bilingual	G130	06/09/2018	89100	1280 x 720		Raw Data	Ord4_T6_R.avi	190	0	900	720									83487	10:17:12.508	1536226406280429															0			Unclassified	8																									10017																			-34.01										4	4				
07/12/2018	3.3.2	Gaze Project	O4	3	M	Bilingual	G130	06/09/2018	89100	1280 x 720		Raw Data	Ord4_T6_R.avi	190	0	900	720									83495	10:17:12.516	1536226406288788															0			Unclassified	8																									10018																			-34.01										4	4				
07/12/2018	3.3.2	Gaze Project	O4	3	M	Bilingual	G130	06/09/2018	89100	1280 x 720		Raw Data	Ord4_T6_R.avi	190	0	900	720									83504	10:17:12.524	1536226406297050															0			Unclassified	8																									10019																			-34.01										4	4				
07/12/2018	3.3.2	Gaze Project	O4	3	M	Bilingual	G130	06/09/2018	89100	1280 x 720		Raw Data	Ord4_T6_R.avi	190	0	900	720									83512	10:17:12.533	1536226406305400															0			Unclassified	8																									10020																			-34.01										4	4				
07/12/2018	3.3.2	Gaze Project	O4	3	M	Bilingual	G130	06/09/2018	89100	1280 x 720		Raw Data	Ord4_T6_R.avi	190	0	900	720									83520	10:17:12.541	1536226406313742															0			Unclassified	8																									10021																			-34.01										4	4				
07/12/2018	3.3.2	Gaze Project	O4	3	M	Bilingual	G130	06/09/2018	89100	1280 x 720		Raw Data	Ord4_T6_R.avi	190	0	900	720									83529	10:17:12.549	1536226406322084															0			Unclassified	8																									10022																			-34.01										4	4				
07/12/2018	3.3.2	Gaze Project	O4	3	M	Bilingual	G130	06/09/2018	89100	1280 x 720		Raw Data	Ord4_T6_R.avi	190	0	900	720									83537	10:17:12.558	1536226406330455															0			Unclassified	8																									10023																			-34.01										4	4				
07/12/2018	3.3.2	Gaze Project	O4	3	M	Bilingual	G130	06/09/2018	89100	1280 x 720		Raw Data	Ord4_T6_R.avi	190	0	900	720									83545	10:17:12.566	1536226406338726															0			Unclassified	8																									10024																			-34.01										4	4				
07/12/2018	3.3.2	Gaze Project	O4	3	M	Bilingual	G130	06/09/2018	89100	1280 x 720		Raw Data	Ord4_T6_R.avi	190	0	900	720									83554	10:17:12.574	1536226406347049															0			Unclassified	8																									10025																			-34.01										4	4				
07/12/2018	3.3.2	Gaze Project	O4	3	M	Bilingual	G130	06/09/2018	89100	1280 x 720		Raw Data	Ord4_T6_R.avi	190	0	900	720									83562	10:17:12.583	1536226406355414															0			Unclassified	8																									10026																			-34.01										4	4				
07/12/2018	3.3.2	Gaze Project	O4	3	M	Bilingual	G130	06/09/2018	89100	1280 x 720		Raw Data	Ord4_T6_R.avi	190	0	900	720									83570	10:17:12.591	1536226406363767															0			Unclassified	8																									10027																			-34.01										4	4				
07/12/2018	3.3.2	Gaze Project	O4	3	M	Bilingual	G130	06/09/2018	89100	1280 x 720		Raw Data	Ord4_T6_R.avi	190	0	900	720									83579	10:17:12.599	1536226406372048															0			Unclassified	8																									10028																			-34.01										4	4				
07/12/2018	3.3.2	Gaze Project	O4	3	M	Bilingual	G130	06/09/2018	89100	1280 x 720		Raw Data	Ord4_T6_R.avi	190	0	900	720									83587	10:17:12.608	1536226406380379															0			Unclassified	8																									10029	911	518	666	507	788	512	598	512	365.57	81.21	267.33	85.61	316.45	83.41	360.39	208.51	714.73	360.38	208.51	714.73					750.04	750.04	4.46	4.49	1	3				
07/12/2018	3.3.2	Gaze Project	O4	3	M	Bilingual	G130	06/09/2018	89100	1280 x 720		Raw Data	Ord4_T6_R.avi	190	0	900	720									83595	10:17:12.616	1536226406388716															0			Unclassified	8																									10030	902	531	658	520	780	525	590	525	362.23	76.03	264.13	80.65	313.18	78.34	357.84	207.62	712.52	357.84	207.62	712.52					747.34	747.34	4.29	4.32	1	3				
07/12/2018	3.3.2	Gaze Project	O4	3	M	Bilingual	G130	06/09/2018	89100	1280 x 720		Raw Data	Ord4_T6_R.avi	190	0	900	720									83604	10:17:12.624	1536226406397079															0			Unclassified	8																									10031																			-34.01										4	4				
07/12/2018	3.3.2	Gaze Project	O4	3	M	Bilingual	G130	06/09/2018	89100	1280 x 720		Raw Data	Ord4_T6_R.avi	190	0	900	720									83612	10:17:12.633	1536226406405443															0			Unclassified	8																									10032	949	472	711	458	830	465	640	465	380.97	100.02	285.53	105.35	333.25	102.69	353.25	205.66	708.11	353.80	207.07	712.21					741.96	741.96	4.17	4.22	1	3				
07/12/2018	3.3.2	Gaze Project	O4	3	M	Bilingual	G130	06/09/2018	89100	1280 x 720		Raw Data	Ord4_T6_R.avi	190	0	900	720									83620	10:17:12.641	1536226406413705															0	6586		Fixation	8	505	494	16.27	185.87	222.83																				10033	729	499	695	494	712	496	522	496	292.69	89.01	279.09	90.98	285.89	89.99	308.08	201.87	720.25	351.54	205.35	707.63					747.71	747.71	4.42	4.24	0	0				
07/12/2018	3.3.2	Gaze Project	O4	3	M	Bilingual	G130	06/09/2018	89100	1280 x 720		Raw Data	Ord4_T6_R.avi	190	0	900	720									83629	10:17:12.649	1536226406422053															0	6587		Fixation	8	483	573	2.55	254.49	68.61																				10034	727	515	673	573	700	544	510	544	291.72	82.36	270.08	59.16	280.90	70.76	306.63	201.30	720.11	350.53	207.26	713.92					747.30	747.30	4.49	4.53	0	0				
07/12/2018	3.3.2	Gaze Project	O4	3	M	Bilingual	G130	06/09/2018	89100	1280 x 720		Raw Data	Ord4_T6_R.avi	190	0	900	720									83637	10:17:12.658	1536226406430386															0	6588		Fixation	8	502	526	1.56	68.05	173.57																				10035			692	526	692	526	502	526			277.80	78.09						349.15	207.07	713.71						0.00		4.65	4	0				
07/12/2018	3.3.2	Gaze Project	O4	3	M	Bilingual	G130	06/09/2018	89100	1280 x 720		Raw Data	Ord4_T6_R.avi	190	0	900	720									83645	10:17:12.666	1536226406438753															0	6589		Fixation	8	491	511	0.59	126.17	58.11																				10036			681	511	681	511	491	511			273.27	84.27						347.92	207.01	713.79						0.00		4.55	4	0				
07/12/2018	3.3.2	Gaze Project	O4	3	M	Bilingual	G130	06/09/2018	89100	1280 x 720		Raw Data	Ord4_T6_R.avi	190	0	900	720									83654	10:17:12.674	1536226406447105															0			Unclassified	8																									10037	689	506			689	506	499	506	276.45	86.29					302.29	197.22	711.54		-34.01						737.62		4.16		0	4				
07/12/2018	3.3.2	Gaze Project	O4	3	M	Bilingual	G130	06/09/2018	89100	1280 x 720		Raw Data	Ord4_T6_R.avi	190	0	900	720									83662	10:17:12.683	1536226406455370															0			Unclassified	8																									10038	698	477			698	477	508	477	280.04	97.73					301.34	196.93	711.65		-34.01						737.58		4.07		0	4				
07/12/2018	3.3.2	Gaze Project	O4	3	M	Bilingual	G130	06/09/2018	89100	1280 x 720		Raw Data	Ord4_T6_R.avi	190	0	900	720									83670	10:17:12.691	1536226406463693															0	6590		Fixation	8	551	290	7.29	74.86	308.69																				10039	694	274	741	290	717	282	527	282	278.54	179.66	297.49	173.13	288.02	176.40	300.56	196.69	711.75	344.43	204.75	707.87					737.55	737.55	3.44	3.80	0	0				
07/12/2018	3.3.2	Gaze Project	O4	3	M	Bilingual	G130	06/09/2018	89100	1280 x 720		Raw Data	Ord4_T6_R.avi	190	0	900	720									83679	10:17:12.699	1536226406472047															0	6591		Fixation	8	545	345	1.78	263.79	188.94																				10040			735	345	735	345	545	345			294.94	151.17						344.47	208.85	719.93						0.00		4.13	4	0				
07/12/2018	3.3.2	Gaze Project	O4	3	M	Bilingual	G130	06/09/2018	89100	1280 x 720		Raw Data	Ord4_T6_R.avi	190	0	900	720									83687	10:17:12.708	1536226406480420															0			Unclassified	8																									10041	689	276			689	276	499	276	276.72	178.85					301.63	204.16	735.78		-34.01						762.73		3.81		0	4				
07/12/2018	3.3.2	Gaze Project	O4	3	M	Bilingual	G130	06/09/2018	89100	1280 x 720		Raw Data	Ord4_T6_R.avi	190	0	900	720									83695	10:17:12.716	1536226406488699															0	6592		Fixation	8	545	381	1.14	270.00	6.21																				10042	712	342	735	381	723	361	533	361	286.00	152.05	295.11	136.54	290.56	144.29	301.59	205.90	741.73	342.79	208.09	718.03					768.91	768.91	4.03	4.22	0	0				
07/12/2018	3.3.2	Gaze Project	O4	3	M	Bilingual	G130	06/09/2018	89100	1280 x 720		Raw Data	Ord4_T6_R.avi	190	0	900	720									83704	10:17:12.724	1536226406497034															0	6593		Fixation	8	507	396	1.30	201.60	291.60																				10043	710	407	697	396	703	401	513	401	284.85	126.08	279.97	130.44	282.41	128.26	300.97	205.91	742.40	341.16	203.59	704.74					769.52	769.52	4.19	4.18	0	0				
07/12/2018	3.3.2	Gaze Project	O4	3	M	Bilingual	G130	06/09/2018	89100	1280 x 720		Raw Data	Ord4_T6_R.avi	190	0	900	720									83712	10:17:12.733	1536226406505374															0	6594		Fixation	8	489	313	2.73	102.20	260.59																				10044	683	542	679	313	681	427	491	427	274.22	71.87	272.63	163.75	273.43	117.81	299.69	203.67	736.25	341.36	207.77	717.42					762.92	762.92	4.79	4.01	0	0				
07/12/2018	3.3.2	Gaze Project	O4	3	M	Bilingual	G130	06/09/2018	89100	1280 x 720		Raw Data	Ord4_T6_R.avi	190	0	900	720									83720	10:17:12.741	1536226406513732															0			Unclassified	8																									10045	706	563			706	563	516	563	283.26	63.41					299.25	204.01	737.91		-34.01						764.57		4.67		0	4				
07/12/2018	3.3.2	Gaze Project	O4	3	M	Bilingual	G130	06/09/2018	89100	1280 x 720		Raw Data	Ord4_T6_R.avi	190	0	900	720									83729	10:17:12.749	1536226406522088															0	6595		Fixation	8	537	369	2.35	310.51	208.31																				10046			727	369	727	369	537	369			291.82	141.41						340.06	207.63	717.35						0.00		4.25	4	0				
07/12/2018	3.3.2	Gaze Project	O4	3	M	Bilingual	G130	06/09/2018	89100	1280 x 720		Raw Data	Ord4_T6_R.avi	190	0	900	720									83737	10:17:12.758	1536226406530361															0	6596		Fixation	8	461	479	4.20	235.45	284.94																				10047	705	541	651	479	678	510	488	510	282.98	72.06	261.27	97.09	272.13	84.57	295.88	196.50	716.80	339.43	207.51	717.20					742.02	742.02	4.53	4.43	0	0				
07/12/2018	3.3.2	Gaze Project	O4	3	M	Bilingual	G130	06/09/2018	89100	1280 x 720		Raw Data	Ord4_T6_R.avi	190	0	900	720									83745	10:17:12.766	1536226406538690															0	6597		Fixation	8	466	416	2.00	85.48	210.03																				10048	684	493	656	416	670	454	480	454	274.37	91.31	263.36	122.31	268.87	106.81	295.30	196.20	716.51	337.94	202.84	703.47					741.62	741.62	4.38	4.22	0	0				
07/12/2018	3.3.2	Gaze Project	O4	3	M	Bilingual	G130	06/09/2018	89100	1280 x 720		Raw Data	Ord4_T6_R.avi	190	0	900	720									83754	10:17:12.774	1536226406547034															0	6598		Fixation	8	537	357	2.97	39.82	314.34																				10049	675	558	727	357	701	457	511	457	270.93	65.23	291.99	146.00	281.46	105.62	294.74	195.90	716.21	337.34	202.66	703.54					741.22	741.22	4.56	3.93	0	0				
07/12/2018	3.3.2	Gaze Project	O4	3	M	Bilingual	G130	06/09/2018	89100	1280 x 720		Raw Data	Ord4_T6_R.avi	190	0	900	720									83762	10:17:12.783	1536226406555404															0	6599		Fixation	8	520	402	1.56	249.37	209.55																				10050	707	558	710	402	708	480	518	480	283.81	65.28	284.97	128.24	284.39	96.76	294.18	195.60	716.34	336.77	202.59	703.57					741.21	741.21	4.42	4.27	0	0				
07/12/2018	3.3.2	Gaze Project	O4	3	M	Bilingual	G130	06/09/2018	89100	1280 x 720		Raw Data	Ord4_T6_R.avi	190	0	900	720									83770	10:17:12.791	1536226406563759															0	6600		Fixation	8	520	254	4.78	90.00	200.63																				10051	713	482	710	254	711	368	521	368	286.06	95.90	284.87	187.84	285.47	141.87	293.62	195.49	716.19	336.82	205.95	713.60					741.01	741.01	4.30	3.82	0	0				
07/12/2018	3.3.2	Gaze Project	O4	3	M	Bilingual	G130	06/09/2018	89100	1280 x 720		Raw Data	Ord4_T6_R.avi	190	0	900	720									83778	10:17:12.799	1536226406572018															0	6601		Fixation	8	487	320	2.38	243.51	153.51																				10052	673	489	677	320	675	404	485	404	270.33	92.91	271.57	161.28	270.95	127.09	293.06	195.11	715.59	335.62	202.43	703.64					740.30	740.30	4.28	3.86	0	0				
07/12/2018	3.3.2	Gaze Project	O4	3	M	Bilingual	G130	06/09/2018	89100	1280 x 720		Raw Data	Ord4_T6_R.avi	190	0	900	720									83787	10:17:12.808	1536226406580351															0	6602		Fixation	8	505	446	4.13	278.10	34.60																				10053	687	473	695	446	691	459	501	459	275.58	99.32	278.91	110.49	277.24	104.90	292.52	194.83	715.26	334.97	201.85	701.87					739.87	739.87	4.29	4.19	0	0				
07/12/2018	3.3.2	Gaze Project	O4	3	M	Bilingual	G130	06/09/2018	89100	1280 x 720		Raw Data	Ord4_T6_R.avi	190	0	900	720									83795	10:17:12.816	1536226406588714															0	6603		Fixation	8	508	465	0.62	278.94	0.84																				10054	678	564	698	465	688	514	498	514	272.17	62.76	280.36	102.86	276.27	82.81	291.97	194.63	715.15	334.39	201.61	701.41					739.68	739.68	4.50	4.35	0	0				
07/12/2018	3.3.2	Gaze Project	O4	3	M	Bilingual	G130	06/09/2018	89100	1280 x 720		Raw Data	Ord4_T6_R.avi	190	0	900	720									83804	10:17:12.824	1536226406597073															0	6604		Fixation	8	477	467	0.99	183.70	264.76																				10055	694	564	667	467	680	515	490	515	278.74	63.01	267.91	101.82	273.33	82.42	291.44	194.37	714.79	334.56	205.52	713.47					739.23	739.23	4.54	4.44	0	0				
07/12/2018	3.3.2	Gaze Project	O4	3	M	Bilingual	G130	06/09/2018	89100	1280 x 720		Raw Data	Ord4_T6_R.avi	190	0	900	720									83812	10:17:12.833	1536226406605351															0	6605		Fixation	8	529	393	2.86	54.99	231.29																				10056	713	507	719	393	716	450	526	450	286.40	85.72	288.67	131.51	287.53	108.62	290.90	197.64	725.59	334.08	205.69	714.21					750.47	750.47	4.48	4.13	0	0				
07/12/2018	3.3.2	Gaze Project	O4	3	M	Bilingual	G130	06/09/2018	89100	1280 x 720		Raw Data	Ord4_T6_R.avi	190	0	900	720									83820	10:17:12.841	1536226406613686															0			Unclassified	8																									10057	687	526			687	526	497	526	275.82	78.26					290.42	193.96	714.21		-34.01						738.51		4.37		0	4				
07/12/2018	3.3.2	Gaze Project	O4	3	M	Bilingual	G130	06/09/2018	89100	1280 x 720		Raw Data	Ord4_T6_R.avi	190	0	900	720									83828	10:17:12.849	1536226406622026															0	6606		Fixation	8	506	333	2.06	110.91	55.92																				10058	694	552	696	333	695	442	505	442	278.66	67.55	279.34	155.70	279.00	111.62	289.94	193.77	713.85	333.05	205.29	713.46					738.08	738.08	4.50	4.04	0	0				
07/12/2018	3.3.2	Gaze Project	O4	3	M	Bilingual	G130	06/09/2018	89100	1280 x 720		Raw Data	Ord4_T6_R.avi	190	0	900	720									83837	10:17:12.858	1536226406630387															0	6607		Fixation	8	518	338	0.42	337.31	226.40																				10059	675	547	708	338	691	442	501	442	270.83	69.77	284.32	153.77	277.58	111.77	289.45	196.51	722.76	332.50	204.58	711.49					747.37	747.37	4.40	4.22	0	0				
07/12/2018	3.3.2	Gaze Project	O4	3	M	Bilingual	G130	06/09/2018	89100	1280 x 720		Raw Data	Ord4_T6_R.avi	190	0	900	720									83845	10:17:12.866	1536226406638744															0			Unclassified	8																									10060																			-34.01										4	4				
07/12/2018	3.3.2	Gaze Project	O4	3	M	Bilingual	G130	06/09/2018	89100	1280 x 720		Raw Data	Ord4_T6_R.avi	190	0	900	720									83853	10:17:12.874	1536226406647012															0	6608		Fixation	8	544	296	1.60	58.32	81.01																				10061	686	553	734	296	710	424	520	424	275.17	67.44	294.58	170.61	284.87	119.03	288.67	193.44	712.89	331.03	200.43	699.00					737.01	737.01	4.40	3.53	0	0				
07/12/2018	3.3.2	Gaze Project	O4	3	M	Bilingual	G130	06/09/2018	89100	1280 x 720		Raw Data	Ord4_T6_R.avi	190	0	900	720									83862	10:17:12.883	1536226406655341															0	6609		Fixation	8	517	292	0.89	171.55	113.22																				10062	715	586	707	292	711	439	521	439	287.12	53.76	283.66	172.24	285.39	113.00	288.31	193.37	712.45	330.69	200.35	699.04					736.56	736.56	4.40	3.59	0	0				
07/12/2018	3.3.2	Gaze Project	O4	3	M	Bilingual	G130	06/09/2018	89100	1280 x 720		Raw Data	Ord4_T6_R.avi	190	0	900	720									83870	10:17:12.891	1536226406663695															0			Unclassified	8																									10063	672	546			672	546	482	546	269.65	69.98					287.90	196.42	721.93		-34.01						746.50		4.53		0	4				
07/12/2018	3.3.2	Gaze Project	O4	3	M	Bilingual	G130	06/09/2018	89100	1280 x 720		Raw Data	Ord4_T6_R.avi	190	0	900	720									83879	10:17:12.899	1536226406672054															0			Unclassified	8																									10064	679	562			679	562	489	562	272.57	63.56					287.65	193.31	711.60		-34.01						735.71		4.43		0	4				
07/12/2018	3.3.2	Gaze Project	O4	3	M	Bilingual	G130	06/09/2018	89100	1280 x 720		Raw Data	Ord4_T6_R.avi	190	0	900	720									83887	10:17:12.908	1536226406680399															0	6610		Fixation	8	447	562	9.02	255.51	83.96																				10065	662	564	637	562	649	563	459	563	265.78	62.88	255.86	63.70	260.82	63.29	287.36	193.36	711.27	329.79	200.27	697.57					735.39	735.39	4.45	4.67	0	0				
07/12/2018	3.3.2	Gaze Project	O4	3	M	Bilingual	G130	06/09/2018	89100	1280 x 720		Raw Data	Ord4_T6_R.avi	190	0	900	720									83895	10:17:12.916	1536226406688669															0	6611		Fixation	8	488	491	2.61	60.07	164.56																				10066	701	583	678	491	689	537	499	537	281.24	55.15	272.07	92.33	276.65	73.74	287.09	193.35	710.70	329.56	200.34	697.36					734.84	734.84	4.46	4.57	0	0				
07/12/2018	3.3.2	Gaze Project	O4	3	M	Bilingual	G130	06/09/2018	89100	1280 x 720		Raw Data	Ord4_T6_R.avi	190	0	900	720									83903	10:17:12.924	1536226406697005															0	6612		Fixation	8	490	394	3.15	88.82	28.75																				10067	685	562	680	394	682	478	492	478	275.06	63.58	272.89	131.16	273.98	97.37	286.84	193.40	710.27	329.33	200.33	696.87					734.44	734.44	4.32	4.03	0	0				
07/12/2018	3.3.2	Gaze Project	O4	3	M	Bilingual	G130	06/09/2018	89100	1280 x 720		Raw Data	Ord4_T6_R.avi	190	0	900	720									83912	10:17:12.933	1536226406705365															0	6613		Fixation	8	472	255	4.57	97.36	8.53																				10068	697	569	662	255	679	412	489	412	279.71	60.68	265.70	187.31	272.71	124.00	286.60	193.50	709.93	329.66	203.72	706.62					734.14	734.14	4.40	3.27	0	0				
07/12/2018	3.3.2	Gaze Project	O4	3	M	Bilingual	G130	06/09/2018	89100	1280 x 720		Raw Data	Ord4_T6_R.avi	190	0	900	720									83920	10:17:12.941	1536226406713723															0	6614		Fixation	8	532	330	3.14	308.57	211.21																				10069	678	528	722	330	700	429	510	429	272.19	77.28	289.83	157.12	281.01	117.20	286.39	193.55	709.44	328.94	200.42	696.12					733.67	733.67	4.33	3.74	0	0				
07/12/2018	3.3.2	Gaze Project	O4	3	M	Bilingual	G130	06/09/2018	89100	1280 x 720		Raw Data	Ord4_T6_R.avi	190	0	900	720									83928	10:17:12.949	1536226406721985															0	6615		Fixation	8	491	345	1.43	200.15	251.58																				10070	672	520	681	345	676	432	486	432	269.82	80.59	273.50	150.83	271.66	115.71	286.20	193.65	709.03	328.79	200.51	695.84					733.31	733.31	4.30	3.94	0	0				
07/12/2018	3.3.2	Gaze Project	O4	3	M	Bilingual	G130	06/09/2018	89100	1280 x 720		Raw Data	Ord4_T6_R.avi	190	0	900	720									83937	10:17:12.958	1536226406730341															0	6616		Fixation	8	523	317	1.38	41.28	201.12																				10071	718	597	713	317	715	457	525	457	288.31	49.73	286.15	162.44	287.23	106.09	286.02	193.73	709.00	329.29	204.78	708.05					733.30	733.30	4.42	3.80	0	0				
07/12/2018	3.3.2	Gaze Project	O4	3	M	Bilingual	G130	06/09/2018	89100	1280 x 720		Raw Data	Ord4_T6_R.avi	190	0	900	720									83945	10:17:12.966	1536226406738676															0			Unclassified	8																									10072	701	592			701	592	511	592	281.31	51.51					285.86	193.83	708.16		-34.01						732.52		4.45		0	4				
07/12/2018	3.3.2	Gaze Project	O4	3	M	Bilingual	G130	06/09/2018	89100	1280 x 720		Raw Data	Ord4_T6_R.avi	190	0	900	720									83954	10:17:12.974	1536226406747035															0	6617		Fixation	8	479	239	2.91	119.35	78.07																				10073	679	488	669	239	674	363	484	363	272.62	93.52	268.58	193.63	270.60	143.57	285.71	193.92	707.70	329.03	204.80	707.00					732.11	732.11	4.13	3.47	0	0				
07/12/2018	3.3.2	Gaze Project	O4	3	M	Bilingual	G130	06/09/2018	89100	1280 x 720		Raw Data	Ord4_T6_R.avi	190	0	900	720									83962	10:17:12.983	1536226406755389															0	6618		Fixation	8	523	425	6.25	283.27	163.92																				10074	676	557	713	425	694	491	504	491	271.34	65.58	286.33	118.62	278.83	92.10	285.58	194.01	707.26	328.31	200.78	694.49					731.72	731.72	4.38	4.12	0	0				
07/12/2018	3.3.2	Gaze Project	O4	3	M	Bilingual	G130	06/09/2018	89100	1280 x 720		Raw Data	Ord4_T6_R.avi	190	0	900	720									83970	10:17:12.991	1536226406763664															0	6619		Fixation	8	514	385	1.35	102.64	179.37																				10075	705	560	704	385	704	472	514	472	283.12	64.41	282.72	134.75	282.92	99.58	285.47	194.10	706.85	328.23	200.84	694.16					731.36	731.36	4.45	4.05	0	0				
07/12/2018	3.3.2	Gaze Project	O4	3	M	Bilingual	G130	06/09/2018	89100	1280 x 720		Raw Data	Ord4_T6_R.avi	190	0	900	720									83978	10:17:12.999	1536226406771996															0	6620		Fixation	8	503	338	1.59	103.13	0.49																				10076	684	553	693	338	688	445	498	445	274.43	67.39	278.14	154.00	276.29	110.69	285.37	194.20	706.49	328.17	200.91	693.88					731.04	731.04	4.37	3.77	0	0				
07/12/2018	3.3.2	Gaze Project	O4	3	M	Bilingual	G130	06/09/2018	89100	1280 x 720		Raw Data	Ord4_T6_R.avi	190	0	900	720									83987	10:17:13.008	1536226406780337															0	6621		Fixation	8	497	392	1.79	263.68	160.55																				10077	698	542	687	392	692	467	502	467	280.12	71.55	275.90	132.07	278.01	101.81	285.28	194.28	706.04	328.12	200.96	693.57					730.64	730.64	4.36	3.94	0	0				
07/12/2018	3.3.2	Gaze Project	O4	3	M	Bilingual	G130	06/09/2018	89100	1280 x 720		Raw Data	Ord4_T6_R.avi	190	0	900	720									83995	10:17:13.016	1536226406788704															0	6622		Fixation	8	546	240	5.24	72.19	168.51																				10078	674	424	736	240	705	332	515	332	270.48	119.39	295.55	193.23	283.02	156.31	285.22	194.37	705.64	328.58	204.21	702.87					730.28	730.28	4.02	3.26	0	0				
07/12/2018	3.3.2	Gaze Project	O4	3	M	Bilingual	G130	06/09/2018	89100	1280 x 720		Raw Data	Ord4_T6_R.avi	190	0	900	720									84004	10:17:13.024	1536226406797061															0	6623		Fixation	8	536	341	3.34	264.36	192.18																				10079	711	457	726	341	718	399	528	399	285.34	105.92	291.30	152.79	288.32	129.35	285.23	194.50	705.31	328.11	201.14	693.10					730.00	730.00	4.21	3.97	0	0				
07/12/2018	3.3.2	Gaze Project	O4	3	M	Bilingual	G130	06/09/2018	89100	1280 x 720		Raw Data	Ord4_T6_R.avi	190	0	900	720									84012	10:17:13.033	1536226406805332															0	6624		Fixation	8	534	358	0.57	263.31	358.95																				10080	753	378	724	358	738	368	548	368	302.19	137.65	290.70	145.89	296.45	141.77	285.08	198.16	716.08	328.11	201.16	692.75					741.37	741.37	4.02	4.00	0	0				
07/12/2018	3.3.2	Gaze Project	O4	3	M	Bilingual	G130	06/09/2018	89100	1280 x 720		Raw Data	Ord4_T6_R.avi	190	0	900	720									84020	10:17:13.041	1536226406813654															0	6625		Fixation	8	546	377	0.74	302.19	38.88																				10081	732	555	736	377	734	466	544	466	293.88	66.45	295.55	138.19	294.71	102.32	285.14	194.66	704.62	328.08	201.19	692.51					729.40	729.40	4.41	4.15	0	0				
07/12/2018	3.3.2	Gaze Project	O4	3	M	Bilingual	G130	06/09/2018	89100	1280 x 720		Raw Data	Ord4_T6_R.avi	190	0	900	720									84028	10:17:13.049	1536226406822019															0	6626		Fixation	8	570	309	2.39	70.62	128.43																				10082	715	503	760	309	737	406	547	406	287.12	87.50	304.89	165.67	296.00	126.59	285.07	194.71	704.32	328.05	201.18	692.21					729.12	729.12	4.38	3.79	0	0				
07/12/2018	3.3.2	Gaze Project	O4	3	M	Bilingual	G130	06/09/2018	89100	1280 x 720		Raw Data	Ord4_T6_R.avi	190	0	900	720									84037	10:17:13.058	1536226406830378															0	6627		Fixation	8	597	268	1.63	56.72	346.10																				10083	705	449	787	268	746	358	556	358	283.01	109.03	315.83	181.93	299.42	145.48	285.02	194.73	703.96	328.02	201.19	691.98					728.78	728.78	4.04	3.59	0	0				
07/12/2018	3.3.2	Gaze Project	O4	3	M	Bilingual	G130	06/09/2018	89100	1280 x 720		Raw Data	Ord4_T6_R.avi	190	0	900	720									84045	10:17:13.066	1536226406838646															0	6628		Fixation	8	580	290	0.92	232.39	175.68																				10084	732	456	770	290	751	373	561	373	294.01	106.33	308.93	173.05	301.47	139.69	284.98	194.75	703.65	328.01	201.19	691.79					728.50	728.50	4.15	3.60	0	0				
07/12/2018	3.3.2	Gaze Project	O4	3	M	Bilingual	G130	06/09/2018	89100	1280 x 720		Raw Data	Ord4_T6_R.avi	190	0	900	720									84053	10:17:13.074	1536226406846993															0	6629		Fixation	8	541	393	3.65	249.32	16.93																				10085	720	488	731	393	725	440	535	440	289.14	93.39	293.47	131.67	291.31	112.53	284.95	194.78	703.44	328.00	201.14	691.53					728.31	728.31	4.20	4.00	0	0				
07/12/2018	3.3.2	Gaze Project	O4	3	M	Bilingual	G130	06/09/2018	89100	1280 x 720		Raw Data	Ord4_T6_R.avi	190	0	900	720									84062	10:17:13.083	1536226406855331															0	6630		Fixation	8	526	385	0.56	151.85	262.53																				10086	737	502	716	385	726	443	536	443	295.73	87.81	287.32	134.73	291.52	111.27	284.93	194.76	703.11	328.00	201.11	691.32					727.99	727.99	4.21	3.97	0	0				
07/12/2018	3.3.2	Gaze Project	O4	3	M	Bilingual	G130	06/09/2018	89100	1280 x 720		Raw Data	Ord4_T6_R.avi	190	0	900	720									84070	10:17:13.091	1536226406863674															0	6631		Fixation	8	566	383	1.32	2.87	211.02																				10087	729	399	756	383	742	391	552	391	292.64	129.25	303.27	135.71	297.95	132.48	284.79	198.92	715.79	328.02	201.06	691.13					741.32	741.32	4.09	3.95	0	0				
07/12/2018	3.3.2	Gaze Project	O4	3	M	Bilingual	G130	06/09/2018	89100	1280 x 720		Raw Data	Ord4_T6_R.avi	190	0	900	720									84079	10:17:13.099	1536226406872044															0	6632		Fixation	8	522	394	1.50	194.08	191.21																				10088	703	449	712	394	707	421	517	421	282.34	108.98	285.90	131.40	284.12	120.19	286.16	199.40	716.28	328.04	201.00	690.93					741.98	741.98	4.23	4.11	0	0				
07/12/2018	3.3.2	Gaze Project	O4	3	M	Bilingual	G130	06/09/2018	89100	1280 x 720		Raw Data	Ord4_T6_R.avi	190	0	900	720									84087	10:17:13.108	1536226406880307															0	6633		Fixation	8	528	396	0.21	341.51	147.43																				10089	721	494	718	396	719	445	529	445	289.57	91.00	288.35	130.32	288.96	110.66	284.95	194.66	702.36	328.07	200.93	690.73					727.25	727.25	4.21	4.07	0	0				
07/12/2018	3.3.2	Gaze Project	O4	3	M	Bilingual	G130	06/09/2018	89100	1280 x 720		Raw Data	Ord4_T6_R.avi	190	0	900	720									84095	10:17:13.116	1536226406888636															0	6634		Fixation	8	532	445	1.62	274.65	293.14																				10090	711	415	722	445	716	430	526	430	285.32	122.68	289.66	110.90	287.49	116.79	284.99	194.58	702.40	328.11	200.85	690.53					727.26	727.26	3.93	4.51	0	0				
07/12/2018	3.3.2	Gaze Project	O4	3	M	Bilingual	G130	06/09/2018	89100	1280 x 720		Raw Data	Ord4_T6_R.avi	190	0	900	720									84103	10:17:13.124	1536226406896999															0	6635		Fixation	8	545	360	2.84	81.33	166.68																				10091	728	458	735	360	731	409	541	409	292.34	105.56	295.16	145.16	293.75	125.36	285.01	194.55	701.93	328.16	200.78	690.37					726.81	726.81	4.12	3.96	0	0				
07/12/2018	3.3.2	Gaze Project	O4	3	M	Bilingual	G130	06/09/2018	89100	1280 x 720		Raw Data	Ord4_T6_R.avi	190	0	900	720									84112	10:17:13.133	1536226406905358															0	6636		Fixation	8	559	332	1.04	63.51	342.18																				10092	721	431	749	332	735	381	545	381	289.60	116.52	300.74	156.23	295.17	136.37	285.04	194.48	701.69	328.22	200.70	690.19					726.56	726.56	4.03	3.65	0	0				
07/12/2018	3.3.2	Gaze Project	O4	3	M	Bilingual	G130	06/09/2018	89100	1280 x 720		Raw Data	Ord4_T6_R.avi	190	0	900	720									84120	10:17:13.141	1536226406913635															0	6637		Fixation	8	554	381	1.63	264.19	200.68																				10093	734	500	744	381	739	440	549	440	294.49	88.62	298.66	136.52	296.58	112.57	285.09	194.41	701.53	328.26	200.61	690.00					726.39	726.39	4.14	4.04	0	0				
07/12/2018	3.3.2	Gaze Project	O4	3	M	Bilingual	G130	06/09/2018	89100	1280 x 720		Raw Data	Ord4_T6_R.avi	190	0	900	720									84128	10:17:13.149	1536226406921980															0	6638		Fixation	8	564	391	0.47	314.91	50.72																				10094	742	443	754	391	748	417	558	417	297.80	111.44	302.74	132.39	300.27	121.92	285.14	194.34	701.34	328.31	200.52	689.79					726.19	726.19	4.05	4.11	0	0				
07/12/2018	3.3.2	Gaze Project	O4	3	M	Bilingual	G130	06/09/2018	89100	1280 x 720		Raw Data	Ord4_T6_R.avi	190	0	900	720									84137	10:17:13.158	1536226406930306															0	6639		Fixation	8	543	306	2.91	103.83	148.93																				10095	735	515	733	306	734	410	544	410	294.98	82.40	294.07	166.61	294.53	124.51	285.18	194.25	701.19	328.36	200.44	689.64					726.02	726.02	4.19	3.74	0	0				
07/12/2018	3.3.2	Gaze Project	O4	3	M	Bilingual	G130	06/09/2018	89100	1280 x 720		Raw Data	Ord4_T6_R.avi	190	0	900	720									84145	10:17:13.166	1536226406938671															0	6640		Fixation	8	562	291	0.81	38.38	294.55																				10096	712	461	752	291	732	376	542	376	285.73	104.28	301.94	172.78	293.84	138.53	285.12	197.58	711.67	328.41	200.37	689.53					737.01	737.01	4.19	3.57	0	0				
07/12/2018	3.3.2	Gaze Project	O4	3	M	Bilingual	G130	06/09/2018	89100	1280 x 720		Raw Data	Ord4_T6_R.avi	190	0	900	720									84153	10:17:13.174	1536226406947027															0	6641		Fixation	8	582	286	0.69	14.08	335.70																				10097	759	385	772	286	765	335	575	335	304.77	135.00	309.77	174.89	307.27	154.94	285.26	194.04	700.83	328.44	200.28	689.35					725.61	725.61	3.80	3.37	0	0				
07/12/2018	3.3.2	Gaze Project	O4	3	M	Bilingual	G130	06/09/2018	89100	1280 x 720		Raw Data	Ord4_T6_R.avi	190	0	900	720									84162	10:17:13.183	1536226406955294															0	6642		Fixation	8	610	275	1.00	21.51	7.43																				10098	745	451	800	275	772	363	582	363	299.07	108.43	320.93	179.06	310.00	143.75	285.31	193.97	700.80	328.92	203.03	697.71					725.56	725.56	4.02	3.45	0	0				
07/12/2018	3.3.2	Gaze Project	O4	3	M	Bilingual	G130	06/09/2018	89100	1280 x 720		Raw Data	Ord4_T6_R.avi	190	0	900	720									84170	10:17:13.191	1536226406963655															0	6643		Fixation	8	586	264	0.88	155.31	133.80																				10099	723	481	776	264	749	372	559	372	290.26	96.28	311.51	183.44	300.89	139.86	285.35	193.86	700.63	328.51	200.12	689.10					725.37	725.37	4.12	3.44	0	0				
07/12/2018	3.3.2	Gaze Project	O4	3	M	Bilingual	G130	06/09/2018	89100	1280 x 720		Raw Data	Ord4_T6_R.avi	190	0	900	720									84178	10:17:13.199	1536226406971986															0	6644		Fixation	8	528	484	7.48	255.28	99.97																				10100	712	443	718	484	715	463	525	463	285.73	111.50	288.01	95.20	286.87	103.35	285.40	193.70	700.69	329.05	203.37	698.90					725.38	725.38	3.95	4.61	0	0				
07/12/2018	3.3.2	Gaze Project	O4	3	M	Bilingual	G130	06/09/2018	89100	1280 x 720		Raw Data	Ord4_T6_R.avi	190	0	900	720									84187	10:17:13.208	1536226406980349															0	6645		Fixation	8	561	353	4.42	75.90	180.63																				10101	728	507	751	353	739	430	549	430	292.15	85.60	301.42	147.80	296.78	116.70	285.42	193.66	700.41	328.56	199.94	688.77					725.10	725.10	4.25	3.88	0	0				
07/12/2018	3.3.2	Gaze Project	O4	3	M	Bilingual	G130	06/09/2018	89100	1280 x 720		Raw Data	Ord4_T6_R.avi	190	0	900	720									84195	10:17:13.216	1536226406988696															0	6646		Fixation	8	557	406	1.76	265.70	189.79																				10102	723	453	747	406	735	429	545	429	290.18	107.40	299.82	126.64	295.00	117.02	285.45	193.60	700.34	328.58	199.87	688.65					725.01	725.01	4.10	4.11	0	0				
07/12/2018	3.3.2	Gaze Project	O4	3	M	Bilingual	G130	06/09/2018	89100	1280 x 720		Raw Data	Ord4_T6_R.avi	190	0	900	720									84203	10:17:13.224	1536226406996964															0	6647		Fixation	8	559	384	0.73	84.82	179.12																				10103	748	431	749	384	748	407	558	407	300.27	116.30	300.76	135.17	300.52	125.73	285.49	193.45	700.40	328.60	199.82	688.57					725.03	725.03	3.96	4.05	0	0				
07/12/2018	3.3.2	Gaze Project	O4	3	M	Bilingual	G130	06/09/2018	89100	1280 x 720		Raw Data	Ord4_T6_R.avi	190	0	900	720									84212	10:17:13.233	1536226407005295															0	6648		Fixation	8	522	398	1.31	200.79	115.96																				10104	751	456	712	398	731	427	541	427	301.61	106.18	285.81	129.70	293.71	117.94	285.51	193.49	700.21	328.62	199.74	688.38					724.86	724.86	4.03	4.05	0	0				
07/12/2018	3.3.2	Gaze Project	O4	3	M	Bilingual	G130	06/09/2018	89100	1280 x 720		Raw Data	Ord4_T6_R.avi	190	0	900	720									84220	10:17:13.241	1536226407013651															0	6649		Fixation	8	550	392	0.95	12.13	171.35																				10105	744	487	740	392	742	439	552	439	298.67	93.91	296.98	132.26	297.83	113.09	285.55	193.46	700.18	328.65	199.69	688.28					724.82	724.82	4.04	4.10	0	0				
07/12/2018	3.3.2	Gaze Project	O4	3	M	Bilingual	G130	06/09/2018	89100	1280 x 720		Raw Data	Ord4_T6_R.avi	190	0	900	720									84228	10:17:13.249	1536226407022010															0	6650		Fixation	8	563	364	1.02	65.17	53.03																				10106	738	459	753	364	745	411	555	411	296.41	105.12	302.39	143.33	299.40	124.23	285.58	193.39	700.00	328.68	199.66	688.21					724.64	724.64	4.08	3.96	0	0				
07/12/2018	3.3.2	Gaze Project	O4	3	M	Bilingual	G130	06/09/2018	89100	1280 x 720		Raw Data	Ord4_T6_R.avi	190	0	900	720									84237	10:17:13.258	1536226407030289															0	6651		Fixation	8	545	383	0.86	226.64	161.47																				10107	752	426	735	383	743	404	553	404	301.81	118.55	295.01	135.70	298.41	127.12	285.63	193.37	699.95	329.16	202.36	696.36					724.59	724.59	3.90	4.43	0	0				
07/12/2018	3.3.2	Gaze Project	O4	3	M	Bilingual	G130	06/09/2018	89100	1280 x 720		Raw Data	Ord4_T6_R.avi	190	0	900	720									84245	10:17:13.266	1536226407038625															0	6652		Fixation	8	550	431	1.58	275.93	49.29																				10108	722	445	740	431	731	438	541	438	289.83	110.68	297.24	116.56	293.53	113.62	285.68	193.36	699.89	329.24	202.60	697.07					724.52	724.52	4.02	4.35	0	0				
07/12/2018	3.3.2	Gaze Project	O4	3	M	Bilingual	G130	06/09/2018	89100	1280 x 720		Raw Data	Ord4_T6_R.avi	190	0	900	720									84253	10:17:13.274	1536226407046965															0	6653		Fixation	8	551	356	2.47	89.24	173.31																				10109	733	385	741	356	737	370	547	370	294.18	134.85	297.28	146.39	295.73	140.62	285.75	193.26	699.93	328.83	199.52	687.89					724.53	724.53	3.81	3.90	0	0				
07/12/2018	3.3.2	Gaze Project	O4	3	M	Bilingual	G130	06/09/2018	89100	1280 x 720		Raw Data	Ord4_T6_R.avi	190	0	900	720									84262	10:17:13.283	1536226407055327															0	6654		Fixation	8	520	269	3.09	109.55	20.32																				10110	762	430	710	269	736	349	546	349	305.89	116.88	284.88	181.61	295.39	149.25	285.80	193.33	699.73	328.90	199.49	687.80					724.37	724.37	3.74	3.42	0	0				
07/12/2018	3.3.2	Gaze Project	O4	3	M	Bilingual	G130	06/09/2018	89100	1280 x 720		Raw Data	Ord4_T6_R.avi	190	0	900	720									84270	10:17:13.291	1536226407063681															0	6655		Fixation	8	520	373	3.47	270.00	160.45																				10111	759	581	710	373	734	477	544	477	304.62	55.88	284.86	139.83	294.74	97.85	285.88	193.46	699.68	328.98	199.45	687.71					724.36	724.36	4.37	3.89	0	0				
07/12/2018	3.3.2	Gaze Project	O4	3	M	Bilingual	G130	06/09/2018	89100	1280 x 720		Raw Data	Ord4_T6_R.avi	190	0	900	720									84278	10:17:13.299	1536226407071946															0	6656		Fixation	8	557	438	2.48	299.57	29.57																				10112	759	416	747	438	753	427	563	427	304.82	122.26	299.69	113.72	302.25	117.99	285.96	193.31	699.55	329.07	199.43	687.65					724.20	724.20	3.85	4.36	0	0				
07/12/2018	3.3.2	Gaze Project	O4	3	M	Bilingual	G130	06/09/2018	89100	1280 x 720		Raw Data	Ord4_T6_R.avi	190	0	900	720									84287	10:17:13.307	1536226407080277															0	6657		Fixation	8	526	475	1.59	230.13	290.56																				10113	738	469	716	475	727	472	537	472	296.15	101.04	287.43	98.77	291.79	99.90	286.05	193.28	699.38	329.17	199.40	687.59					724.04	724.04	3.98	4.50	0	0				
07/12/2018	3.3.2	Gaze Project	O4	3	M	Bilingual	G130	06/09/2018	89100	1280 x 720		Raw Data	Ord4_T6_R.avi	190	0	900	720									84295	10:17:13.316	1536226407088637															0			Unclassified	8																									10114	742	559			742	559	552	559	297.84	64.75					286.17	193.20	699.42		-34.01						724.05		4.44		0	4				
07/12/2018	3.3.2	Gaze Project	O4	3	M	Bilingual	G130	06/09/2018	89100	1280 x 720		Raw Data	Ord4_T6_R.avi	190	0	900	720									84303	10:17:13.324	1536226407096988															0	6658		Fixation	8	591	317	5.66	67.70	197.57																				10115	726	405	781	317	753	361	563	361	291.27	127.01	313.49	162.46	302.38	144.74	286.25	193.29	699.21	329.41	199.52	687.54					723.88	723.88	3.87	3.50	0	0				
07/12/2018	3.3.2	Gaze Project	O4	3	M	Bilingual	G130	06/09/2018	89100	1280 x 720		Raw Data	Ord4_T6_R.avi	190	0	900	720									84312	10:17:13.333	1536226407105347															0	6659		Fixation	8	539	398	3.20	237.38	169.68																				10116	733	449	729	398	731	423	541	423	294.12	109.06	292.43	129.84	293.27	119.45	286.37	193.29	699.09	329.53	199.36	687.41					723.77	723.77	3.98	4.00	0	0				
07/12/2018	3.3.2	Gaze Project	O4	3	M	Bilingual	G130	06/09/2018	89100	1280 x 720		Raw Data	Ord4_T6_R.avi	190	0	900	720									84320	10:17:13.341	1536226407113610															0	6660		Fixation	8	561	393	0.75	12.84	135.46																				10117	748	558	751	393	749	475	559	475	300.13	65.05	301.51	131.52	300.82	98.29	286.52	193.28	699.00	329.69	199.31	687.30					723.69	723.69	4.24	3.93	0	0				
07/12/2018	3.3.2	Gaze Project	O4	3	M	Bilingual	G130	06/09/2018	89100	1280 x 720		Raw Data	Ord4_T6_R.avi	190	0	900	720									84328	10:17:13.349	1536226407121939															0	6661		Fixation	8	647	342	3.30	30.75	17.91																				10118	826	606	837	342	831	474	641	474	331.64	45.71	335.95	152.13	333.79	98.92	286.78	193.19	698.87	330.64	203.74	700.53					723.55	723.55	4.15	3.64	0	0				
07/12/2018	3.3.2	Gaze Project	O4	3	M	Bilingual	G130	06/09/2018	89100	1280 x 720		Raw Data	Ord4_T6_R.avi	190	0	900	720									84337	10:17:13.358	1536226407130289															0	6662		Fixation	8	657	622	9.02	272.04	241.29																				10119	875	657	847	622	861	639	671	639	351.36	25.46	340.09	39.53	345.72	32.50	288.18	197.20	710.73	330.74	202.60	697.49					736.11	736.11	4.25	4.47	0	0				
07/12/2018	3.3.2	Gaze Project	O4	3	M	Bilingual	G130	06/09/2018	89100	1280 x 720		Raw Data	Ord4_T6_R.avi	190	0	900	720									84345	10:17:13.366	1536226407138649															0	6663		Fixation	8	725	636	2.22	348.33	76.29																				10120	909	651	915	636	912	643	722	643	364.72	27.69	367.23	33.92	365.97	30.81	287.33	193.03	698.75	331.03	202.73	698.07					723.41	723.41	4.03	4.51	0	0				
07/12/2018	3.3.2	Gaze Project	O4	3	M	Bilingual	G130	06/09/2018	89100	1280 x 720		Raw Data	Ord4_T6_R.avi	190	0	900	720									84353	10:17:13.374	1536226407146933															0	6664		Fixation	8	804	620	2.57	11.49	23.16																				10121	944	703	994	620	969	661	779	661	378.99	6.77	399.06	40.30	389.02	23.54	287.54	192.99	698.67	331.34	203.05	699.13					723.33	723.33	4.00	3.95	0	0				
07/12/2018	3.3.2	Gaze Project	O4	3	M	Bilingual	G130	06/09/2018	89100	1280 x 720		Raw Data	Ord4_T6_R.avi	190	0	900	720									84362	10:17:13.383	1536226407155287															0	6665		Fixation	8	879	674	2.88	324.16	312.67																				10122	967	736	1069	674	1018	705	828	705	388.26	-6.33	428.91	18.70	408.59	6.19	287.71	192.96	698.54	330.89	199.04	687.27					723.20	723.20	3.98	3.67	0	0				
07/12/2018	3.3.2	Gaze Project	O4	3	M	Bilingual	G130	06/09/2018	89100	1280 x 720		Raw Data	Ord4_T6_R.avi	190	0	900	720									84370	10:17:13.391	1536226407163615															0	6666		Fixation	8	787	550	4.87	126.48	162.33																				10123	921	718	977	550	949	634	759	634	369.85	0.86	392.37	68.61	381.11	34.73	287.87	192.98	698.52	331.10	199.04	687.28					723.20	723.20	4.11	3.73	0	0				
07/12/2018	3.3.2	Gaze Project	O4	3	M	Bilingual	G130	06/09/2018	89100	1280 x 720		Raw Data	Ord4_T6_R.avi	190	0	900	720									84378	10:17:13.399	1536226407171959															0	6667		Fixation	8	774	674	3.98	264.03	137.55																				10124	960	711	964	674	962	692	772	692	385.32	3.49	386.85	18.43	386.08	10.96	287.99	195.35	706.01	331.30	199.02	687.25					731.04	731.04	3.95	4.06	0	0				
07/12/2018	3.3.2	Gaze Project	O4	3	M	Bilingual	G130	06/09/2018	89100	1280 x 720		Raw Data	Ord4_T6_R.avi	190	0	900	720									84387	10:17:13.408	1536226407180335															0	6668		Fixation	8	796	620	1.86	67.90	163.86																				10125	981	723	986	620	983	671	793	671	393.98	-1.06	395.93	40.39	394.96	19.66	288.20	192.93	698.31	331.50	199.00	687.23					723.00	723.00	3.95	4.07	0	0				
07/12/2018	3.3.2	Gaze Project	O4	3	M	Bilingual	G130	06/09/2018	89100	1280 x 720		Raw Data	Ord4_T6_R.avi	190	0	900	720									84395	10:17:13.416	1536226407188599															0	6669		Fixation	8	835	643	1.44	329.39	261.49																				10126	961	697	1025	643	993	670	803	670	385.59	9.10	411.50	30.84	398.55	19.97	288.36	192.89	698.18	331.70	199.00	687.25					722.87	722.87	4.02	3.75	0	0				
07/12/2018	3.3.2	Gaze Project	O4	3	M	Bilingual	G130	06/09/2018	89100	1280 x 720		Raw Data	Ord4_T6_R.avi	190	0	900	720									84403	10:17:13.424	1536226407196939															0	6670		Fixation	8	860	673	1.22	309.71	340.33																				10127	964	699	1050	673	1007	686	817	686	387.11	8.49	421.46	18.97	404.28	13.73	288.53	192.90	698.21	331.89	199.00	687.25					722.91	722.91	4.02	3.88	0	0				
07/12/2018	3.3.2	Gaze Project	O4	3	M	Bilingual	G130	06/09/2018	89100	1280 x 720		Raw Data	Ord4_T6_R.avi	190	0	900	720									84412	10:17:13.432	1536226407205274															0	6671		Fixation	8	825	543	4.25	105.02	155.31																				10128	960	654	1015	543	987	598	797	598	385.44	26.43	407.61	71.10	396.53	48.77	288.69	192.85	698.08	332.07	199.01	687.25					722.77	722.77	3.88	3.64	0	0				
07/12/2018	3.3.2	Gaze Project	O4	3	M	Bilingual	G130	06/09/2018	89100	1280 x 720		Raw Data	Ord4_T6_R.avi	190	0	900	720									84420	10:17:13.441	1536226407213646															0	6672		Fixation	8	801	694	4.87	261.00	155.98																				10129	958	731	991	694	974	712	784	712	384.66	-4.49	397.62	10.31	391.14	2.91	288.85	192.84	698.04	332.25	199.03	687.25					722.74	722.74	4.20	4.11	0	0				
07/12/2018	3.3.2	Gaze Project	O4	3	M	Bilingual	G130	06/09/2018	89100	1280 x 720		Raw Data	Ord4_T6_R.avi	190	0	900	720									84428	10:17:13.449	1536226407222000															0	6673		Fixation	8	776	704	0.87	201.87	300.87																				10130	943	726	966	704	954	715	764	715	378.49	-2.42	387.77	6.38	383.13	1.98	289.00	192.82	697.99	332.41	199.06	687.27					722.69	722.69	4.19	4.06	0	0				
07/12/2018	3.3.2	Gaze Project	O4	3	M	Bilingual	G130	06/09/2018	89100	1280 x 720		Raw Data	Ord4_T6_R.avi	190	0	900	720									84437	10:17:13.457	1536226407230261															0	6674		Fixation	8	803	692	0.95	24.03	182.17																				10131	942	718	993	692	967	705	777	705	377.99	0.66	398.63	11.45	388.31	6.06	289.13	192.79	697.92	332.55	199.08	687.24					722.63	722.63	4.14	3.96	0	0				
07/12/2018	3.3.2	Gaze Project	O4	3	M	Bilingual	G130	06/09/2018	89100	1280 x 720		Raw Data	Ord4_T6_R.avi	190	0	900	720									84445	10:17:13.466	1536226407238596															0	6675		Fixation	8	802	686	0.19	99.43	75.40																				10132	967	715	992	686	979	700	789	700	388.15	2.16	398.14	13.51	393.14	7.84	289.24	192.78	697.88	332.67	199.12	687.27					722.58	722.58	4.09	3.93	0	0				
07/12/2018	3.3.2	Gaze Project	O4	3	M	Bilingual	G130	06/09/2018	89100	1280 x 720		Raw Data	Ord4_T6_R.avi	190	0	900	720									84453	10:17:13.474	1536226407246957															0	6676		Fixation	8	801	583	3.26	90.55	351.12																				10133	964	723	991	583	977	653	787	653	386.90	-1.10	397.66	55.13	392.28	27.01	289.35	192.79	697.92	332.77	199.16	687.31					722.63	722.63	4.03	3.84	0	0				
07/12/2018	3.3.2	Gaze Project	O4	3	M	Bilingual	G130	06/09/2018	89100	1280 x 720		Raw Data	Ord4_T6_R.avi	190	0	900	720									84462	10:17:13.483	1536226407255313															0	6677		Fixation	8	803	709	3.97	270.91	180.35																				10134	953	729	993	709	973	719	783	719	382.40	-3.45	398.66	4.30	390.53	0.42	289.39	195.57	706.66	332.86	199.17	687.32					731.80	731.80	4.36	3.99	0	0				
07/12/2018	3.3.2	Gaze Project	O4	3	M	Bilingual	G130	06/09/2018	89100	1280 x 720		Raw Data	Ord4_T6_R.avi	190	0	900	720									84470	10:17:13.491	1536226407263559															0	6678		Fixation	8	827	697	0.86	26.64	115.73																				10135	975	715	1017	697	996	706	806	706	391.42	1.97	408.34	9.37	399.88	5.67	289.50	192.80	697.99	332.93	199.18	687.35					722.71	722.71	4.04	4.14	0	0				
07/12/2018	3.3.2	Gaze Project	O4	3	M	Bilingual	G130	06/09/2018	89100	1280 x 720		Raw Data	Ord4_T6_R.avi	190	0	900	720									84478	10:17:13.499	1536226407271923															0	6679		Fixation	8	801	668	1.20	131.79	105.15																				10136	939	726	991	668	965	697	775	697	376.77	-2.27	397.96	20.99	387.37	9.36	289.56	192.81	698.08	333.56	202.43	697.14					722.80	722.80	4.15	4.09	0	0				
07/12/2018	3.3.2	Gaze Project	O4	3	M	Bilingual	G130	06/09/2018	89100	1280 x 720		Raw Data	Ord4_T6_R.avi	190	0	900	720									84487	10:17:13.507	1536226407280268															0	6680		Fixation	8	785	680	0.64	216.96	85.17																				10137	950	749	975	680	962	714	772	714	381.17	-11.64	391.41	16.27	386.29	2.31	289.61	192.81	698.13	333.03	199.16	687.45					722.85	722.85	4.08	4.11	0	0				
07/12/2018	3.3.2	Gaze Project	O4	3	M	Bilingual	G130	06/09/2018	89100	1280 x 720		Raw Data	Ord4_T6_R.avi	190	0	900	720									84495	10:17:13.516	1536226407288613															0	6681		Fixation	8	782	698	0.57	260.57	43.61																				10138	1003	693	972	698	987	695	797	695	402.46	11.00	390.33	8.66	396.39	9.83	289.67	192.85	698.33	333.08	199.14	687.52					723.06	723.06	3.72	4.19	0	0				
07/12/2018	3.3.2	Gaze Project	O4	3	M	Bilingual	G130	06/09/2018	89100	1280 x 720		Raw Data	Ord4_T6_R.avi	190	0	900	720									84503	10:17:13.524	1536226407296980															0	6682		Fixation	8	779	694	0.15	126.78	226.21																				10139	971	739	969	694	970	716	780	716	389.94	-7.58	389.07	10.45	389.51	1.43	289.72	192.85	698.41	333.74	202.56	697.89					723.13	723.13	3.98	4.06	0	0				
07/12/2018	3.3.2	Gaze Project	O4	3	M	Bilingual	G130	06/09/2018	89100	1280 x 720		Raw Data	Ord4_T6_R.avi	190	0	900	720									84512	10:17:13.532	1536226407305221															0	6683		Fixation	8	803	692	0.77	4.78	238.00																				10140	958	711	993	692	975	701	785	701	384.46	3.58	398.75	11.24	391.60	7.41	289.77	192.86	698.50	333.19	199.10	687.70					723.22	723.22	3.91	4.23	0	0				
07/12/2018	3.3.2	Gaze Project	O4	3	M	Bilingual	G130	06/09/2018	89100	1280 x 720		Raw Data	Ord4_T6_R.avi	190	0	900	720									84520	10:17:13.541	1536226407313567															0	6684		Fixation	8	830	662	1.29	48.10	43.33																				10141	943	731	1020	662	981	696	791	696	378.63	-4.49	409.27	23.47	393.95	9.49	289.84	192.88	698.63	333.25	199.06	687.77					723.35	723.35	4.19	3.96	0	0				
07/12/2018	3.3.2	Gaze Project	O4	3	M	Bilingual	G130	06/09/2018	89100	1280 x 720		Raw Data	Ord4_T6_R.avi	190	0	900	720									84528	10:17:13.549	1536226407321936															0	6685		Fixation	8	803	673	0.94	202.23	154.13																				10142	959	738	993	673	976	705	786	705	384.89	-7.37	398.68	18.85	391.78	5.74	289.91	192.89	698.75	333.33	199.03	687.91					723.47	723.47	4.09	4.05	0	0				
07/12/2018	3.3.2	Gaze Project	O4	3	M	Bilingual	G130	06/09/2018	89100	1280 x 720		Raw Data	Ord4_T6_R.avi	190	0	900	720									84537	10:17:13.558	1536226407330295															0	6686		Fixation	8	809	689	0.53	290.50	88.26																				10143	971	675	999	689	985	682	795	682	389.65	18.00	401.01	12.45	395.33	15.23	289.99	192.90	698.85	333.41	198.97	687.94					723.57	723.57	4.00	4.10	0	0				
07/12/2018	3.3.2	Gaze Project	O4	3	M	Bilingual	G130	06/09/2018	89100	1280 x 720		Raw Data	Ord4_T6_R.avi	190	0	900	720									84545	10:17:13.566	1536226407338565															0	6687		Fixation	8	769	677	1.33	163.25	232.75																				10144	1016	730	959	677	987	703	797	703	407.82	-3.87	385.11	17.13	396.46	6.63	290.08	195.39	706.86	333.52	198.91	688.04					731.96	731.96	4.00	4.13	0	0				
07/12/2018	3.3.2	Gaze Project	O4	3	M	Bilingual	G130	06/09/2018	89100	1280 x 720		Raw Data	Ord4_T6_R.avi	190	0	900	720									84553	10:17:13.574	1536226407346913															0	6688		Fixation	8	783	687	0.54	324.38	161.13																				10145	955	713	973	687	964	700	774	700	383.18	2.84	390.45	13.18	386.82	8.01	290.22	192.91	699.12	333.64	198.72	688.12					723.84	723.84	4.06	3.98	0	0				
07/12/2018	3.3.2	Gaze Project	O4	3	M	Bilingual	G130	06/09/2018	89100	1280 x 720		Raw Data	Ord4_T6_R.avi	190	0	900	720									84562	10:17:13.582	1536226407355245															0	6689		Fixation	8	778	676	0.38	114.37	150.00																				10146	933	715	968	676	950	695	760	695	374.59	2.18	388.53	17.60	381.56	9.89	290.35	192.90	699.24	333.79	198.76	688.24					723.96	723.96	4.16	4.13	0	0				
07/12/2018	3.3.2	Gaze Project	O4	3	M	Bilingual	G130	06/09/2018	89100	1280 x 720		Raw Data	Ord4_T6_R.avi	190	0	900	720									84570	10:17:13.591	1536226407363609															0	6690		Fixation	8	801	656	0.98	41.10	286.73																				10147	950	717	991	656	970	686	780	686	381.37	1.25	397.97	25.97	389.67	13.61	290.50	192.89	699.37	333.96	198.70	688.44					724.09	724.09	4.11	4.02	0	0				
07/12/2018	3.3.2	Gaze Project	O4	3	M	Bilingual	G130	06/09/2018	89100	1280 x 720		Raw Data	Ord4_T6_R.avi	190	0	900	720									84578	10:17:13.599	1536226407371965															0	6691		Fixation	8	774	695	1.50	235.39	194.29																				10148	948	709	964	695	956	702	766	702	380.42	4.38	387.13	9.96	383.77	7.17	290.67	192.74	699.44	335.64	201.90	697.70					724.11	724.11	4.11	4.37	0	0				
07/12/2018	3.3.2	Gaze Project	O4	3	M	Bilingual	G130	06/09/2018	89100	1280 x 720		Raw Data	Ord4_T6_R.avi	190	0	900	720									84587	10:17:13.607	1536226407380233															0	6692		Fixation	8	773	704	0.28	263.68	28.29																				10149	952	751	963	704	957	727			382.02	-12.67	386.38	6.28	384.20	-3.20	290.86	192.85	699.58	334.35	198.49	688.61					724.29	724.29	4.13	4.19	0	0				
07/12/2018	3.3.2	Gaze Project	O4	3	M	Bilingual	G130	06/09/2018	89100	1280 x 720		Raw Data	Ord4_T6_R.avi	190	0	900	720									84595	10:17:13.616	1536226407388588															0	6693		Fixation	8	767	670	1.07	99.98	196.30																				10150	936	725	957	670	946	697	756	697	375.60	-2.13	384.05	20.09	379.82	8.98	291.81	195.46	707.18	334.58	198.40	688.75					732.37	732.37	4.32	4.05	0	0				
07/12/2018	3.3.2	Gaze Project	O4	3	M	Bilingual	G130	06/09/2018	89100	1280 x 720		Raw Data	Ord4_T6_R.avi	190	0	900	720									84603	10:17:13.624	1536226407396921															0	6694		Fixation	8	781	697	0.95	297.33	197.36																				10151	938	741	971	697	954	719	764	719	376.71	-8.45	389.96	9.17	383.34	0.36	291.27	194.67	705.77	334.83	198.32	688.93					730.76	730.76	4.07	3.95	0	0				
07/12/2018	3.3.2	Gaze Project	O4	3	M	Bilingual	G130	06/09/2018	89100	1280 x 720		Raw Data	Ord4_T6_R.avi	190	0	900	720									84612	10:17:13.632	1536226407405267															0	6695		Fixation	8	727	665	1.99	149.27	211.94																				10152	951	707	917	665	934	686	744	686	381.82	5.24	367.91	22.07	374.87	13.66	291.48	192.72	699.60	335.04	198.22	689.00					724.30	724.30	4.04	4.20	0	0				
07/12/2018	3.3.2	Gaze Project	O4	3	M	Bilingual	G130	06/09/2018	89100	1280 x 720		Raw Data	Ord4_T6_R.avi	190	0	900	720									84620	10:17:13.641	1536226407413633															0	6696		Fixation	8	724	660	0.18	120.88	331.61																				10153	883	707	914	660	898	683	708	683	354.62	5.40	366.88	24.36	360.75	14.88	291.69	192.71	699.67	335.29	198.17	689.22					724.38	724.38	4.19	4.10	0	0				
07/12/2018	3.3.2	Gaze Project	O4	3	M	Bilingual	G130	06/09/2018	89100	1280 x 720		Raw Data	Ord4_T6_R.avi	190	0	900	720									84628	10:17:13.649	1536226407421898															0	6697		Fixation	8	707	591	2.25	103.80	342.92																				10154	903	691	897	591	900	641	710	641	362.48	11.84	360.18	51.85	361.33	31.84	291.95	192.66	699.69	335.57	198.05	689.26					724.39	724.39	4.13	3.97	0	0				
07/12/2018	3.3.2	Gaze Project	O4	3	M	Bilingual	G130	06/09/2018	89100	1280 x 720		Raw Data	Ord4_T6_R.avi	190	0	900	720									84637	10:17:13.657	1536226407430234															0	6698		Fixation	8	761	677	3.19	302.04	198.24																				10155	928	703	951	677	939	690	749	690	372.65	7.02	381.68	17.39	377.16	12.20	292.23	192.61	699.73	336.52	201.35	699.64					724.42	724.42	4.10	4.20	0	0				
07/12/2018	3.3.2	Gaze Project	O4	3	M	Bilingual	G130	06/09/2018	89100	1280 x 720		Raw Data	Ord4_T6_R.avi	190	0	900	720									84645	10:17:13.666	1536226407438589															0	6699		Fixation	8	711	669	1.61	170.88	228.84																				10156	950	695	901	669	925	682	735	682	381.27	10.03	361.60	20.57	371.43	15.30	292.50	192.46	699.79	336.20	197.81	689.41					724.45	724.45	4.02	4.22	0	0				
07/12/2018	3.3.2	Gaze Project	O4	3	M	Bilingual	G130	06/09/2018	89100	1280 x 720		Raw Data	Ord4_T6_R.avi	190	0	900	720									84653	10:17:13.674	1536226407446948															0	6700		Fixation	8	707	664	0.20	128.57	317.69																				10157	903	706	897	664	900	685	710	685	362.67	5.51	360.07	22.59	361.37	14.05	292.81	192.45	699.60	336.53	197.71	689.54					724.29	724.29	4.15	4.29	0	0				
07/12/2018	3.3.2	Gaze Project	O4	3	M	Bilingual	G130	06/09/2018	89100	1280 x 720		Raw Data	Ord4_T6_R.avi	190	0	900	720									84662	10:17:13.682	1536226407455225															0	6701		Fixation	8	711	658	0.23	56.40	287.83																				10158	894	730	901	658	897	694	707	694	358.88	-3.86	361.81	24.82	360.34	10.48	293.10	192.40	699.61	336.86	197.60	689.64					724.29	724.29	4.27	4.27	0	0				
07/12/2018	3.3.2	Gaze Project	O4	3	M	Bilingual	G130	06/09/2018	89100	1280 x 720		Raw Data	Ord4_T6_R.avi	190	0	900	720									84670	10:17:13.691	1536226407463564															0	6702		Fixation	8	750	694	1.68	317.20	260.80																				10159	915	709	940	694	927	701	737	701	367.09	4.46	377.27	10.32	372.18	7.39	293.39	192.31	699.53	337.19	197.36	689.74					724.20	724.20	4.22	4.52	0	0				
07/12/2018	3.3.2	Gaze Project	O4	3	M	Bilingual	G130	06/09/2018	89100	1280 x 720		Raw Data	Ord4_T6_R.avi	190	0	900	720									84678	10:17:13.699	1536226407471904															0	6703		Fixation	8	717	655	1.59	130.15	172.95																				10160	904	706	907	655	905	680	715	680	362.82	5.51	363.99	26.13	363.41	15.82	293.69	192.24	699.55	338.37	201.73	702.92					724.21	724.21	4.11	4.11	0	0				
07/12/2018	3.3.2	Gaze Project	O4	3	M	Bilingual	G130	06/09/2018	89100	1280 x 720		Raw Data	Ord4_T6_R.avi	190	0	900	720									84687	10:17:13.707	1536226407480258															0	6704		Fixation	8	739	642	0.81	30.66	260.51																				10161	907	705	929	642	918	673	728	673	364.09	6.08	372.72	31.60	368.40	18.84	293.98	192.13	699.44	338.68	201.47	702.61					724.08	724.08	4.12	4.05	0	0				
07/12/2018	3.3.2	Gaze Project	O4	3	M	Bilingual	G130	06/09/2018	89100	1280 x 720		Raw Data	Ord4_T6_R.avi	190	0	900	720									84695	10:17:13.716	1536226407488617															0	6705		Fixation	8	711	618	1.17	139.31	108.65																				10162	920	705	901	618	910	661	720	661	369.23	6.03	361.61	41.08	365.42	23.55	294.26	191.95	699.51	338.17	197.12	690.05					724.11	724.11	4.11	4.22	0	0				
07/12/2018	3.3.2	Gaze Project	O4	3	M	Bilingual	G130	06/09/2018	89100	1280 x 720		Raw Data	Ord4_T6_R.avi	190	0	900	720									84703	10:17:13.724	1536226407496885															0	6706		Fixation	8	741	641	1.20	322.43	183.13																				10163	903	682	931	641	917	661	727	661	362.49	15.30	373.90	31.99	368.20	23.65	294.55	191.96	699.40	339.18	200.46	700.64					724.02	724.02	4.12	4.21	0	0				
07/12/2018	3.3.2	Gaze Project	O4	3	M	Bilingual	G130	06/09/2018	89100	1280 x 720		Raw Data	Ord4_T6_R.avi	190	0	900	720									84712	10:17:13.732	1536226407505241															0	6707		Fixation	8	701	656	1.37	200.62	238.18																				10164	898	696	891	656	894	676	704	676	360.29	9.86	357.84	25.66	359.06	17.76	294.82	191.86	699.31	338.79	196.87	690.27					723.93	723.93	4.17	4.20	0	0				
07/12/2018	3.3.2	Gaze Project	O4	3	M	Bilingual	G130	06/09/2018	89100	1280 x 720		Raw Data	Ord4_T6_R.avi	190	0	900	720									84720	10:17:13.741	1536226407513574															0	6708		Fixation	8	721	669	0.76	326.89	126.28																				10165	919	691	911	669	915	680	725	680	368.72	11.50	365.74	20.54	367.23	16.02	295.09	191.78	699.25	339.08	196.64	690.37					723.86	723.86	4.17	4.37	0	0				
07/12/2018	3.3.2	Gaze Project	O4	3	M	Bilingual	G130	06/09/2018	89100	1280 x 720		Raw Data	Ord4_T6_R.avi	190	0	900	720									84728	10:17:13.749	1536226407521940															0	6709		Fixation	8	707	662	0.50	153.36	186.47																				10166	907	727	897	662	902	694	712	694	364.10	-2.80	360.18	23.19	362.14	10.20	295.34	191.71	699.18	339.38	196.65	690.44					723.78	723.78	4.21	4.22	0	0				
07/12/2018	3.3.2	Gaze Project	O4	3	M	Bilingual	G130	06/09/2018	89100	1280 x 720		Raw Data	Ord4_T6_R.avi	190	0	900	720									84737	10:17:13.758	1536226407530287															0	6710		Fixation	8	779	600	3.04	40.82	247.46																				10167	939	701	969	600	954	650	764	650	376.78	7.48	388.80	48.13	382.79	27.80	295.59	191.65	699.09	340.40	200.14	701.36					723.69	723.69	4.14	4.15	0	0				
07/12/2018	3.3.2	Gaze Project	O4	3	M	Bilingual	G130	06/09/2018	89100	1280 x 720		Raw Data	Ord4_T6_R.avi	190	0	900	720									84745	10:17:13.766	1536226407538550															0	6711		Fixation	8	775	636	1.13	263.68	222.86																				10168	925	675	965	636	945	655	755	655	371.41	18.30	387.32	33.96	379.36	26.13	295.84	191.63	699.04	340.84	200.83	703.64					723.65	723.65	4.13	3.95	0	0				
07/12/2018	3.3.2	Gaze Project	O4	3	M	Bilingual	G130	06/09/2018	89100	1280 x 720		Raw Data	Ord4_T6_R.avi	190	0	900	720									84753	10:17:13.774	1536226407546882															0			Unclassified	8																									10169	933	652			933	652	743	652	374.57	27.50					296.13	194.27	707.36		-34.01						732.39		3.95		0	4				
07/12/2018	3.3.2	Gaze Project	O4	3	M	Bilingual	G130	06/09/2018	89100	1280 x 720		Raw Data	Ord4_T6_R.avi	190	0	900	720									84762	10:17:13.782	1536226407555243															0	6712		Fixation	8	712	672	2.32	209.82	306.14																				10170	923	704	902	672	912	688	722	688	370.42	6.38	362.16	19.29	366.29	12.83	296.32	191.62	698.82	340.49	196.39	690.67					723.47	723.47	4.13	4.27	0	0				
07/12/2018	3.3.2	Gaze Project	O4	3	M	Bilingual	G130	06/09/2018	89100	1280 x 720		Raw Data	Ord4_T6_R.avi	190	0	900	720									84770	10:17:13.791	1536226407563598															0	6713		Fixation	8	730	514	5.09	83.52	233.70																				10171	951	713	920	514	935	613	745	613	381.63	2.82	369.49	82.86	375.56	42.84	296.57	191.64	698.70	340.77	196.26	690.72					723.37	723.37	4.06	3.79	0	0				
07/12/2018	3.3.2	Gaze Project	O4	3	M	Bilingual	G130	06/09/2018	89100	1280 x 720		Raw Data	Ord4_T6_R.avi	190	0	900	720									84778	10:17:13.799	1536226407571859															0	6714		Fixation	8	689	690	5.78	256.93	173.41																				10172	915	729	879	690	897	709	707	709	367.43	-3.81	352.69	12.04	360.06	4.12	296.87	194.62	707.85	341.05	196.41	690.79					733.00	733.00	4.45	4.39	0	0				
07/12/2018	3.3.2	Gaze Project	O4	3	M	Bilingual	G130	06/09/2018	89100	1280 x 720		Raw Data	Ord4_T6_R.avi	190	0	900	720									84787	10:17:13.807	1536226407580217															0	6715		Fixation	8	749	663	2.11	24.30	127.37																				10173	932	731	939	663	935	697	745	697	374.28	-4.60	377.08	22.94	375.68	9.17	297.05	191.75	698.47	341.32	196.32	690.82					723.21	723.21	4.36	4.06	0	0				
07/12/2018	3.3.2	Gaze Project	O4	3	M	Bilingual	G130	06/09/2018	89100	1280 x 720		Raw Data	Ord4_T6_R.avi	190	0	900	720									84795	10:17:13.816	1536226407588552															0	6716		Fixation	8	748	662	0.04	134.91	110.61																				10174	914	708	938	662	926	685	736	685	366.80	4.97	376.43	23.22	371.62	14.10	297.29	191.82	698.33	341.59	196.49	690.81					723.12	723.12	4.30	4.15	0	0				
07/12/2018	3.3.2	Gaze Project	O4	3	M	Bilingual	G130	06/09/2018	89100	1280 x 720		Raw Data	Ord4_T6_R.avi	190	0	900	720									84803	10:17:13.824	1536226407596913															0	6717		Fixation	8	730	686	0.95	233.22	98.31																				10175	904	726	920	686	912	706	722	706	363.07	-2.50	369.41	13.64	366.24	5.57	297.53	191.90	698.17	341.86	196.57	690.85					723.01	723.01	4.25	4.23	0	0				
07/12/2018	3.3.2	Gaze Project	O4	3	M	Bilingual	G130	06/09/2018	89100	1280 x 720		Raw Data	Ord4_T6_R.avi	190	0	900	720									84812	10:17:13.832	1536226407605269															0	6718		Fixation	8	749	676	0.69	27.83	154.62																				10176	912	715	939	676	925	695	735	695	365.96	1.99	377.10	17.62	371.53	9.81	297.77	191.99	697.99	342.12	196.65	690.87					722.87	722.87	4.28	4.27	0	0				
07/12/2018	3.3.2	Gaze Project	O4	3	M	Bilingual	G130	06/09/2018	89100	1280 x 720		Raw Data	Ord4_T6_R.avi	190	0	900	720									84820	10:17:13.841	1536226407613539															0	6719		Fixation	8	743	621	1.72	96.21	68.37																				10177	904	718	933	621	918	669	728	669	363.04	0.93	374.39	39.85	368.72	20.39	297.99	192.01	697.98	343.38	201.36	704.76					722.88	722.88	4.27	4.23	0	0				
07/12/2018	3.3.2	Gaze Project	O4	3	M	Bilingual	G130	06/09/2018	89100	1280 x 720		Raw Data	Ord4_T6_R.avi	190	0	900	720									84828	10:17:13.849	1536226407621883															0	6720		Fixation	8	744	663	1.30	271.36	175.15																				10178	912	722	934	663	923	692	733	692	365.89	-0.68	375.06	23.09	370.48	11.20	298.23	192.20	697.77	343.55	201.07	703.63					722.76	722.76	4.27	4.13	0	0				
07/12/2018	3.3.2	Gaze Project	O4	3	M	Bilingual	G130	06/09/2018	89100	1280 x 720		Raw Data	Ord4_T6_R.avi	190	0	900	720									84837	10:17:13.857	1536226407630224															0	6721		Fixation	8	762	677	0.72	322.04	50.68																				10179	921	639	952	677	936	658	746	658	369.56	32.73	382.23	17.37	375.89	25.05	298.44	192.30	697.63	342.87	196.95	690.95					722.67	722.67	4.23	4.36	0	0				
07/12/2018	3.3.2	Gaze Project	O4	3	M	Bilingual	G130	06/09/2018	89100	1280 x 720		Raw Data	Ord4_T6_R.avi	190	0	900	720									84845	10:17:13.866	1536226407638583															0	6722		Fixation	8	745	661	0.74	136.64	174.61																				10180	943	664	935	661	939	662	749	662	378.62	22.43	375.12	23.76	376.87	23.09	298.65	192.38	697.46	343.10	197.05	690.97					722.55	722.55	3.99	4.13	0	0				
07/12/2018	3.3.2	Gaze Project	O4	3	M	Bilingual	G130	06/09/2018	89100	1280 x 720		Raw Data	Ord4_T6_R.avi	190	0	900	720									84853	10:17:13.874	1536226407646939															0	6723		Fixation	8	798	607	2.43	45.63	268.98																				10181	903	686	988	607	945	646	755	646	362.43	13.74	396.55	45.36	379.49	29.55	298.84	192.48	697.36	343.32	197.15	691.01					722.49	722.49	4.01	3.82	0	0				
07/12/2018	3.3.2	Gaze Project	O4	3	M	Bilingual	G130	06/09/2018	89100	1280 x 720		Raw Data	Ord4_T6_R.avi	190	0	900	720									84862	10:17:13.882	1536226407655201															0	6724		Fixation	8	749	646	2.02	218.61	172.98																				10182	949	660	939	646	944	653	754	653	381.04	24.02	376.80	29.96	378.92	26.99	299.02	192.57	697.28	343.51	197.23	691.03					722.45	722.45	4.03	4.04	0	0				
07/12/2018	3.3.2	Gaze Project	O4	3	M	Bilingual	G130	06/09/2018	89100	1280 x 720		Raw Data	Ord4_T6_R.avi	190	0	900	720									84870	10:17:13.891	1536226407663537															0	6725		Fixation	8	716	685	1.61	229.85	11.25																				10183	931	663	906	685	918	674	728	674	373.63	22.81	363.68	14.25	368.66	18.53	299.19	192.64	697.13	344.60	201.38	703.31					722.34	722.34	4.05	4.35	0	0				
07/12/2018	3.3.2	Gaze Project	O4	3	M	Bilingual	G130	06/09/2018	89100	1280 x 720		Raw Data	Ord4_T6_R.avi	190	0	900	720									84878	10:17:13.899	1536226407671894															0	6726		Fixation	8	772	660	1.95	24.13	154.27																				10184	921	626	962	660	941	643	751	643	369.55	37.98	386.30	24.11	377.93	31.04	299.34	192.72	697.06	343.86	197.39	691.10					722.31	722.31	3.89	4.00	0	0				
07/12/2018	3.3.2	Gaze Project	O4	3	M	Bilingual	G130	06/09/2018	89100	1280 x 720		Raw Data	Ord4_T6_R.avi	190	0	900	720									84887	10:17:13.907	1536226407680252															0	6727		Fixation	8	759	634	0.91	116.49	92.37																				10185	929	723	949	634	939	678	749	678	373.01	-1.40	381.13	34.83	377.07	16.72	299.47	192.80	697.00	344.01	197.44	691.13					722.29	722.29	4.32	3.94	0	0				
07/12/2018	3.3.2	Gaze Project	O4	3	M	Bilingual	G130	06/09/2018	89100	1280 x 720		Raw Data	Ord4_T6_R.avi	190	0	900	720									84895	10:17:13.916	1536226407688520															0	6728		Fixation	8	761	597	1.18	86.92	330.42																				10186	918	682	951	597	934	639	744	639	368.46	15.26	381.54	49.57	375.00	32.41	299.58	192.84	696.87	344.14	197.50	691.15					722.18	722.18	4.29	3.92	0	0				
07/12/2018	3.3.2	Gaze Project	O4	3	M	Bilingual	G130	06/09/2018	89100	1280 x 720		Raw Data	Ord4_T6_R.avi	190	0	900	720									84903	10:17:13.924	1536226407696867															0			Unclassified	8																									10187	930	640			930	640	740	640	373.26	32.17					299.68	192.92	696.83		-34.01						722.17		3.93		0	4				
07/12/2018	3.3.2	Gaze Project	O4	3	M	Bilingual	G130	06/09/2018	89100	1280 x 720		Raw Data	Ord4_T6_R.avi	190	0	900	720									84912	10:17:13.932	1536226407705195															0	6729		Fixation	8	758	633	1.15	265.25	178.34																				10188	916	692	948	633	932	662	742	662	367.77	11.08	380.72	34.90	374.24	22.99	299.76	192.97	696.74	344.34	197.44	691.17					722.12	722.12	4.15	3.90	0	0				
07/12/2018	3.3.2	Gaze Project	O4	3	M	Bilingual	G130	06/09/2018	89100	1280 x 720		Raw Data	Ord4_T6_R.avi	190	0	900	720									84920	10:17:13.941	1536226407713548															0	6730		Fixation	8	762	650	0.54	283.20	17.95																				10189	927	669	952	650	939	659	749	659	372.25	20.51	382.32	28.33	377.28	24.42	299.82	193.05	696.75	345.31	201.50	702.97					722.15	722.15	4.06	4.12	0	0				
07/12/2018	3.3.2	Gaze Project	O4	3	M	Bilingual	G130	06/09/2018	89100	1280 x 720		Raw Data	Ord4_T6_R.avi	190	0	900	720									84928	10:17:13.949	1536226407721921															0	6731		Fixation	8	756	593	1.80	95.99	172.79																				10190	891	664	946	593	918	628	728	628	357.84	22.47	379.93	50.99	368.89	36.73	299.96	195.60	704.52	344.49	197.61	691.23					730.33	730.33	3.95	3.93	0	0				
07/12/2018	3.3.2	Gaze Project	O4	3	M	Bilingual	G130	06/09/2018	89100	1280 x 720		Raw Data	Ord4_T6_R.avi	190	0	900	720									84937	10:17:13.957	1536226407730190															0	6732		Fixation	8	756	637	1.38	270.00	174.01																				10191	910	692	946	637	928	664	738	664	365.42	11.21	379.77	33.47	372.60	22.34	299.92	193.15	696.63	345.42	201.49	702.88					722.07	722.07	4.00	4.05	0	0				
07/12/2018	3.3.2	Gaze Project	O4	3	M	Bilingual	G130	06/09/2018	89100	1280 x 720		Raw Data	Ord4_T6_R.avi	190	0	900	720									84945	10:17:13.966	1536226407738516															0	6733		Fixation	8	756	589	1.51	90.00	180.00																				10192	915	668	946	589	930	628	740	628	367.47	20.86	379.58	52.59	373.52	36.72	299.94	193.24	696.58	344.56	197.67	691.24					722.06	722.06	4.07	3.86	0	0				
07/12/2018	3.3.2	Gaze Project	O4	3	M	Bilingual	G130	06/09/2018	89100	1280 x 720		Raw Data	Ord4_T6_R.avi	190	0	900	720									84953	10:17:13.974	1536226407746880															0	6734		Fixation	8	666	561	3.05	162.67	72.67																				10193	841	613	856	561	848	587	658	587	337.40	43.00	343.58	63.89	340.49	53.45	299.90	193.41	696.60	344.82	199.24	695.89					722.12	722.12	4.16	4.10	0	0				
07/12/2018	3.3.2	Gaze Project	O4	3	M	Bilingual	G130	06/09/2018	89100	1280 x 720		Raw Data	Ord4_T6_R.avi	190	0	900	720									84962	10:17:13.982	1536226407755236															0			Unclassified	8																									10194	790	458			790	458	600	458	316.91	105.57					299.85	193.60	696.65		-34.01						722.23		3.81		0	4				
07/12/2018	3.3.2	Gaze Project	O4	3	M	Bilingual	G130	06/09/2018	89100	1280 x 720		Raw Data	Ord4_T6_R.avi	190	0	900	720									84970	10:17:13.991	1536226407763593															0			Unclassified	8																									10195																			-34.01										4	4				
07/12/2018	3.3.2	Gaze Project	O4	3	M	Bilingual	G130	06/09/2018	89100	1280 x 720		Raw Data	Ord4_T6_R.avi	190	0	900	720									84978	10:17:13.999	1536226407771930															0	6735		Fixation	8	560	458	4.82	135.73	333.06																				10196	725	483	750	458	737	470	547	470	291.11	95.30	300.97	105.31	296.04	100.31	299.74	193.85	696.71	344.26	198.01	691.44					722.36	722.36	3.95	4.14	0	0				
07/12/2018	3.3.2	Gaze Project	O4	3	M	Bilingual	G130	06/09/2018	89100	1280 x 720		Raw Data	Ord4_T6_R.avi	190	0	900	720									84987	10:17:14.007	1536226407780185															0	6736		Fixation	8	561	337	3.99	89.53	313.80																				10197	729	402	751	337	740	369	550	369	292.73	128.21	301.51	154.14	297.12	141.17	299.70	193.91	696.71	344.23	198.04	691.48					722.38	722.38	3.68	3.64	0	0				
07/12/2018	3.3.2	Gaze Project	O4	3	M	Bilingual	G130	06/09/2018	89100	1280 x 720		Raw Data	Ord4_T6_R.avi	190	0	900	720									84995	10:17:14.016	1536226407788518															0	6737		Fixation	8	524	367	1.57	219.13	129.60																				10198	717	500	714	367	715	433	525	433	287.92	88.39	286.46	142.13	287.19	115.26	299.66	193.94	696.66	344.23	198.04	691.48					722.33	722.33	3.99	3.77	0	0				
07/12/2018	3.3.2	Gaze Project	O4	3	M	Bilingual	G130	06/09/2018	89100	1280 x 720		Raw Data	Ord4_T6_R.avi	190	0	900	720									85003	10:17:14.024	1536226407796883															0	6738		Fixation	8	496	372	0.93	190.16	331.03																				10199	732	556	686	372	709	464	519	464	293.88	66.04	275.34	139.94	284.61	102.99	300.65	197.18	705.76	346.34	202.31	703.51					732.03	732.03	4.36	4.10	0	0				
07/12/2018	3.3.2	Gaze Project	O4	3	M	Bilingual	G130	06/09/2018	89100	1280 x 720		Raw Data	Ord4_T6_R.avi	190	0	900	720									85012	10:17:14.032	1536226407805243															0	6739		Fixation	8	511	411	1.37	290.98	100.82																				10200	721	393	701	411	711	402	521	402	289.26	131.59	281.50	124.61	285.38	128.10	299.59	194.04	696.62	344.20	198.10	691.57					722.33	722.33	3.69	3.84	0	0				
07/12/2018	3.3.2	Gaze Project	O4	3	M	Bilingual	G130	06/09/2018	89100	1280 x 720		Raw Data	Ord4_T6_R.avi	190	0	900	720									85020	10:17:14.041	1536226407813501															0	6740		Fixation	8	535	399	0.88	26.64	95.66																				10201	754	393	725	399	739	396	549	396	302.59	131.86	291.10	129.20	296.84	130.53	299.55	194.14	696.70	344.18	198.15	691.69					722.43	722.43	3.79	3.80	0	0				
07/12/2018	3.3.2	Gaze Project	O4	3	M	Bilingual	G130	06/09/2018	89100	1280 x 720		Raw Data	Ord4_T6_R.avi	190	0	900	720									85028	10:17:14.049	1536226407821847															0	6741		Fixation	8	580	360	1.96	41.01	14.37																				10202	743	385	770	360	756	372	566	372	298.24	134.88	308.89	145.09	303.57	139.98	299.51	194.22	696.72	344.15	198.17	691.69					722.47	722.47	3.83	3.64	0	0				
07/12/2018	3.3.2	Gaze Project	O4	3	M	Bilingual	G130	06/09/2018	89100	1280 x 720		Raw Data	Ord4_T6_R.avi	190	0	900	720									85037	10:17:14.057	1536226407830201															0	6742		Fixation	8	530	353	1.67	172.01	131.00																				10203	720	460	720	353	720	406	530	406	289.01	104.68	288.84	147.87	288.93	126.27	299.47	194.31	696.79	344.11	198.16	691.62					722.56	722.56	3.85	3.62	0	0				
07/12/2018	3.3.2	Gaze Project	O4	3	M	Bilingual	G130	06/09/2018	89100	1280 x 720		Raw Data	Ord4_T6_R.avi	190	0	900	720									85045	10:17:14.066	1536226407838553															0	6743		Fixation	8	531	381	0.93	272.04	100.03																				10204	723	372	721	381	722	376	532	376	290.35	140.20	289.29	136.54	289.82	138.37	299.42	194.38	696.79	344.07	198.18	691.65					722.58	722.58	3.67	3.73	0	0				
07/12/2018	3.3.2	Gaze Project	O4	3	M	Bilingual	G130	06/09/2018	89100	1280 x 720		Raw Data	Ord4_T6_R.avi	190	0	900	720									85053	10:17:14.074	1536226407846907															0	6744		Fixation	8	525	471	2.96	266.20	354.16																				10205	727	401	715	471	721	436	531	436	291.75	128.46	287.10	100.43	289.42	114.45	299.38	194.48	696.86	344.03	198.20	691.66					722.68	722.68	3.80	4.07	0	0				
07/12/2018	3.3.2	Gaze Project	O4	3	M	Bilingual	G130	06/09/2018	89100	1280 x 720		Raw Data	Ord4_T6_R.avi	190	0	900	720									85062	10:17:14.082	1536226407855173															0	6745		Fixation	8	527	400	2.33	88.39	182.19																				10206	714	494	717	400	715	447	525	447	286.45	90.93	287.74	128.85	287.09	109.89	299.35	194.58	696.88	343.99	198.11	691.69					722.72	722.72	4.00	3.83	0	0				
07/12/2018	3.3.2	Gaze Project	O4	3	M	Bilingual	G130	06/09/2018	89100	1280 x 720		Raw Data	Ord4_T6_R.avi	190	0	900	720									85070	10:17:14.091	1536226407863505															0	6746		Fixation	8	539	362	1.31	72.53	344.14																				10207	718	468	729	362	723	415	533	415	288.15	101.61	292.61	144.34	290.38	122.98	299.32	194.68	696.95	343.99	198.30	691.85					722.82	722.82	3.93	3.77	0	0				
07/12/2018	3.3.2	Gaze Project	O4	3	M	Bilingual	G130	06/09/2018	89100	1280 x 720		Raw Data	Ord4_T6_R.avi	190	0	900	720									85078	10:17:14.099	1536226407871855															0	6747		Fixation	8	533	422	1.99	264.31	191.78																				10208	756	336	723	422	739	379	549	379	303.44	154.69	290.26	119.88	296.85	137.28	299.31	194.65	696.96	343.97	198.34	691.90					722.83	722.83	3.39	3.90	0	0				
07/12/2018	3.3.2	Gaze Project	O4	3	M	Bilingual	G130	06/09/2018	89100	1280 x 720		Raw Data	Ord4_T6_R.avi	190	0	900	720									85087	10:17:14.107	1536226407880225															0	6748		Fixation	8	529	310	3.70	92.04	187.73																				10209	750	370	719	310	734	340	544	340	301.20	141.07	288.45	165.13	294.83	153.10	299.27	194.89	697.08	343.97	198.38	691.96					723.01	723.01	3.49	3.54	0	0				
07/12/2018	3.3.2	Gaze Project	O4	3	M	Bilingual	G130	06/09/2018	89100	1280 x 720		Raw Data	Ord4_T6_R.avi	190	0	900	720									85095	10:17:14.116	1536226407888508															0	6749		Fixation	8	529	357	1.56	270.00	177.96																				10210	747	336	719	357	733	346	543	346	299.87	154.54	288.59	146.25	294.23	150.39	299.25	194.99	697.12	343.97	198.43	692.05					723.08	723.08	3.38	3.67	0	0				
07/12/2018	3.3.2	Gaze Project	O4	3	M	Bilingual	G130	06/09/2018	89100	1280 x 720		Raw Data	Ord4_T6_R.avi	190	0	900	720									85103	10:17:14.124	1536226407896835															0	6750		Fixation	8	527	390	1.09	266.54	356.54																				10211	744	343	717	390	730	366	540	366	298.76	151.71	287.65	132.96	293.21	142.33	299.25	195.10	697.19	343.93	198.56	692.00					723.18	723.18	3.49	3.87	0	0				
07/12/2018	3.3.2	Gaze Project	O4	3	M	Bilingual	G130	06/09/2018	89100	1280 x 720		Raw Data	Ord4_T6_R.avi	190	0	900	720									85112	10:17:14.132	1536226407905176															0	6751		Fixation	8	562	401	1.20	342.50	75.96																				10212			752	401	752	401	562	401			301.93	128.39						344.65	201.50	701.24						0.00		4.02	4	0				
07/12/2018	3.3.2	Gaze Project	O4	3	M	Bilingual	G130	06/09/2018	89100	1280 x 720		Raw Data	Ord4_T6_R.avi	190	0	900	720									85120	10:17:14.141	1536226407913521															0	6752		Fixation	8	554	377	0.83	108.38	125.88																				10213	752	341	744	377	748	359	558	359	301.91	152.44	298.80	138.13	300.35	145.28	299.27	195.31	697.33	343.97	198.37	692.07					723.38	723.38	3.31	3.66	0	0				
07/12/2018	3.3.2	Gaze Project	O4	3	M	Bilingual	G130	06/09/2018	89100	1280 x 720		Raw Data	Ord4_T6_R.avi	190	0	900	720									85128	10:17:14.149	1536226407921895															0	6753		Fixation	8	536	312	2.23	105.43	357.05																				10214	723	344	726	312	724	328	534	328	290.07	151.48	291.31	164.38	290.69	157.93	299.29	195.40	697.38	344.04	198.62	692.44					723.46	723.46	3.33	3.43	0	0				
07/12/2018	3.3.2	Gaze Project	O4	3	M	Bilingual	G130	06/09/2018	89100	1280 x 720		Raw Data	Ord4_T6_R.avi	190	0	900	720									85137	10:17:14.157	1536226407930149															0	6754		Fixation	8	539	346	1.13	275.03	169.60																				10215	745	325	729	346	737	335	547	335	298.94	159.18	292.56	150.41	295.75	154.80	299.32	195.49	697.43	344.08	198.68	692.57					723.54	723.54	3.23	3.61	0	0				
07/12/2018	3.3.2	Gaze Project	O4	3	M	Bilingual	G130	06/09/2018	89100	1280 x 720		Raw Data	Ord4_T6_R.avi	190	0	900	720									85145	10:17:14.166	1536226407938491															0	6755		Fixation	8	541	403	1.86	272.00	356.98																				10216	771	246	731	403	751	324	561	324	309.67	190.69	293.57	127.53	301.62	159.11	299.36	195.57	697.47	345.04	202.83	704.96					723.60	723.60	3.02	4.01	0	0				
07/12/2018	3.3.2	Gaze Project	O4	3	M	Bilingual	G130	06/09/2018	89100	1280 x 720		Raw Data	Ord4_T6_R.avi	190	0	900	720									85153	10:17:14.174	1536226407946846															0	6756		Fixation	8	551	365	1.28	75.30	163.30																				10217	725	316	741	365	733	340	543	340	291.15	162.57	297.55	143.12	294.35	152.85	299.40	195.64	697.52	344.18	198.75	692.77					723.67	723.67	3.43	3.73	0	0				
07/12/2018	3.3.2	Gaze Project	O4	3	M	Bilingual	G130	06/09/2018	89100	1280 x 720		Raw Data	Ord4_T6_R.avi	190	0	900	720									85162	10:17:14.182	1536226407955204															0	6757		Fixation	8	544	376	0.43	237.61	162.31																				10218	734	317	734	376	734	346	544	346	294.80	162.39	294.46	138.48	294.63	150.44	299.45	195.70	697.58	344.25	198.78	692.86					723.76	723.76	3.24	3.81	0	0				
07/12/2018	3.3.2	Gaze Project	O4	3	M	Bilingual	G130	06/09/2018	89100	1280 x 720		Raw Data	Ord4_T6_R.avi	190	0	900	720									85170	10:17:14.191	1536226407963561															0	6758		Fixation	8	520	355	1.05	138.72	261.11																				10219	742	315	710	355	726	335	536	335	297.72	163.25	284.87	147.06	291.30	155.16	299.51	195.75	697.62	344.31	198.80	692.94					723.81	723.81	3.11	3.84	0	0				
07/12/2018	3.3.2	Gaze Project	O4	3	M	Bilingual	G130	06/09/2018	89100	1280 x 720		Raw Data	Ord4_T6_R.avi	190	0	900	720									85178	10:17:14.199	1536226407971823															0	6759		Fixation	8	533	404	1.67	284.81	146.09																				10220	735	365	723	404	729	384	539	384	294.85	143.05	290.12	127.26	292.48	135.16	299.58	195.79	697.68	344.39	198.84	693.10					723.88	723.88	3.55	3.97	0	0				
07/12/2018	3.3.2	Gaze Project	O4	3	M	Bilingual	G130	06/09/2018	89100	1280 x 720		Raw Data	Ord4_T6_R.avi	190	0	900	720									85187	10:17:14.207	1536226407980159															0	6760		Fixation	8	535	344	1.98	88.10	163.28																				10221	739	284	725	344	732	314	542	314	296.78	175.49	291.08	151.53	293.93	163.51	299.64	195.82	697.71	344.46	198.87	693.24					723.92	723.92	3.11	3.78	0	0				
07/12/2018	3.3.2	Gaze Project	O4	3	M	Bilingual	G130	06/09/2018	89100	1280 x 720		Raw Data	Ord4_T6_R.avi	190	0	900	720									85195	10:17:14.216	1536226407988517															0	6761		Fixation	8	540	426	2.70	273.48	185.38																				10222	766	330	730	426	748	378	558	378	307.53	156.95	293.16	118.52	300.35	137.73	299.71	195.84	697.77	344.53	198.83	693.21					724.00	724.00	3.47	3.98	0	0				
07/12/2018	3.3.2	Gaze Project	O4	3	M	Bilingual	G130	06/09/2018	89100	1280 x 720		Raw Data	Ord4_T6_R.avi	190	0	900	720									85203	10:17:14.224	1536226407996871															0	6762		Fixation	8	524	265	5.34	95.66	182.18																				10223	723	311	714	265	718	288	528	288	290.06	164.88	286.79	183.06	288.42	173.97	299.78	195.84	697.79	344.57	198.93	693.17					724.02	724.02	3.37	3.23	0	0				
07/12/2018	3.3.2	Gaze Project	O4	3	M	Bilingual	G130	06/09/2018	89100	1280 x 720		Raw Data	Ord4_T6_R.avi	190	0	900	720									85212	10:17:14.232	1536226408005141															0	6763		Fixation	8	539	315	1.72	286.65	190.99																				10224	714	289	729	315	721	302	531	302	286.68	173.70	292.76	162.97	289.72	168.34	299.84	195.84	697.84	346.56	202.65	704.08					724.07	724.07	3.23	3.80	0	0				
07/12/2018	3.3.2	Gaze Project	O4	3	M	Bilingual	G130	06/09/2018	89100	1280 x 720		Raw Data	Ord4_T6_R.avi	190	0	900	720									85220	10:17:14.241	1536226408013487															0	6764		Fixation	8	542	279	1.18	85.25	158.60																				10225	741	427	732	279	736	353	546	353	297.34	117.92	293.79	177.66	295.57	147.79	299.91	195.83	697.90	346.33	202.05	702.43					724.13	724.13	3.87	3.54	0	0				
07/12/2018	3.3.2	Gaze Project	O4	3	M	Bilingual	G130	06/09/2018	89100	1280 x 720		Raw Data	Ord4_T6_R.avi	190	0	900	720									85228	10:17:14.249	1536226408021828															0	6765		Fixation	8	591	305	1.81	331.97	246.72																				10226	744	402	781	305	762	353	572	353	298.74	127.95	313.66	167.00	306.20	147.48	299.98	195.69	697.96	345.49	201.91	702.87					724.14	724.14	3.67	3.77	0	0				
07/12/2018	3.3.2	Gaze Project	O4	3	M	Bilingual	G130	06/09/2018	89100	1280 x 720		Raw Data	Ord4_T6_R.avi	190	0	900	720									85237	10:17:14.257	1536226408030174															0	6766		Fixation	8	535	383	3.14	234.41	262.44																				10227	765	455	725	383	745	419	555	419	307.06	106.85	291.08	135.71	299.07	121.28	300.01	195.78	697.99	344.86	198.86	693.74					724.20	724.20	3.89	3.81	0	0				
07/12/2018	3.3.2	Gaze Project	O4	3	M	Bilingual	G130	06/09/2018	89100	1280 x 720		Raw Data	Ord4_T6_R.avi	190	0	900	720									85245	10:17:14.266	1536226408038542															0	6767		Fixation	8	538	386	0.14	314.91	80.50																				10228	744	415	728	386	736	400	546	400	298.51	122.77	292.39	134.67	295.45	128.72	300.06	195.77	698.10	344.90	198.85	693.82					724.30	724.30	3.78	3.96	0	0				
07/12/2018	3.3.2	Gaze Project	O4	3	M	Bilingual	G130	06/09/2018	89100	1280 x 720		Raw Data	Ord4_T6_R.avi	190	0	900	720									85253	10:17:14.274	1536226408046811															0	6768		Fixation	8	521	470	2.77	258.59	303.69																				10229	700	427	711	470	705	448	515	448	281.18	118.12	285.41	100.63	283.30	109.37	300.09	195.84	698.07	346.87	202.71	704.80					724.30	724.30	4.08	4.45	0	0				
07/12/2018	3.3.2	Gaze Project	O4	3	M	Bilingual	G130	06/09/2018	89100	1280 x 720		Raw Data	Ord4_T6_R.avi	190	0	900	720									85262	10:17:14.282	1536226408055139															0	6769		Fixation	8	525	484	0.47	285.90	27.30																				10230	722	363	715	484	718	423	528	423	289.93	143.69	287.18	94.91	288.56	119.30	300.12	195.70	698.22	344.95	198.78	693.85					724.39	724.39	3.74	4.28	0	0				
07/12/2018	3.3.2	Gaze Project	O4	3	M	Bilingual	G130	06/09/2018	89100	1280 x 720		Raw Data	Ord4_T6_R.avi	190	0	900	720									85270	10:17:14.291	1536226408063496															0	6770		Fixation	8	532	391	3.04	85.71	159.81																				10231	722	316	722	391	722	353	532	353	289.94	162.56	289.62	132.65	289.78	147.60	300.14	195.66	698.26	344.97	198.82	694.07					724.42	724.42	4.15	3.84	0	0				
07/12/2018	3.3.2	Gaze Project	O4	3	M	Bilingual	G130	06/09/2018	89100	1280 x 720		Raw Data	Ord4_T6_R.avi	190	0	900	720									85278	10:17:14.299	1536226408071859															0	6771		Fixation	8	547	421	1.10	296.49	210.78																				10232	749	395	737	421	743	408	553	408	300.83	130.86	295.93	120.48	298.38	125.67	300.14	195.62	698.30	344.99	198.82	694.16					724.45	724.45	3.64	3.88	0	0				
07/12/2018	3.3.2	Gaze Project	O4	3	M	Bilingual	G130	06/09/2018	89100	1280 x 720		Raw Data	Ord4_T6_R.avi	190	0	900	720									85287	10:17:14.307	1536226408080135															0	6772		Fixation	8	564	402	0.83	48.27	111.78																				10233	740	482	754	402	747	442	557	442	296.98	95.97	302.47	128.22	299.72	112.10	300.15	195.58	698.36	345.00	198.83	694.27					724.49	724.49	4.17	3.80	0	0				
07/12/2018	3.3.2	Gaze Project	O4	3	M	Bilingual	G130	06/09/2018	89100	1280 x 720		Raw Data	Ord4_T6_R.avi	190	0	900	720									85295	10:17:14.316	1536226408088475															0	6773		Fixation	8	527	365	1.72	134.91	86.64																				10234	711	411	717	365	714	388	524	388	285.45	124.40	287.92	143.16	286.69	133.78	300.15	195.53	698.33	345.00	198.82	694.31					724.45	724.45	3.63	3.79	0	0				
07/12/2018	3.3.2	Gaze Project	O4	3	M	Bilingual	G130	06/09/2018	89100	1280 x 720		Raw Data	Ord4_T6_R.avi	190	0	900	720									85303	10:17:14.324	1536226408096807															0	6774		Fixation	8	506	436	2.42	253.57	118.67																				10235	722	389	696	436	709	412	519	412	289.99	133.42	279.34	114.37	284.66	123.89	300.14	195.56	698.41	344.97	198.86	694.36					724.53	724.53	3.60	3.96	0	0				
07/12/2018	3.3.2	Gaze Project	O4	3	M	Bilingual	G130	06/09/2018	89100	1280 x 720		Raw Data	Ord4_T6_R.avi	190	0	900	720									85312	10:17:14.332	1536226408105167															0	6775		Fixation	8	521	313	4.07	83.07	189.50																				10236	709	277	711	313	710	295	520	295	284.50	178.32	285.31	163.92	284.91	171.12	300.13	195.69	698.64	344.92	198.93	694.39					724.79	724.79	3.30	3.84	0	0				
07/12/2018	3.3.2	Gaze Project	O4	3	M	Bilingual	G130	06/09/2018	89100	1280 x 720		Raw Data	Ord4_T6_R.avi	190	0	900	720									85320	10:17:14.341	1536226408113529															0	6776		Fixation	8	506	307	0.53	158.13	75.07																				10237	704	248	696	307	700	277	510	277	282.68	189.92	279.21	166.43	280.95	178.17	300.12	195.75	698.73	344.87	198.98	694.37					724.90	724.90	3.38	3.77	0	0				
07/12/2018	3.3.2	Gaze Project	O4	3	M	Bilingual	G130	06/09/2018	89100	1280 x 720		Raw Data	Ord4_T6_R.avi	190	0	900	720									85328	10:17:14.349	1536226408121796															0	6777		Fixation	8	502	352	1.49	264.94	106.80																				10238	700	284	692	352	696	318	506	318	280.93	175.70	277.91	148.31	279.42	162.01	300.11	195.77	698.73	344.86	199.07	694.52					724.90	724.90	3.37	3.65	0	0				
07/12/2018	3.3.2	Gaze Project	O4	3	M	Bilingual	G130	06/09/2018	89100	1280 x 720		Raw Data	Ord4_T6_R.avi	190	0	900	720									85337	10:17:14.357	1536226408130135															0	6778		Fixation	8	492	286	2.19	98.59	193.65																				10239	723	240	682	286	702	263	512	263	290.21	193.25	273.92	174.71	282.07	183.98	300.10	195.79	698.77	345.54	202.13	703.70					724.94	724.94	3.28	3.78	0	0				
07/12/2018	3.3.2	Gaze Project	O4	3	M	Bilingual	G130	06/09/2018	89100	1280 x 720		Raw Data	Ord4_T6_R.avi	190	0	900	720									85345	10:17:14.366	1536226408138481															0	6779		Fixation	8	545	278	1.72	8.61	270.02																				10240	686	253	735	278	710	265	520	265	275.33	188.15	294.86	178.15	285.10	183.15	300.09	195.81	698.80	349.23	207.79	719.34					724.98	724.98	3.29	4.06	0	0				
07/12/2018	3.3.2	Gaze Project	O4	3	M	Bilingual	G130	06/09/2018	89100	1280 x 720		Raw Data	Ord4_T6_R.avi	190	0	900	720									85353	10:17:14.374	1536226408146838															0	6780		Fixation	8	483	328	2.57	218.97	210.36																				10241	709	267	673	328	691	297	501	297	284.59	182.27	270.30	157.69	277.44	169.98	300.09	195.84	698.82	344.86	199.20	694.52					725.01	725.01	3.36	3.91	0	0				
07/12/2018	3.3.2	Gaze Project	O4	3	M	Bilingual	G130	06/09/2018	89100	1280 x 720		Raw Data	Ord4_T6_R.avi	190	0	900	720									85362	10:17:14.382	1536226408155194															0	6781		Fixation	8	492	271	1.90	81.06	222.08																				10242	692	290	682	271	687	280	497	280	277.68	173.19	273.79	180.71	275.73	176.95	300.09	195.87	698.77	344.85	199.15	694.54					724.97	724.97	3.60	3.70	0	0				
07/12/2018	3.3.2	Gaze Project	O4	3	M	Bilingual	G130	06/09/2018	89100	1280 x 720		Raw Data	Ord4_T6_R.avi	190	0	900	720									85370	10:17:14.391	1536226408163451															0	6782		Fixation	8	510	275	0.61	347.43	266.38																				10243	699	320	700	275	699	297	509	297	280.39	161.08	281.17	179.26	280.78	170.17	300.10	195.90	698.77	344.87	199.38	694.64					724.98	724.98	3.74	3.66	0	0				
07/12/2018	3.3.2	Gaze Project	O4	3	M	Bilingual	G130	06/09/2018	89100	1280 x 720		Raw Data	Ord4_T6_R.avi	190	0	900	720									85378	10:17:14.399	1536226408171794															0	6783		Fixation	8	522	305	1.07	291.74	304.31																				10244	737	264	712	305	724	284	534	284	295.68	183.46	285.83	166.92	290.76	175.19	300.11	195.94	698.77	344.88	199.43	694.58					724.99	724.99	3.40	3.74	0	0				
07/12/2018	3.3.2	Gaze Project	O4	3	M	Bilingual	G130	06/09/2018	89100	1280 x 720		Raw Data	Ord4_T6_R.avi	190	0	900	720									85387	10:17:14.407	1536226408180145															0	6784		Fixation	8	499	235	2.44	108.13	176.40																				10245	705	269	689	235	697	252	507	252	282.98	181.59	276.57	195.27	279.78	188.43	300.13	195.98	698.76	344.90	199.52	694.61					725.00	725.00	3.49	3.53	0	0				
07/12/2018	3.3.2	Gaze Project	O4	3	M	Bilingual	G130	06/09/2018	89100	1280 x 720		Raw Data	Ord4_T6_R.avi	190	0	900	720									85395	10:17:14.416	1536226408188507															0	6785		Fixation	8	513	280	1.56	287.23	179.09																				10246	717	270	703	280	710	275	520	275	287.98	181.27	282.32	177.11	285.15	179.19	300.15	196.01	698.75	344.88	199.70	694.54					725.00	725.00	3.35	3.71	0	0				
07/12/2018	3.3.2	Gaze Project	O4	3	M	Bilingual	G130	06/09/2018	89100	1280 x 720		Raw Data	Ord4_T6_R.avi	190	0	900	720									85403	10:17:14.424	1536226408196769															0	6786		Fixation	8	541	275	0.93	10.16	82.93																				10247	708	283	731	275	719	279	529	279	284.31	176.16	293.23	179.35	288.77	177.76	300.17	196.05	698.75	344.94	199.72	694.71					725.02	725.02	3.43	3.66	0	0				
07/12/2018	3.3.2	Gaze Project	O4	3	M	Bilingual	G130	06/09/2018	89100	1280 x 720		Raw Data	Ord4_T6_R.avi	190	0	900	720									85412	10:17:14.432	1536226408205115															0	6787		Fixation	8	506	288	1.23	200.44	190.28																				10248	718	255	696	288	707	271	517	271	288.02	187.23	279.25	174.11	283.63	180.67	300.20	196.07	698.73	344.98	199.88	694.92					725.00	725.00	3.36	3.75	0	0				
07/12/2018	3.3.2	Gaze Project	O4	3	M	Bilingual	G130	06/09/2018	89100	1280 x 720		Raw Data	Ord4_T6_R.avi	190	0	900	720									85420	10:17:14.441	1536226408213450															0	6788		Fixation	8	506	298	0.33	270.00	69.56																				10249	682	347	696	298	689	322	499	322	273.90	150.25	279.36	169.90	276.63	160.08	300.23	196.09	698.70	345.00	199.92	694.79					724.98	724.98	3.75	3.90	0	0				
07/12/2018	3.3.2	Gaze Project	O4	3	M	Bilingual	G130	06/09/2018	89100	1280 x 720		Raw Data	Ord4_T6_R.avi	190	0	900	720									85428	10:17:14.449	1536226408221817															0	6789		Fixation	8	505	298	0.03	180.00	270.00																				10250	695	286	695	298	695	292	505	292	278.95	174.84	279.08	169.79	279.02	172.32	300.27	196.11	698.69	345.04	200.03	694.90					724.98	724.98	3.55	3.72	0	0				
07/12/2018	3.3.2	Gaze Project	O4	3	M	Bilingual	G130	06/09/2018	89100	1280 x 720		Raw Data	Ord4_T6_R.avi	190	0	900	720									85437	10:17:14.457	1536226408230178															0	6790		Fixation	8	506	272	0.86	87.80	267.80																				10251	683	309	696	272	689	290	499	290	274.31	165.53	279.51	180.44	276.91	172.99	300.30	196.14	698.72	345.06	200.11	694.88					725.02	725.02	3.74	3.60	0	0				
07/12/2018	3.3.2	Gaze Project	O4	3	M	Bilingual	G130	06/09/2018	89100	1280 x 720		Raw Data	Ord4_T6_R.avi	190	0	900	720									85445	10:17:14.466	1536226408238442															0	6791		Fixation	8	492	284	0.61	220.69	132.89																				10252	697	279	682	284	689	281	499	281	279.60	177.45	273.66	175.61	276.63	176.53	300.34	196.15	698.69	345.10	200.22	694.97					725.00	725.00	3.38	3.75	0	0				
07/12/2018	3.3.2	Gaze Project	O4	3	M	Bilingual	G130	06/09/2018	89100	1280 x 720		Raw Data	Ord4_T6_R.avi	190	0	900	720									85453	10:17:14.474	1536226408246789															0	6792		Fixation	8	503	304	0.75	298.73	78.04																				10253	726	251	693	304	709	277	519	277	291.32	188.67	278.34	167.47	284.83	178.07	300.36	196.14	698.66	345.74	203.00	703.16					724.97	724.97	3.34	4.12	0	0				
07/12/2018	3.3.2	Gaze Project	O4	3	M	Bilingual	G130	06/09/2018	89100	1280 x 720		Raw Data	Ord4_T6_R.avi	190	0	900	720									85462	10:17:14.482	1536226408255121															0	6793		Fixation	8	501	281	0.76	94.95	156.22																				10254	702	270	691	281	696	275	506	275	281.96	181.14	277.20	176.63	279.58	178.88	300.40	196.15	698.67	345.15	200.40	695.08					724.98	724.98	3.39	3.76	0	0				
07/12/2018	3.3.2	Gaze Project	O4	3	M	Bilingual	G130	06/09/2018	89100	1280 x 720		Raw Data	Ord4_T6_R.avi	190	0	900	720									85470	10:17:14.491	1536226408263495															0	6794		Fixation	8	488	273	0.50	148.31	53.36																				10255	710	341	678	273	694	307	504	307	284.86	152.59	272.08	180.14	278.47	166.37	300.42	196.13	698.65	345.17	200.50	695.16					724.96	724.96	3.49	3.71	0	0				
07/12/2018	3.3.2	Gaze Project	O4	3	M	Bilingual	G130	06/09/2018	89100	1280 x 720		Raw Data	Ord4_T6_R.avi	190	0	900	720									85478	10:17:14.499	1536226408271849															0	6795		Fixation	8	504	296	0.92	304.74	156.43																				10256	712	252	694	296	703	274	513	274	285.88	188.51	278.64	170.62	282.26	179.57	300.44	196.13	698.65	345.19	200.59	695.25					724.96	724.96	3.28	3.89	0	0				
07/12/2018	3.3.2	Gaze Project	O4	3	M	Bilingual	G130	06/09/2018	89100	1280 x 720		Raw Data	Ord4_T6_R.avi	190	0	900	720									85487	10:17:14.507	1536226408280107															0	6796		Fixation	8	491	299	0.44	193.04	248.30																				10257	698	262	681	299	689	280	499	280	280.12	184.63	273.16	169.70	276.64	177.17	300.45	196.15	698.74	345.19	200.65	695.26					725.05	725.05	3.34	3.86	0	0				
07/12/2018	3.3.2	Gaze Project	O4	3	M	Bilingual	G130	06/09/2018	89100	1280 x 720		Raw Data	Ord4_T6_R.avi	190	0	900	720									85495	10:17:14.516	1536226408288444															0	6797		Fixation	8	508	276	0.94	53.62	220.58																				10258	679	266	698	276	688	271	498	271	272.48	182.67	279.99	178.65	276.23	180.66	300.44	196.12	698.71	345.18	200.73	695.35					725.01	725.01	3.48	3.70	0	0				
07/12/2018	3.3.2	Gaze Project	O4	3	M	Bilingual	G130	06/09/2018	89100	1280 x 720		Raw Data	Ord4_T6_R.avi	190	0	900	720									85503	10:17:14.524	1536226408296793															0	6798		Fixation	8	518	301	0.89	291.74	238.12																				10259	739	235	708	301	723	268	533	268	296.72	195.42	284.32	168.82	290.52	182.12	300.43	196.12	698.71	345.17	200.82	695.46					725.02	725.02	3.21	3.72	0	0				
07/12/2018	3.3.2	Gaze Project	O4	3	M	Bilingual	G130	06/09/2018	89100	1280 x 720		Raw Data	Ord4_T6_R.avi	190	0	900	720									85512	10:17:14.532	1536226408305149															0	6799		Fixation	8	445	368	3.14	222.64	290.90																				10260	687	299	635	368	661	333	471	333	275.64	169.46	254.72	141.92	265.18	155.69	300.40	196.12	698.73	351.61	213.64	732.06					725.03	725.03	3.45	4.36	0	0				
07/12/2018	3.3.2	Gaze Project	O4	3	M	Bilingual	G130	06/09/2018	89100	1280 x 720		Raw Data	Ord4_T6_R.avi	190	0	900	720									85520	10:17:14.541	1536226408313436															0	6800		Fixation	8	526	263	4.22	52.44	189.80																				10261	711	250	716	263	713	256	523	256	285.21	189.07	287.32	184.10	286.26	186.59	300.36	196.12	698.75	345.09	200.94	695.55					725.05	725.05	3.39	3.58	0	0				
07/12/2018	3.3.2	Gaze Project	O4	3	M	Bilingual	G130	06/09/2018	89100	1280 x 720		Raw Data	Ord4_T6_R.avi	190	0	900	720									85528	10:17:14.549	1536226408321778															0	6801		Fixation	8	516	267	0.35	201.87	149.42																				10262	681	268	706	267	693	267	503	267	273.35	182.13	283.53	182.56	278.44	182.35	300.31	196.13	698.79	345.05	201.01	695.62					725.08	725.08	3.42	3.65	0	0				
07/12/2018	3.3.2	Gaze Project	O4	3	M	Bilingual	G130	06/09/2018	89100	1280 x 720		Raw Data	Ord4_T6_R.avi	190	0	900	720									85537	10:17:14.557	1536226408330117															0	6802		Fixation	8	531	270	0.49	348.65	146.79																				10263	704	269	721	270	712	269	522	269	282.39	181.65	289.37	181.04	285.88	181.34	300.26	196.13	698.79	348.94	208.96	718.12					725.08	725.08	3.50	3.85	0	0				
07/12/2018	3.3.2	Gaze Project	O4	3	M	Bilingual	G130	06/09/2018	89100	1280 x 720		Raw Data	Ord4_T6_R.avi	190	0	900	720									85545	10:17:14.566	1536226408338477															0	6803		Fixation	8	508	266	0.75	170.10	181.45																				10264	712	259	698	266	705	262	515	262	285.63	185.68	280.17	182.68	282.90	184.18	300.19	196.14	698.84	344.92	201.13	695.71					725.13	725.13	3.46	3.69	0	0				
07/12/2018	3.3.2	Gaze Project	O4	3	M	Bilingual	G130	06/09/2018	89100	1280 x 720		Raw Data	Ord4_T6_R.avi	190	0	900	720									85553	10:17:14.574	1536226408346835															0	6804		Fixation	8	565	266	1.87	0.00	189.90																				10265	698	229	755	266	726	247	536	247	280.13	197.86	303.20	182.76	291.67	190.31	300.12	196.16	698.91	344.83	201.06	695.74					725.19	725.19	3.33	3.59	0	0				
07/12/2018	3.3.2	Gaze Project	O4	3	M	Bilingual	G130	06/09/2018	89100	1280 x 720		Raw Data	Ord4_T6_R.avi	190	0	900	720									85562	10:17:14.582	1536226408355096															0	6805		Fixation	8	515	282	1.71	197.80	197.80																				10266	688	262	705	282	696	272	506	272	276.11	184.51	283.03	176.33	279.57	180.42	300.04	196.18	698.94	345.50	204.57	705.77					725.23	725.23	3.45	3.90	0	0				
07/12/2018	3.3.2	Gaze Project	O4	3	M	Bilingual	G130	06/09/2018	89100	1280 x 720		Raw Data	Ord4_T6_R.avi	190	0	900	720									85570	10:17:14.591	1536226408363423															0	6806		Fixation	8	521	311	0.96	281.65	83.85																				10267	743	215	711	311	727	263	537	263	298.19	203.53	285.39	164.78	291.79	184.16	299.95	196.19	698.96	345.31	204.19	704.56					725.24	725.24	3.31	4.03	0	0				
07/12/2018	3.3.2	Gaze Project	O4	3	M	Bilingual	G130	06/09/2018	89100	1280 x 720		Raw Data	Ord4_T6_R.avi	190	0	900	720									85578	10:17:14.599	1536226408371784															0	6807		Fixation	8	516	335	0.80	258.27	336.62																				10268	697	229	706	335	701	282	511	282	279.74	197.63	283.20	155.20	281.47	176.42	299.85	196.21	699.02	344.56	201.36	695.92					725.30	725.30	3.29	4.18	0	0				
07/12/2018	3.3.2	Gaze Project	O4	3	M	Bilingual	G130	06/09/2018	89100	1280 x 720		Raw Data	Ord4_T6_R.avi	190	0	900	720									85587	10:17:14.607	1536226408380144															0	6808		Fixation	8	495	333	0.69	174.54	276.27																				10269	702	303	685	333	693	318	503	318	281.66	167.80	275.15	155.99	278.40	161.90	299.75	196.22	699.05	344.44	201.50	695.86					725.33	725.33	3.81	4.04	0	0				
07/12/2018	3.3.2	Gaze Project	O4	3	M	Bilingual	G130	06/09/2018	89100	1280 x 720		Raw Data	Ord4_T6_R.avi	190	0	900	720									85595	10:17:14.616	1536226408388498															0	6809		Fixation	8	539	336	1.44	356.09	181.54																				10270	714	297	729	336	721	316	531	316	286.71	170.43	292.69	154.57	289.70	162.50	300.27	198.26	704.74	344.35	201.48	696.04					731.39	731.39	4.08	4.18	0	0				
07/12/2018	3.3.2	Gaze Project	O4	3	M	Bilingual	G130	06/09/2018	89100	1280 x 720		Raw Data	Ord4_T6_R.avi	190	0	900	720									85603	10:17:14.624	1536226408396764															0	6810		Fixation	8	551	278	1.95	78.35	82.26																				10271	680	319	741	278	710	298	520	298	273.02	161.67	297.63	178.14	285.32	169.90	299.54	196.25	699.15	344.24	201.52	696.07					725.42	725.42	4.02	3.84	0	0				
07/12/2018	3.3.2	Gaze Project	O4	3	M	Bilingual	G130	06/09/2018	89100	1280 x 720		Raw Data	Ord4_T6_R.avi	190	0	900	720									85612	10:17:14.632	1536226408405168															0	6811		Fixation	8	520	259	1.20	148.41	70.07																				10272	670	351	710	259	690	305	500	305	269.11	148.58	284.92	185.49	277.02	167.03	299.43	196.27	699.20	344.12	201.57	696.11					725.46	725.46	4.14	3.78	0	0				
07/12/2018	3.3.2	Gaze Project	O4	3	M	Bilingual	G130	06/09/2018	89100	1280 x 720		Raw Data	Ord4_T6_R.avi	190	0	900	720									85620	10:17:14.641	1536226408413454															0	6812		Fixation	8	506	249	0.57	144.38	355.96																				10273	719	330	696	249	707	289	517	289	288.73	157.09	279.30	189.84	284.01	173.46	299.32	196.31	699.32	344.01	201.62	696.15					725.59	725.59	4.12	3.61	0	0				
07/12/2018	3.3.2	Gaze Project	O4	3	M	Bilingual	G130	06/09/2018	89100	1280 x 720		Raw Data	Ord4_T6_R.avi	190	0	900	720									85628	10:17:14.649	1536226408421813															0	6813		Fixation	8	492	252	0.47	192.13	47.76																				10274	682	378	682	252	682	315	492	315	273.65	137.59	273.90	188.46	273.78	163.02	299.20	196.32	699.33	343.90	201.72	696.32					725.59	725.59	4.19	3.57	0	0				
07/12/2018	3.3.2	Gaze Project	O4	3	M	Bilingual	G130	06/09/2018	89100	1280 x 720		Raw Data	Ord4_T6_R.avi	190	0	900	720									85637	10:17:14.657	1536226408430081															0	6814		Fixation	8	532	294	1.91	313.51	121.38																				10275	706	268	722	294	714	281	524	281	283.22	182.14	289.69	171.43	286.46	176.78	299.08	196.35	699.42	343.75	201.85	696.26					725.68	725.68	3.73	3.69	0	0				
07/12/2018	3.3.2	Gaze Project	O4	3	M	Bilingual	G130	06/09/2018	89100	1280 x 720		Raw Data	Ord4_T6_R.avi	190	0	900	720									85645	10:17:14.666	1536226408438427															0	6815		Fixation	8	510	221	2.52	106.72	153.21																				10276	711	231	700	221	705	226	515	226	285.39	197.01	280.97	200.77	283.18	198.89	299.06	199.89	710.27	343.60	201.88	696.25					737.07	737.07	3.59	3.44	0	0				
07/12/2018	3.3.2	Gaze Project	O4	3	M	Bilingual	G130	06/09/2018	89100	1280 x 720		Raw Data	Ord4_T6_R.avi	190	0	900	720									85653	10:17:14.674	1536226408446766															0	6816		Fixation	8	511	307	2.84	270.66	163.94																				10277	706	234	701	307	703	270	513	270	283.35	195.75	281.20	166.38	282.27	181.06	298.84	196.40	699.51	343.52	201.84	696.38					725.76	725.76	3.47	3.76	0	0				
07/12/2018	3.3.2	Gaze Project	O4	3	M	Bilingual	G130	06/09/2018	89100	1280 x 720		Raw Data	Ord4_T6_R.avi	190	0	900	720									85662	10:17:14.682	1536226408455126															0	6817		Fixation	8	522	255	1.75	78.09	167.43																				10278	700	261	712	255	706	258	516	258	280.99	184.70	285.66	187.21	283.33	185.96	298.72	196.30	699.55	343.39	201.90	696.44					725.76	725.76	3.45	3.74	0	0				
07/12/2018	3.3.2	Gaze Project	O4	3	M	Bilingual	G130	06/09/2018	89100	1280 x 720		Raw Data	Ord4_T6_R.avi	190	0	900	720									85670	10:17:14.691	1536226408463486															0	6818		Fixation	8	497	252	0.82	173.14	95.04																				10279	729	256	687	252	708	254	518	254	292.81	186.73	275.71	188.65	284.26	187.69	298.59	196.50	699.73	343.26	201.93	696.46					725.99	725.99	3.49	3.72	0	0				
07/12/2018	3.3.2	Gaze Project	O4	3	M	Bilingual	G130	06/09/2018	89100	1280 x 720		Raw Data	Ord4_T6_R.avi	190	0	900	720									85678	10:17:14.699	1536226408471762															0	6819		Fixation	8	531	281	1.47	319.45	146.31																				10280	729	244	721	281	725	262	535	262	292.51	191.63	289.57	176.76	291.04	184.19	298.47	196.50	699.73	343.14	201.99	696.55					725.99	725.99	3.46	3.82	0	0				
07/12/2018	3.3.2	Gaze Project	O4	3	M	Bilingual	G130	06/09/2018	89100	1280 x 720		Raw Data	Ord4_T6_R.avi	190	0	900	720									85687	10:17:14.707	1536226408480081															0	6820		Fixation	8	539	297	0.59	296.49	337.04																				10281	718	327	729	297	723	312	533	312	288.13	158.15	292.52	170.22	290.32	164.19	298.35	196.56	699.86	343.02	202.06	696.69					726.12	726.12	3.71	3.85	0	0				
07/12/2018	3.3.2	Gaze Project	O4	3	M	Bilingual	G130	06/09/2018	89100	1280 x 720		Raw Data	Ord4_T6_R.avi	190	0	900	720									85695	10:17:14.716	1536226408488437															0	6821		Fixation	8	478	233	2.91	133.53	197.04																				10282	747	238	668	233	707	235	517	235	299.92	194.02	268.21	195.95	284.06	194.98	298.23	196.58	699.91	342.90	202.10	696.74					726.17	726.17	3.53	3.55	0	0				
07/12/2018	3.3.2	Gaze Project	O4	3	M	Bilingual	G130	06/09/2018	89100	1280 x 720		Raw Data	Ord4_T6_R.avi	190	0	900	720									85703	10:17:14.724	1536226408496793															0	6822		Fixation	8	505	250	1.05	327.72	194.19																				10283	716	268	695	250	705	259	515	259	287.29	182.14	279.03	189.14	283.16	185.64	298.12	196.59	699.96	342.78	202.12	696.73					726.21	726.21	3.67	3.62	0	0				
07/12/2018	3.3.2	Gaze Project	O4	3	M	Bilingual	G130	06/09/2018	89100	1280 x 720		Raw Data	Ord4_T6_R.avi	190	0	900	720									85712	10:17:14.732	1536226408505049															0	6823		Fixation	8	479	240	0.91	158.90	191.18																				10284	717	284	669	240	693	262	503	262	287.82	175.42	268.65	193.39	278.24	184.40	298.01	196.65	700.11	342.66	202.12	696.69					726.36	726.36	3.51	3.59	0	0				
07/12/2018	3.3.2	Gaze Project	O4	3	M	Bilingual	G130	06/09/2018	89100	1280 x 720		Raw Data	Ord4_T6_R.avi	190	0	900	720									85720	10:17:14.741	1536226408513409															0	6824		Fixation	8	507	287	1.79	300.70	141.80																				10285	705	242	697	287	701	264	511	264	282.84	192.35	279.91	174.51	281.38	183.43	297.89	196.67	700.13	343.25	205.54	706.80					726.38	726.38	3.57	4.08	0	0				
07/12/2018	3.3.2	Gaze Project	O4	3	M	Bilingual	G130	06/09/2018	89100	1280 x 720		Raw Data	Ord4_T6_R.avi	190	0	900	720									85728	10:17:14.749	1536226408521744															0	6825		Fixation	8	458	252	1.96	144.38	203.67																				10286	624	233	648	252	636	242	446	242	250.53	196.29	260.01	188.26	255.27	192.28	297.74	196.72	700.13	342.37	202.31	697.02					726.39	726.39	3.61	3.97	0	0				
07/12/2018	3.3.2	Gaze Project	O4	3	M	Bilingual	G130	06/09/2018	89100	1280 x 720		Raw Data	Ord4_T6_R.avi	190	0	900	720									85737	10:17:14.757	1536226408530110															0	6826		Fixation	8	467	237	0.57	59.12	274.74																				10287	644	242	657	237	650	239	460	239	258.68	192.57	263.90	194.57	261.29	193.57	297.61	196.66	700.16	342.94	205.87	707.49					726.39	726.39	3.66	4.08	0	0				
07/12/2018	3.3.2	Gaze Project	O4	3	M	Bilingual	G130	06/09/2018	89100	1280 x 720		Raw Data	Ord4_T6_R.avi	190	0	900	720									85745	10:17:14.766	1536226408538465															0	6827		Fixation	8	459	223	0.53	119.67	60.55																				10288	655	213	649	223	652	218	462	218	262.93	204.11	260.48	200.04	261.70	202.07	297.47	196.84	700.25	342.07	202.43	697.09					726.53	726.53	3.48	3.64	0	0				
07/12/2018	3.3.2	Gaze Project	O4	3	M	Bilingual	G130	06/09/2018	89100	1280 x 720		Raw Data	Ord4_T6_R.avi	190	0	900	720									85753	10:17:14.774	1536226408546726															0	6828		Fixation	8	438	219	0.70	169.18	49.52																				10289	597	234	628	219	612	226	422	226	239.80	195.82	252.12	201.66	245.96	198.74	297.37	196.89	700.38	341.96	202.49	697.19					726.66	726.66	3.71	3.83	0	0				
07/12/2018	3.3.2	Gaze Project	O4	3	M	Bilingual	G130	06/09/2018	89100	1280 x 720		Raw Data	Ord4_T6_R.avi	190	0	900	720									85762	10:17:14.782	1536226408555076															0	6829		Fixation	8	455	209	0.64	30.55	221.36																				10290	535	131	645	209	590	170	400	170	214.85	237.04	258.91	205.97	236.88	221.51	297.28	196.89	700.35	341.87	202.53	697.22					726.63	726.63	3.37	3.68	0	0				
07/12/2018	3.3.2	Gaze Project	O4	3	M	Bilingual	G130	06/09/2018	89100	1280 x 720		Raw Data	Ord4_T6_R.avi	190	0	900	720									85770	10:17:14.791	1536226408563418															0	6830		Fixation	8	439	219	0.61	212.09	181.54																				10291	616	222	629	219	622	220	432	220	247.22	200.69	252.60	201.64	249.91	201.17	297.19	196.89	700.32	341.80	202.57	697.27					726.59	726.59	3.63	3.70	0	0				
07/12/2018	3.3.2	Gaze Project	O4	3	M	Bilingual	G130	06/09/2018	89100	1280 x 720		Raw Data	Ord4_T6_R.avi	190	0	900	720									85778	10:17:14.799	1536226408571762															0	6831		Fixation	8	419	253	1.29	239.61	27.53																				10292	598	211	609	253	603	232	413	232	240.15	205.14	244.46	187.99	242.30	196.57	297.11	196.93	700.41	341.72	202.63	697.34					726.69	726.69	3.54	3.81	0	0				
07/12/2018	3.3.2	Gaze Project	O4	3	M	Bilingual	G130	06/09/2018	89100	1280 x 720		Raw Data	Ord4_T6_R.avi	190	0	900	720									85787	10:17:14.807	1536226408580136															0	6832		Fixation	8	428	222	1.06	73.86	194.25																				10293	596	223	618	222	607	222	417	222	239.24	200.24	248.08	200.39	243.66	200.32	297.04	196.99	700.54	341.66	202.72	697.53					726.82	726.82	3.61	3.83	0	0				
07/12/2018	3.3.2	Gaze Project	O4	3	M	Bilingual	G130	06/09/2018	89100	1280 x 720		Raw Data	Ord4_T6_R.avi	190	0	900	720									85795	10:17:14.816	1536226408588391															0	6833		Fixation	8	427	240	0.59	266.83	192.97																				10294	612	233	617	240	614	236	424	236	245.48	196.06	247.75	193.10	246.62	194.58	296.98	196.89	700.58	342.26	205.89	706.95					726.82	726.82	3.66	4.02	0	0				
07/12/2018	3.3.2	Gaze Project	O4	3	M	Bilingual	G130	06/09/2018	89100	1280 x 720		Raw Data	Ord4_T6_R.avi	190	0	900	720									85803	10:17:14.824	1536226408596725															0	6834		Fixation	8	399	208	1.38	131.09	224.26																				10295	613	197	589	208	601	202	411	202	246.25	210.55	236.55	206.11	241.40	208.33	296.91	197.03	700.58	341.54	202.82	697.69					726.87	726.87	3.56	3.80	0	0				
07/12/2018	3.3.2	Gaze Project	O4	3	M	Bilingual	G130	06/09/2018	89100	1280 x 720		Raw Data	Ord4_T6_R.avi	190	0	900	720									85812	10:17:14.832	1536226408605083															0	6835		Fixation	8	432	218	1.12	343.09	212.00																				10296	606	230	622	218	614	224	424	224	243.11	197.19	249.55	202.29	246.33	199.74	296.86	197.08	700.66	341.47	202.81	697.59					726.96	726.96	3.67	3.93	0	0				
07/12/2018	3.3.2	Gaze Project	O4	3	M	Bilingual	G130	06/09/2018	89100	1280 x 720		Raw Data	Ord4_T6_R.avi	190	0	900	720									85820	10:17:14.841	1536226408613449															0	6836		Fixation	8	396	204	1.25	158.69	175.60																				10297	616	228	586	204	601	216	411	216	247.37	198.27	235.26	207.68	241.31	202.97	296.80	197.11	700.69	341.42	202.87	697.68					726.99	726.99	3.67	3.83	0	0				
07/12/2018	3.3.2	Gaze Project	O4	3	M	Bilingual	G130	06/09/2018	89100	1280 x 720		Raw Data	Ord4_T6_R.avi	190	0	900	720									85828	10:17:14.849	1536226408621721															0	6837		Fixation	8	461	270	3.02	314.47	155.78																				10298	605	232	651	270	628	251	438	251	242.79	196.43	261.48	181.23	252.14	188.83	296.75	197.16	700.77	341.38	202.93	697.79					727.08	727.08	3.72	3.90	0	0				
07/12/2018	3.3.2	Gaze Project	O4	3	M	Bilingual	G130	06/09/2018	89100	1280 x 720		Raw Data	Ord4_T6_R.avi	190	0	900	720									85837	10:17:14.857	1536226408630067															0	6838		Fixation	8	472	167	3.40	83.92	129.45																				10299	604	190	662	167	633	178	443	178	242.53	213.58	265.55	222.68	254.04	218.13	296.71	197.20	700.79	341.33	202.97	697.82					727.11	727.11	3.49	3.62	0	0				
07/12/2018	3.3.2	Gaze Project	O4	3	M	Bilingual	G130	06/09/2018	89100	1280 x 720		Raw Data	Ord4_T6_R.avi	190	0	900	720									85845	10:17:14.866	1536226408638397															0	6839		Fixation	8	413	217	2.52	220.37	136.45																				10300	622	197	603	217	612	207	422	207	249.69	210.48	241.87	202.68	245.78	206.58	296.67	197.26	700.84	341.31	203.04	697.95					727.18	727.18	3.57	3.74	0	0				
07/12/2018	3.3.2	Gaze Project	O4	3	M	Bilingual	G130	06/09/2018	89100	1280 x 720		Raw Data	Ord4_T6_R.avi	190	0	900	720									85853	10:17:14.874	1536226408646758															0	6840		Fixation	8	405	237	0.70	248.26	27.89																				10301	600	170	595	237	597	203	407	203	240.66	221.50	239.03	194.58	239.85	208.04	296.64	197.34	700.95	341.29	203.15	698.18					727.30	727.30	3.44	3.85	0	0				
07/12/2018	3.3.2	Gaze Project	O4	3	M	Bilingual	G130	06/09/2018	89100	1280 x 720		Raw Data	Ord4_T6_R.avi	190	0	900	720									85862	10:17:14.882	1536226408655116															0	6841		Fixation	8	435	249	1.05	338.13	89.87																				10302	603	193	625	249	614	221	424	221	242.21	212.18	250.95	189.60	246.58	200.89	296.62	197.40	700.98	341.28	203.19	698.22					727.35	727.35	3.52	3.96	0	0				
07/12/2018	3.3.2	Gaze Project	O4	3	M	Bilingual	G130	06/09/2018	89100	1280 x 720		Raw Data	Ord4_T6_R.avi	190	0	900	720									85870	10:17:14.891	1536226408663385															0	6842		Fixation	8	424	212	1.26	106.51	128.37																				10303	633	260	614	212	623	236	433	236	254.21	185.26	246.52	204.65	250.36	194.95	296.61	197.46	701.02	341.27	203.25	698.27					727.40	727.40	3.60	3.83	0	0				
07/12/2018	3.3.2	Gaze Project	O4	3	M	Bilingual	G130	06/09/2018	89100	1280 x 720		Raw Data	Ord4_T6_R.avi	190	0	900	720									85878	10:17:14.899	1536226408671740															0	6843		Fixation	8	432	216	0.29	333.36	226.85																				10304	645	214	622	216	633	215	443	215	259.09	203.72	249.66	202.76	254.37	203.24	296.61	197.55	701.08	341.27	203.30	698.32					727.49	727.49	3.56	3.81	0	0				
07/12/2018	3.3.2	Gaze Project	O4	3	M	Bilingual	G130	06/09/2018	89100	1280 x 720		Raw Data	Ord4_T6_R.avi	190	0	900	720									85887	10:17:14.907	1536226408680072															0	6844		Fixation	8	421	191	0.89	113.68	140.32																				10305	597	204	611	191	604	197	414	197	239.53	207.89	245.13	213.11	242.33	210.50	296.61	197.62	701.13	341.27	203.36	698.40					727.56	727.56	3.52	3.69	0	0				
07/12/2018	3.3.2	Gaze Project	O4	3	M	Bilingual	G130	06/09/2018	89100	1280 x 720		Raw Data	Ord4_T6_R.avi	190	0	900	720									85895	10:17:14.916	1536226408688413															0	6845		Fixation	8	452	206	1.12	334.11	220.43																				10306	623	217	642	206	632	211	442	211	250.27	202.39	257.89	206.87	254.08	204.63	296.62	197.70	701.20	341.29	203.43	698.50					727.65	727.65	3.54	3.57	0	0				
07/12/2018	3.3.2	Gaze Project	O4	3	M	Bilingual	G130	06/09/2018	89100	1280 x 720		Raw Data	Ord4_T6_R.avi	190	0	900	720									85903	10:17:14.924	1536226408696785															0	6846		Fixation	8	436	196	0.61	147.91	173.81																				10307	611	271	626	196	618	233	428	233	245.13	180.84	251.11	211.16	248.12	196.00	296.64	197.63	701.23	341.90	206.32	707.08					727.66	727.66	3.72	3.96	0	0				
07/12/2018	3.3.2	Gaze Project	O4	3	M	Bilingual	G130	06/09/2018	89100	1280 x 720		Raw Data	Ord4_T6_R.avi	190	0	900	720									85912	10:17:14.932	1536226408705054															0	6847		Fixation	8	387	171	1.77	152.89	4.98																				10308	602	215	577	171	589	193	399	193	241.59	203.49	231.52	221.07	236.55	212.28	296.67	197.83	701.33	341.35	203.57	698.75					727.83	727.83	3.55	3.59	0	0				
07/12/2018	3.3.2	Gaze Project	O4	3	M	Bilingual	G130	06/09/2018	89100	1280 x 720		Raw Data	Ord4_T6_R.avi	190	0	900	720									85920	10:17:14.941	1536226408713405															0	6848		Fixation	8	436	189	1.68	339.77	186.88																				10309	585	249	626	189	605	219	415	219	234.87	189.79	251.32	213.68	243.10	201.73	296.70	197.90	701.43	341.38	203.61	698.84					727.94	727.94	3.66	3.55	0	0				
07/12/2018	3.3.2	Gaze Project	O4	3	M	Bilingual	G130	06/09/2018	89100	1280 x 720		Raw Data	Ord4_T6_R.avi	190	0	900	720									85928	10:17:14.949	1536226408721741															0	6849		Fixation	8	411	234	1.68	241.02	261.25																				10310	587	242	601	234	594	238	404	238	235.46	192.31	241.26	195.87	238.36	194.09	296.73	197.95	701.49	341.42	203.67	698.98					728.01	728.01	3.76	4.02	0	0				
07/12/2018	3.3.2	Gaze Project	O4	3	M	Bilingual	G130	06/09/2018	89100	1280 x 720		Raw Data	Ord4_T6_R.avi	190	0	900	720									85937	10:17:14.957	1536226408730099															0	6850		Fixation	8	423	242	0.47	326.22	85.20																				10311	594	232	613	242	603	237	413	237	238.50	196.54	245.92	192.46	242.21	194.50	296.77	197.97	701.49	341.46	203.73	699.15					728.02	728.02	3.64	3.99	0	0				
07/12/2018	3.3.2	Gaze Project	O4	3	M	Bilingual	G130	06/09/2018	89100	1280 x 720		Raw Data	Ord4_T6_R.avi	190	0	900	720									85945	10:17:14.966	1536226408738361															0	6851		Fixation	8	432	225	0.63	62.18	95.95																				10312	584	229	622	225	603	227	413	227	234.60	197.61	249.70	199.30	242.15	198.46	296.81	198.03	701.61	341.50	203.63	699.19					728.16	728.16	3.59	4.11	0	0				
07/12/2018	3.3.2	Gaze Project	O4	3	M	Bilingual	G130	06/09/2018	89100	1280 x 720		Raw Data	Ord4_T6_R.avi	190	0	900	720									85953	10:17:14.974	1536226408746710															0	6852		Fixation	8	407	221	0.82	170.88	108.70																				10313	606	216	597	221	601	218	411	218	243.08	202.91	239.57	200.78	241.32	201.85	296.85	198.05	701.65	341.48	203.84	699.10					728.21	728.21	3.60	3.69	0	0				
07/12/2018	3.3.2	Gaze Project	O4	3	M	Bilingual	G130	06/09/2018	89100	1280 x 720		Raw Data	Ord4_T6_R.avi	190	0	900	720									85962	10:17:14.982	1536226408755051															0			Unclassified	8																									10314	591	222			591	222	401	222	237.21	200.63					296.88	198.11	701.79		-34.01						728.35		3.68		0	4				
07/12/2018	3.3.2	Gaze Project	O4	3	M	Bilingual	G130	06/09/2018	89100	1280 x 720		Raw Data	Ord4_T6_R.avi	190	0	900	720									85970	10:17:14.991	1536226408763409															0	6853		Fixation	8	464	194	2.04	25.42	214.54																				10315	606	255	654	194	630	224	440	224	243.33	187.14	262.38	211.64	252.86	199.39	296.92	198.13	701.84	341.61	203.82	699.41					728.42	728.42	3.74	3.67	0	0				
07/12/2018	3.3.2	Gaze Project	O4	3	M	Bilingual	G130	06/09/2018	89100	1280 x 720		Raw Data	Ord4_T6_R.avi	190	0	900	720									85975	10:17:14.995										36	MovieEnd	Ord4_T6_R.avi					6854		Fixation	8	417	224	1.81	212.63	187.22																																																						
07/12/2018	3.3.2	Gaze Project	O4	3	M	Bilingual	G130	06/09/2018	89100	1280 x 720		Raw Data														85978	10:17:14.999	1536226408771773															0	6854		Fixation	8			1.81	212.63	187.22																				10316	585	354	607	224	596	289			234.68	147.31	243.67	199.59	239.17	173.45	296.95	198.11	701.80	341.65	203.85	699.49					728.37	728.37	4.17	3.93	0	0				
07/12/2018	3.3.2	Gaze Project	O4	3	M	Bilingual	G130	06/09/2018	89100	1280 x 720		Raw Data														85987	10:17:15.007	1536226408780035															0	6855		Fixation	8			1.62	55.76	203.12																				10317	582	277	635	183	608	230			233.64	178.29	254.74	216.41	244.19	197.35	296.98	198.13	701.85	341.65	203.96	699.45					728.43	728.43	3.94	3.50	0	0				
07/12/2018	3.3.2	Gaze Project	O4	3	M	Bilingual	G130	06/09/2018	89100	1280 x 720		Raw Data														85995	10:17:15.016	1536226408788379															0	6856		Fixation	8			4.26	256.75	200.99																				10318	601	226	605	310	603	268			241.43	199.04	242.75	164.93	242.09	181.98	297.01	198.22	702.12	341.71	203.93	699.70					728.71	728.71	3.87	4.47	0	0				
07/12/2018	3.3.2	Gaze Project	O4	3	M	Bilingual	G130	06/09/2018	89100	1280 x 720		Raw Data														86003	10:17:15.024	1536226408796725															0	6857		Fixation	8			3.80	93.90	197.15																				10319	576	242	597	193	586	217			231.37	192.65	239.52	212.28	235.44	202.47	297.03	198.18	702.05	342.29	206.62	707.80					728.63	728.63	3.93	4.00	0	0				
07/12/2018	3.3.2	Gaze Project	O4	3	M	Bilingual	G130	06/09/2018	89100	1280 x 720		Raw Data														86012	10:17:15.032	1536226408805068															0	6858		Fixation	8			0.35	213.78	119.88																				10320	597	222	588	199	592	210			239.74	200.53	236.19	209.88	237.97	205.21	297.06	198.25	702.29	341.76	204.00	699.91					728.89	728.89	3.69	3.85	0	0				
07/12/2018	3.3.2	Gaze Project	O4	3	M	Bilingual	G130	06/09/2018	89100	1280 x 720		Raw Data														86020	10:17:15.041	1536226408813424															0	6859		Fixation	8			2.32	16.21	162.44																				10321	592	233	657	179	624	206			237.53	196.27	263.54	217.84	250.54	207.06	297.07	198.25	702.34	341.77	204.02	699.98					728.93	728.93	3.77	3.66	0	0				
07/12/2018	3.3.2	Gaze Project	O4	3	M	Bilingual	G130	06/09/2018	89100	1280 x 720		Raw Data														86028	10:17:15.049	1536226408821688															0	6860		Fixation	8			2.33	181.60	165.38																				10322	603	219	585	181	594	200			242.09	201.67	234.93	217.21	238.51	209.44	297.08	198.25	702.41	341.76	204.13	699.94					729.00	729.00	3.65	3.66	0	0				
07/12/2018	3.3.2	Gaze Project	O4	3	M	Bilingual	G130	06/09/2018	89100	1280 x 720		Raw Data														86037	10:17:15.057	1536226408830032															0	6861		Fixation	8			2.13	301.18	119.59																				10323	625	202	619	237	622	219			250.84	208.71	248.38	194.45	249.61	201.58	297.08	198.25	702.47	341.77	203.90	700.03					729.06	729.06	3.56	3.98	0	0				
07/12/2018	3.3.2	Gaze Project	O4	3	M	Bilingual	G130	06/09/2018	89100	1280 x 720		Raw Data														86045	10:17:15.066	1536226408838380															0	6862		Fixation	8			0.65	90.00	148.82																				10324	594	203	619	217	606	210			238.26	208.03	248.56	202.62	243.41	205.32	297.09	198.25	702.58	341.77	204.05	700.12					729.16	729.16	3.71	4.13	0	0				
07/12/2018	3.3.2	Gaze Project	O4	3	M	Bilingual	G130	06/09/2018	89100	1280 x 720		Raw Data														86053	10:17:15.074	1536226408846753															0	6863		Fixation	8			0.63	62.18	332.18																				10325	557	250	628	200	592	225			223.57	189.36	252.19	209.22	237.88	199.29	297.08	198.25	702.66	341.77	204.06	700.21					729.24	729.24	3.92	3.71	0	0				
07/12/2018	3.3.2	Gaze Project	O4	3	M	Bilingual	G130	06/09/2018	89100	1280 x 720		Raw Data														86062	10:17:15.082	1536226408855028															0	6864		Fixation	8			1.33	125.94	63.76																				10326	589	251	604	167	596	209			236.27	188.84	242.38	222.57	239.33	205.70	297.08	198.25	702.74	341.77	204.07	700.28					729.31	729.31	3.87	3.55	0	0				
07/12/2018	3.3.2	Gaze Project	O4	3	M	Bilingual	G130	06/09/2018	89100	1280 x 720		Raw Data														86070	10:17:15.091	1536226408863360															0	6865		Fixation	8			2.45	273.80	147.86																				10327	609	244	609	242	609	243			244.55	191.68	244.58	192.34	244.57	192.01	297.08	198.29	702.91	341.76	204.03	700.23					729.48	729.48	3.85	4.06	0	0				
07/12/2018	3.3.2	Gaze Project	O4	3	M	Bilingual	G130	06/09/2018	89100	1280 x 720		Raw Data														86078	10:17:15.099	1536226408871704															0	6866		Fixation	8			0.39	138.27	224.47																				10328	559	214	600	234	579	224			224.35	203.96	240.95	195.90	232.65	199.93	297.07	198.28	702.93	341.73	204.03	700.26					729.50	729.50	3.87	3.96	0	0				
07/12/2018	3.3.2	Gaze Project	O4	3	M	Bilingual	G130	06/09/2018	89100	1280 x 720		Raw Data														86087	10:17:15.107	1536226408880044															0	6867		Fixation	8			2.60	105.90	327.62																				10329	595	263	578	157	586	210			238.96	184.00	231.90	226.53	235.43	205.26	297.06	198.36	703.20	341.72	204.03	700.30					729.78	729.78	4.02	3.55	0	0				
07/12/2018	3.3.2	Gaze Project	O4	3	M	Bilingual	G130	06/09/2018	89100	1280 x 720		Raw Data														86095	10:17:15.116	1536226408888417															0	6868		Fixation	8			1.64	280.17	174.28																				10330	571	226	587	207	579	216			229.11	198.89	235.43	206.57	232.27	202.73	297.07	198.32	703.10	342.38	207.18	709.75					729.67	729.67	3.97	3.97	0	0				
07/12/2018	3.3.2	Gaze Project	O4	3	M	Bilingual	G130	06/09/2018	89100	1280 x 720		Raw Data														86103	10:17:15.124	1536226408896673															0	6869		Fixation	8			0.89	46.56	126.39																				10331	583	254	606	187	594	220			234.04	187.77	243.12	214.81	238.58	201.29	297.09	198.39	703.31	341.76	204.09	700.55					729.89	729.89	3.98	3.85	0	0				
07/12/2018	3.3.2	Gaze Project	O4	3	M	Bilingual	G130	06/09/2018	89100	1280 x 720		Raw Data														86112	10:17:15.132	1536226408905028															0	6870		Fixation	8			0.45	249.02	202.46																				10332	579	228	601	200	590	214			232.42	197.93	241.44	209.56	236.93	203.74	297.11	198.37	703.24	341.79	204.07	700.53					729.83	729.83	3.89	3.69	0	0				
07/12/2018	3.3.2	Gaze Project	O4	3	M	Bilingual	G130	06/09/2018	89100	1280 x 720		Raw Data														86120	10:17:15.141	1536226408913372															0	6871		Fixation	8			0.80	121.68	232.65																				10333	563	233	588	179	575	206			226.14	196.18	235.96	217.90	231.05	207.04	297.14	198.43	703.34	341.82	204.08	700.54					729.94	729.94	3.83	3.75	0	0				
07/12/2018	3.3.2	Gaze Project	O4	3	M	Bilingual	G130	06/09/2018	89100	1280 x 720		Raw Data														86128	10:17:15.149	1536226408921734															0	6872		Fixation	8			1.42	80.78	319.11																				10334	561	282	595	136	578	209			225.28	176.42	238.92	235.21	232.10	205.81	297.24	200.94	711.07	341.86	204.08	700.55					738.06	738.06	4.35	3.44	0	0				
07/12/2018	3.3.2	Gaze Project	O4	3	M	Bilingual	G130	06/09/2018	89100	1280 x 720		Raw Data														86137	10:17:15.157	1536226408930090															0	6873		Fixation	8			1.17	228.46	147.67																				10335	624	240	571	163	597	201			250.30	193.27	229.40	224.12	239.85	208.70	297.23	198.50	703.41	341.92	204.17	700.79					730.03	730.03	3.89	3.53	0	0				
07/12/2018	3.3.2	Gaze Project	O4	3	M	Bilingual	G130	06/09/2018	89100	1280 x 720		Raw Data														86145	10:17:15.166	1536226408938352															0	6874		Fixation	8			2.13	298.05	69.59																				10336	579	251	602	221	590	236			232.56	188.85	241.69	200.98	237.13	194.92	297.29	198.57	703.53	342.00	204.24	700.96					730.17	730.17	3.98	3.93	0	0				
07/12/2018	3.3.2	Gaze Project	O4	3	M	Bilingual	G130	06/09/2018	89100	1280 x 720		Raw Data														86153	10:17:15.174	1536226408946682															0	6875		Fixation	8			0.55	173.27	235.22																				10337	591	264	585	219	588	241			237.28	183.62	234.69	201.93	235.98	192.77	297.35	198.59	703.47	342.04	204.17	700.74					730.13	730.13	4.06	4.03	0	0				
07/12/2018	3.3.2	Gaze Project	O4	3	M	Bilingual	G130	06/09/2018	89100	1280 x 720		Raw Data														86162	10:17:15.182	1536226408955046															0	6876		Fixation	8			0.47	254.10	80.83																				10338	563	279	581	233	572	256			225.87	177.76	233.23	196.25	229.55	187.01	297.41	198.65	703.52	342.10	204.18	700.73					730.19	730.19	4.02	3.98	0	0				
07/12/2018	3.3.2	Gaze Project	O4	3	M	Bilingual	G130	06/09/2018	89100	1280 x 720		Raw Data														86170	10:17:15.191	1536226408963403															0	6877		Fixation	8			2.35	75.62	181.52																				10339	585	277	599	163	592	220			234.80	178.54	240.41	224.47	237.60	201.51	297.49	198.73	703.62	342.19	204.23	700.85					730.32	730.32	4.37	3.66	0	0				
07/12/2018	3.3.2	Gaze Project	O4	3	M	Bilingual	G130	06/09/2018	89100	1280 x 720		Raw Data														86178	10:17:15.199	1536226408971669															0	6878		Fixation	8			0.44	287.05	211.43																				10340	575	310	603	176	589	243			230.85	164.95	242.04	219.05	236.44	192.00	297.56	198.73	703.52	342.26	204.23	700.82					730.23	730.23	4.38	3.64	0	0				
07/12/2018	3.3.2	Gaze Project	O4	3	M	Bilingual	G130	06/09/2018	89100	1280 x 720		Raw Data														86187	10:17:15.207	1536226408980019															0	6879		Fixation	8			2.00	253.98	326.92																				10341	576	301	586	235	581	268			231.29	168.74	235.35	195.28	233.32	182.01	297.63	198.79	703.53	342.33	204.24	700.84					730.26	730.26	4.33	4.25	0	0				
07/12/2018	3.3.2	Gaze Project	O4	3	M	Bilingual	G130	06/09/2018	89100	1280 x 720		Raw Data														86195	10:17:15.216	1536226408988358															0	6880		Fixation	8			0.68	92.72	198.74																				10342	566	271	585	214	575	242			227.01	180.91	234.75	203.79	230.88	192.35	297.70	198.86	703.60	343.14	207.70	711.12					730.36	730.36	4.29	4.20	0	0				
07/12/2018	3.3.2	Gaze Project	O4	3	M	Bilingual	G130	06/09/2018	89100	1280 x 720		Raw Data														86203	10:17:15.224	1536226408996701															0	6881		Fixation	8			0.59	49.49	316.77																				10343	557	298	597	200	577	249			223.63	170.08	239.65	209.32	231.64	189.70	297.77	198.88	703.52	343.12	207.23	709.76					730.29	730.29	4.38	4.10	0	0				
07/12/2018	3.3.2	Gaze Project	O4	3	M	Bilingual	G130	06/09/2018	89100	1280 x 720		Raw Data														86212	10:17:15.232	1536226409005071															0	6882		Fixation	8			1.47	241.27	191.78																				10344	574	280	575	240	574	260			230.33	177.12	230.99	193.12	230.66	185.12	297.85	198.96	703.60	342.59	204.37	701.16					730.39	730.39	4.31	4.12	0	0				
07/12/2018	3.3.2	Gaze Project	O4	3	M	Bilingual	G130	06/09/2018	89100	1280 x 720		Raw Data														86220	10:17:15.241	1536226409013334															0	6883		Fixation	8			2.08	58.36	177.09																				10345	560	278	609	185	584	231			224.98	177.80	244.32	215.36	234.65	196.58	297.91	198.98	703.51	344.95	209.10	714.39					730.32	730.32	4.26	4.41	0	0				
07/12/2018	3.3.2	Gaze Project	O4	3	M	Bilingual	G130	06/09/2018	89100	1280 x 720		Raw Data														86228	10:17:15.249	1536226409021675															0	6884		Fixation	8			1.13	273.26	214.90																				10346	589	287	611	220	600	253			236.52	174.50	245.20	201.39	240.86	187.95	299.35	203.48	716.18	342.73	204.27	701.20					743.82	743.82	4.50	4.00	0	0				
07/12/2018	3.3.2	Gaze Project	O4	3	M	Bilingual	G130	06/09/2018	89100	1280 x 720		Raw Data														86237	10:17:15.257	1536226409030028															0	6885		Fixation	8			1.51	256.31	343.05																				10347	567	244	600	265	583	254			227.61	191.75	240.82	183.07	234.21	187.41	298.04	199.08	703.48	342.81	204.43	701.29					730.33	730.33	4.07	4.29	0	0				
07/12/2018	3.3.2	Gaze Project	O4	3	M	Bilingual	G130	06/09/2018	89100	1280 x 720		Raw Data														86245	10:17:15.266	1536226409038385															0	6886		Fixation	8			0.61	161.51	265.20																				10348	564	316	582	259	573	287			226.36	162.67	233.80	185.65	230.08	174.16	298.10	199.11	703.44	342.86	204.37	701.10					730.31	730.31	4.27	4.25	0	0				
07/12/2018	3.3.2	Gaze Project	O4	3	M	Bilingual	G130	06/09/2018	89100	1280 x 720		Raw Data														86253	10:17:15.274	1536226409046665															0	6887		Fixation	8			2.28	88.37	286.86																				10349	604	209	584	189	594	199			242.59	205.64	234.41	213.65	238.50	209.64	298.16	199.15	703.39	342.91	204.48	701.05					730.27	730.27	3.90	3.64	0	0				
07/12/2018	3.3.2	Gaze Project	O4	3	M	Bilingual	G130	06/09/2018	89100	1280 x 720		Raw Data														86262	10:17:15.282	1536226409055003															0	6888		Fixation	8			3.20	275.23	186.86																				10350	567	264	593	287	580	275			227.49	183.79	238.02	174.31	232.75	179.05	298.30	202.19	712.55	343.00	204.43	701.23					739.92	739.92	4.00	4.35	0	0				
07/12/2018	3.3.2	Gaze Project	O4	3	M	Bilingual	G130	06/09/2018	89100	1280 x 720		Raw Data														86270	10:17:15.291	1536226409063335															0	6889		Fixation	8			0.10	18.49	103.26																				10351	570	257	596	286	583	271			228.91	186.44	239.09	174.65	234.00	180.55	298.27	199.26	703.41	343.04	204.37	701.05					730.33	730.33	4.08	4.35	0	0				
07/12/2018	3.3.2	Gaze Project	O4	3	M	Bilingual	G130	06/09/2018	89100	1280 x 720		Raw Data														86278	10:17:15.299	1536226409071697															0			Unclassified	8																									10352	579	247			579	247			232.61	190.66					298.31	199.26	703.26		-34.01						730.19		4.03		0	4				
07/12/2018	3.3.2	Gaze Project	O4	3	M	Bilingual	G130	06/09/2018	89100	1280 x 720		Raw Data														86287	10:17:15.307	1536226409080058															0	6890		Fixation	8			0.90	120.18	101.69																				10353	575	276	582	262	578	269			230.85	178.86	233.47	184.27	232.16	181.57	298.40	201.14	708.97	343.14	204.37	701.00					736.20	736.20	4.02	4.30	0	0				
07/12/2018	3.3.2	Gaze Project	O4	3	M	Bilingual	G130	06/09/2018	89100	1280 x 720		Raw Data														86295	10:17:15.316	1536226409088315															0	6891		Fixation	8			2.62	82.90	322.72																				10354	589	217	592	182	590	199			236.47	202.55	237.79	216.85	237.13	209.70	298.40	199.38	703.29	343.17	204.37	700.97					730.27	730.27	4.00	3.76	0	0				
07/12/2018	3.3.2	Gaze Project	O4	3	M	Bilingual	G130	06/09/2018	89100	1280 x 720		Raw Data														86303	10:17:15.324	1536226409096738															0	6892		Fixation	8			1.00	14.98	292.08																				10355	576	218	622	174	599	196			231.19	202.15	249.87	220.00	240.53	211.07	298.42	199.40	703.24	343.21	204.37	700.94					730.23	730.23	3.99	3.76	0	0				
07/12/2018	3.3.2	Gaze Project	O4	3	M	Bilingual	G130	06/09/2018	89100	1280 x 720		Raw Data														86312	10:17:15.332	1536226409105009															0	6893		Fixation	8			6.32	247.18	232.20																				10356	578	261	546	354	562	307			232.10	185.01	219.05	147.40	225.57	166.21	298.45	199.45	703.22	343.24	204.49	700.89					730.22	730.22	4.02	4.55	0	0				
07/12/2018	3.3.2	Gaze Project	O4	3	M	Bilingual	G130	06/09/2018	89100	1280 x 720		Raw Data														86320	10:17:15.341	1536226409113355															0	6894		Fixation	8			2.82	73.48	186.30																				10357			571	270	571	270					229.10	181.28						343.29	204.41	701.00						0.00		4.32	4	0				
07/12/2018	3.3.2	Gaze Project	O4	3	M	Bilingual	G130	06/09/2018	89100	1280 x 720		Raw Data														86328	10:17:15.349	1536226409121723															0	6895		Fixation	8			3.62	78.12	4.65																				10358	580	274	594	161	587	217			232.63	179.60	238.49	225.30	235.56	202.45	298.50	199.47	703.06	343.30	204.34	700.82					730.08	730.08	4.09	3.79	0	0				
07/12/2018	3.3.2	Gaze Project	O4	3	M	Bilingual	G130	06/09/2018	89100	1280 x 720		Raw Data														86336	10:17:15.357	1536226409129970															0	6896		Fixation	8			2.12	265.62	187.49																				10359	574	245	589	226	581	235			230.56	191.36	236.51	198.78	233.54	195.07	298.52	199.50	703.07	343.35	204.43	701.07					730.11	730.11	4.13	4.07	0	0				
07/12/2018	3.3.2	Gaze Project	O4	3	M	Bilingual	G130	06/09/2018	89100	1280 x 720		Raw Data														86345	10:17:15.366	1536226409138314															0	6897		Fixation	8			3.82	98.17	192.56																				10360	566	286	572	108	569	197			227.10	174.87	229.67	246.56	228.39	210.72	298.53	199.51	702.99	346.82	211.41	720.79					730.03	730.03	4.15	3.82	0	0				
07/12/2018	3.3.2	Gaze Project	O4	3	M	Bilingual	G130	06/09/2018	89100	1280 x 720		Raw Data														86353	10:17:15.374	1536226409146678															0	6898		Fixation	8			2.25	264.31	166.14																				10361	585	262	565	178	575	220			234.90	184.28	226.95	218.39	230.93	201.34	298.55	199.52	702.95	343.38	204.32	700.79					729.99	729.99	4.16	3.82	0	0				
07/12/2018	3.3.2	Gaze Project	O4	3	M	Bilingual	G130	06/09/2018	89100	1280 x 720		Raw Data														86362	10:17:15.382	1536226409155034															0	6899		Fixation	8			1.97	352.50	88.20																				10362	571	331	626	186	598	258			229.27	156.59	251.15	215.00	240.21	185.80	298.57	199.55	702.94	343.40	204.33	700.80					730.00	730.00	4.22	3.80	0	0				
07/12/2018	3.3.2	Gaze Project	O4	3	M	Bilingual	G130	06/09/2018	89100	1280 x 720		Raw Data														86370	10:17:15.391	1536226409163315															0	6900		Fixation	8			1.41	162.75	170.24																				10363	577	265	584	173	580	219			231.60	183.41	234.60	220.17	233.10	201.79	298.59	199.59	702.93	343.42	204.31	700.76					730.00	730.00	4.09	3.88	0	0				
07/12/2018	3.3.2	Gaze Project	O4	3	M	Bilingual	G130	06/09/2018	89100	1280 x 720		Raw Data														86378	10:17:15.399	1536226409171657															0	6901		Fixation	8			0.90	21.10	218.35																				10364	580	199	610	163	595	181			232.62	209.99	244.96	224.25	238.79	217.12	298.60	199.60	702.85	343.45	204.32	700.76					729.93	729.93	3.79	3.72	0	0				
07/12/2018	3.3.2	Gaze Project	O4	3	M	Bilingual	G130	06/09/2018	89100	1280 x 720		Raw Data														86386	10:17:15.407	1536226409179992															0	6902		Fixation	8			1.72	245.45	224.35																				10365	579	198	588	211	583	204			232.55	210.28	235.90	204.97	234.22	207.62	298.62	199.63	702.85	343.47	204.35	700.80					729.94	729.94	3.77	4.20	0	0				
07/12/2018	3.3.2	Gaze Project	O4	3	M	Bilingual	G130	06/09/2018	89100	1280 x 720		Raw Data														86395	10:17:15.416	1536226409188349															0	6903		Fixation	8			0.48	28.38	142.93																				10366	598	251	601	204	599	227			239.89	188.93	241.14	207.94	240.51	198.44	298.63	199.66	702.81	343.49	204.25	700.84					729.92	729.92	4.15	4.08	0	0				
07/12/2018	3.3.2	Gaze Project	O4	3	M	Bilingual	G130	06/09/2018	89100	1280 x 720		Raw Data														86396	10:17:15.416										37	InstructionStart	Instruction Element					6903		Fixation	8			0.48	28.38	142.93																																																						
07/12/2018	3.3.2	Gaze Project	O4	3	M	Bilingual	G130	06/09/2018	89100	1280 x 720		Raw Data														86403	10:17:15.424	1536226409196708															0	6904		Fixation	8			0.35	180.00	151.62																				10367	588	240	590	204	589	222			236.17	193.23	236.72	207.79	236.45	200.51	298.64	199.65	702.65	345.31	208.06	711.00					729.76	729.76	4.12	4.07	0	0				
07/12/2018	3.3.2	Gaze Project	O4	3	M	Bilingual	G130	06/09/2018	89100	1280 x 720		Raw Data														86411	10:17:15.432	1536226409204946															0	6905		Fixation	8			1.12	56.85	236.85																				10368	572	248	609	175	590	211			229.57	190.23	244.65	219.48	237.11	204.85	298.65	199.67	702.59	343.51	204.30	700.47					729.71	729.71	4.05	3.82	0	0				
07/12/2018	3.3.2	Gaze Project	O4	3	M	Bilingual	G130	06/09/2018	89100	1280 x 720		Raw Data														86420	10:17:15.441	1536226409213308															0	6906		Fixation	8			2.35	271.59	214.73																				10369	564	207	611	247	587	227			226.43	206.67	245.35	190.28	235.89	198.48	298.66	199.72	702.58	343.52	204.30	700.41					729.72	729.72	3.82	3.93	0	0				
07/12/2018	3.3.2	Gaze Project	O4	3	M	Bilingual	G130	06/09/2018	89100	1280 x 720		Raw Data														86428	10:17:15.449	1536226409221664															0	6907		Fixation	8			2.14	133.69	222.10																				10370	537	212	565	199	551	205			215.42	204.70	226.72	209.88	221.07	207.29	298.68	199.65	702.61	344.14	207.12	708.79					729.72	729.72	3.87	4.04	0	0				
07/12/2018	3.3.2	Gaze Project	O4	3	M	Bilingual	G130	06/09/2018	89100	1280 x 720		Raw Data														86437	10:17:15.457	1536226409230020															0	6908		Fixation	8			2.68	53.91	280.22																				10371	545	233	614	132	579	182			218.61	196.31	246.27	236.94	232.44	216.62	298.75	202.10	709.63	343.55	204.37	700.42					737.15	737.15	3.98	3.52	0	0				
07/12/2018	3.3.2	Gaze Project	O4	3	M	Bilingual	G130	06/09/2018	89100	1280 x 720		Raw Data														86445	10:17:15.466	1536226409238376															0	6909		Fixation	8			1.53	233.70	179.80																				10372	552	226	586	170	569	198			221.66	198.80	235.23	221.54	228.44	210.17	298.69	199.80	702.38	343.56	204.38	700.35					729.56	729.56	4.12	3.80	0	0				
07/12/2018	3.3.2	Gaze Project	O4	3	M	Bilingual	G130	06/09/2018	89100	1280 x 720		Raw Data														86453	10:17:15.474	1536226409246627															0	6910		Fixation	8			3.26	260.85	27.14																				10373	562	226	570	269	566	247			225.72	198.87	228.74	181.71	227.23	190.29	298.69	199.84	702.34	343.56	204.36	700.19					729.53	729.53	4.12	4.46	0	0				
07/12/2018	3.3.2	Gaze Project	O4	3	M	Bilingual	G130	06/09/2018	89100	1280 x 720		Raw Data														86461	10:17:15.482	1536226409254975															0	6911		Fixation	8			3.32	76.55	175.70																				10374	571	255	594	169	582	212			229.15	187.23	238.46	222.04	233.80	204.64	298.71	199.88	702.34	344.19	207.24	708.72					729.55	729.55	4.26	4.12	0	0				
07/12/2018	3.3.2	Gaze Project	O4	3	M	Bilingual	G130	06/09/2018	89100	1280 x 720		Raw Data														86470	10:17:15.491	1536226409263331															0	6912		Fixation	8			1.66	257.63	181.09																				10375	582	221	583	219	582	220			233.44	200.96	234.14	201.68	233.79	201.32	298.71	199.91	702.29	343.59	204.45	700.25					729.51	729.51	4.13	4.25	0	0				
07/12/2018	3.3.2	Gaze Project	O4	3	M	Bilingual	G130	06/09/2018	89100	1280 x 720		Raw Data														86478	10:17:15.499	1536226409271688															0	6913		Fixation	8			1.10	258.06	0.43																				10376	540	234	576	252	558	243			216.63	195.85	231.13	188.44	223.88	192.14	298.71	199.92	702.22	343.58	204.43	700.08					729.45	729.45	4.19	4.36	0	0				
07/12/2018	3.3.2	Gaze Project	O4	3	M	Bilingual	G130	06/09/2018	89100	1280 x 720		Raw Data														86486	10:17:15.507	1536226409279967															0	6914		Fixation	8			0.13	180.00	281.94																				10377	552	241	572	252	562	246			221.39	192.79	229.78	188.47	225.59	190.63	298.72	199.94	702.17	343.59	204.45	700.07					729.40	729.40	4.12	4.28	0	0				
07/12/2018	3.3.2	Gaze Project	O4	3	M	Bilingual	G130	06/09/2018	89100	1280 x 720		Raw Data														86495	10:17:15.516	1536226409288308															0	6915		Fixation	8			1.52	246.23	66.23																				10378	577	308	553	295	565	301			231.79	165.82	222.02	171.11	226.91	168.46	298.72	199.96	702.13	343.60	204.52	700.19					729.37	729.37	4.32	4.43	0	0				
07/12/2018	3.3.2	Gaze Project	O4	3	M	Bilingual	G130	06/09/2018	89100	1280 x 720		Raw Data														86503	10:17:15.524	1536226409296641															0	6916		Fixation	8			2.22	78.23	192.01																				10379	568	225	567	228	567	226			227.97	199.40	227.78	198.20	227.87	198.80	298.71	199.96	702.05	343.60	204.44	700.23					729.30	729.30	4.06	4.20	0	0				
07/12/2018	3.3.2	Gaze Project	O4	3	M	Bilingual	G130	06/09/2018	89100	1280 x 720		Raw Data														86511	10:17:15.532	1536226409304990															0	6917		Fixation	8			1.37	301.35	223.11																				10380	575	246	589	264	582	255			230.68	190.91	236.61	183.69	233.65	187.30	298.71	199.99	702.03	343.60	204.68	700.13					729.29	729.29	4.19	4.56	0	0				
07/12/2018	3.3.2	Gaze Project	O4	3	M	Bilingual	G130	06/09/2018	89100	1280 x 720		Raw Data														86520	10:17:15.541	1536226409313346															0	6918		Fixation	8			3.43	234.61	293.26																				10381	596	235	527	351	561	293			239.19	195.46	211.59	148.63	225.39	172.04	298.70	199.99	701.96	343.63	204.70	700.12					729.22	729.22	4.14	4.73	0	0				
07/12/2018	3.3.2	Gaze Project	O4	3	M	Bilingual	G130	06/09/2018	89100	1280 x 720		Raw Data														86528	10:17:15.549	1536226409321627															0	6919		Fixation	8			3.52	72.45	197.84																				10382	577	237	560	247	568	242			231.45	194.66	224.84	190.36	228.14	192.51	298.70	200.03	702.00	343.59	204.50	700.20					729.27	729.27	4.14	4.17	0	0				
07/12/2018	3.3.2	Gaze Project	O4	3	M	Bilingual	G130	06/09/2018	89100	1280 x 720		Raw Data														86536	10:17:15.557	1536226409329969															0	6920		Fixation	8			3.43	75.22	2.77																				10383	578	268	587	145	582	206			232.08	181.99	235.45	231.63	233.76	206.81	298.69	200.03	701.94	343.57	204.57	699.97					729.21	729.21	4.22	3.87	0	0				
07/12/2018	3.3.2	Gaze Project	O4	3	M	Bilingual	G130	06/09/2018	89100	1280 x 720		Raw Data														86545	10:17:15.566	1536226409338318															0	6921		Fixation	8			3.47	264.63	189.41																				10384	555	247	577	251	566	249			222.79	190.64	231.45	189.01	227.12	189.83	298.69	199.95	701.97	343.56	204.57	699.91					729.22	729.22	3.95	4.31	0	0				
07/12/2018	3.3.2	Gaze Project	O4	3	M	Bilingual	G130	06/09/2018	89100	1280 x 720		Raw Data														86553	10:17:15.574	1536226409346674															0			Unclassified	8																									10385	571	240			571	240			229.11	193.42					298.66	200.03	701.81		-34.01						729.09		4.17		0	4				
07/12/2018	3.3.2	Gaze Project	O4	3	M	Bilingual	G130	06/09/2018	89100	1280 x 720		Raw Data														86562	10:17:15.582	1536226409355027															0	6922		Fixation	8			0.33	330.87	66.24																				10386	582	226	586	256	584	241			233.54	199.10	235.20	186.79	234.37	192.94	298.65	200.04	701.78	343.52	204.52	699.63					729.06	729.06	4.16	4.40	0	0				
07/12/2018	3.3.2	Gaze Project	O4	3	M	Bilingual	G130	06/09/2018	89100	1280 x 720		Raw Data														86570	10:17:15.591	1536226409363291															0	6923		Fixation	8			0.27	159.38	188.52																				10387	556	292	578	253	567	272			223.20	172.46	231.85	188.26	227.53	180.36	298.64	200.05	701.76	343.51	204.57	699.71					729.05	729.05	4.28	4.48	0	0				
07/12/2018	3.3.2	Gaze Project	O4	3	M	Bilingual	G130	06/09/2018	89100	1280 x 720		Raw Data														86578	10:17:15.599	1536226409371624															0	6924		Fixation	8			2.37	75.82	276.43																				10388	579	271	596	182	587	226			232.27	180.65	239.42	216.55	235.85	198.60	298.69	202.74	709.94	344.13	207.54	708.53					737.65	737.65	4.00	4.16	0	0				
07/12/2018	3.3.2	Gaze Project	O4	3	M	Bilingual	G130	06/09/2018	89100	1280 x 720		Raw Data														86586	10:17:15.607	1536226409379980															0	6925		Fixation	8			0.65	212.99	137.17																				10389	578	260	579	193	578	226			232.20	185.30	232.40	212.24	232.30	198.77	298.60	200.07	701.72	343.46	204.54	699.49					729.01	729.01	4.22	3.97	0	0				
07/12/2018	3.3.2	Gaze Project	O4	3	M	Bilingual	G130	06/09/2018	89100	1280 x 720		Raw Data														86595	10:17:15.616	1536226409388341															0	6926		Fixation	8			1.36	351.84	138.85																				10390	584	244	621	199	602	221			234.55	191.66	249.37	209.72	241.96	200.69	298.58	200.04	701.58	344.12	207.66	708.74					728.87	728.87	4.11	4.13	0	0				
07/12/2018	3.3.2	Gaze Project	O4	3	M	Bilingual	G130	06/09/2018	89100	1280 x 720		Raw Data														86603	10:17:15.624	1536226409396611															0	6927		Fixation	8			1.40	256.65	264.81																				10391	602	272	611	241	606	256			241.59	180.41	245.23	192.74	243.41	186.58	298.59	199.99	701.56	343.46	204.40	699.54					728.84	728.84	4.18	4.17	0	0				
07/12/2018	3.3.2	Gaze Project	O4	3	M	Bilingual	G130	06/09/2018	89100	1280 x 720		Raw Data														86611	10:17:15.632	1536226409404966															0	6928		Fixation	8			7.50	264.82	8.17																				10392	619	334	590	472	604	403			248.64	155.41	236.66	99.91	242.65	127.66	298.64	199.86	701.50	343.48	204.53	699.49					728.74	728.74	3.70	4.73	0	0				
07/12/2018	3.3.2	Gaze Project	O4	3	M	Bilingual	G130	06/09/2018	89100	1280 x 720		Raw Data														86620	10:17:15.641	1536226409413289															0	6929		Fixation	8			2.64	31.28	126.46																				10393	628	502	661	429	644	465			252.06	87.92	265.45	117.13	258.76	102.53	298.68	199.76	701.51	343.46	204.20	699.62					728.72	728.72	4.36	4.31	0	0				
07/12/2018	3.3.2	Gaze Project	O4	3	M	Bilingual	G130	06/09/2018	89100	1280 x 720		Raw Data														86628	10:17:15.649	1536226409421640															0	6930		Fixation	8			0.46	171.84	140.56																				10394	651	343	647	427	649	385			261.15	151.97	259.60	118.12	260.37	135.05	298.69	199.59	701.58	343.48	204.16	699.64					728.73	728.73	3.64	4.21	0	0				
07/12/2018	3.3.2	Gaze Project	O4	3	M	Bilingual	G130	06/09/2018	89100	1280 x 720		Raw Data														86637	10:17:15.657	1536226409430010															0	6931		Fixation	8			5.44	266.00	94.15																				10395	635	576	635	598	635	587			255.05	58.16	254.74	49.06	254.89	53.61	298.72	202.15	708.97	343.45	204.18	699.63					736.54	736.54	4.39	4.45	0	0				
07/12/2018	3.3.2	Gaze Project	O4	3	M	Bilingual	G130	06/09/2018	89100	1280 x 720		Raw Data														86645	10:17:15.666	1536226409438272															0	6932		Fixation	8			1.67	77.05	171.05																				10396	657	526	647	546	652	536			263.62	78.23	259.75	70.13	261.69	74.18	298.67	201.73	707.66	343.41	204.24	699.35					735.17	735.17	4.25	4.39	0	0				
07/12/2018	3.3.2	Gaze Project	O4	3	M	Bilingual	G130	06/09/2018	89100	1280 x 720		Raw Data														86653	10:17:15.674	1536226409446614															0	6933		Fixation	8			2.12	263.31	186.27																				10397	657	608	639	614	648	611			263.72	44.95	256.63	42.55	260.17	43.75	298.57	199.77	701.45	345.42	208.43	710.96					728.66	728.66	4.40	4.92	0	0				
07/12/2018	3.3.2	Gaze Project	O4	3	M	Bilingual	G130	06/09/2018	89100	1280 x 720		Raw Data														86661	10:17:15.682	1536226409454967															0	6934		Fixation	8			3.03	84.72	181.40																				10398	619	409	648	517	633	463			248.51	125.12	259.93	81.58	254.22	103.35	298.53	199.68	701.48	343.35	204.21	699.14					728.66	728.66	3.79	4.48	0	0				
07/12/2018	3.3.2	Gaze Project	O4	3	M	Bilingual	G130	06/09/2018	89100	1280 x 720		Raw Data														86670	10:17:15.691	1536226409463323															0			Unclassified	8																									10399	672	603			672	603			269.72	47.10					298.50	199.80	701.34		-34.01						728.56		4.40		0	4				
07/12/2018	3.3.2	Gaze Project	O4	3	M	Bilingual	G130	06/09/2018	89100	1280 x 720		Raw Data														86678	10:17:15.699	1536226409471679															0	6935		Fixation	8			3.87	77.26	352.54																				10400	660	580	675	398	667	489			264.81	56.50	270.99	129.68	267.90	93.09	298.46	199.72	701.37	344.21	208.57	711.85					728.56	728.56	4.27	4.11	0	0				
07/12/2018	3.3.2	Gaze Project	O4	3	M	Bilingual	G130	06/09/2018	89100	1280 x 720		Raw Data														86686	10:17:15.707	1536226409479938															0	6936		Fixation	8			5.61	261.04	183.78																				10401	683	614	647	575	665	594			274.02	42.77	259.56	58.19	266.79	50.48	298.50	202.55	709.54	344.24	208.85	712.53					737.20	737.20	4.39	4.66	0	0				
07/12/2018	3.3.2	Gaze Project	O4	3	M	Bilingual	G130	06/09/2018	89100	1280 x 720		Raw Data														86695	10:17:15.716	1536226409488276															0			Unclassified	8																									10402	633	525			633	525			254.22	78.72					298.39	199.89	701.23		-34.01						728.48		4.00		0	4				
07/12/2018	3.3.2	Gaze Project	O4	3	M	Bilingual	G130	06/09/2018	89100	1280 x 720		Raw Data														86703	10:17:15.724	1536226409496631															0			Unclassified	8																									10403	661	594			661	594			265.42	50.83					298.36	199.91	701.18		-34.01						728.44		4.42		0	4				
07/12/2018	3.3.2	Gaze Project	O4	3	M	Bilingual	G130	06/09/2018	89100	1280 x 720		Raw Data														86711	10:17:15.732	1536226409504992															0	6937		Fixation	8			0.34	206.64	305.60																				10404	661	510	637	580	649	545			265.39	84.70	255.65	56.40	260.52	70.55	298.33	199.93	701.11	344.34	209.85	715.04					728.38	728.38	4.17	4.71	0	0				
07/12/2018	3.3.2	Gaze Project	O4	3	M	Bilingual	G130	06/09/2018	89100	1280 x 720		Raw Data														86720	10:17:15.741	1536226409513261															0	6938		Fixation	8			0.67	166.57	319.93																				10405			616	575	616	575					247.39	58.22						344.05	208.58	711.29						0.00		4.58	4	0				
07/12/2018	3.3.2	Gaze Project	O4	3	M	Bilingual	G130	06/09/2018	89100	1280 x 720		Raw Data														86728	10:17:15.749	1536226409521611															0	6939		Fixation	8			3.59	86.03	279.47																				10406	662	594	624	460	643	527			265.93	50.56	250.45	104.61	258.19	77.58	298.35	202.88	709.89	344.05	208.72	711.55					737.62	737.62	4.34	4.36	0	0				
07/12/2018	3.3.2	Gaze Project	O4	3	M	Bilingual	G130	06/09/2018	89100	1280 x 720		Raw Data														86736	10:17:15.757	1536226409529944															0	6940		Fixation	8			4.76	323.12	237.09																				10407	671	510	743	549	707	529			269.25	84.54	298.38	68.96	283.82	76.75	298.26	200.00	700.91	343.17	204.63	698.96					728.21	728.21	4.14	4.11	0	0				
07/12/2018	3.3.2	Gaze Project	O4	3	M	Bilingual	G130	06/09/2018	89100	1280 x 720		Raw Data														86745	10:17:15.766	1536226409538305															0	6941		Fixation	8			4.42	195.27	232.15																				10408	662	621	607	586	634	603			265.54	39.81	243.81	53.86	254.68	46.83	298.24	200.07	700.99	344.11	209.21	712.69					728.31	728.31	4.42	4.67	0	0				
07/12/2018	3.3.2	Gaze Project	O4	3	M	Bilingual	G130	06/09/2018	89100	1280 x 720		Raw Data														86753	10:17:15.774	1536226409546662															0			Unclassified	8																									10409	664	631			664	631			266.66	35.76					298.22	200.10	700.90		-34.01						728.23		4.44		0	4				
07/12/2018	3.3.2	Gaze Project	O4	3	M	Bilingual	G130	06/09/2018	89100	1280 x 720		Raw Data														86761	10:17:15.782	1536226409554928															0	6942		Fixation	8			1.24	40.08	204.81																				10410	647	524	638	560	642	542			259.54	79.06	255.92	64.61	257.73	71.84	298.27	203.00	709.59	343.95	208.65	710.76					737.38	737.38	4.15	4.60	0	0				
07/12/2018	3.3.2	Gaze Project	O4	3	M	Bilingual	G130	06/09/2018	89100	1280 x 720		Raw Data														86770	10:17:15.791	1536226409563259															0	6943		Fixation	8			0.72	92.48	52.40																				10411	658	579	637	537	647	558			264.11	56.59	255.60	73.56	259.86	65.08	298.23	202.11	706.80	343.96	208.81	711.07					734.45	734.45	4.36	4.55	0	0				
07/12/2018	3.3.2	Gaze Project	O4	3	M	Bilingual	G130	06/09/2018	89100	1280 x 720		Raw Data														86778	10:17:15.799	1536226409571605															0	6944		Fixation	8			2.52	252.95	160.47																				10412	679	598	613	615	646	606			272.53	49.08	246.19	42.40	259.36	45.74	298.22	202.25	707.02	343.03	204.56	698.34					734.70	734.70	4.58	4.62	0	0				
07/12/2018	3.3.2	Gaze Project	O4	3	M	Bilingual	G130	06/09/2018	89100	1280 x 720		Raw Data														86786	10:17:15.807	1536226409579974															0	6945		Fixation	8			5.82	83.78	190.83																				10413			633	432	633	432					254.04	115.78						343.03	204.49	698.37						0.00		4.12	4	0				
07/12/2018	3.3.2	Gaze Project	O4	3	M	Bilingual	G130	06/09/2018	89100	1280 x 720		Raw Data														86795	10:17:15.816	1536226409588257															0	6946		Fixation	8			3.70	289.63	205.85																				10414	668	618	672	541	670	579			268.23	40.92	269.91	71.94	269.07	56.43	298.21	203.01	708.85	343.89	208.77	710.42					736.67	736.67	4.40	4.54	0	0				
07/12/2018	3.3.2	Gaze Project	O4	3	M	Bilingual	G130	06/09/2018	89100	1280 x 720		Raw Data														86803	10:17:15.824	1536226409596595															0	6947		Fixation	8			0.87	133.44	203.81																				10415	693	619	653	521	673	570			278.31	40.52	262.27	80.26	270.29	60.39	298.13	200.39	700.59	343.99	209.30	711.74					728.02	728.02	4.57	4.54	0	0				
07/12/2018	3.3.2	Gaze Project	O4	3	M	Bilingual	G130	06/09/2018	89100	1280 x 720		Raw Data														86811	10:17:15.832	1536226409604930															0	6948		Fixation	8			1.07	217.96	84.53																				10416	683	620	626	542	654	581			274.32	40.19	251.41	71.67	262.86	55.93	298.12	200.44	700.53	343.01	204.77	698.25					727.98	727.98	4.46	4.58	0	0				
07/12/2018	3.3.2	Gaze Project	O4	3	M	Bilingual	G130	06/09/2018	89100	1280 x 720		Raw Data														86820	10:17:15.841	1536226409613289															0			Unclassified	8																									10417	684	590			684	590			274.68	52.24					299.88	206.19	716.73		-34.01						745.24		4.65		0	4				
07/12/2018	3.3.2	Gaze Project	O4	3	M	Bilingual	G130	06/09/2018	89100	1280 x 720		Raw Data														86828	10:17:15.849	1536226409621644															0			Unclassified	8																									10418	687	621			687	621			275.82	39.82					298.11	200.56	700.46		-34.01						727.96		4.56		0	4				
07/12/2018	3.3.2	Gaze Project	O4	3	M	Bilingual	G130	06/09/2018	89100	1280 x 720		Raw Data														86836	10:17:15.857	1536226409629913															0	6949		Fixation	8			1.44	278.81	60.85																				10419	650	614	633	587	641	600			260.74	42.83	254.08	53.37	257.41	48.10	298.11	200.74	700.39	342.98	204.91	698.09					727.95	727.95	4.57	4.63	0	0				
07/12/2018	3.3.2	Gaze Project	O4	3	M	Bilingual	G130	06/09/2018	89100	1280 x 720		Raw Data														86845	10:17:15.865	1536226409638250															0	6950		Fixation	8			0.68	307.32	28.50																				10420	671	587	646	604	658	595			269.21	53.42	259.16	46.88	264.19	50.15	298.09	200.70	700.48	342.98	205.00	698.15					728.02	728.02	4.34	4.55	0	0				
07/12/2018	3.3.2	Gaze Project	O4	3	M	Bilingual	G130	06/09/2018	89100	1280 x 720		Raw Data														86853	10:17:15.874	1536226409646604															0			Unclassified	8																									10421	665	603			665	603			266.88	47.28					299.76	206.21	715.97		-34.01						744.52		4.62		0	4				
07/12/2018	3.3.2	Gaze Project	O4	3	M	Bilingual	G130	06/09/2018	89100	1280 x 720		Raw Data														86861	10:17:15.882	1536226409654960															0	6951		Fixation	8			0.67	74.10	126.79																				10422	683	593	652	583	667	588			274.16	51.16	261.88	55.19	268.02	53.17	298.12	203.50	708.58	343.85	209.48	710.88					736.57	736.57	4.57	4.61	0	0				
07/12/2018	3.3.2	Gaze Project	O4	3	M	Bilingual	G130	06/09/2018	89100	1280 x 720		Raw Data														86870	10:17:15.891	1536226409663311															0	6952		Fixation	8			4.86	98.89	24.78																				10423	638	545	628	430	633	487			255.98	70.32	252.09	116.77	254.03	93.54	298.10	204.69	711.58	343.78	209.69	711.11					739.79	739.79	4.63	4.41	0	0				
07/12/2018	3.3.2	Gaze Project	O4	3	M	Bilingual	G130	06/09/2018	89100	1280 x 720		Raw Data														86878	10:17:15.899	1536226409671576															0	6953		Fixation	8			3.89	106.15	7.27																				10424	588	512	594	313	591	412			236.16	83.81	238.47	163.83	237.32	123.82	297.96	201.15	700.56	343.57	209.15	709.26					728.23	728.23	4.63	4.23	0	0				
07/12/2018	3.3.2	Gaze Project	O4	3	M	Bilingual	G130	06/09/2018	89100	1280 x 720		Raw Data														86886	10:17:15.907	1536226409679912															0	6954		Fixation	8			2.92	289.98	183.82																				10425			625	398	625	398					250.70	129.81						342.70	205.36	697.87						0.00		4.26	4	0				
07/12/2018	3.3.2	Gaze Project	O4	3	M	Bilingual	G130	06/09/2018	89100	1280 x 720		Raw Data														86895	10:17:15.916	1536226409688262															0	6955		Fixation	8			2.28	213.11	283.13																				10426	615	464	565	437	590	450			246.71	103.17	226.72	114.04	236.72	108.60	297.87	201.28	700.59	342.67	205.43	697.92					728.30	728.30	4.37	4.54	0	0				
07/12/2018	3.3.2	Gaze Project	O4	3	M	Bilingual	G130	06/09/2018	89100	1280 x 720		Raw Data														86903	10:17:15.924	1536226409696629															0	6956		Fixation	8			6.85	78.94	225.83																				10427	606	437	606	228	606	332			243.42	114.00	243.37	198.13	243.40	156.06	297.82	201.32	700.61	343.39	209.01	708.35					728.33	728.33	4.20	3.88	0	0				
07/12/2018	3.3.2	Gaze Project	O4	3	M	Bilingual	G130	06/09/2018	89100	1280 x 720		Raw Data														86911	10:17:15.932	1536226409704905															0	6957		Fixation	8			0.79	296.49	217.56																				10428	645	234	617	250	631	242			258.80	195.90	247.65	189.27	253.23	192.58	297.78	201.25	700.65	343.33	208.98	708.13					728.33	728.33	3.34	4.04	0	0				
07/12/2018	3.3.2	Gaze Project	O4	3	M	Bilingual	G130	06/09/2018	89100	1280 x 720		Raw Data														86920	10:17:15.940	1536226409713243															0	6958		Fixation	8			3.54	258.02	321.52																				10429	590	444	594	358	592	401			236.91	111.23	238.40	145.84	237.65	128.54	297.72	201.29	700.63	343.42	209.73	710.14					728.33	728.33	4.12	4.42	0	0				
07/12/2018	3.3.2	Gaze Project	O4	3	M	Bilingual	G130	06/09/2018	89100	1280 x 720		Raw Data														86928	10:17:15.949	1536226409721581															0			Unclassified	8																									10430	607	523			607	523			243.71	79.22					297.65	201.54	700.53		-34.01						728.31		4.68		0	4				
07/12/2018	3.3.2	Gaze Project	O4	3	M	Bilingual	G130	06/09/2018	89100	1280 x 720		Raw Data														86936	10:17:15.957	1536226409729945															0	6959		Fixation	8			4.26	82.68	184.67																				10431	581	495	611	226	596	360			233.10	90.68	245.11	198.92	239.11	144.80	297.58	201.44	700.60	343.27	209.69	709.86					728.34	728.34	4.39	3.91	0	0				
07/12/2018	3.3.2	Gaze Project	O4	3	M	Bilingual	G130	06/09/2018	89100	1280 x 720		Raw Data														86945	10:17:15.966	1536226409738295															0	6960		Fixation	8			4.43	255.01	172.32																				10432	581	487	575	360	578	423			233.26	93.90	231.00	145.01	232.13	119.45	297.52	201.48	700.72	344.37	209.84	709.52					728.47	728.47	4.44	4.71	0	0				
07/12/2018	3.3.2	Gaze Project	O4	3	M	Bilingual	G130	06/09/2018	89100	1280 x 720		Raw Data														86953	10:17:15.974	1536226409746557															0	6961		Fixation	8			0.74	46.83	151.82																				10433	611	519	591	343	601	431			245.38	80.85	237.16	151.85	241.27	116.35	297.46	201.60	700.68	342.26	205.58	697.74					728.45	728.45	4.50	4.31	0	0				
07/12/2018	3.3.2	Gaze Project	O4	3	M	Bilingual	G130	06/09/2018	89100	1280 x 720		Raw Data														86961	10:17:15.982	1536226409754913															0			Unclassified	8																									10434	619	364			619	364			248.51	143.24					297.36	201.48	700.80		-34.01						728.53		4.05		0	4				
07/12/2018	3.3.2	Gaze Project	O4	3	M	Bilingual	G130	06/09/2018	89100	1280 x 720		Raw Data														86970	10:17:15.991	1536226409763252															0	6962		Fixation	8			4.59	90.40	43.57																				10435	588	503	590	201	589	352			235.92	87.20	236.76	208.98	236.34	148.09	297.29	201.47	700.84	343.03	210.01	710.81					728.56	728.56	4.46	3.73	0	0				
07/12/2018	3.3.2	Gaze Project	O4	3	M	Bilingual	G130	06/09/2018	89100	1280 x 720		Raw Data														86978	10:17:15.999	1536226409771609															0	6963		Fixation	8			3.00	286.24	195.83																				10436	599	483	616	290	607	386			240.47	95.41	247.14	173.21	243.81	134.31	297.23	201.56	700.80	342.03	205.53	697.74					728.55	728.55	4.58	4.14	0	0				
07/12/2018	3.3.2	Gaze Project	O4	3	M	Bilingual	G130	06/09/2018	89100	1280 x 720		Raw Data														86986	10:17:16.007	1536226409779967															0	6964		Fixation	8			0.39	0.00	73.76																				10437	599	520	628	290	613	405			240.35	80.44	252.22	173.13	246.28	126.79	297.18	203.25	706.57	341.96	205.39	697.79					734.54	734.54	4.46	4.02	0	0				
07/12/2018	3.3.2	Gaze Project	O4	3	M	Bilingual	G130	06/09/2018	89100	1280 x 720		Raw Data														86995	10:17:16.015	1536226409788229															0			Unclassified	8																									10438	601	421			601	421			241.42	120.31					297.08	201.44	701.05		-34.01						728.74		4.30		0	4				
07/12/2018	3.3.2	Gaze Project	O4	3	M	Bilingual	G130	06/09/2018	89100	1280 x 720		Raw Data														87003	10:17:16.024	1536226409796567															0	6965		Fixation	8			5.60	245.39	245.39																				10439	611	398	554	451	582	424			245.16	129.58	222.58	108.18	233.87	118.88	297.02	201.42	701.09	345.87	213.82	721.23					728.77	728.77	4.27	5.06	0	0				
07/12/2018	3.3.2	Gaze Project	O4	3	M	Bilingual	G130	06/09/2018	89100	1280 x 720		Raw Data														87011	10:17:16.032	1536226409804922															0	6966		Fixation	8			7.57	74.20	188.82																				10440	609	508	619	222	614	365			244.51	85.35	248.60	200.41	246.56	142.88	296.97	201.41	701.18	341.78	205.31	697.82					728.84	728.84	4.44	3.66	0	0				
07/12/2018	3.3.2	Gaze Project	O4	3	M	Bilingual	G130	06/09/2018	89100	1280 x 720		Raw Data														87020	10:17:16.041	1536226409813265															0	6967		Fixation	8			0.80	248.69	174.49																				10441	603	309	610	245	606	277			242.18	165.52	244.80	191.48	243.49	178.50	296.97	203.43	707.54	342.50	209.06	708.61					735.50	735.50	3.80	3.83	0	0				
07/12/2018	3.3.2	Gaze Project	O4	3	M	Bilingual	G130	06/09/2018	89100	1280 x 720		Raw Data														87028	10:17:16.049	1536226409821557															0	6968		Fixation	8			1.48	235.71	347.01																				10442	594	417	584	283	589	350			238.57	121.93	234.56	175.84	236.57	148.89	296.90	201.38	701.33	341.70	205.38	697.82					728.97	728.97	4.19	4.08	0	0				
07/12/2018	3.3.2	Gaze Project	O4	3	M	Bilingual	G130	06/09/2018	89100	1280 x 720		Raw Data														87036	10:17:16.057	1536226409829898															0	6969		Fixation	8			3.39	112.34	236.64																				10443	589	448	544	186	566	317			236.47	109.52	218.33	215.17	227.40	162.35	296.87	201.33	701.29	342.52	209.44	709.84					728.92	728.92	4.24	3.59	0	0				
07/12/2018	3.3.2	Gaze Project	O4	3	M	Bilingual	G130	06/09/2018	89100	1280 x 720		Raw Data														87045	10:17:16.065	1536226409838231															0			Unclassified	8																									10444	628	429			628	429			252.27	117.11					296.85	201.34	701.41		-34.01						729.04		4.26		0	4				
07/12/2018	3.3.2	Gaze Project	O4	3	M	Bilingual	G130	06/09/2018	89100	1280 x 720		Raw Data														87053	10:17:16.074	1536226409846592															0	6970		Fixation	8			6.25	283.71	171.36																				10445	586	362	590	374	588	368			235.21	144.21	236.99	139.40	236.10	141.81	296.88	203.39	707.85	341.64	205.31	697.87					735.78	735.78	4.11	4.23	0	0				
07/12/2018	3.3.2	Gaze Project	O4	3	M	Bilingual	G130	06/09/2018	89100	1280 x 720		Raw Data														87061	10:17:16.082	1536226409854945															0	6971		Fixation	8			3.54	260.65	336.95																				10446	614	413	572	483	593	448			246.27	123.65	229.44	95.54	237.86	109.60	296.84	201.30	701.51	341.62	205.40	697.83					729.11	729.11	4.27	4.73	0	0				
07/12/2018	3.3.2	Gaze Project	O4	3	M	Bilingual	G130	06/09/2018	89100	1280 x 720		Raw Data														87070	10:17:16.090	1536226409863210															0	6972		Fixation	8			1.87	90.00	189.35																				10447	596	437	572	424	584	430			239.21	113.84	229.73	119.06	234.47	116.45	296.84	201.30	701.61	344.16	210.59	712.71					729.21	729.21	4.32	4.84	0	0				
07/12/2018	3.3.2	Gaze Project	O4	3	M	Bilingual	G130	06/09/2018	89100	1280 x 720		Raw Data														87078	10:17:16.099	1536226409871554															0			Unclassified	8																									10448	592	366			592	366			237.78	142.38					296.85	201.28	701.63		-34.01						729.22		4.06		0	4				
07/12/2018	3.3.2	Gaze Project	O4	3	M	Bilingual	G130	06/09/2018	89100	1280 x 720		Raw Data														87086	10:17:16.107	1536226409879892															0	6973		Fixation	8			2.88	76.62	346.62																				10449	591	510	593	336	592	423			237.41	84.55	238.04	154.56	237.72	119.55	296.87	201.27	701.66	341.67	205.33	698.18					729.25	729.25	4.49	4.18	0	0				
07/12/2018	3.3.2	Gaze Project	O4	3	M	Bilingual	G130	06/09/2018	89100	1280 x 720		Raw Data														87095	10:17:16.116	1536226409888261															0			Unclassified	8																									10450	613	297			613	297			245.93	170.30					296.94	203.62	708.94		-34.01						736.89		3.81		0	4				
07/12/2018	3.3.2	Gaze Project	O4	3	M	Bilingual	G130	06/09/2018	89100	1280 x 720		Raw Data														87103	10:17:16.124	1536226409896614															0	6974		Fixation	8			3.50	273.17	196.55																				10451	599	450	599	444	599	447			240.38	108.67	240.40	111.21	240.39	109.94	296.91	201.29	701.82	341.68	205.42	698.14					729.41	729.41	4.33	4.88	0	0				
07/12/2018	3.3.2	Gaze Project	O4	3	M	Bilingual	G130	06/09/2018	89100	1280 x 720		Raw Data														87111	10:17:16.132	1536226409904878															0	6975		Fixation	8			4.83	98.86	185.69																				10452	623	507	576	297	599	402			250.23	85.63	231.05	170.46	240.64	128.05	296.94	201.28	701.82	341.74	205.38	698.39					729.41	729.41	4.59	4.18	0	0				
07/12/2018	3.3.2	Gaze Project	O4	3	M	Bilingual	G130	06/09/2018	89100	1280 x 720		Raw Data														87117	10:17:16.138								14	Space										Unclassified	8																																																											
07/12/2018	3.3.2	Gaze Project	O4	3	M	Bilingual	G130	06/09/2018	89100	1280 x 720		Raw Data														87117	10:17:16.138										38	InstructionEnd	Instruction Element							Unclassified	8																																																											
07/12/2018	3.3.2	Gaze Project	O4	3	M	Bilingual	G130	06/09/2018	89100	1280 x 720		Raw Data														87120	10:17:16.140	1536226409913214															0			Unclassified	8																									10453	624	392			624	392			250.58	132.05					296.97	201.30	701.89		-34.01						729.48		4.22		0	4				
07/12/2018	3.3.2	Gaze Project	O4	3	M	Bilingual	G130	06/09/2018	89100	1280 x 720		Raw Data														87128	10:17:16.149	1536226409921574															0	6976		Fixation	8			6.07	268.80	169.93																				10454	590	480	572	487	581	483			236.90	96.75	229.64	94.01	233.27	95.38	297.05	203.92	709.90	343.89	209.84	710.72					737.90	737.90	4.29	4.91	0	0				
07/12/2018	3.3.2	Gaze Project	O4	3	M	Bilingual	G130	06/09/2018	89100	1280 x 720		Raw Data														87136	10:17:16.157	1536226409929935															0	6977		Fixation	8			0.43	137.92	229.12																				10455	594	497	562	478	578	487			238.27	89.96	225.52	97.27	231.90	93.62	298.25	205.38	713.40	343.85	209.72	710.39					741.74	741.74	4.78	5.07	0	0				
07/12/2018	3.3.2	Gaze Project	O4	3	M	Bilingual	G130	06/09/2018	89100	1280 x 720		Raw Data														87145	10:17:16.165	1536226409938200															0			Unclassified	8																									10456	607	484			607	484			243.61	95.22					298.26	205.33	713.25		-34.01						741.58		4.71		0	4				
07/12/2018	3.3.2	Gaze Project	O4	3	M	Bilingual	G130	06/09/2018	89100	1280 x 720		Raw Data														87153	10:17:16.174	1536226409946544															0	6978		Fixation	8			4.84	67.16	289.24																				10457	613	488	622	336	617	412			246.07	93.50	249.49	154.48	247.78	123.99	297.10	201.41	702.22	342.78	209.82	711.39					729.83	729.83	4.48	4.43	0	0				
07/12/2018	3.3.2	Gaze Project	O4	3	M	Bilingual	G130	06/09/2018	89100	1280 x 720		Raw Data														87161	10:17:16.182	1536226409954888															0	6979		Fixation	8			5.56	255.30	188.14																				10458	581	455	577	507	579	481			233.36	106.72	231.44	85.78	232.40	96.25	297.12	201.42	702.26	343.92	209.80	710.57					729.88	729.88	4.35	5.05	0	0				
07/12/2018	3.3.2	Gaze Project	O4	3	M	Bilingual	G130	06/09/2018	89100	1280 x 720		Raw Data														87170	10:17:16.190	1536226409963233															0	6980		Fixation	8			0.52	154.91	259.61																				10459	593	452	562	500	577	476			237.98	107.84	225.73	88.61	231.86	98.22	297.15	201.42	702.28	344.16	210.27	711.91					729.90	729.90	4.34	4.92	0	0				
07/12/2018	3.3.2	Gaze Project	O4	3	M	Bilingual	G130	06/09/2018	89100	1280 x 720		Raw Data														87178	10:17:16.199	1536226409971601															0	6981		Fixation	8			2.76	89.35	294.44																				10460	587	452	563	412	575	432			235.77	107.84	225.91	123.98	230.84	115.91	298.64	206.31	716.13	344.02	210.00	711.11					744.64	744.64	4.77	4.81	0	0				
07/12/2018	3.3.2	Gaze Project	O4	3	M	Bilingual	G130	06/09/2018	89100	1280 x 720		Raw Data														87186	10:17:16.207	1536226409979868															0	6982		Fixation	8			3.44	51.84	322.49																				10461	616	543	630	327	623	435			247.40	71.45	252.88	158.34	250.14	114.89	297.19	201.49	702.49	342.00	205.77	699.42					730.11	730.11	4.69	4.32	0	0				
07/12/2018	3.3.2	Gaze Project	O4	3	M	Bilingual	G130	06/09/2018	89100	1280 x 720		Raw Data														87195	10:17:16.215	1536226409988203															0	6983		Fixation	8			5.48	248.14	196.30																				10462	597	546	566	486	581	516			239.47	69.89	227.40	94.09	233.43	81.99	297.24	203.24	707.97	342.00	205.89	699.37					735.86	735.86	4.70	4.79	0	0				
07/12/2018	3.3.2	Gaze Project	O4	3	M	Bilingual	G130	06/09/2018	89100	1280 x 720		Raw Data														87203	10:17:16.224	1536226409996563															0	6984		Fixation	8			7.52	80.17	192.03																				10463	600	505	606	256	603	380			240.69	86.56	243.29	186.97	241.99	136.76	297.21	201.56	702.75	342.00	205.67	699.45					730.39	730.39	4.68	3.83	0	0				
07/12/2018	3.3.2	Gaze Project	O4	3	M	Bilingual	G130	06/09/2018	89100	1280 x 720		Raw Data														87211	10:17:16.232	1536226410004913															0	6985		Fixation	8			1.27	107.92	27.75																				10464	592	502	594	219	593	360			237.72	87.69	238.52	201.64	238.12	144.67	297.22	201.57	702.80	342.00	205.67	699.45					730.44	730.44	4.65	3.83	0	0				
07/12/2018	3.3.2	Gaze Project	O4	3	M	Bilingual	G130	06/09/2018	89100	1280 x 720		Raw Data														87220	10:17:16.240	1536226410013191															0			Unclassified	8																									10465																			-34.01										4	4				
07/12/2018	3.3.2	Gaze Project	O4	3	M	Bilingual	G130	06/09/2018	89100	1280 x 720		Raw Data														87228	10:17:16.249	1536226410021535															0	6986		Fixation	8			6.71	261.43	153.51																				10466	600	494	563	424	581	459			240.97	90.89	225.92	119.05	233.44	104.97	297.22	201.64	703.02	341.92	205.91	699.36					730.67	730.67	4.57	4.92	0	0				
07/12/2018	3.3.2	Gaze Project	O4	3	M	Bilingual	G130	06/09/2018	89100	1280 x 720		Raw Data														87236	10:17:16.257	1536226410029862															0			Unclassified	8																									10467	568	472			568	472			227.97	99.94					297.20	201.76	702.98		-34.01						730.66		4.74		0	4				
07/12/2018	3.3.2	Gaze Project	O4	3	M	Bilingual	G130	06/09/2018	89100	1280 x 720		Raw Data														87245	10:17:16.265	1536226410038230															0	6987		Fixation	8			3.24	275.64	14.21																				10468	574	506	573	525	573	515			230.51	86.24	229.81	78.68	230.16	82.46	297.17	201.76	702.97	341.88	205.93	699.35					730.66	730.66	4.67	4.87	0	0				
07/12/2018	3.3.2	Gaze Project	O4	3	M	Bilingual	G130	06/09/2018	89100	1280 x 720		Raw Data														87253	10:17:16.274	1536226410046582															0	6988		Fixation	8			1.13	56.40	140.76																				10469	582	466	593	495	587	480			233.44	102.23	238.12	90.74	235.78	96.49	297.15	201.77	702.97	342.01	206.17	700.36					730.66	730.66	4.73	4.99	0	0				
07/12/2018	3.3.2	Gaze Project	O4	3	M	Bilingual	G130	06/09/2018	89100	1280 x 720		Raw Data														87261	10:17:16.282	1536226410054852															0	6989		Fixation	8			9.05	81.20	24.81																				10470			636	218	636	218					255.41	202.17						341.98	206.07	700.40						0.00		3.76	4	0				
07/12/2018	3.3.2	Gaze Project	O4	3	M	Bilingual	G130	06/09/2018	89100	1280 x 720		Raw Data														87270	10:17:16.290	1536226410063191															0	6990		Fixation	8			4.87	247.77	166.56																				10471	608	486	579	357	593	421			244.00	94.38	232.45	146.09	238.23	120.23	297.18	201.92	703.73	341.94	206.31	700.31					731.43	731.43	4.58	4.79	0	0				
07/12/2018	3.3.2	Gaze Project	O4	3	M	Bilingual	G130	06/09/2018	89100	1280 x 720		Raw Data														87278	10:17:16.299	1536226410071534															0	6991		Fixation	8			6.82	71.62	183.85																				10472	585	450	646	156	615	303			234.84	108.63	259.36	226.94	247.10	167.78	297.17	201.99	703.92	342.88	210.72	713.57					731.63	731.63	4.40	3.53	0	0				
07/12/2018	3.3.2	Gaze Project	O4	3	M	Bilingual	G130	06/09/2018	89100	1280 x 720		Raw Data														87286	10:17:16.307	1536226410079885															0	6992		Fixation	8			3.20	263.68	192.06																				10473	568	463	635	255	601	359			228.01	103.67	254.80	187.21	241.40	145.44	297.16	202.12	703.87	342.89	210.84	713.89					731.62	731.62	4.71	4.07	0	0				
07/12/2018	3.3.2	Gaze Project	O4	3	M	Bilingual	G130	06/09/2018	89100	1280 x 720		Raw Data														87295	10:17:16.316	1536226410088253															0	6993		Fixation	8			2.40	105.48	201.80																				10474	601	431	615	183	608	307			241.30	116.37	246.67	216.25	243.99	166.31	297.17	202.09	704.16	342.82	210.54	713.03					731.88	731.88	4.36	3.89	0	0				
07/12/2018	3.3.2	Gaze Project	O4	3	M	Bilingual	G130	06/09/2018	89100	1280 x 720		Raw Data														87303	10:17:16.324	1536226410096521															0	6994		Fixation	8			9.34	255.87	150.39																				10475	589	461	542	472	565	466			236.57	104.16	217.64	99.70	227.10	101.93	297.17	202.14	704.31	346.08	215.07	725.20					732.05	732.05	4.42	5.17	0	0				
07/12/2018	3.3.2	Gaze Project	O4	3	M	Bilingual	G130	06/09/2018	89100	1280 x 720		Raw Data														87311	10:17:16.332	1536226410104853															0	6995		Fixation	8			10.11	76.39	180.53																				10476	579	497	618	159	598	328			232.27	89.67	248.15	225.77	240.21	157.72	297.18	202.17	704.43	342.81	210.57	713.13					732.17	732.17	4.50	3.38	0	0				
07/12/2018	3.3.2	Gaze Project	O4	3	M	Bilingual	G130	06/09/2018	89100	1280 x 720		Raw Data														87320	10:17:16.340	1536226410113198															0	6996		Fixation	8			4.39	257.01	180.62																				10477	592	418	587	293	589	355			237.50	121.43	235.77	172.00	236.64	146.71	297.19	202.26	704.71	342.89	210.92	714.15					732.47	732.47	4.41	4.28	0	0				
07/12/2018	3.3.2	Gaze Project	O4	3	M	Bilingual	G130	06/09/2018	89100	1280 x 720		Raw Data														87328	10:17:16.349	1536226410121563															0	6997		Fixation	8			6.38	272.24	15.22																				10478	584	407	595	497	589	452			234.30	125.87	238.78	89.96	236.54	107.91	297.20	202.30	704.88	346.48	215.94	727.78					732.64	732.64	4.30	5.19	0	0				
07/12/2018	3.3.2	Gaze Project	O4	3	M	Bilingual	G130	06/09/2018	89100	1280 x 720		Raw Data														87336	10:17:16.357	1536226410129923															0	6998		Fixation	8			4.09	107.28	195.04																				10479	623	510	556	372	589	441			250.09	84.74	223.27	139.95	236.68	112.34	297.23	202.18	704.93	342.83	210.56	713.25					732.65	732.65	4.42	4.59	0	0				
07/12/2018	3.3.2	Gaze Project	O4	3	M	Bilingual	G130	06/09/2018	89100	1280 x 720		Raw Data														87345	10:17:16.365	1536226410138175															0	6999		Fixation	8			7.84	76.18	328.90																				10480	594	416	615	133	604	274			238.56	122.22	246.81	236.45	242.68	179.34	297.25	202.35	705.13	342.87	210.66	713.61					732.90	732.90	4.45	3.37	0	0				
07/12/2018	3.3.2	Gaze Project	O4	3	M	Bilingual	G130	06/09/2018	89100	1280 x 720		Raw Data														87353	10:17:16.374	1536226410146518															0	7000		Fixation	8			4.78	273.45	197.27																				10481	578	379	624	282	601	330			231.93	137.32	250.35	176.38	241.14	156.85	297.29	202.22	705.19	342.91	210.73	713.91					732.91	732.91	4.04	4.30	0	0				
07/12/2018	3.3.2	Gaze Project	O4	3	M	Bilingual	G130	06/09/2018	89100	1280 x 720		Raw Data														87361	10:17:16.382	1536226410154876															0			Unclassified	8																									10482	579	408			579	408			232.61	125.62					297.31	202.44	705.56		-34.01						733.33		4.38		0	4				
07/12/2018	3.3.2	Gaze Project	O4	3	M	Bilingual	G130	06/09/2018	89100	1280 x 720		Raw Data														87370	10:17:16.390	1536226410163234															0			Unclassified	8																									10483	593	478			593	478			237.89	97.29					297.34	202.51	705.88		-34.01						733.66		4.55		0	4				
07/12/2018	3.3.2	Gaze Project	O4	3	M	Bilingual	G130	06/09/2018	89100	1280 x 720		Raw Data														87378	10:17:16.399	1536226410171494															0	7001		Fixation	8			5.75	116.21	202.76																				10484	604	462	544	120	574	291			242.34	104.08	218.46	241.79	230.40	172.94	297.36	202.60	705.84	342.94	210.49	713.53					733.65	733.65	4.75	3.27	0	0				
07/12/2018	3.3.2	Gaze Project	O4	3	M	Bilingual	G130	06/09/2018	89100	1280 x 720		Raw Data														87386	10:17:16.407	1536226410179857															0	7002		Fixation	8			2.61	175.90	59.69																				10485	610	378	460	114	535	246			244.66	137.61	184.62	244.00	214.64	190.80	297.40	202.53	706.14	343.04	210.81	714.57					733.91	733.91	4.40	3.03	0	0				
07/12/2018	3.3.2	Gaze Project	O4	3	M	Bilingual	G130	06/09/2018	89100	1280 x 720		Raw Data														87395	10:17:16.415	1536226410188192															0			Unclassified	8																									10486	620	501			620	501			248.73	88.18					299.07	207.94	721.60		-34.01						750.36		4.90		0	4				
07/12/2018	3.3.2	Gaze Project	O4	3	M	Bilingual	G130	06/09/2018	89100	1280 x 720		Raw Data														87403	10:17:16.424	1536226410196533															0			Unclassified	8																									10487	605	449			605	449			242.72	109.02					297.51	204.20	711.56		-34.01						739.59		4.56		0	4				
07/12/2018	3.3.2	Gaze Project	O4	3	M	Bilingual	G130	06/09/2018	89100	1280 x 720		Raw Data														87411	10:17:16.432	1536226410204892															0			Unclassified	8																									10488	608	485			608	485			243.99	94.61					297.51	202.60	706.66		-34.01						734.43		4.56		0	4				
07/12/2018	3.3.2	Gaze Project	O4	3	M	Bilingual	G130	06/09/2018	89100	1280 x 720		Raw Data														87420	10:17:16.440	1536226410213154															0	7003		Fixation	8			6.19	342.06	166.16																				10489	649	304	649	175	649	239			260.62	167.55	260.69	219.61	260.65	193.58	297.55	202.62	706.81	343.49	212.35	719.44					734.59	734.59	3.72	3.78	0	0				
07/12/2018	3.3.2	Gaze Project	O4	3	M	Bilingual	G130	06/09/2018	89100	1280 x 720		Raw Data														87428	10:17:16.449	1536226410221497															0			Unclassified	8																									10490	624	413			624	413			250.50	123.73					297.64	204.76	713.51		-34.01						741.61		4.32		0	4				
07/12/2018	3.3.2	Gaze Project	O4	3	M	Bilingual	G130	06/09/2018	89100	1280 x 720		Raw Data														87436	10:17:16.457	1536226410229857															0	7004		Fixation	8			5.87	253.59	271.53																				10491	606	405	597	351	601	378			243.31	126.83	239.68	148.42	241.49	137.62	297.64	202.67	707.17	342.47	207.04	704.11					734.95	734.95	4.41	4.48	0	0				
07/12/2018	3.3.2	Gaze Project	O4	3	M	Bilingual	G130	06/09/2018	89100	1280 x 720		Raw Data														87445	10:17:16.465	1536226410238216															0			Unclassified	8																									10492	585	348			585	348			234.77	149.96					297.73	205.01	714.44		-34.01						742.57		4.15		0	4				
07/12/2018	3.3.2	Gaze Project	O4	3	M	Bilingual	G130	06/09/2018	89100	1280 x 720		Raw Data														87453	10:17:16.474	1536226410246495															0	7005		Fixation	8			3.12	286.14	32.55																				10493	624	509	624	444	624	476			250.31	84.93	250.31	111.06	250.31	98.00	297.72	202.52	707.23	342.55	207.10	704.46					734.96	734.96	4.44	4.98	0	0				
07/12/2018	3.3.2	Gaze Project	O4	3	M	Bilingual	G130	06/09/2018	89100	1280 x 720		Raw Data														87461	10:17:16.482	1536226410254832															0	7006		Fixation	8			7.33	99.60	173.46																				10494	597	486	586	220	591	353			239.55	94.20	235.26	201.27	237.41	147.73	297.70	202.74	707.14	342.58	206.99	704.51					734.95	734.95	4.73	3.70	0	0				
07/12/2018	3.3.2	Gaze Project	O4	3	M	Bilingual	G130	06/09/2018	89100	1280 x 720		Raw Data														87470	10:17:16.490	1536226410263172															0			Unclassified	8																									10495	630	481			630	481			252.77	96.37					297.84	205.25	715.21		-34.01						743.38		4.40		0	4				
07/12/2018	3.3.2	Gaze Project	O4	3	M	Bilingual	G130	06/09/2018	89100	1280 x 720		Raw Data														87478	10:17:16.499	1536226410271530															0	7007		Fixation	8			7.22	273.06	173.46																				10496	571	323	598	444	584	383			229.05	159.93	239.97	111.32	234.51	135.63	297.87	204.81	713.87	342.69	207.29	704.94					741.98	741.98	4.21	4.60	0	0				
07/12/2018	3.3.2	Gaze Project	O4	3	M	Bilingual	G130	06/09/2018	89100	1280 x 720		Raw Data														87486	10:17:16.507	1536226410279885															0	7008		Fixation	8			1.26	164.20	251.14																				10497	579	455	559	433	569	444			232.52	106.72	224.52	115.58	228.52	111.15	297.86	203.10	708.38	346.91	216.07	729.54					736.24	736.24	4.53	5.00	0	0				
07/12/2018	3.3.2	Gaze Project	O4	3	M	Bilingual	G130	06/09/2018	89100	1280 x 720		Raw Data														87495	10:17:16.515	1536226410288145															0	7009		Fixation	8			2.64	48.91	244.70																				10498	599	532	615	369	607	450			240.58	75.59	246.86	141.37	243.72	108.48	297.91	203.19	708.50	342.81	207.58	705.49					736.39	736.39	4.64	4.38	0	0				
07/12/2018	3.3.2	Gaze Project	O4	3	M	Bilingual	G130	06/09/2018	89100	1280 x 720		Raw Data														87503	10:17:16.524	1536226410296510															0	7010		Fixation	8			4.38	254.44	205.53																				10499			577	505	577	505					231.64	86.67						347.45	217.20	732.50						0.00		5.19	4	0				
07/12/2018	3.3.2	Gaze Project	O4	3	M	Bilingual	G130	06/09/2018	89100	1280 x 720		Raw Data														87511	10:17:16.532	1536226410304843															0			Unclassified	8																									10500	626	577			626	577			251.39	57.51					297.98	203.36	708.43		-34.01						736.38		4.76		0	4				
07/12/2018	3.3.2	Gaze Project	O4	3	M	Bilingual	G130	06/09/2018	89100	1280 x 720		Raw Data														87520	10:17:16.540	1536226410313202															0	7011		Fixation	8			1.05	112.05	217.61																				10501	618	522	564	473	591	497			248.06	79.82	226.26	99.38	237.16	89.60	298.07	203.48	709.11	349.51	221.29	744.11					737.07	737.07	4.82	5.19	0	0				
07/12/2018	3.3.2	Gaze Project	O4	3	M	Bilingual	G130	06/09/2018	89100	1280 x 720		Raw Data														87528	10:17:16.549	1536226410321555															0			Unclassified	8																									10502	615	505			615	505			246.74	86.57					298.13	203.55	709.24		-34.01						737.21		4.68		0	4				
07/12/2018	3.3.2	Gaze Project	O4	3	M	Bilingual	G130	06/09/2018	89100	1280 x 720		Raw Data														87536	10:17:16.557	1536226410329824															0	7012		Fixation	8			7.59	72.13	320.09																				10503	569	495	640	238	604	366			228.20	90.62	257.07	194.03	242.64	142.32	298.20	203.46	709.28	344.09	212.62	720.01					737.22	737.22	4.61	4.02	0	0				
07/12/2018	3.3.2	Gaze Project	O4	3	M	Bilingual	G130	06/09/2018	89100	1280 x 720		Raw Data														87545	10:17:16.565	1536226410338153															0	7013		Fixation	8			8.13	249.50	177.37																				10504	571	502	547	486	559	494			229.40	87.68	219.63	94.34	224.51	91.01	298.34	206.66	718.56	349.25	220.45	741.61					747.03	747.03	4.71	5.22	0	0				
07/12/2018	3.3.2	Gaze Project	O4	3	M	Bilingual	G130	06/09/2018	89100	1280 x 720		Raw Data														87553	10:17:16.574	1536226410346510															0			Unclassified	8																									10505	611	495			611	495			245.40	90.77					298.34	203.73	709.63		-34.01						737.65		4.76		0	4				
07/12/2018	3.3.2	Gaze Project	O4	3	M	Bilingual	G130	06/09/2018	89100	1280 x 720		Raw Data														87561	10:17:16.582	1536226410354869															0	7014		Fixation	8			9.37	68.47	178.97																				10506	619	492	659	203	639	347			248.59	91.80	264.47	208.33	256.53	150.06	298.41	203.76	709.69	344.26	212.55	719.77					737.72	737.72	4.67	3.96	0	0				
07/12/2018	3.3.2	Gaze Project	O4	3	M	Bilingual	G130	06/09/2018	89100	1280 x 720		Raw Data														87570	10:17:16.590	1536226410363146															0	7015		Fixation	8			5.18	238.22	169.75																				10507	645	510	572	343	608	426			258.88	84.69	229.43	151.79	244.16	118.24	298.50	203.89	709.64	344.51	213.45	722.36					737.72	737.72	4.86	4.55	0	0				
07/12/2018	3.3.2	Gaze Project	O4	3	M	Bilingual	G130	06/09/2018	89100	1280 x 720		Raw Data														87578	10:17:16.599	1536226410371477															0			Unclassified	8																									10508	619	360			619	360			248.31	145.12					298.56	203.83	709.90		-34.01						737.95		4.27		0	4				
07/12/2018	3.3.2	Gaze Project	O4	3	M	Bilingual	G130	06/09/2018	89100	1280 x 720		Raw Data														87586	10:17:16.607	1536226410379818															0			Unclassified	8																									10509	619	493			619	493			248.41	91.28					298.64	203.86	710.04		-34.01						738.10		4.72		0	4				
07/12/2018	3.3.2	Gaze Project	O4	3	M	Bilingual	G130	06/09/2018	89100	1280 x 720		Raw Data														87595	10:17:16.615	1536226410388170															0	7016		Fixation	8			4.58	263.09	24.86																				10510	613	466	554	491	583	478			246.15	102.31	222.20	92.15	234.18	97.23	298.72	203.83	710.03	347.76	216.76	731.23					738.08	738.08	4.77	5.23	0	0				
07/12/2018	3.3.2	Gaze Project	O4	3	M	Bilingual	G130	06/09/2018	89100	1280 x 720		Raw Data														87603	10:17:16.624	1536226410396539															0	7017		Fixation	8			0.50	345.92	82.83																				10511	592	496	570	495	581	495			237.64	90.35	228.97	90.76	233.31	90.56	298.85	206.26	717.61	348.14	217.40	733.19					746.03	746.03	4.72	5.28	0	0				
07/12/2018	3.3.2	Gaze Project	O4	3	M	Bilingual	G130	06/09/2018	89100	1280 x 720		Raw Data														87611	10:17:16.632	1536226410404807															0	7018		Fixation	8			1.71	32.09	46.17																				10512	622	485	618	465	620	475			249.60	94.71	247.87	102.66	248.74	98.69	298.84	203.88	710.01	344.73	212.79	720.91					738.09	738.09	4.77	5.03	0	0				
07/12/2018	3.3.2	Gaze Project	O4	3	M	Bilingual	G130	06/09/2018	89100	1280 x 720		Raw Data														87620	10:17:16.640	1536226410413145															0	7019		Fixation	8			1.23	152.71	120.62																				10513	609	496	583	447	596	471			244.31	90.05	234.04	109.97	239.17	100.01	298.91	203.75	710.20	346.26	213.23	721.60					738.23	738.23	4.80	5.00	0	0				
07/12/2018	3.3.2	Gaze Project	O4	3	M	Bilingual	G130	06/09/2018	89100	1280 x 720		Raw Data														87628	10:17:16.649	1536226410421494															0	7020		Fixation	8			3.24	75.47	282.76																				10514	589	501	609	347	599	424			236.33	88.23	244.33	150.28	240.33	119.26	298.97	203.83	710.17	343.86	208.08	707.42					738.23	738.23	4.76	4.41	0	0				
07/12/2018	3.3.2	Gaze Project	O4	3	M	Bilingual	G130	06/09/2018	89100	1280 x 720		Raw Data														87636	10:17:16.657	1536226410429852															0			Unclassified	8																									10515	592	449			592	449			237.60	109.20					299.04	203.54	710.29		-34.01						738.25		4.53		0	4				
07/12/2018	3.3.2	Gaze Project	O4	3	M	Bilingual	G130	06/09/2018	89100	1280 x 720		Raw Data														87645	10:17:16.665	1536226410438211															0			Unclassified	8																									10516	600	435			600	435			240.88	114.57					299.07	203.64	710.38		-34.01						738.37		4.51		0	4				
07/12/2018	3.3.2	Gaze Project	O4	3	M	Bilingual	G130	06/09/2018	89100	1280 x 720		Raw Data														87653	10:17:16.674	1536226410446472															0			Unclassified	8																									10517	609	445			609	445			244.53	110.61					299.11	203.64	710.53		-34.01						738.51		4.77		0	4				
07/12/2018	3.3.2	Gaze Project	O4	3	M	Bilingual	G130	06/09/2018	89100	1280 x 720		Raw Data														87661	10:17:16.682	1536226410454805															0	7021		Fixation	8			1.44	163.49	88.02																				10518	606	458	565	334	585	396			243.09	105.35	226.67	155.41	234.88	130.38	299.15	203.57	710.50	345.07	212.82	722.03					738.47	738.47	4.65	4.59	0	0				
07/12/2018	3.3.2	Gaze Project	O4	3	M	Bilingual	G130	06/09/2018	89100	1280 x 720		Raw Data														87670	10:17:16.690	1536226410463165															0			Unclassified	8																									10519	606	379			606	379			243.27	137.14					299.18	203.55	710.59		-34.01						738.55		4.38		0	4				
07/12/2018	3.3.2	Gaze Project	O4	3	M	Bilingual	G130	06/09/2018	89100	1280 x 720		Raw Data														87678	10:17:16.699	1536226410471509															0			Unclassified	8																									10520	595	487			595	487			238.89	93.66					299.32	207.18	721.69		-34.01						750.21		4.82		0	4				
07/12/2018	3.3.2	Gaze Project	O4	3	M	Bilingual	G130	06/09/2018	89100	1280 x 720		Raw Data														87686	10:17:16.707	1536226410479799															0			Unclassified	8																									10521																			-34.01										4	4				
07/12/2018	3.3.2	Gaze Project	O4	3	M	Bilingual	G130	06/09/2018	89100	1280 x 720		Raw Data														87695	10:17:16.715	1536226410488135															0			Unclassified	8																									10522	572	395			572	395			229.62	131.01					299.35	206.75	720.68		-34.01						749.13		4.24		0	4				
07/12/2018	3.3.2	Gaze Project	O4	3	M	Bilingual	G130	06/09/2018	89100	1280 x 720		Raw Data														87703	10:17:16.724	1536226410496474															0	7022		Fixation	8			5.11	279.72	116.23																				10523	592	421	593	497	592	459			237.56	120.45	238.04	89.79	237.80	105.12	299.26	203.46	710.77	348.73	217.22	734.46					738.69	738.69	4.46	5.13	0	0				
07/12/2018	3.3.2	Gaze Project	O4	3	M	Bilingual	G130	06/09/2018	89100	1280 x 720		Raw Data														87711	10:17:16.732	1536226410504812															0	7023		Fixation	8			4.34	107.08	187.36																				10524	592	376	552	364	572	370			237.68	138.70	221.72	143.48	229.70	141.09	299.28	203.33	710.82	344.15	207.77	707.85					738.70	738.70	4.11	4.24	0	0				
07/12/2018	3.3.2	Gaze Project	O4	3	M	Bilingual	G130	06/09/2018	89100	1280 x 720		Raw Data														87720	10:17:16.740	1536226410513190															0			Unclassified	8																									10525	599	418			599	418			240.38	121.79					299.28	203.44	710.86		-34.01						738.77		4.41		0	4				
07/12/2018	3.3.2	Gaze Project	O4	3	M	Bilingual	G130	06/09/2018	89100	1280 x 720		Raw Data														87728	10:17:16.749	1536226410521459															0	7024		Fixation	8			2.05	304.10	197.02																				10526	605	458	588	417	596	437			243.01	105.53	236.00	121.94	239.51	113.74	299.28	203.42	710.86	344.16	207.75	707.93					738.77	738.77	4.57	4.50	0	0				
07/12/2018	3.3.2	Gaze Project	O4	3	M	Bilingual	G130	06/09/2018	89100	1280 x 720		Raw Data														87736	10:17:16.757	1536226410529795															0	7025		Fixation	8			7.69	77.51	133.41																				10527			640	183	640	183					257.00	216.42						344.14	207.63	707.98						0.00		3.36	4	0				
07/12/2018	3.3.2	Gaze Project	O4	3	M	Bilingual	G130	06/09/2018	89100	1280 x 720		Raw Data														87745	10:17:16.765	1536226410538148															0			Unclassified	8																									10528	620	506			620	506			249.01	86.30					299.28	203.37	710.78		-34.01						738.67		4.57		0	4				
07/12/2018	3.3.2	Gaze Project	O4	3	M	Bilingual	G130	06/09/2018	89100	1280 x 720		Raw Data														87753	10:17:16.774	1536226410546504															0	7026		Fixation	8			1.71	254.70	177.19																				10529	590	476	626	234	608	355			236.79	98.23	251.12	195.86	243.96	147.05	299.27	203.37	710.78	344.14	207.61	707.99					738.68	738.68	4.39	3.81	0	0				
07/12/2018	3.3.2	Gaze Project	O4	3	M	Bilingual	G130	06/09/2018	89100	1280 x 720		Raw Data														87761	10:17:16.782	1536226410554772															0	7027		Fixation	8			0.56	196.44	301.74																				10530	604	401	609	239	606	320			242.50	128.28	244.31	193.52	243.40	160.90	299.35	206.20	719.42	345.12	212.25	721.33					747.76	747.76	4.19	4.06	0	0				
07/12/2018	3.3.2	Gaze Project	O4	3	M	Bilingual	G130	06/09/2018	89100	1280 x 720		Raw Data														87770	10:17:16.790	1536226410563121															0	7028		Fixation	8			8.19	263.61	67.17																				10531	598	506	580	497	589	501			240.05	86.22	232.94	89.75	236.50	87.99	299.34	205.92	718.58	344.13	207.83	707.90					746.87	746.87	4.36	4.83	0	0				
07/12/2018	3.3.2	Gaze Project	O4	3	M	Bilingual	G130	06/09/2018	89100	1280 x 720		Raw Data														87778	10:17:16.799	1536226410571454															0			Unclassified	8																									10532	561	449			561	449			225.02	109.07					299.34	205.97	718.72		-34.01						747.02		4.31		0	4				
07/12/2018	3.3.2	Gaze Project	O4	3	M	Bilingual	G130	06/09/2018	89100	1280 x 720		Raw Data														87786	10:17:16.807	1536226410579804															0			Unclassified	8																									10533	599	234			599	234			240.62	195.90					299.26	203.57	711.30		-34.01						739.23		3.46		0	4				
07/12/2018	3.3.2	Gaze Project	O4	3	M	Bilingual	G130	06/09/2018	89100	1280 x 720		Raw Data														87795	10:17:16.815	1536226410588172															0			Unclassified	8																									10534	597	487			597	487			239.47	93.79					299.25	203.59	711.32		-34.01						739.25		4.46		0	4				
07/12/2018	3.3.2	Gaze Project	O4	3	M	Bilingual	G130	06/09/2018	89100	1280 x 720		Raw Data														87803	10:17:16.824	1536226410596440															0			Unclassified	8																									10535	622	469			622	469			249.63	101.06					301.30	210.17	730.15		-34.01						759.29		4.77		0	4				
07/12/2018	3.3.2	Gaze Project	O4	3	M	Bilingual	G130	06/09/2018	89100	1280 x 720		Raw Data														87811	10:17:16.832	1536226410604801															0	7029		Fixation	8			6.11	90.88	187.28																				10536	653	507	577	303	615	405			261.95	85.60	231.71	167.77	246.83	126.69	301.29	210.20	730.21	344.97	211.89	720.23					759.35	759.35	4.82	4.35	0	0				
07/12/2018	3.3.2	Gaze Project	O4	3	M	Bilingual	G130	06/09/2018	89100	1280 x 720		Raw Data														87820	10:17:16.840	1536226410613129															0	7030		Fixation	8			3.34	291.13	200.25																				10537	614	474	615	401	614	437			246.53	99.18	246.90	128.40	246.71	113.79	299.18	203.51	711.04	344.08	207.88	708.36					738.97	738.97	4.34	4.46	0	0				
07/12/2018	3.3.2	Gaze Project	O4	3	M	Bilingual	G130	06/09/2018	89100	1280 x 720		Raw Data														87828	10:17:16.849	1536226410621471															0	7031		Fixation	8			2.19	124.29	193.16																				10538	619	479	576	344	597	411			248.49	97.24	231.21	151.32	239.85	124.28	299.15	203.58	711.25	345.04	212.53	722.04					739.18	739.18	4.31	4.41	0	0				
07/12/2018	3.3.2	Gaze Project	O4	3	M	Bilingual	G130	06/09/2018	89100	1280 x 720		Raw Data														87836	10:17:16.857	1536226410629841															0	7032		Fixation	8			4.73	274.94	150.64																				10539	587	541	589	494	588	517			235.67	72.13	236.38	90.98	236.02	81.55	299.19	205.78	718.06	344.01	208.00	708.31					746.33	746.33	4.59	4.70	0	0				
07/12/2018	3.3.2	Gaze Project	O4	3	M	Bilingual	G130	06/09/2018	89100	1280 x 720		Raw Data														87845	10:17:16.865	1536226410638109															0	7033		Fixation	8			5.66	90.95	176.01																				10540	609	557	586	314	597	435			244.46	65.60	235.08	163.43	239.77	114.52	299.02	203.66	711.22	344.96	212.77	722.88					739.17	739.17	4.59	4.11	0	0				
07/12/2018	3.3.2	Gaze Project	O4	3	M	Bilingual	G130	06/09/2018	89100	1280 x 720		Raw Data														87853	10:17:16.874	1536226410646444															0			Unclassified	8																									10541	512	602			512	602			205.57	47.40					299.02	206.77	721.51		-34.01						749.90		4.37		0	4				
07/12/2018	3.3.2	Gaze Project	O4	3	M	Bilingual	G130	06/09/2018	89100	1280 x 720		Raw Data														87861	10:17:16.882	1536226410654797															0	7034		Fixation	8			10.21	252.92	161.97																				10542	405	664	488	632	446	648			162.69	22.58	196.07	35.34	179.38	28.96	298.88	207.06	722.81	343.52	207.67	708.66					751.21	751.21	4.11	4.42	0	0				
07/12/2018	3.3.2	Gaze Project	O4	3	M	Bilingual	G130	06/09/2018	89100	1280 x 720		Raw Data														87870	10:17:16.890	1536226410663152															0	7035		Fixation	8			1.89	270.00	17.08																				10543	399	745	488	695	443	720			160.28	-10.14	195.94	9.93	178.11	-0.10	298.78	207.68	725.09	343.36	207.44	708.75					753.56	753.56	4.09	4.42	0	0				
07/12/2018	3.3.2	Gaze Project	O4	3	M	Bilingual	G130	06/09/2018	89100	1280 x 720		Raw Data														87878	10:17:16.899	1536226410671432															0	7036		Fixation	8			1.26	256.65	346.65																				10544	472	766	478	737	475	751			189.42	-18.69	191.82	-6.87	190.62	-12.78	300.20	208.54	727.10	343.26	207.39	708.78					755.82	755.82	4.44	4.44	0	0				
07/12/2018	3.3.2	Gaze Project	O4	3	M	Bilingual	G130	06/09/2018	89100	1280 x 720		Raw Data														87886	10:17:16.907	1536226410679772															0	7037		Fixation	8			1.25	201.86	305.22																				10545	419	792	438	753	428	772			168.28	-29.05	175.94	-13.46	172.11	-21.25	298.45	203.18	711.99	343.18	207.58	708.99					739.71	739.71	3.94	4.28	0	0				
07/12/2018	3.3.2	Gaze Project	O4	3	M	Bilingual	G130	06/09/2018	89100	1280 x 720		Raw Data														87895	10:17:16.915	1536226410688113															0			Unclassified	8																									10546	449	780			449	780			180.04	-24.16					298.32	203.12	712.00		-34.01						739.69		4.22		0	4				
07/12/2018	3.3.2	Gaze Project	O4	3	M	Bilingual	G130	06/09/2018	89100	1280 x 720		Raw Data														87903	10:17:16.924	1536226410696466															0	7038		Fixation	8			0.94	23.50	181.63																				10547	445	755	468	740	456	747			178.58	-14.22	188.02	-8.15	183.30	-11.18	298.18	203.08	712.10	342.93	207.43	709.05					739.77	739.77	4.13	4.17	0	0				
07/12/2018	3.3.2	Gaze Project	O4	3	M	Bilingual	G130	06/09/2018	89100	1280 x 720		Raw Data														87911	10:17:16.932	1536226410704828															0	7039		Fixation	8			0.83	177.95	154.45																				10548	445	776	440	739	442	757			178.57	-22.73	176.56	-7.66	177.56	-15.20	298.04	203.00	712.13	343.65	211.63	721.20					739.77	739.77	4.26	4.33	0	0				
07/12/2018	3.3.2	Gaze Project	O4	3	M	Bilingual	G130	06/09/2018	89100	1280 x 720		Raw Data														87920	10:17:16.940	1536226410713095															0	7040		Fixation	8			0.17	260.57	82.62																				10549	408	787	439	745	423	766			163.87	-26.99	176.14	-10.00	170.01	-18.49	297.88	202.98	712.33	342.60	207.60	708.98					739.93	739.93	3.92	4.23	0	0				
07/12/2018	3.3.2	Gaze Project	O4	3	M	Bilingual	G130	06/09/2018	89100	1280 x 720		Raw Data														87928	10:17:16.949	1536226410721454															0	7041		Fixation	8			1.03	356.72	96.15																				10550	483	816	474	747	478	781			194.04	-38.64	190.43	-11.00	192.24	-24.82	297.73	203.02	712.31	343.40	211.98	722.48					739.92	739.92	3.98	4.45	0	0				
07/12/2018	3.3.2	Gaze Project	O4	3	M	Bilingual	G130	06/09/2018	89100	1280 x 720		Raw Data														87936	10:17:16.957	1536226410729778															0	7042		Fixation	8			1.09	144.92	148.20																				10551	449	816	444	726	446	771			180.19	-38.51	178.40	-2.37	179.30	-20.44	297.56	202.94	712.34	343.23	211.94	722.51					739.92	739.92	3.93	4.37	0	0				
07/12/2018	3.3.2	Gaze Project	O4	3	M	Bilingual	G130	06/09/2018	89100	1280 x 720		Raw Data														87945	10:17:16.965	1536226410738141															0	7043		Fixation	8			1.03	313.74	168.82																				10552	402	794	468	751	435	772			161.27	-29.89	187.78	-12.39	174.53	-21.14	297.38	202.84	712.74	342.95	211.41	721.15					740.25	740.25	3.99	4.32	0	0				
07/12/2018	3.3.2	Gaze Project	O4	3	M	Bilingual	G130	06/09/2018	89100	1280 x 720		Raw Data														87953	10:17:16.974	1536226410746496															0	7044		Fixation	8			1.18	207.26	253.52																				10553	407	797	431	770	419	783			163.35	-30.83	172.97	-19.98	168.16	-25.41	297.20	202.75	712.71	341.92	207.23	708.93					740.19	740.19	3.99	4.24	0	0				
07/12/2018	3.3.2	Gaze Project	O4	3	M	Bilingual	G130	06/09/2018	89100	1280 x 720		Raw Data														87961	10:17:16.982	1536226410754752															0	7045		Fixation	8			0.23	129.71	282.46																				10554	457	771	426	764	441	767			183.63	-20.51	170.88	-17.77	177.25	-19.14	297.03	202.71	712.83	341.77	207.26	709.18					740.28	740.28	4.09	4.20	0	0				
07/12/2018	3.3.2	Gaze Project	O4	3	M	Bilingual	G130	06/09/2018	89100	1280 x 720		Raw Data														87970	10:17:16.990	1536226410763092															0	7046		Fixation	8			0.67	4.99	235.27																				10555	409	792	449	762	429	777			164.12	-29.00	180.05	-16.92	172.09	-22.96	296.86	202.77	713.19	342.47	211.50	721.90					740.63	740.63	4.05	4.36	0	0				
07/12/2018	3.3.2	Gaze Project	O4	3	M	Bilingual	G130	06/09/2018	89100	1280 x 720		Raw Data														87978	10:17:16.999	1536226410771450															0			Unclassified	8																									10556	390	820			390	820			156.46	-40.36					296.72	202.85	713.16		-34.01						740.62		3.99		0	4				
07/12/2018	3.3.2	Gaze Project	O4	3	M	Bilingual	G130	06/09/2018	89100	1280 x 720		Raw Data														87986	10:17:17.007	1536226410779811															0	7047		Fixation	8			1.41	126.30	121.31																				10557	405	794	421	724	413	759			162.53	-29.85	169.15	-1.69	165.84	-15.77	296.54	202.70	713.29	341.26	207.25	709.19					740.68	740.68	3.97	4.15	0	0				
07/12/2018	3.3.2	Gaze Project	O4	3	M	Bilingual	G130	06/09/2018	89100	1280 x 720		Raw Data														87995	10:17:17.015	1536226410788061															0	7048		Fixation	8			1.50	258.09	131.80																				10558	437	778	410	776	423	777			175.60	-23.28	164.69	-22.58	170.14	-22.93	296.39	202.69	713.36	342.03	211.68	722.80					740.74	740.74	4.14	4.36	0	0				
07/12/2018	3.3.2	Gaze Project	O4	3	M	Bilingual	G130	06/09/2018	89100	1280 x 720		Raw Data														88003	10:17:17.024	1536226410796424															0	7049		Fixation	8			1.78	93.68	195.59																				10559	463	798	406	714	434	756			185.69	-31.32	163.08	2.49	174.38	-14.41	296.24	202.71	713.50	341.83	211.39	722.11					740.87	740.87	3.98	4.44	0	0				
07/12/2018	3.3.2	Gaze Project	O4	3	M	Bilingual	G130	06/09/2018	89100	1280 x 720		Raw Data														88011	10:17:17.032	1536226410804759															0	7050		Fixation	8			1.10	336.13	242.45																				10560	438	770	440	729	439	749			175.84	-20.25	176.53	-3.76	176.18	-12.00	296.10	202.56	713.56	341.80	211.93	723.79					740.87	740.87	3.95	4.39	0	0				
07/12/2018	3.3.2	Gaze Project	O4	3	M	Bilingual	G130	06/09/2018	89100	1280 x 720		Raw Data														88020	10:17:17.040	1536226410813118															0	7051		Fixation	8			1.61	229.28	253.15																				10561	457	803	402	773	429	788			183.40	-33.39	161.41	-21.41	172.41	-27.40	295.96	202.72	713.70	341.67	211.97	724.00					741.05	741.05	3.98	4.33	0	0				
07/12/2018	3.3.2	Gaze Project	O4	3	M	Bilingual	G130	06/09/2018	89100	1280 x 720		Raw Data														88028	10:17:17.049	1536226410821468															0	7052		Fixation	8			0.55	41.01	171.73																				10562	473	787	417	760	445	773			189.68	-26.94	167.36	-16.01	178.52	-21.48	295.83	202.77	713.92	340.57	207.18	709.91					741.26	741.26	3.97	4.17	0	0				
07/12/2018	3.3.2	Gaze Project	O4	3	M	Bilingual	G130	06/09/2018	89100	1280 x 720		Raw Data														88036	10:17:17.057	1536226410829745															0			Unclassified	8																									10563	447	774			447	774			179.62	-21.85					295.70	202.88	713.88		-34.01						741.25		3.88		0	4				
07/12/2018	3.3.2	Gaze Project	O4	3	M	Bilingual	G130	06/09/2018	89100	1280 x 720		Raw Data														88045	10:17:17.065	1536226410838083															0	7053		Fixation	8			0.09	161.51	120.50																				10564	494	777	414	759	454	768			198.29	-22.92	166.20	-15.87	182.25	-19.39	295.58	202.86	713.88	340.29	207.00	709.98					741.25	741.25	4.00	4.20	0	0				
07/12/2018	3.3.2	Gaze Project	O4	3	M	Bilingual	G130	06/09/2018	89100	1280 x 720		Raw Data														88053	10:17:17.074	1536226410846438															0			Unclassified	8																									10565																			-34.01										4	4				
07/12/2018	3.3.2	Gaze Project	O4	3	M	Bilingual	G130	06/09/2018	89100	1280 x 720		Raw Data														88061	10:17:17.082	1536226410854790															0	7054		Fixation	8			1.07	294.37	132.86																				10566			429	792	429	792					172.32	-28.87						340.05	207.31	710.70						0.00		4.29	4	0				
07/12/2018	3.3.2	Gaze Project	O4	3	M	Bilingual	G130	06/09/2018	89100	1280 x 720		Raw Data														88070	10:17:17.090	1536226410863146															0	7055		Fixation	8			0.72	134.91	200.53																				10567			412	775	412	775					165.52	-22.26						339.91	207.33	710.85						0.00		4.41	4	0				
07/12/2018	3.3.2	Gaze Project	O4	3	M	Bilingual	G130	06/09/2018	89100	1280 x 720		Raw Data														88078	10:17:17.099	1536226410871411															0	7056		Fixation	8			0.45	29.82	254.92																				10568			426	767	426	767					171.09	-18.87						340.25	209.76	718.34						0.00		4.44	4	0				
07/12/2018	3.3.2	Gaze Project	O4	3	M	Bilingual	G130	06/09/2018	89100	1280 x 720		Raw Data														88086	10:17:17.107	1536226410879743															0	7057		Fixation	8			0.62	324.70	294.87																				10569	476	767	443	779	459	773			191.18	-18.82	177.66	-23.68	184.42	-21.25	295.45	205.00	720.74	341.02	210.51	719.85					748.41	748.41	4.16	4.37	0	0				
07/12/2018	3.3.2	Gaze Project	O4	3	M	Bilingual	G130	06/09/2018	89100	1280 x 720		Raw Data														88095	10:17:17.115	1536226410888094															0	7058		Fixation	8			0.58	215.30	250.61																				10570			426	791	426	791					171.12	-28.43						340.87	210.55	720.06						0.00		4.50	4	0				
07/12/2018	3.3.2	Gaze Project	O4	3	M	Bilingual	G130	06/09/2018	89100	1280 x 720		Raw Data														88103	10:17:17.124	1536226410896459															0			Unclassified	8																									10571																			-34.01										4	4				
07/12/2018	3.3.2	Gaze Project	O4	3	M	Bilingual	G130	06/09/2018	89100	1280 x 720		Raw Data														88111	10:17:17.132	1536226410904701															0	7059		Fixation	8			1.24	58.90	203.59																				10572	494	760	449	753	471	756			198.41	-15.93	180.13	-13.25	189.27	-14.59	294.93	204.90	720.97	339.15	207.54	712.02					748.57	748.57	4.10	4.21	0	0				
07/12/2018	3.3.2	Gaze Project	O4	3	M	Bilingual	G130	06/09/2018	89100	1280 x 720		Raw Data														88120	10:17:17.140	1536226410913054															0	7060		Fixation	8			0.18	218.75	159.85																				10573			444	757	444	757					178.36	-14.89						338.97	207.57	712.25						0.00		4.41	4	0				
07/12/2018	3.3.2	Gaze Project	O4	3	M	Bilingual	G130	06/09/2018	89100	1280 x 720		Raw Data														88128	10:17:17.149	1536226410921407															0			Unclassified	8																									10574																			-34.01										4	4				
07/12/2018	3.3.2	Gaze Project	O4	3	M	Bilingual	G130	06/09/2018	89100	1280 x 720		Raw Data														88136	10:17:17.157	1536226410929772															0	7061		Fixation	8			1.42	245.53	26.78																				10575	483	802	423	803	453	802			193.95	-32.86	169.78	-33.49	181.86	-33.17	293.87	203.00	716.38	338.62	207.66	712.83					743.56	743.56	3.95	4.27	0	0				
07/12/2018	3.3.2	Gaze Project	O4	3	M	Bilingual	G130	06/09/2018	89100	1280 x 720		Raw Data														88145	10:17:17.165	1536226410938126															0	7062		Fixation	8			1.31	91.24	205.71																				10576	435	798	422	757	428	777			174.67	-31.59	169.58	-14.92	172.13	-23.26	293.69	203.01	716.60	339.39	212.66	727.84					743.77	743.77	3.99	4.29	0	0				
07/12/2018	3.3.2	Gaze Project	O4	3	M	Bilingual	G130	06/09/2018	89100	1280 x 720		Raw Data														88153	10:17:17.174	1536226410946399															0	7063		Fixation	8			0.58	64.73	333.48																				10577	401	780	431	738	416	759			160.81	-24.30	173.15	-7.12	166.98	-15.71	293.50	203.07	717.01	339.30	213.22	729.66					744.17	744.17	3.94	4.33	0	0				
07/12/2018	3.3.2	Gaze Project	O4	3	M	Bilingual	G130	06/09/2018	89100	1280 x 720		Raw Data														88161	10:17:17.182	1536226410954725															0			Unclassified	8																									10578	402	789			402	789			161.33	-27.94					293.31	203.01	717.04		-34.01						744.17		3.95		0	4				
07/12/2018	3.3.2	Gaze Project	O4	3	M	Bilingual	G130	06/09/2018	89100	1280 x 720		Raw Data														88170	10:17:17.190	1536226410963084															0	7064		Fixation	8			0.54	246.11	181.38																				10579	449	799	423	756	436	777			180.20	-32.01	169.86	-14.56	175.03	-23.28	295.07	209.78	736.86	338.84	212.81	728.90					765.18	765.18	4.10	4.29	0	0				
07/12/2018	3.3.2	Gaze Project	O4	3	M	Bilingual	G130	06/09/2018	89100	1280 x 720		Raw Data														88178	10:17:17.199	1536226410971445															0	7065		Fixation	8			0.38	8.77	122.67																				10580	401	785	436	754	418	769			160.91	-26.15	175.15	-13.83	168.03	-19.99	292.95	206.82	729.19	337.70	207.79	714.24					756.87	756.87	4.00	4.27	0	0				
07/12/2018	3.3.2	Gaze Project	O4	3	M	Bilingual	G130	06/09/2018	89100	1280 x 720		Raw Data														88186	10:17:17.207	1536226410979797															0			Unclassified	8																									10581																			-34.01										4	4				
07/12/2018	3.3.2	Gaze Project	O4	3	M	Bilingual	G130	06/09/2018	89100	1280 x 720		Raw Data														88195	10:17:17.215	1536226410988060															0			Unclassified	8																									10582	443	814			443	814			177.81	-37.67					292.55	203.10	718.38		-34.01						745.43		4.01		0	4				
07/12/2018	3.3.2	Gaze Project	O4	3	M	Bilingual	G130	06/09/2018	89100	1280 x 720		Raw Data														88203	10:17:17.224	1536226410996458															0	7066		Fixation	8			1.10	32.55	23.78																				10583	406	774	469	733	437	753			163.15	-21.75	188.26	-5.06	175.71	-13.41	292.36	203.02	718.49	338.09	212.98	730.48					745.50	745.50	3.89	4.29	0	0				
07/12/2018	3.3.2	Gaze Project	O4	3	M	Bilingual	G130	06/09/2018	89100	1280 x 720		Raw Data														88211	10:17:17.232	1536226411004753															0	7067		Fixation	8			0.55	95.99	63.44																				10584			467	714	467	714					187.65	2.38						338.08	214.03	733.88						0.00		4.37	4	0				
07/12/2018	3.3.2	Gaze Project	O4	3	M	Bilingual	G130	06/09/2018	89100	1280 x 720		Raw Data														88220	10:17:17.240	1536226411013099															0	7068		Fixation	8			1.35	299.82	203.83																				10585			490	754	490	754					196.74	-13.62						337.87	213.97	734.08						0.00		4.37	4	0				
07/12/2018	3.3.2	Gaze Project	O4	3	M	Bilingual	G130	06/09/2018	89100	1280 x 720		Raw Data														88228	10:17:17.249	1536226411021381															0	7069		Fixation	8			1.28	111.26	171.44																				10586			474	713	474	713					190.20	2.73						337.44	212.69	730.78						0.00		4.36	4	0				
07/12/2018	3.3.2	Gaze Project	O4	3	M	Bilingual	G130	06/09/2018	89100	1280 x 720		Raw Data														88236	10:17:17.257	1536226411029734															0			Unclassified	8																									10587	458	796			458	796			183.95	-30.52					293.95	211.25	744.15		-34.01						772.48		4.03		0	4				
07/12/2018	3.3.2	Gaze Project	O4	3	M	Bilingual	G130	06/09/2018	89100	1280 x 720		Raw Data														88245	10:17:17.265	1536226411038066															0	7070		Fixation	8			2.20	241.88	130.62																				10588	502	799	437	782	469	790			201.52	-31.97	175.54	-24.93	188.53	-28.45	294.36	213.43	751.08	335.80	207.08	714.53					779.76	779.76	4.16	4.26	0	0				
07/12/2018	3.3.2	Gaze Project	O4	3	M	Bilingual	G130	06/09/2018	89100	1280 x 720		Raw Data														88253	10:17:17.274	1536226411046411															0	7071		Fixation	8			1.66	63.08	181.20																				10589	474	794	464	729	469	761			190.14	-29.63	186.27	-3.68	188.21	-16.66	291.11	206.58	732.02	336.81	212.69	732.03					759.38	759.38	4.21	4.31	0	0				
07/12/2018	3.3.2	Gaze Project	O4	3	M	Bilingual	G130	06/09/2018	89100	1280 x 720		Raw Data														88261	10:17:17.282	1536226411054783															0	7072		Fixation	8			1.14	207.90	144.82																				10590			428	748	428	748					171.74	-11.37						336.65	213.06	733.53						0.00		4.29	4	0				
07/12/2018	3.3.2	Gaze Project	O4	3	M	Bilingual	G130	06/09/2018	89100	1280 x 720		Raw Data														88270	10:17:17.290	1536226411063043															0	7073		Fixation	8			1.09	319.31	111.41																				10591	343	806	456	772	399	789			137.72	-34.47	182.96	-20.88	160.34	-27.68	290.66	205.76	730.43	335.45	207.55	717.52					757.59	757.59	4.13	4.20	0	0				
07/12/2018	3.3.2	Gaze Project	O4	3	M	Bilingual	G130	06/09/2018	89100	1280 x 720		Raw Data														88278	10:17:17.299	1536226411071381															0	7074		Fixation	8			1.48	92.24	132.93																				10592	459	792	454	721	456	756			184.08	-28.96	182.37	-0.45	183.22	-14.70	290.46	202.71	721.31	335.21	207.32	717.61					747.98	747.98	3.96	4.28	0	0				
07/12/2018	3.3.2	Gaze Project	O4	3	M	Bilingual	G130	06/09/2018	89100	1280 x 720		Raw Data														88286	10:17:17.307	1536226411079733															0	7075		Fixation	8			1.89	245.41	153.18																				10593	328	778	426	782	377	780			131.60	-23.49	170.97	-25.07	151.28	-24.28	290.23	202.69	721.57	334.97	207.21	717.65					748.21	748.21	3.88	4.27	0	0				
07/12/2018	3.3.2	Gaze Project	O4	3	M	Bilingual	G130	06/09/2018	89100	1280 x 720		Raw Data														88295	10:17:17.315	1536226411088093															0			Unclassified	8																									10594	445	814			445	814			178.47	-37.92					290.01	202.68	721.82		-34.01						748.43		4.04		0	4				
07/12/2018	3.3.2	Gaze Project	O4	3	M	Bilingual	G130	06/09/2018	89100	1280 x 720		Raw Data														88303	10:17:17.324	1536226411096354															0	7076		Fixation	8			0.91	102.68	217.27																				10595	422	799	419	751	420	775			169.55	-31.64	168.26	-12.40	168.90	-22.02	289.80	202.48	721.90	335.71	214.23	738.68					748.43	748.43	4.07	4.35	0	0				
07/12/2018	3.3.2	Gaze Project	O4	3	M	Bilingual	G130	06/09/2018	89100	1280 x 720		Raw Data														88311	10:17:17.332	1536226411104710															0	7077		Fixation	8			1.24	337.63	234.94																				10596	406	837	458	767	432	802			163.05	-47.02	184.01	-19.03	173.53	-33.03	289.57	202.41	721.93	334.34	207.69	719.50					748.43	748.43	3.98	4.27	0	0				
07/12/2018	3.3.2	Gaze Project	O4	3	M	Bilingual	G130	06/09/2018	89100	1280 x 720		Raw Data														88320	10:17:17.340	1536226411113045															0	7078		Fixation	8			1.11	133.83	156.20																				10597			432	740	432	740					173.30	-7.89						334.97	212.57	734.39						0.00		4.36	4	0				
07/12/2018	3.3.2	Gaze Project	O4	3	M	Bilingual	G130	06/09/2018	89100	1280 x 720		Raw Data														88328	10:17:17.349	1536226411121408															0	7079		Fixation	8			0.73	265.62	131.79																				10598			430	766	430	766					172.51	-18.67						334.36	210.38	728.26						0.00		4.39	4	0				
07/12/2018	3.3.2	Gaze Project	O4	3	M	Bilingual	G130	06/09/2018	89100	1280 x 720		Raw Data														88336	10:17:17.357	1536226411129761															0			Unclassified	8																									10599	428	809			428	809			171.82	-35.67					289.40	204.79	728.83		-34.01						755.71		4.05		0	4				
07/12/2018	3.3.2	Gaze Project	O4	3	M	Bilingual	G130	06/09/2018	89100	1280 x 720		Raw Data														88345	10:17:17.365	1536226411138032															0	7080		Fixation	8			0.60	292.77	27.15																				10600	454	788	438	785	446	786			182.09	-27.19	175.74	-26.27	178.91	-26.73	288.72	202.15	722.03	333.90	210.22	728.33					748.41	748.41	3.76	4.39	0	0				
07/12/2018	3.3.2	Gaze Project	O4	3	M	Bilingual	G130	06/09/2018	89100	1280 x 720		Raw Data														88353	10:17:17.374	1536226411146384															0	7081		Fixation	8			0.75	166.46	233.69																				10601	440	718	413	779	426	748			176.59	0.87	165.79	-23.79	171.19	-11.46	288.50	203.00	724.34	334.66	211.07	730.32					750.86	750.86	3.92	4.33	0	0				
07/12/2018	3.3.2	Gaze Project	O4	3	M	Bilingual	G130	06/09/2018	89100	1280 x 720		Raw Data														88361	10:17:17.382	1536226411154717															0	7082		Fixation	8			0.37	274.38	107.92																				10602	417	764	414	792	415	778			167.58	-17.58	166.19	-28.93	166.88	-23.26	288.27	204.95	730.84	332.99	207.08	719.75					757.63	757.63	3.91	4.32	0	0				
07/12/2018	3.3.2	Gaze Project	O4	3	M	Bilingual	G130	06/09/2018	89100	1280 x 720		Raw Data														88370	10:17:17.390	1536226411163063															0	7083		Fixation	8			4.26	50.72	136.34																				10603	470	765	510	675	490	720			188.63	-18.28	204.90	18.31	196.77	0.02	288.13	205.58	732.82	333.41	210.46	729.83					759.70	759.70	4.28	4.03	0	0				
07/12/2018	3.3.2	Gaze Project	O4	3	M	Bilingual	G130	06/09/2018	89100	1280 x 720		Raw Data														88378	10:17:17.399	1536226411171430															0			Unclassified	8																									10604	599	736			599	736			240.64	-6.37					288.70	205.32	731.25		-34.01						758.15		4.17		0	4				
07/12/2018	3.3.2	Gaze Project	O4	3	M	Bilingual	G130	06/09/2018	89100	1280 x 720		Raw Data														88386	10:17:17.407	1536226411179697															0			Unclassified	8																									10605	677	508			677	508			271.69	85.52					288.19	203.34	725.88		-34.01						752.42		3.26		0	4				
07/12/2018	3.3.2	Gaze Project	O4	3	M	Bilingual	G130	06/09/2018	89100	1280 x 720		Raw Data														88395	10:17:17.415	1536226411188031															0	7084		Fixation	8			6.47	16.14	325.42																				10606	748	656	718	615	733	635			300.39	25.78	288.29	42.15	294.34	33.96	288.19	203.40	726.22	333.98	210.84	730.75					752.76	752.76	4.27	4.00	0	0				
07/12/2018	3.3.2	Gaze Project	O4	3	M	Bilingual	G130	06/09/2018	89100	1280 x 720		Raw Data														88403	10:17:17.424	1536226411196374															0	7085		Fixation	8			4.94	32.99	16.85																				10607	841	601	854	527	847	564			337.68	48.06	342.71	77.54	340.19	62.80	288.17	203.42	726.45	333.35	211.06	732.53					752.98	752.98	4.35	4.03	0	0				
07/12/2018	3.3.2	Gaze Project	O4	3	M	Bilingual	G130	06/09/2018	89100	1280 x 720		Raw Data														88411	10:17:17.432	1536226411204748															0	7086		Fixation	8			1.76	280.89	247.90																				10608	911	635	865	584	888	609			365.86	34.05	347.12	54.80	356.49	44.42	288.00	203.09	725.29	333.52	209.98	728.95					751.77	751.77	4.23	4.11	0	0				
07/12/2018	3.3.2	Gaze Project	O4	3	M	Bilingual	G130	06/09/2018	89100	1280 x 720		Raw Data														88420	10:17:17.440	1536226411212992															0	7087		Fixation	8			6.69	18.74	97.85																				10609	953	579	1072	514	1012	546			382.44	56.86	430.46	83.07	406.45	69.96	288.11	203.49	727.11	333.72	213.67	741.01					753.62	753.62	4.29	4.06	0	0				
07/12/2018	3.3.2	Gaze Project	O4	3	M	Bilingual	G130	06/09/2018	89100	1280 x 720		Raw Data														88428	10:17:17.449	1536226411221361															0	7088		Fixation	8			3.63	214.57	195.83																				10610	934	548	973	582	953	565			374.89	69.15	390.77	55.51	382.83	62.33	288.02	203.37	727.00	333.89	215.10	745.65					753.48	753.48	4.21	4.48	0	0				
07/12/2018	3.3.2	Gaze Project	O4	3	M	Bilingual	G130	06/09/2018	89100	1280 x 720		Raw Data														88436	10:17:17.457	1536226411229697															0	7089		Fixation	8			3.38	22.88	168.31																				10611	929	607	1080	537	1004	572			372.91	45.48	433.34	73.79	403.12	59.63	287.90	203.40	727.41	343.04	231.53	793.51					753.87	753.87	4.27	4.66	0	0				
07/12/2018	3.3.2	Gaze Project	O4	3	M	Bilingual	G130	06/09/2018	89100	1280 x 720		Raw Data														88445	10:17:17.465	1536226411238058															0	7090		Fixation	8			3.72	212.14	189.26																				10612	968	597	973	604	970	600			388.52	49.43	390.70	46.73	389.61	48.08	287.80	203.28	727.39	332.61	208.15	726.04					753.81	753.81	4.37	4.31	0	0				
07/12/2018	3.3.2	Gaze Project	O4	3	M	Bilingual	G130	06/09/2018	89100	1280 x 720		Raw Data														88453	10:17:17.474	1536226411246418															0			Unclassified	8																									10613	977	527			977	527			392.15	77.74					287.73	203.19	727.47		-34.01						753.85		4.06		0	4				
07/12/2018	3.3.2	Gaze Project	O4	3	M	Bilingual	G130	06/09/2018	89100	1280 x 720		Raw Data														88461	10:17:17.482	1536226411254676															0	7091		Fixation	8			1.94	353.64	141.50																				10614	937	608	1036	611	986	609			376.02	45.10	415.73	43.84	395.88	44.47	287.68	202.99	727.26	332.49	207.64	725.70					753.59	753.59	4.43	4.25	0	0				
07/12/2018	3.3.2	Gaze Project	O4	3	M	Bilingual	G130	06/09/2018	89100	1280 x 720		Raw Data														88470	10:17:17.490	1536226411263031															0	7092		Fixation	8			1.46	172.85	179.21																				10615	920	592	988	605	954	598			369.47	51.55	396.51	46.12	382.99	48.83	287.65	202.77	727.01	333.38	212.87	742.12					753.29	753.29	4.37	4.42	0	0				
07/12/2018	3.3.2	Gaze Project	O4	3	M	Bilingual	G130	06/09/2018	89100	1280 x 720		Raw Data														88478	10:17:17.499	1536226411271370															0	7093		Fixation	8			0.48	259.41	86.56																				10616	979	543	985	621	982	582			392.95	71.45	395.41	39.79	394.18	55.62	287.64	202.56	726.85	333.62	214.04	746.27					753.07	753.07	4.33	4.48	0	0				
07/12/2018	3.3.2	Gaze Project	O4	3	M	Bilingual	G130	06/09/2018	89100	1280 x 720		Raw Data														88486	10:17:17.507	1536226411279731															0	7094		Fixation	8			0.70	64.61	165.19																				10617	927	517	995	600	961	558			372.15	81.81	399.59	48.20	385.87	65.01	287.66	202.31	726.96	332.52	207.00	725.88					753.09	753.09	4.24	4.15	0	0				
07/12/2018	3.3.2	Gaze Project	O4	3	M	Bilingual	G130	06/09/2018	89100	1280 x 720		Raw Data														88495	10:17:17.515	1536226411288084															0	7095		Fixation	8			0.77	300.50	235.89																				10618	938	550	1008	622	973	586			376.58	68.45	404.48	39.39	390.53	53.92	287.68	202.19	727.00	332.54	206.65	725.49					753.10	753.10	4.32	4.23	0	0				
07/12/2018	3.3.2	Gaze Project	O4	3	M	Bilingual	G130	06/09/2018	89100	1280 x 720		Raw Data														88503	10:17:17.524	1536226411296346															0	7096		Fixation	8			1.80	171.15	230.65																				10619	951	513	950	613	950	563			381.88	83.20	381.39	43.19	381.63	63.19	287.74	202.09	727.04	332.59	206.40	725.31					753.11	753.11	4.36	4.38	0	0				
07/12/2018	3.3.2	Gaze Project	O4	3	M	Bilingual	G130	06/09/2018	89100	1280 x 720		Raw Data														88511	10:17:17.532	1536226411304754															0			Unclassified	8																									10620																			-34.01										4	4				
07/12/2018	3.3.2	Gaze Project	O4	3	M	Bilingual	G130	06/09/2018	89100	1280 x 720		Raw Data														88520	10:17:17.540	1536226411313039															0	7097		Fixation	8			0.47	345.02	173.87																				10621	937	585	965	617	951	601			376.31	54.49	387.44	41.47	381.88	47.98	287.79	204.48	734.70	333.26	209.07	734.47					761.12	761.12	4.07	4.58	0	0				
07/12/2018	3.3.2	Gaze Project	O4	3	M	Bilingual	G130	06/09/2018	89100	1280 x 720		Raw Data														88528	10:17:17.549	1536226411321397															0	7098		Fixation	8			0.79	294.55	309.53																				10622	963	631	976	641	969	636			386.55	35.95	391.58	31.99	389.07	33.97	287.91	201.57	725.58	332.81	205.89	724.94					751.56	751.56	4.30	4.39	0	0				
07/12/2018	3.3.2	Gaze Project	O4	3	M	Bilingual	G130	06/09/2018	89100	1280 x 720		Raw Data														88536	10:17:17.557	1536226411329677															0	7099		Fixation	8			0.42	17.15	82.60																				10623	952	482	989	637	970	559			382.25	95.74	396.84	33.30	389.54	64.52	287.99	201.50	725.35	332.90	205.98	724.91					751.32	751.32	3.80	4.50	0	0				
07/12/2018	3.3.2	Gaze Project	O4	3	M	Bilingual	G130	06/09/2018	89100	1280 x 720		Raw Data														88545	10:17:17.565	1536226411338024															0	7100		Fixation	8			1.31	139.59	122.44																				10624	976	526	956	609	966	567			391.58	78.31	383.75	44.53	387.67	61.42	288.07	201.46	725.18	333.00	205.72	725.01					751.16	751.16	3.94	4.10	0	0				
07/12/2018	3.3.2	Gaze Project	O4	3	M	Bilingual	G130	06/09/2018	89100	1280 x 720		Raw Data														88553	10:17:17.574	1536226411346352															0	7101		Fixation	8			0.55	292.32	152.72																				10625	940	545	963	626	951	585			377.13	70.62	386.74	37.87	381.93	54.24	288.15	201.46	725.04	333.10	205.74	725.00					751.02	751.02	4.05	4.19	0	0				
07/12/2018	3.3.2	Gaze Project	O4	3	M	Bilingual	G130	06/09/2018	89100	1280 x 720		Raw Data														88561	10:17:17.582	1536226411354710															0	7102		Fixation	8			0.28	130.51	198.19																				10626	942	564	957	619	949	591			378.18	63.00	384.09	40.71	381.14	51.86	288.24	201.49	724.90	333.19	205.79	724.98					750.91	750.91	4.20	4.13	0	0				
07/12/2018	3.3.2	Gaze Project	O4	3	M	Bilingual	G130	06/09/2018	89100	1280 x 720		Raw Data														88570	10:17:17.590	1536226411363067															0	7103		Fixation	8			0.61	357.13	226.62																				10627	968	626	977	620	972	623			388.74	37.99	392.28	40.26	390.51	39.12	288.33	201.59	724.99	333.79	208.84	733.76					751.03	751.03	4.13	4.16	0	0				
07/12/2018	3.3.2	Gaze Project	O4	3	M	Bilingual	G130	06/09/2018	89100	1280 x 720		Raw Data														88578	10:17:17.599	1536226411371327															0	7104		Fixation	8			0.35	70.08	72.95																				10628	971	468	981	609	976	538			389.66	101.56	393.70	44.64	391.68	73.10	288.41	201.54	725.01	333.90	209.05	734.07					751.03	751.03	3.97	4.24	0	0				
07/12/2018	3.3.2	Gaze Project	O4	3	M	Bilingual	G130	06/09/2018	89100	1280 x 720		Raw Data														88586	10:17:17.607	1536226411379659															0			Unclassified	8																									10629	938	568			938	568			376.40	61.08					288.48	201.73	724.86		-34.01						750.96		4.12		0	4				
07/12/2018	3.3.2	Gaze Project	O4	3	M	Bilingual	G130	06/09/2018	89100	1280 x 720		Raw Data														88595	10:17:17.615	1536226411388016															0	7105		Fixation	8			1.68	90.00	19.92																				10630	960	602	981	553	970	577			385.15	47.69	393.65	67.09	389.40	57.39	288.56	201.83	724.89	334.04	209.21	733.80					751.01	751.01	4.17	4.02	0	0				
07/12/2018	3.3.2	Gaze Project	O4	3	M	Bilingual	G130	06/09/2018	89100	1280 x 720		Raw Data														88603	10:17:17.624	1536226411396368															0			Unclassified	8																									10631	949	579			949	579			380.80	56.84					288.63	202.03	724.81		-34.01						751.00		4.25		0	4				
07/12/2018	3.3.2	Gaze Project	O4	3	M	Bilingual	G130	06/09/2018	89100	1280 x 720		Raw Data														88611	10:17:17.632	1536226411404736															0	7106		Fixation	8			0.85	286.45	196.45																				10632	975	578	989	580	982	579			391.43	57.20	396.89	56.33	394.16	56.77	288.66	205.00	734.34	334.14	209.20	733.10					760.98	760.98	4.19	4.00	0	0				
07/12/2018	3.3.2	Gaze Project	O4	3	M	Bilingual	G130	06/09/2018	89100	1280 x 720		Raw Data														88620	10:17:17.640	1536226411412987															0	7107		Fixation	8			0.37	245.63	319.17																				10633	956	580	984	591	970	585			383.58	56.21	395.16	51.89	389.37	54.05	288.72	205.15	734.59	334.62	208.56	730.05					761.27	761.27	4.12	4.36	0	0				
07/12/2018	3.3.2	Gaze Project	O4	3	M	Bilingual	G130	06/09/2018	89100	1280 x 720		Raw Data														88628	10:17:17.649	1536226411421323															0	7108		Fixation	8			2.72	217.34	331.72																				10634	959	579	913	645	936	612			385.12	56.75	366.46	30.27	375.79	43.51	288.83	202.12	724.90	334.34	209.72	734.08					751.12	751.12	4.15	4.34	0	0				
07/12/2018	3.3.2	Gaze Project	O4	3	M	Bilingual	G130	06/09/2018	89100	1280 x 720		Raw Data														88636	10:17:17.657	1536226411429694															0	7109		Fixation	8			2.44	70.50	213.16																				10635	971	494	940	569	955	531			389.93	91.01	377.41	61.00	383.67	76.01	288.90	202.17	724.93	333.83	206.52	724.06					751.17	751.17	3.81	4.00	0	0				
07/12/2018	3.3.2	Gaze Project	O4	3	M	Bilingual	G130	06/09/2018	89100	1280 x 720		Raw Data														88645	10:17:17.665	1536226411438051															0	7110		Fixation	8			2.07	292.05	221.55																				10636	930	579	966	633	948	606			373.37	56.74	387.56	35.16	380.46	45.95	288.96	202.19	724.88	334.53	210.16	735.06					751.14	751.14	4.08	4.23	0	0				
07/12/2018	3.3.2	Gaze Project	O4	3	M	Bilingual	G130	06/09/2018	89100	1280 x 720		Raw Data														88653	10:17:17.674	1536226411446327															0	7111		Fixation	8			1.24	105.33	173.28																				10637	923	609	955	593	939	601			370.48	44.83	383.53	51.19	377.00	48.01	288.99	205.72	735.84	333.96	206.58	724.03					762.64	762.64	4.15	4.27	0	0				
07/12/2018	3.3.2	Gaze Project	O4	3	M	Bilingual	G130	06/09/2018	89100	1280 x 720		Raw Data														88661	10:17:17.682	1536226411454677															0	7112		Fixation	8			2.63	58.08	312.75																				10638	932	593	1000	521	966	557			374.05	51.29	401.25	80.07	387.65	65.68	289.10	202.22	724.88	334.02	206.48	724.07					751.15	751.15	4.12	3.93	0	0				
07/12/2018	3.3.2	Gaze Project	O4	3	M	Bilingual	G130	06/09/2018	89100	1280 x 720		Raw Data														88670	10:17:17.690	1536226411463005															0	7113		Fixation	8			2.59	256.34	198.26																				10639	961	587	980	603	970	595			385.67	53.71	393.50	47.04	389.58	50.38	289.16	202.23	724.86	334.10	206.50	724.06					751.14	751.14	4.20	4.11	0	0				
07/12/2018	3.3.2	Gaze Project	O4	3	M	Bilingual	G130	06/09/2018	89100	1280 x 720		Raw Data														88678	10:17:17.699	1536226411471348															0	7114		Fixation	8			0.38	251.62	355.28																				10640	941	632	976	615	958	623			377.54	35.50	391.93	42.38	384.73	38.94	289.23	202.37	724.80	334.70	209.62	733.20					751.13	751.13	4.25	4.22	0	0				
07/12/2018	3.3.2	Gaze Project	O4	3	M	Bilingual	G130	06/09/2018	89100	1280 x 720		Raw Data														88686	10:17:17.707	1536226411479722															0	7115		Fixation	8			0.82	72.95	181.33																				10641	966	453	984	589	975	521			387.85	107.58	395.16	52.56	391.51	80.07	289.29	202.23	724.70	334.81	209.91	733.97					750.99	750.99	3.82	4.23	0	0				
07/12/2018	3.3.2	Gaze Project	O4	3	M	Bilingual	G130	06/09/2018	89100	1280 x 720		Raw Data														88695	10:17:17.715	1536226411487978															0			Unclassified	8																									10642	966	409			966	409			387.90	125.04					289.35	202.27	724.68		-34.01						750.99		3.30		0	4				
07/12/2018	3.3.2	Gaze Project	O4	3	M	Bilingual	G130	06/09/2018	89100	1280 x 720		Raw Data														88703	10:17:17.724	1536226411496313															0			Unclassified	8																									10643	952	629			952	629			382.03	36.71					289.40	202.18	724.71		-34.01						751.00		4.28		0	4				
07/12/2018	3.3.2	Gaze Project	O4	3	M	Bilingual	G130	06/09/2018	89100	1280 x 720		Raw Data														88711	10:17:17.732	1536226411504678															0	7116		Fixation	8			1.81	332.52	259.57																				10644	1014	619	1038	617	1026	618			407.19	40.82	416.53	41.44	411.86	41.13	289.54	202.24	724.41	335.45	212.42	741.02					750.73	750.73	4.42	4.41	0	0				
07/12/2018	3.3.2	Gaze Project	O4	3	M	Bilingual	G130	06/09/2018	89100	1280 x 720		Raw Data														88720	10:17:17.740	1536226411513032															0	7117		Fixation	8			2.29	341.04	8.52																				10645	1191	579	1111	642	1151	610			478.06	56.96	445.85	31.53	461.96	44.25	292.25	211.37	751.29	334.58	206.89	723.90					779.21	779.21	4.36	4.33	0	0				
07/12/2018	3.3.2	Gaze Project	O4	3	M	Bilingual	G130	06/09/2018	89100	1280 x 720		Raw Data														88728	10:17:17.749	1536226411521317															0	7118		Fixation	8			2.38	291.48	310.44																				10646	1194	528	1141	718	1167	623			479.17	77.27	458.16	0.95	468.66	39.11	289.91	202.28	724.43	334.68	206.93	723.89					750.78	750.78	4.00	4.20	0	0				
07/12/2018	3.3.2	Gaze Project	O4	3	M	Bilingual	G130	06/09/2018	89100	1280 x 720		Raw Data														88736	10:17:17.757	1536226411529649															0	7119		Fixation	8			2.25	20.17	88.69																				10647	1247	604	1212	692	1229	648			500.53	46.77	486.39	11.13	493.46	28.95	290.03	202.30	724.38	336.94	211.57	737.38					750.74	750.74	4.02	4.37	0	0				
07/12/2018	3.3.2	Gaze Project	O4	3	M	Bilingual	G130	06/09/2018	89100	1280 x 720		Raw Data														88745	10:17:17.765	1536226411537986															0	7120		Fixation	8			0.68	294.37	274.20																				10648	1309	565	1222	714	1265	639			525.31	62.45	490.69	2.29	508.00	32.37	290.07	203.32	727.78	336.94	211.54	737.12					754.28	754.28	3.75	4.39	0	0				
07/12/2018	3.3.2	Gaze Project	O4	3	M	Bilingual	G130	06/09/2018	89100	1280 x 720		Raw Data														88753	10:17:17.774	1536226411546348															0	7121		Fixation	8			2.13	12.74	78.36																				10649	1267	503	1293	698	1280	600			508.75	87.42	519.18	8.71	513.96	48.07	290.06	202.36	724.38	334.90	206.96	723.95					750.77	750.77	3.57	4.24	0	0				
07/12/2018	3.3.2	Gaze Project	O4	3	M	Bilingual	G130	06/09/2018	89100	1280 x 720		Raw Data														88761	10:17:17.782	1536226411554700															0	7122		Fixation	8			1.59	226.60	213.86																				10650	1254	578	1256	737	1255	657			503.40	57.12	504.15	-6.79	503.77	25.17	290.03	202.36	724.36	335.58	211.05	736.23					750.75	750.75	3.99	4.29	0	0				
07/12/2018	3.3.2	Gaze Project	O4	3	M	Bilingual	G130	06/09/2018	89100	1280 x 720		Raw Data														88769	10:17:17.790	1536226411562963															0	7123		Fixation	8			1.15	88.57	221.97																				10651	1247	559	1257	697	1252	628			500.56	64.87	504.42	9.42	502.49	37.14	289.98	202.33	724.27	334.83	206.97	723.77					750.65	750.65	3.64	4.35	0	0				
07/12/2018	3.3.2	Gaze Project	O4	3	M	Bilingual	G130	06/09/2018	89100	1280 x 720		Raw Data														88778	10:17:17.799	1536226411571321															0	7124		Fixation	8			0.32	174.79	86.22																				10652	1278	577	1246	696	1262	636			512.90	57.54	500.22	9.75	506.56	33.65	289.93	202.39	724.50	334.79	207.05	723.93					750.88	750.88	3.70	4.37	0	0				
07/12/2018	3.3.2	Gaze Project	O4	3	M	Bilingual	G130	06/09/2018	89100	1280 x 720		Raw Data														88786	10:17:17.807	1536226411579656															0			Unclassified	8																									10653	1310	601			1310	601			525.82	47.74					289.87	201.96	723.71		-34.01						749.99		3.68		0	4				
07/12/2018	3.3.2	Gaze Project	O4	3	M	Bilingual	G130	06/09/2018	89100	1280 x 720		Raw Data														88795	10:17:17.815	1536226411588017															0	7125		Fixation	8			1.09	192.57	17.78																				10654	1305	622	1210	704	1257	663			523.75	39.63	485.85	6.57	504.80	23.10	289.79	202.32	724.57	334.65	206.93	723.98					750.92	750.92	3.81	4.13	0	0				
07/12/2018	3.3.2	Gaze Project	O4	3	M	Bilingual	G130	06/09/2018	89100	1280 x 720		Raw Data														88803	10:17:17.824	1536226411596370															0	7126		Fixation	8			0.57	222.97	30.40																				10655			1196	717	1196	717					480.27	1.05						334.78	208.20	727.74						0.00		4.19	4	0				
07/12/2018	3.3.2	Gaze Project	O4	3	M	Bilingual	G130	06/09/2018	89100	1280 x 720		Raw Data														88811	10:17:17.832	1536226411604623															0	7127		Fixation	8			0.56	314.91	91.94																				10656			1210	731	1210	731					485.63	-4.33						334.66	208.06	727.40						0.00		4.20	4	0				
07/12/2018	3.3.2	Gaze Project	O4	3	M	Bilingual	G130	06/09/2018	89100	1280 x 720		Raw Data														88819	10:17:17.840	1536226411612964															0	7128		Fixation	8			0.97	74.34	119.43																				10657	1291	575	1219	699	1255	637			518.38	58.42	489.33	8.54	503.85	33.48	289.07	200.81	720.08	334.52	207.89	726.93					746.16	746.16	3.84	4.18	0	0				
07/12/2018	3.3.2	Gaze Project	O4	3	M	Bilingual	G130	06/09/2018	89100	1280 x 720		Raw Data														88828	10:17:17.849	1536226411621322															0	7129		Fixation	8			0.15	233.22	158.88																				10658			1216	703	1216	703					488.16	6.66						334.42	208.01	727.33						0.00		4.09	4	0				
07/12/2018	3.3.2	Gaze Project	O4	3	M	Bilingual	G130	06/09/2018	89100	1280 x 720		Raw Data														88836	10:17:17.857	1536226411629686															0	7130		Fixation	8			0.22	195.99	322.78																				10659	1277	599	1209	705	1243	652			512.51	48.87	485.38	5.94	498.95	27.41	289.24	202.17	724.81	334.10	207.00	724.05					751.08	751.08	3.72	4.16	0	0				
07/12/2018	3.3.2	Gaze Project	O4	3	M	Bilingual	G130	06/09/2018	89100	1280 x 720		Raw Data														88844	10:17:17.865	1536226411637960															0	7131		Fixation	8			0.85	32.09	196.09																				10660	1317	573	1233	690	1275	631			528.79	59.09	495.00	12.02	511.89	35.55	289.11	202.11	724.76	333.97	206.97	724.00					751.01	751.01	3.72	4.25	0	0				
07/12/2018	3.3.2	Gaze Project	O4	3	M	Bilingual	G130	06/09/2018	89100	1280 x 720		Raw Data														88853	10:17:17.874	1536226411646300															0	7132		Fixation	8			0.26	270.00	237.91																				10661	1306	616	1233	699	1269	657			524.25	41.71	494.86	8.36	509.55	25.04	288.98	202.09	724.81	334.07	208.18	727.94					751.04	751.04	3.81	4.18	0	0				
07/12/2018	3.3.2	Gaze Project	O4	3	M	Bilingual	G130	06/09/2018	89100	1280 x 720		Raw Data														88861	10:17:17.882	1536226411654631															0	7133		Fixation	8			0.58	354.27	84.27																				10662	1308	589	1253	701	1280	645			524.89	52.57	502.97	7.47	513.93	30.02	288.86	201.50	723.54	333.72	206.96	724.00					749.64	749.64	3.62	4.18	0	0				
07/12/2018	3.3.2	Gaze Project	O4	3	M	Bilingual	G130	06/09/2018	89100	1280 x 720		Raw Data														88870	10:17:17.890	1536226411662994															0	7134		Fixation	8			0.68	330.18	335.90																				10663	1302	553	1274	713	1288	633			522.72	67.38	511.33	2.81	517.02	35.10	288.75	200.94	721.92	333.61	206.94	723.98					747.92	747.92	3.56	4.28	0	0				
07/12/2018	3.3.2	Gaze Project	O4	3	M	Bilingual	G130	06/09/2018	89100	1280 x 720		Raw Data														88878	10:17:17.899	1536226411671354															0	7135		Fixation	8			1.36	161.51	191.33																				10664	1232	643	1229	698	1230	670			494.73	30.84	493.13	8.67	493.93	19.75	288.64	201.19	722.73	333.50	206.83	724.03					748.77	748.77	3.93	4.15	0	0				
07/12/2018	3.3.2	Gaze Project	O4	3	M	Bilingual	G130	06/09/2018	89100	1280 x 720		Raw Data														88886	10:17:17.907	1536226411679621															0	7136		Fixation	8			0.39	67.45	265.94																				10665	1340	606	1234	686	1287	646			537.96	46.10	495.22	13.86	516.59	29.98	288.53	202.05	724.98	333.40	206.93	723.94					751.17	751.17	3.57	4.30	0	0				
07/12/2018	3.3.2	Gaze Project	O4	3	M	Bilingual	G130	06/09/2018	89100	1280 x 720		Raw Data														88895	10:17:17.915	1536226411687982															0	7137		Fixation	8			0.55	240.72	173.28																				10666	1299	630	1225	702	1262	666			521.52	36.30	491.57	7.15	506.55	21.72	288.45	202.08	725.09	333.33	206.94	723.93					751.28	751.28	3.74	4.21	0	0				
07/12/2018	3.3.2	Gaze Project	O4	3	M	Bilingual	G130	06/09/2018	89100	1280 x 720		Raw Data														88903	10:17:17.924	1536226411696299															0	7138		Fixation	8			1.44	10.65	129.93																				10667	1241	678	1273	693	1257	685			498.25	17.03	510.95	10.90	504.60	13.96	288.39	202.20	725.04	333.25	206.92	723.80					751.27	751.27	3.97	4.29	0	0				
07/12/2018	3.3.2	Gaze Project	O4	3	M	Bilingual	G130	06/09/2018	89100	1280 x 720		Raw Data														88911	10:17:17.932	1536226411704666															0	7139		Fixation	8			1.65	190.34	179.68																				10668	1302	635	1218	703	1260	669			522.48	34.07	488.81	6.95	505.64	20.51	288.34	202.04	725.00	333.20	206.84	723.83					751.18	751.18	3.76	4.15	0	0				
07/12/2018	3.3.2	Gaze Project	O4	3	M	Bilingual	G130	06/09/2018	89100	1280 x 720		Raw Data														88920	10:17:17.940	1536226411713024															0	7140		Fixation	8			1.29	352.21	161.87																				10669	1302	600	1262	709	1282	654			522.80	48.29	506.50	4.39	514.65	26.34	288.31	202.05	724.95	333.18	206.96	723.71					751.13	751.13	3.75	4.35	0	0				
07/12/2018	3.3.2	Gaze Project	O4	3	M	Bilingual	G130	06/09/2018	89100	1280 x 720		Raw Data														88928	10:17:17.949	1536226411721285															0	7141		Fixation	8			0.77	164.89	172.68																				10670	1292	619	1236	702	1264	660			518.56	40.48	495.95	7.16	507.26	23.82	288.30	202.19	724.90	333.17	206.91	723.73					751.12	751.12	3.88	4.27	0	0				
07/12/2018	3.3.2	Gaze Project	O4	3	M	Bilingual	G130	06/09/2018	89100	1280 x 720		Raw Data														88936	10:17:17.957	1536226411729620															0	7142		Fixation	8			0.65	113.13	308.25																				10671	1279	639	1227	681	1253	660			513.44	32.57	492.37	15.67	502.90	24.12	288.32	202.21	724.89	333.38	208.08	727.08					751.12	751.12	3.75	4.21	0	0				
07/12/2018	3.3.2	Gaze Project	O4	3	M	Bilingual	G130	06/09/2018	89100	1280 x 720		Raw Data														88944	10:17:17.965	1536226411737967															0	7143		Fixation	8			1.10	286.51	173.37																				10672	1219	479	1238	718	1228	598			489.17	97.00	497.07	0.61	493.12	48.80	288.36	202.24	724.88	333.21	207.06	723.53					751.12	751.12	3.84	4.19	0	0				
07/12/2018	3.3.2	Gaze Project	O4	3	M	Bilingual	G130	06/09/2018	89100	1280 x 720		Raw Data														88953	10:17:17.974	1536226411746337															0	7144		Fixation	8			0.35	90.00	163.49																				10673	1293	568	1238	706	1265	637			519.20	61.35	496.98	5.57	508.09	33.46	288.39	202.10	724.73	333.26	207.00	723.56					750.94	750.94	3.69	4.28	0	0				
07/12/2018	3.3.2	Gaze Project	O4	3	M	Bilingual	G130	06/09/2018	89100	1280 x 720		Raw Data														88961	10:17:17.982	1536226411754614															0	7145		Fixation	8			0.08	45.09	315.09																				10674	1284	637	1240	704	1262	670			515.52	33.29	497.66	6.48	506.59	19.89	288.45	202.14	724.76	333.49	208.00	726.41					750.99	750.99	3.80	4.20	0	0				
07/12/2018	3.3.2	Gaze Project	O4	3	M	Bilingual	G130	06/09/2018	89100	1280 x 720		Raw Data														88969	10:17:17.990	1536226411762952															0	7146		Fixation	8			0.44	262.43	217.34																				10675	1287	601	1238	719	1262	660			516.42	47.85	496.76	0.29	506.59	24.07	288.53	202.15	724.69	333.39	207.12	723.37					750.92	750.92	3.75	4.22	0	0				
07/12/2018	3.3.2	Gaze Project	O4	3	M	Bilingual	G130	06/09/2018	89100	1280 x 720		Raw Data														88978	10:17:17.999	1536226411771288															0	7147		Fixation	8			0.68	221.52	319.09																				10676	1286	604	1221	734	1253	669			516.23	46.69	490.14	-5.49	503.19	20.60	288.62	202.16	724.66	333.65	208.00	726.28					750.90	750.90	3.81	4.20	0	0				
07/12/2018	3.3.2	Gaze Project	O4	3	M	Bilingual	G130	06/09/2018	89100	1280 x 720		Raw Data														88986	10:17:18.007	1536226411779646															0	7148		Fixation	8			0.49	93.36	231.84																				10677	1282	570	1220	717	1251	643			514.79	60.48	489.65	1.03	502.22	30.76	288.72	202.18	724.68	333.59	207.12	723.36					750.93	750.93	3.60	4.09	0	0				
07/12/2018	3.3.2	Gaze Project	O4	3	M	Bilingual	G130	06/09/2018	89100	1280 x 720		Raw Data														88995	10:17:18.015	1536226411787992															0	7149		Fixation	8			0.95	204.21	110.86																				10678	1269	620	1191	730	1230	675			509.56	40.20	478.05	-4.00	493.80	18.10	288.84	202.17	724.63	333.72	207.12	723.43					750.89	750.89	3.80	4.15	0	0				
07/12/2018	3.3.2	Gaze Project	O4	3	M	Bilingual	G130	06/09/2018	89100	1280 x 720		Raw Data														89003	10:17:18.024	1536226411796276															0	7150		Fixation	8			0.95	14.52	170.30																				10679	1254	639	1222	722	1238	680			503.28	32.55	490.52	-0.74	496.90	15.90	288.97	202.27	724.59	333.85	207.10	723.48					750.89	750.89	3.80	4.12	0	0				
07/12/2018	3.3.2	Gaze Project	O4	3	M	Bilingual	G130	06/09/2018	89100	1280 x 720		Raw Data														89011	10:17:18.032	1536226411804613															0	7151		Fixation	8			0.28	126.78	112.27																				10680	1292	579	1216	714	1254	646			518.42	56.96	488.19	2.39	503.30	29.67	289.12	202.13	724.66	334.00	207.09	723.59					750.91	750.91	3.77	4.04	0	0				
07/12/2018	3.3.2	Gaze Project	O4	3	M	Bilingual	G130	06/09/2018	89100	1280 x 720		Raw Data														89019	10:17:18.040	1536226411812962															0	7152		Fixation	8			0.41	21.10	254.32																				10681	1272	607	1229	709	1250	658			510.45	45.34	493.30	4.59	501.88	24.96	289.27	202.22	724.62	334.36	208.11	727.13					750.91	750.91	3.77	4.18	0	0				
07/12/2018	3.3.2	Gaze Project	O4	3	M	Bilingual	G130	06/09/2018	89100	1280 x 720		Raw Data														89028	10:17:18.049	1536226411821315															0	7153		Fixation	8			0.73	175.41	154.31																				10682	1307	625	1204	707	1255	666			524.49	38.33	483.13	5.40	503.81	21.87	289.43	202.06	724.71	334.33	207.02	723.77					750.96	750.96	3.73	4.15	0	0				
07/12/2018	3.3.2	Gaze Project	O4	3	M	Bilingual	G130	06/09/2018	89100	1280 x 720		Raw Data														89036	10:17:18.057	1536226411829675															0	7154		Fixation	8			0.76	25.63	210.22																				10683	1272	627	1227	696	1249	661			510.51	37.32	492.61	9.73	501.56	23.53	289.05	200.21	718.96	334.50	206.95	723.81					744.90	744.90	4.03	4.34	0	0				
07/12/2018	3.3.2	Gaze Project	O4	3	M	Bilingual	G130	06/09/2018	89100	1280 x 720		Raw Data														89044	10:17:18.065	1536226411837931															0	7155		Fixation	8			0.66	257.24	231.60																				10684	1300	627	1222	718	1261	672			521.85	37.29	490.68	0.99	506.27	19.14	289.78	201.99	724.92	334.86	207.90	727.18					751.15	751.15	3.77	4.19	0	0				
07/12/2018	3.3.2	Gaze Project	O4	3	M	Bilingual	G130	06/09/2018	89100	1280 x 720		Raw Data														89053	10:17:18.074	1536226411846276															0	7156		Fixation	8			0.89	25.78	128.55																				10685	1318	637	1249	705	1283	671			528.86	33.28	501.19	6.03	515.03	19.66	289.95	202.05	724.90	334.85	206.85	724.02					751.15	751.15	3.87	4.28	0	0				
07/12/2018	3.3.2	Gaze Project	O4	3	M	Bilingual	G130	06/09/2018	89100	1280 x 720		Raw Data														89061	10:17:18.082	1536226411854633															0	7157		Fixation	4			1.00	302.26	276.48																				10686	1273	574	1268	735	1270	654			510.86	58.63	509.08	-6.23	509.97	26.20	290.13	201.89	725.09	335.02	206.66	724.09					751.29	751.29	3.74	4.19	0	0				
